1573745617
247297
196295
221967
159758
320418
183202
186091
177942
204057
189604
192901
192381
180183
189329
172130
185485
181781
195319
185509
189550
236353
200112
181813
186097
171580
197952
209396
194864
237206
173581
174110
199535
167751
151629
202899
208013
205570
188235
210584
180954
186575
189647
207432
212003
182018
186943
199647
179804
183943
188141
171061
185046
187954
210623
184590
185976
202607
176614
205026
180457
179306
183372
179712
182942
204292
177918
196934
187929
172577
201799
187759
182873
178910
183169
209801
174240
198618
184896
194925
208033
213303
199961
188156
203068
188329
168838
191222
185404
202200
188627
192338
188205
198111
200790
183542
192740
178663
180179
175439
201878
211415
211145
199786
164414
191775
184653
199134
186529
229904
217604
243704
194836
197328
200764
181328
178340
218103
218574
176618
179029
182430
261398
223333
181712
2722517
654922
183317
199054
192223
194373
182395
174529
200237
205254
183212
175842
171797
187481
181158
212045
184568
179564
181167
188979
181715
187392
194108
206252
192722
190624
187198
191001
189343
189207
189292
197461
177307
188160
188781
186626
177280
192360
197897
194860
182853
184073
197060
190707
193124
186762
191514
198872
195687
179443
187597
179672
190039
186082
184608
197072
188211
172532
188796
189908
189339
186942
187763
193003
180606
191891
191982
186827
200222
191438
204747
188564
193434
192382
178858
179866
180913
195130
195402
186300
185108
213243
178510
201772
178271
184658
189302
178816
183115
194984
183425
191336
174307
184973
182401
192665
172512
185366
192100
200870
173893
190962
180361
203649
185985
175430
189218
191523
199150
189548
195369
187209
198898
174458
193805
193034
172493
185910
194856
207906
193047
185846
197563
212081
194397
207730
183352
206509
180445
192699
190247
168175
198522
189663
189687
188653
204672
198030
184905
186206
184650
182861
190822
179786
184670
199077
180185
165527
201520
197614
195307
181731
190449
216546
194518
190770
198819
192906
195631
189390
198342
206191
183905
179307
191894
192317
214114
190536
195324
222105
221879
206675
251858
215407
210959
237672
220558
228043
227612
200868
194940
243937
205878
200232
167335
192645
193345
253235
195792
210932
193402
232336
189650
228981
189929
217175
214257
190528
185417
215779
192129
186556
175543
183591
197442
194669
232186
184633
199362
211317
217331
221152
199378
192737
196618
201196
218070
208094
201981
186636
206325
190976
204242
201688
194148
191421
226718
188367
180736
191961
191632
182113
195318
187130
193401
218456
241716
175542
225814
219209
191954
173015
193748
197926
229894
192127
196622
265808
223334
191531
196070
198114
203413
171919
234476
257734
183732
177809
271637
253627
174807
181373
204071
169555
178845
186772
186428
222127
173191
194513
175488
171109
193544
182996
208992
168654
190497
177673
181211
159066
246630
209642
171291
175131
205318
236953
239322
235593
233942
233526
218831
206933
210019
174559
230348
187415
213081
179675
230764
164377
195183
237667
269167
248086
227431
176843
168484
181246
168355
192488
189014
190774
173981
171460
187067
171659
265532
213241
169594
223072
226609
240241
184671
225391
249702
228030
233961
167720
232611
204927
168497
177639
241500
190354
180832
185127
185213
197566
176196
183175
199207
198411
270251
297898
195132
259810
207148
241220
188590
219219
215163
207261
231095
222561
208460
209916
220144
188174
219493
183779
185887
177424
189008
177791
175938
208242
171513
221914
181398
164199
177837
191520
174990
204162
191589
173272
188334
227419
184872
166278
156493
199891
207215
214867
203081
206187
172212
198730
201658
181863
167101
157891
202215
164759
238284
188627
207530
180811
187721
174198
204833
199564
182578
199254
183342
200404
183954
196151
198022
199415
201582
163280
187597
189354
224654
195924
184733
207128
216506
212709
197812
168216
170809
172654
207250
165490
193318
177382
220449
189811
200261
174840
165826
162409
152465
169661
206761
168885
208572
181032
194691
191259
200219
180279
186711
183111
206290
185837
189274
210997
217890
207543
188502
185277
185141
191924
201409
167208
178019
182425
174110
166350
180754
177085
188004
211556
194949
169593
179978
171851
186211
179080
185102
186150
182469
186290
156875
179435
192310
213732
164283
182674
168978
192496
179796
215899
175586
194215
167703
181998
170432
207221
195215
218135
197408
203804
194517
202712
206404
183308
196067
182953
219670
170886
195187
164853
217515
228310
179449
173205
186683
161678
200093
200105
165774
186730
172036
193235
187019
212835
177597
167802
165662
181542
174164
193221
179190
205838
196205
192773
154282
176337
204825
221748
189984
182710
191267
195545
167389
195784
203489
189881
193364
202785
230100
202535
190432
186249
187083
182013
174271
174900
185600
197775
168547
181481
199534
165245
174996
214103
182452
164163
180342
187046
188441
205720
174583
204109
170909
179664
234013
146471
158260
170561
187843
183987
188027
193895
190471
157005
152049
147815
209396
181831
170766
151639
138448
155101
176283
168004
2980415
859950
238481
178671
170459
188223
181191
184654
200984
185596
175266
187085
184429
187647
192350
160727
169249
187575
177746
165128
198731
180533
183569
198021
232017
188089
189302
198701
244837
183892
174732
196494
197852
186973
186102
183410
175061
188782
196419
177394
195382
195073
192858
200330
208845
206390
183301
175635
201339
193715
186324
199374
183739
215015
201627
180535
183466
181530
179385
179762
188324
182108
201244
179296
188967
211952
183282
201134
190517
201942
228403
192808
189326
164140
211813
183866
195389
188544
186870
157918
146429
168831
168029
198713
190053
183918
184216
177398
166379
163627
188185
177957
182513
180358
188675
185786
214074
178627
187172
207428
182634
188605
173638
190305
196776
208478
183585
186669
167056
189821
182813
194832
224964
194333
163697
171149
200132
208121
182139
203740
198686
191045
195710
188173
200107
211486
177392
167316
189160
159757
171698
171543
158923
174027
203615
185626
191820
200403
178656
200343
197678
186594
190779
158022
159266
217443
190938
184891
155840
189271
202478
190687
176009
209806
185967
199989
207888
198397
200419
190276
202325
173890
186933
191256
158581
168212
158881
162852
203892
183081
167558
144517
156742
185501
200682
193575
174517
166822
204199
190918
206673
188223
168320
169530
190518
177344
211311
197268
183792
203156
191685
203228
196965
172599
189759
176066
190562
195305
194670
199282
220238
216938
203287
199008
181789
188153
191513
206959
200199
198708
198987
227355
212006
191394
227840
175104
187547
183322
185771
175787
189939
189740
184278
191858
189455
183566
185063
201951
200418
188993
187555
182676
173702
190457
191452
187154
178647
174358
177798
193802
183527
186626
189408
200325
181284
204361
198112
193079
185693
193749
192467
192193
193782
201196
198949
185753
188963
199392
186580
187151
186531
174699
188895
215483
201065
189365
189782
206735
204473
190814
228479
177650
215245
198669
203938
200445
189117
202030
197585
194402
188403
199258
194237
170156
180355
184596
201364
198390
209021
178248
215076
192014
210242
186523
208937
215941
222542
195876
189402
197315
194335
195162
181280
199007
177145
221751
217406
223025
227721
226273
192143
218708
221307
195430
190263
170727
194431
202473
206822
220059
198867
213077
238411
214162
199324
196562
200730
216997
220883
243372
229997
181921
192506
188281
209915
192071
197027
197674
215524
210642
184063
228022
210694
178809
169329
210964
218213
170319
193799
225632
225973
204344
178166
226054
195802
179722
198940
207557
243024
182491
184293
256065
157015
157731
219131
237304
190147
209467
215173
213383
212597
206193
257399
206111
150934
167546
197048
312325
232195
211056
236353
183591
244487
183446
184622
203763
255933
180469
180205
241654
178584
191624
175619
185615
185190
207151
205966
207985
265825
188212
203031
192783
196856
191421
222146
177542
213859
177480
211212
170467
239932
188624
182042
175315
193945
190681
207995
214492
196063
213647
195405
176393
217836
187190
198009
191168
213136
189956
180077
209731
199167
196510
187479
189486
215103
223331
171728
213945
218631
204739
213502
188749
209819
198260
198800
202065
204711
195658
204472
200726
205189
207118
192583
198796
210164
189554
196689
194855
196135
199482
185687
191920
216133
211808
196324
240421
190729
193000
209578
204924
196208
212450
215353
213620
192781
199869
213832
198672
200645
179945
190542
197111
197510
188029
237230
190731
190456
211139
189717
231565
190676
197955
230393
196396
188147
196628
204382
221175
212103
207505
204124
223744
187988
196700
201004
216023
184224
191742
217030
222182
207452
210005
193359
199844
219629
197150
201193
219666
210673
199166
204351
204486
207245
195440
197473
215536
196901
209640
197904
196149
192850
196638
215259
211117
204572
188848
208452
203544
215275
213882
203842
194594
211621
200614
179253
179532
215107
204634
199903
196715
217740
169716
197152
198216
204834
211976
200312
197194
208122
187653
203954
200262
192852
208221
197117
228161
197836
187746
196347
190912
188323
191794
196880
199312
204979
197672
192195
198446
192632
189046
203307
197818
183696
174013
190499
187979
180210
190326
201895
203156
2199953
369835
199774
195270
202998
181240
210857
192897
197169
201141
199809
199248
198350
209155
214643
206669
187003
213298
200017
203179
190216
200814
170333
207305
202811
198982
228511
223080
208466
185595
196320
185716
195859
206374
184054
221271
189905
181671
180156
200906
199766
190518
201583
194239
207507
195796
202046
200400
205101
202079
202106
194412
204865
189837
197887
199552
184318
190383
206575
202583
205535
209544
198847
198021
189644
180877
212675
190779
193195
187698
200590
178354
228380
198344
205333
194543
190743
193424
202545
197289
183230
174499
202013
186502
203958
209853
208408
189449
188426
189095
190318
181106
191267
193022
196979
196944
183170
195984
194752
185870
187749
197168
251801
187398
190302
186992
186728
211818
217615
208852
191866
191807
219465
207388
209336
190238
195830
202974
213865
208249
195953
191563
193907
210946
210512
218366
176914
189983
196618
188937
198598
191866
185665
190600
204297
192716
202615
197710
187725
194324
179268
191696
194990
188739
205540
182850
193447
204605
193394
180884
189686
198969
194608
194208
207905
217700
188196
202029
218619
180152
194692
189581
192397
186969
203445
213661
203765
197521
186361
170592
192088
188435
200756
206830
186998
193168
197951
201187
189641
192804
179599
216276
192979
186505
172368
184041
196247
181785
207390
189646
177166
187490
180978
211361
183374
253947
196513
187564
180917
196963
191065
191301
192629
196688
184961
191802
190320
189904
200097
187045
170664
183855
185241
181594
189364
197792
210211
201217
195878
199678
183001
179824
190383
184498
186086
195227
190780
178794
182955
189015
196056
184468
210003
182425
178777
191338
189261
183530
191196
191982
191341
208153
180426
201121
195363
187113
176639
189861
183425
191143
188947
187854
198848
189307
197962
186969
218533
211752
182093
190223
177864
211996
191282
176657
178714
204781
201646
178527
217038
194946
189816
228485
184392
203715
194838
201701
174487
192569
190344
189069
202025
184977
181542
187018
209062
194467
191984
201617
194822
201579
214211
198659
184407
210508
191071
173172
200365
204873
188697
192968
165652
173327
211901
173915
188305
179722
199677
207239
187761
192697
208957
186516
187621
198738
213673
209278
186361
198792
230675
203076
199086
195753
176239
186924
196097
196691
202194
186651
203367
194091
217785
189717
240456
181145
199313
193724
200005
217695
186996
173723
208817
196335
193912
206122
230197
191875
193880
181579
176535
193961
205636
238571
171333
198980
203247
209685
185359
178173
188445
185871
196724
200254
204363
197015
195722
176197
196962
193470
191876
217203
209014
197084
186387
191930
185499
200551
198431
200333
194945
195997
197473
195540
199605
210358
217822
223207
200889
197895
187708
203704
202212
198473
196242
215141
216130
199812
203197
207222
193819
204510
211722
204322
228820
209344
213157
203013
200981
200784
214217
213904
205653
205322
185455
189049
208972
192654
195256
190652
206105
200983
186894
193013
207121
184323
198014
224663
192704
197473
218257
213534
214834
191361
192864
199822
211430
194621
203187
214742
192484
211078
213148
205929
204215
211148
195861
201851
203259
191393
203317
196356
200431
192627
202734
218754
199732
189072
197879
215437
223576
200728
194625
191264
192970
196752
191009
201846
193700
184711
208523
203186
196002
193229
182901
194118
188349
194915
170920
190490
192643
191064
197540
209126
188251
210915
194845
172605
192528
194955
201915
200202
210811
191198
188272
181625
191220
208042
186515
195001
189127
190142
203562
198956
205050
211603
190648
184329
199079
189811
192626
189734
205895
208257
197971
185510
183981
195024
196592
204320
182129
200586
179091
198624
199282
181509
205233
187785
195067
196063
214486
192827
213514
207962
207856
206812
186250
202011
197990
180683
196063
162678
187753
203663
205549
190410
184622
206003
205275
206859
198659
185457
204719
182746
189487
198870
189219
226561
231556
188909
235130
171542
168856
181812
177936
197975
189173
182459
175964
173273
181093
209347
169443
169224
190066
198493
193687
196958
203051
193816
192461
175494
211835
187708
194654
189264
198943
189561
212573
197087
3644919
1524563
204532
272450
201212
189095
218774
206427
225435
218793
219322
232134
184157
193825
181157
185085
236776
186727
192685
231994
181242
202767
209419
222054
239720
200355
213809
202949
221838
214873
196545
210590
253932
189584
194626
226030
215069
202055
206549
197031
215119
200635
198531
178118
196797
184242
193796
186365
212675
203823
187269
189941
196624
202920
200252
160277
202184
188900
187567
187763
179719
199326
185454
195251
214033
201500
187233
190633
177657
194147
178828
190774
189805
183629
183610
189147
192245
192751
189821
173958
187404
191073
181932
194566
187344
213049
182278
179042
187339
179479
178342
190508
189022
181567
192307
176806
191443
181152
190847
179801
187566
183227
160509
185177
189059
181312
180051
165638
237400
178798
182861
189193
168121
172077
178556
200145
197150
186489
226619
228550
235495
188091
216951
203166
182534
179016
175194
177690
188559
202653
191372
197452
198662
197587
188849
212050
180294
184455
198236
199211
214934
199185
188353
193010
195147
182963
183538
196447
195649
174844
197532
196738
183426
170450
177655
184404
180174
176618
185527
181014
196145
195117
200951
173629
184835
197787
184782
197849
189301
186871
186634
178127
193939
186902
182799
202079
191312
190059
187601
200106
193270
205883
179309
210177
187849
194351
183388
193357
204402
187270
201354
225875
202779
181249
194214
175449
200745
188244
201588
211126
201621
186603
191248
181453
196061
190136
192653
213940
206629
179743
186682
197131
173965
181778
189639
185282
189780
188698
196122
176014
211675
181825
191949
209240
195776
184573
182827
188390
184529
187085
184837
183916
189444
195883
193442
192625
180010
193591
195987
192803
191793
179814
186698
194677
208043
191105
186533
186134
185299
192475
179981
182685
189225
188275
190298
186828
200047
189736
198945
188016
196058
183194
193561
179228
188076
195584
193315
194572
190887
202033
204787
184726
187774
188150
194534
210862
186635
193261
192178
182490
184594
197780
179251
214317
221492
219148
222420
220360
232482
209947
211880
209628
218284
191265
231585
204262
210839
199328
204020
201967
189409
190582
190396
175117
193847
204792
206297
177529
194101
179314
182215
186987
185555
1053119
193530
201235
210804
190947
199556
184029
188228
198443
175940
188353
199216
181203
203186
184755
182822
197735
194501
182985
197750
203912
207465
194733
189098
189684
201151
182410
183329
193524
195466
186340
176118
217154
188778
213039
190284
197340
211235
192535
185466
205418
207886
207147
198999
215021
182583
189583
178267
204312
174295
191855
200020
162718
202780
222242
206946
221966
218732
216249
191416
184534
182232
169570
231987
219328
210574
201700
225100
178383
182480
206134
168725
204835
170014
173045
164653
218051
177407
188743
181850
186318
185433
187807
191476
200064
196457
182383
188879
188603
188742
178721
197818
180124
202199
206100
199065
198682
176727
174877
187206
200523
204404
193969
189860
192031
214486
179190
197601
195068
190403
191305
190231
192832
193829
187681
186785
187485
178334
206493
202570
209014
199296
190332
188426
190964
184829
194165
191151
193120
190269
178881
186231
174371
196308
192732
176821
185486
180186
191967
176099
176843
185194
170804
187377
182354
183999
147959
185798
186306
185110
183015
160843
192474
179091
177765
171194
189583
181927
179600
198523
178821
199554
196629
184728
181847
180988
188798
192930
178916
183380
204631
177735
190616
188595
187369
191984
178614
196694
192644
180896
175353
194870
173485
177511
178560
220248
177776
166994
190551
182183
168409
183124
190380
187488
190149
190375
191738
170303
173283
157575
162749
158462
160483
156037
193176
174306
192673
176225
181062
192682
191194
181110
189072
185147
172277
191629
213122
183219
190553
191923
205390
179307
194735
195634
186094
186508
193484
185620
196027
186554
173566
209977
182448
181169
184210
186698
194686
179902
175919
199102
175162
178185
177605
196007
182839
171562
182196
180118
186072
186725
183139
182806
168662
186273
176124
179855
180238
188027
183189
190749
183925
199125
178683
184100
197190
186884
186252
192778
187682
188379
191397
179081
194876
187125
182483
189274
183674
3383759
1263590
192696
179697
187729
180070
187679
196761
187746
178828
173853
193372
188308
175616
200476
178411
168189
186454
193742
194253
187245
181864
170130
208695
159232
192288
190964
190089
194519
217617
203967
208603
198079
187306
178728
170704
191734
197641
190026
197243
196040
183975
193987
202139
177743
176097
175698
189277
195481
174839
198319
187825
197706
187958
204854
173239
174544
180157
200132
166458
216590
190535
163751
183997
202617
177709
237945
196748
182182
200797
203708
202546
217294
193381
291909
181364
182091
194316
239065
189940
226552
204944
237919
191867
200064
204848
190599
196866
195696
201585
191588
183702
763208
185279
196993
185079
183443
177909
190983
196741
184113
194904
179003
180427
177326
170660
182582
191508
207208
186092
186297
199223
206986
182068
186308
191307
184435
187889
203854
187648
177855
194770
189032
176657
177382
173880
188978
182261
190803
182581
175978
198197
180707
183421
193251
183012
181090
190542
181038
176288
190555
180166
190667
182517
179602
204303
200297
184117
176711
194434
189761
197584
192852
179749
171282
181114
195650
175820
192375
192008
190833
198243
193776
201625
194923
186949
202320
189331
203061
200716
197096
199450
201708
195983
206691
203997
199156
192883
187867
198219
181613
199151
206350
200907
191749
189721
186664
196745
193672
188457
203762
194770
188070
202056
189377
189393
190665
191927
198221
192888
187309
190370
203928
189234
193927
194548
191579
191005
190402
202793
191705
187217
186691
208025
195026
203223
211437
191094
179076
190883
209025
198290
191642
185483
181373
192926
187355
194030
187707
189068
181417
190000
184524
200043
175556
191980
198477
197187
192130
192194
188833
196337
182802
196930
186638
183217
185585
190399
189549
187409
177897
188876
185306
196025
192117
193744
194529
190267
185893
196876
193701
203476
194319
189028
196139
187921
181593
189023
186556
184995
193990
193878
187479
200235
194519
189457
186545
186808
191188
186947
189488
201736
195082
193521
185871
189710
192379
193800
194939
191485
204646
193820
188133
202031
192178
202574
198526
225377
183905
193878
186549
195273
187911
197702
192169
205904
196427
196584
194753
193671
193335
203436
189427
189791
198863
195886
177458
191288
195631
195272
203217
199576
176158
188033
186657
184323
201682
187183
190760
188187
182893
199357
195984
205855
208395
182090
198699
176679
183804
168057
180716
199086
179657
166401
191126
223272
187439
186661
173826
215924
219983
171349
193402
211127
179329
213840
198645
178924
181500
162746
186431
167557
222669
172429
206041
200994
155190
186869
200475
195643
167589
186552
186830
182734
169572
200043
173601
203914
155036
216187
227363
198380
196515
188769
188434
180847
173282
182479
197262
177297
182284
177229
188302
170435
203374
175697
207820
185401
188775
190528
187933
215373
180659
192318
198297
180845
194298
184838
210352
187021
212038
201906
207043
188537
198691
192242
184628
180508
195887
196346
214026
173461
196277
176173
171232
196754
186844
185755
190629
196486
199766
184460
196731
182057
194854
188599
178667
194119
180624
213436
196683
190842
209392
221973
211438
214814
200338
204710
186960
200252
212268
191306
214592
177154
206875
190382
243399
204019
199238
197889
219711
204036
206447
189504
191951
195617
184880
200850
198357
194252
186678
173598
190649
183175
189041
194323
188443
183687
189619
189357
183841
262113
197671
178624
211101
206255
205259
186247
196123
200388
193874
182614
190989
187028
203960
196532
184983
182878
189463
188690
198422
199185
192699
198049
191316
181187
191375
189298
189040
203390
188554
183128
197030
198662
189605
179401
173180
179175
192005
181420
177644
210038
185389
199788
169561
179174
207001
157494
159052
200318
194810
181262
177887
179335
211692
191984
195852
183535
167127
186314
219306
177887
179772
193060
181124
194766
164887
178247
195797
180287
173966
180658
207293
181767
181100
177255
180699
190530
188836
194860
199331
181879
194719
203461
180783
197095
190356
184237
237152
178838
180689
193181
183745
182203
177505
187650
232297
182981
189956
171960
194214
184002
198419
197098
233230
197665
193695
190681
181770
2460695
1414347
197838
183538
190921
185519
202954
190054
202505
190446
192074
226328
181077
182378
211590
206109
209228
195175
184005
220985
191303
196901
199912
183515
182398
191447
202840
195332
188596
200813
173169
177846
179593
176016
188014
192647
176954
186717
184685
183194
210848
178694
195230
189360
183244
158577
200173
192127
188022
184211
192454
195940
182989
174891
187528
189503
186542
180585
177014
199893
192051
185942
188142
189763
194657
190662
194410
208952
185607
183642
184559
183287
192467
184370
194215
199670
188012
189108
186111
194979
198192
184490
182900
210283
182409
189112
193157
180581
181189
181359
180995
207373
191597
189245
181450
187074
183873
181004
194319
187452
183466
194960
194776
189590
193954
184948
193450
193699
183291
179474
186815
189107
193029
186172
204333
187460
191174
189953
191168
183493
191471
181675
175074
185550
178837
192420
193391
184701
186896
192618
188903
185763
191168
181955
196078
190093
190504
186731
190234
186438
191845
183414
178233
186751
183370
187549
223463
192239
180746
178497
200493
192588
197142
188888
249023
225582
224928
223447
209092
213193
234928
221605
197999
196814
218806
175453
221386
287482
228439
203201
210089
200747
224662
246269
185149
252764
231789
172778
221450
185590
240592
174519
189111
201069
187973
163365
193689
198640
166266
180834
180482
190351
196401
200355
200451
174810
196915
183805
189179
178492
182600
181290
194148
181774
219028
201676
194906
195410
200015
191894
177772
184881
191582
182424
191008
184345
195909
173632
186094
190738
206288
198620
180935
184447
174074
205852
199739
188200
176237
203312
189415
212924
182729
181514
193502
203084
218972
188060
191609
189894
179519
195550
201374
198974
201857
186597
183767
215129
183193
199992
205537
207627
185325
197255
193742
205499
183931
184773
200490
193459
181973
213112
199862
181922
174814
192422
183087
196010
175461
188929
199532
198964
186585
186491
172143
210112
178571
189152
179247
174704
197949
178335
178085
180829
186644
221411
195649
191037
202698
190942
199195
257919
189963
170736
182489
200406
207306
180962
175425
204500
186908
193719
196409
202479
196871
178822
181872
178895
182366
192639
185117
188801
196885
175116
186828
180367
195638
188463
184271
201242
192959
177454
180514
177611
187157
171394
185295
197018
175569
187642
192247
193622
176182
187645
206430
184036
182600
177873
187829
187388
183154
191528
174534
180986
186232
168386
181866
184194
211790
199981
206159
181553
191543
182950
190261
192965
189438
187183
190795
186230
184380
179408
196722
203179
185566
173518
184300
168850
195350
198301
195480
179592
196100
162052
176058
198115
154632
187286
188357
183061
191568
193919
157568
189011
167985
166029
181351
185722
178864
201639
185333
193646
187613
200357
191613
179393
195652
191110
206507
198764
198018
190033
205640
186152
204389
189212
188326
190373
184594
188039
170748
183720
193796
188092
191528
185833
191716
191514
208055
198470
193291
188332
186007
184411
187539
201398
229379
185596
187559
197146
183443
189825
190717
188809
185861
197763
188127
195483
181637
184024
188143
183341
198322
190725
182007
182902
177717
189245
198113
192531
251216
187481
189519
184819
187012
181460
189299
192257
195369
189602
187750
177399
188286
177951
189687
183176
195828
192364
188531
185429
180251
202345
193200
185638
195306
189123
185248
190515
184930
201205
179426
193354
196757
195131
186451
192615
185088
192675
187229
180744
194083
181578
195288
187459
197313
191618
185107
193478
199532
203770
188315
193688
188270
192282
185007
182240
198645
190141
183760
191590
185592
191488
179257
191904
192061
183641
193121
182473
180835
189079
185506
190774
200566
185394
193090
190951
185535
197762
193887
192576
198999
191217
190902
182693
191172
182740
185161
178569
236615
190812
197286
186618
181845
195981
191743
181802
206467
186504
190850
193416
190056
187345
192766
187095
184501
193838
194446
187672
182439
189168
189647
186248
189392
185695
177833
191298
198093
186071
186131
183751
190390
193968
192620
188006
196423
191809
192263
197763
181335
192088
188010
182172
195415
188746
191530
196650
187257
3657492
1535707
191613
195103
194987
187714
185691
184824
183196
194921
191131
190383
188488
213976
193606
196241
191546
209164
191106
182580
191186
183957
184612
186125
188464
178742
201694
188390
204203
187671
180262
200162
186506
190421
196334
203443
202605
199789
186283
190098
180911
182414
180490
200708
187675
187045
191750
200780
190894
182480
183946
180402
183021
193046
186387
189071
196299
199419
202095
184881
189272
185557
191145
195166
184638
187939
193034
181670
193467
187716
204354
191345
194716
187496
193667
192691
188254
187730
197918
185617
184495
192402
189366
201098
202512
184445
195293
183972
191758
190787
189167
198961
194507
183840
192343
192710
188601
194503
193379
190801
194029
182793
195400
181985
190069
187649
185492
192349
193258
207537
190432
189372
184424
183856
195223
187731
179550
188370
221750
190500
183141
204247
264733
215100
193083
215081
203032
216606
213800
196775
201609
217723
210288
251461
198873
224797
206020
232588
227111
204940
172842
187864
187750
199216
250431
212050
207208
243310
195457
189508
242688
250105
211038
175481
197475
233493
182358
256691
204200
211725
202597
287823
186452
248810
242662
185795
237811
249550
229518
300950
242929
183044
204843
202228
197384
255497
183629
238617
300994
189644
255614
200859
308490
279630
302801
187178
186608
219714
186109
268880
204695
219645
197832
238394
231114
244463
190041
223533
231856
245202
231996
181898
216717
165572
215088
197348
164909
234430
209785
201503
194389
200844
223408
210073
163982
196798
194238
182273
178514
211715
201138
189487
206122
173184
193590
196693
228846
220182
201941
196091
185050
203232
211291
187346
198341
200874
215115
186709
209459
212298
189578
187969
210518
211878
204640
194517
232126
201041
199442
218898
195416
212068
180432
198721
189343
191637
180356
192342
192262
197664
197128
200724
194681
210660
181356
197394
203796
195575
196472
225329
180541
176222
194323
192901
200280
192916
177858
189304
200971
178793
186152
198487
181746
179083
187249
239722
174117
184688
208730
187791
213716
173959
202309
208915
205267
173874
233035
207760
202648
193873
197464
200956
190111
181582
196356
181036
212647
184157
191505
205174
205583
207948
208692
197028
197778
198766
199820
212716
209105
201332
207546
196773
209633
195974
198055
191854
199620
190044
226324
186414
189215
201006
192552
178184
186279
190732
192476
182378
195177
208882
203984
207659
210422
182114
210102
195635
194185
204343
211769
193844
227081
203754
200757
183090
195867
201021
211183
181592
185398
199354
194583
185958
214287
202629
197479
219081
199526
182512
207548
213478
214494
193850
183137
256200
187377
225129
186028
208532
225743
201869
193947
206349
182503
194530
195837
224566
219803
206264
227409
197434
192764
195470
198495
185893
183142
197271
185790
198568
192125
185264
191339
202392
192722
188388
193390
186173
190071
185968
191749
164220
189373
175022
207589
192210
182318
198688
192632
186190
182377
179613
192940
178413
189916
203507
190812
195715
178024
181465
191543
198799
202000
185063
189260
189930
199846
189511
191674
195998
187744
203118
191179
192054
200900
182830
188093
182323
202955
203854
187664
208138
174642
207842
186507
189703
189417
191954
204587
186317
176359
197742
188071
181515
184636
164287
196505
185477
197431
209236
186846
189059
189380
202430
201352
182512
204035
208109
187998
203631
203612
191423
191072
187045
198635
201044
193148
189200
192140
187276
186803
184357
191678
189002
173803
194022
175895
174661
201700
182128
203768
180537
189284
217899
189090
203082
190721
201387
185328
189462
206538
200527
196033
197747
203878
193328
189486
181943
202126
193877
198256
202277
200777
199244
200472
201725
197419
197473
193052
197550
199036
199257
197534
203695
193637
184882
192589
195477
190849
194163
198472
192038
191737
203783
195332
182905
202239
195102
207255
186602
193818
188946
199480
208436
196111
195313
196036
190099
185475
197011
175703
177657
189532
193699
175720
186322
183020
187205
184928
188698
191834
203591
183921
186482
185636
192255
180386
195886
201291
177929
190329
192366
185769
183611
190364
196162
177084
183889
186351
190405
194504
184436
181162
3295769
1244441
186937
196932
187624
188308
191162
194166
191660
192938
190286
189176
182661
194162
191766
191641
202813
192515
196389
207938
192200
188378
181736
204916
212720
202738
200109
206045
196236
191719
191419
197830
177798
180954
183786
199373
195902
199057
204150
202772
190601
192664
178114
193993
204042
199164
189949
204127
185655
194590
202916
215444
171994
193561
183268
199615
199482
194416
190028
198004
202947
225634
204483
223390
196877
180877
194408
197651
207964
179476
194558
187356
192521
194032
170927
203288
191679
188125
198919
199049
195057
214749
188158
204088
212044
203322
208181
200476
207069
181195
198630
205643
206437
210470
227266
216361
228979
195572
216490
200512
181191
201415
190176
189581
293353
217993
206656
213069
194594
186117
179469
213366
180437
193336
179578
188910
189867
202580
196583
193832
195316
215208
197441
207971
201476
188120
185181
205767
215217
193105
198497
198586
211981
190126
180406
219646
223728
194278
189488
201917
196965
215241
201272
201376
195351
204599
189045
198710
222839
204711
196856
205598
201571
197455
212786
206031
199077
197190
205430
199304
219578
201725
187461
203171
209938
211302
203726
204751
207247
209210
215854
195728
204141
195567
198029
192430
211484
180766
202393
190380
207312
189385
209690
227393
182794
210485
208811
205462
193069
207360
200271
195045
196423
191989
211750
187037
194134
199291
184788
199613
197247
218115
222136
205344
197790
207104
203700
206977
222183
219301
201610
199412
201537
206997
201361
220858
205095
198802
190842
225375
210845
194305
207218
179312
206156
211133
218954
213529
200215
191984
199506
200465
210388
187911
193850
186498
195585
198653
190625
197252
199245
189753
194492
207813
196593
199593
198476
203321
184713
211147
192674
187843
225124
198511
199520
196692
210928
197959
197934
191192
194754
191300
196739
205592
187128
193820
192680
194289
189767
193341
190126
185941
188283
203119
190291
189758
199245
196561
195730
207686
197176
194489
188279
192177
199493
205964
179986
194377
212003
202108
197067
191379
203046
191096
215828
196873
201392
192507
195363
197771
208640
187104
189601
192363
185556
179488
205728
201724
194725
188405
191603
183409
171303
183223
207693
201314
215113
216815
203874
213113
217740
162102
199761
216266
222922
189850
220467
197886
201892
237835
218194
204640
222247
221090
214158
213731
209933
200258
200617
206783
204233
192054
194275
193394
181355
194554
206095
189322
183962
206444
191064
201179
167456
176969
208586
185396
196938
198081
186440
188401
186302
197572
200765
197187
192703
202908
175886
199448
185535
191263
192611
196892
194708
184374
189883
193709
205996
228146
205661
194787
210165
212086
196979
214043
196201
187928
194299
222680
211214
220015
183443
205823
210967
179203
194146
201264
222207
215559
177759
194095
200296
197520
238153
210396
216263
201302
193151
187912
255664
183314
190416
180429
252875
177788
178506
193540
196991
188952
232369
204994
200921
189668
177972
185597
209853
186368
199064
195671
194978
181643
184357
150691
187023
199102
155150
185586
191300
188725
180130
178115
179284
198909
174289
179950
173694
201034
180838
178540
203525
193215
190514
186920
181769
181640
190863
177323
202362
196336
193523
183165
181086
183862
193838
185486
183897
187739
193564
190304
178436
173653
198295
189965
189446
197971
198209
185642
206636
195768
192858
181197
182563
180814
194138
207671
192012
181861
183768
192845
185903
188125
190519
203725
190773
190074
182614
181276
174128
189470
192051
198036
182641
184529
176125
192439
186728
184633
188118
187851
186254
183357
194759
178479
199458
194537
196493
197683
184560
194675
182218
195600
182905
192693
193156
188669
190493
188979
176446
188004
189025
205598
183261
194496
192414
192109
184258
184303
198790
190309
187250
190845
193965
181863
193654
189262
191372
184539
187437
187784
186711
195580
179823
189533
185064
184427
183158
189295
195026
183333
192746
194759
194301
188194
196782
200383
195426
190964
183617
190674
188924
191785
193354
190862
202708
188119
190234
194047
196247
190534
199060
187475
195126
181058
203801
186425
200818
194247
188503
188762
220255
190005
194713
2325603
277082
188402
190708
189991
189569
196253
200183
187346
190835
198629
192278
195362
201799
187154
185922
180806
188723
185769
184746
194218
185138
195667
187681
184438
187001
187728
186257
193438
189818
188189
200696
187083
195029
184119
190209
192733
186738
192352
188321
200953
188820
189021
186929
187559
198157
189584
206540
188453
189969
187640
199923
188589
188115
184062
197640
185602
184404
178522
197526
193772
188535
196679
933159
194931
206458
186238
179297
185270
188726
195283
189763
177255
192309
185618
193700
178937
178253
178507
165163
166086
187722
164890
184582
176108
175806
190721
174167
182606
176239
179688
219203
175297
195907
195854
188123
197423
185115
192460
208752
173386
193957
194766
160702
187979
179970
178958
199732
217041
184422
198099
185927
185638
173969
189172
286947
203313
190319
225670
201394
197208
180232
188066
209755
214657
216198
236939
248536
214179
182944
185221
232552
190625
173790
198288
180825
185824
184888
195869
176768
182046
183306
193539
170677
166715
241432
222095
232385
211115
251702
225809
189033
184626
191861
207137
204209
207797
188516
229448
196299
190754
187577
210098
197078
201520
186429
205120
204242
198289
195037
176852
204339
187529
198560
210249
190491
197655
203511
218787
189360
208984
205308
197407
199442
185542
195196
196791
208743
207860
182794
192068
199948
188316
186307
195657
191275
194815
196281
212480
175862
209237
199071
205263
204092
249238
201132
211636
189111
263596
190552
176470
192034
214888
177932
192852
186808
274627
195845
190527
179984
276174
190958
189476
206391
194781
170198
184188
209420
181377
200015
199071
175517
198761
184572
196911
187784
181433
183986
203279
162162
196994
158666
199536
188403
193962
184757
213741
207039
197341
183412
233859
176200
169875
167479
204501
180254
164105
167919
195836
258681
162333
190703
185652
234536
171976
186143
177911
189453
250096
206081
238970
191300
211582
190319
175113
189630
173020
183268
209340
250930
170545
201017
217383
203549
212556
184708
238551
169829
187319
195485
194214
183026
185044
201917
193205
167547
214133
186573
182726
167031
199622
187533
199237
196962
188388
204998
190782
189039
160858
190537
165667
248263
175673
182079
166173
261828
166769
187935
234035
195846
178247
195133
207728
180520
178573
204997
201563
177660
213112
186529
197605
184999
225177
214285
253929
187914
175292
230411
191895
214070
198513
182977
190711
197147
194903
191869
199239
168261
184330
183765
175434
181964
175139
194518
187722
188237
199928
172348
205718
203090
190322
182928
191012
212873
195255
188858
206121
205607
217128
223009
181233
180613
184077
186084
188013
187522
191249
181196
193977
195945
189801
199747
184972
193513
186154
195069
184471
184570
191743
190367
183504
186180
180628
186057
192083
184433
197970
185458
197074
189953
195256
194747
193887
198045
186481
199208
186475
190955
196658
173340
172826
190541
178469
189843
180968
201781
191306
184970
187227
178929
178692
185237
188115
180041
182666
189590
204043
184689
208687
185512
187764
189651
186770
183391
185964
182401
183788
199708
199996
203910
180734
189403
193177
186713
198616
186519
186257
218369
186472
205707
207443
189336
211212
211477
214989
186462
190802
203691
182276
229438
211766
244531
241571
189024
250814
237382
197764
178052
213041
201185
187384
218065
227163
190582
202427
196298
186808
178113
179331
202110
179601
228587
195704
181447
213400
195315
213497
210773
186146
193431
191584
206450
222084
182690
219684
199114
190291
201359
199569
204333
192659
190646
194405
189263
213583
175443
199228
179084
188089
200745
195811
198996
195093
192760
181715
193689
195942
187892
192482
218618
187168
196451
191588
200635
182812
183002
184149
205718
183466
177821
182908
196624
180534
183444
193350
188098
186468
194292
189822
187775
191585
196141
211130
186408
190868
195731
189369
180802
176904
186079
232352
169245
175873
177913
190357
178655
176490
184250
182385
203654
208353
182559
191730
184161
207315
180800
198565
184285
193543
190945
190386
190647
202324
192845
193830
181164
189821
185358
196755
186094
192200
197355
188498
202579
197705
201334
180740
214701
195146
213822
220331
3148212
1078171
179599
181058
205247
202147
186347
212155
190143
200381
215530
207262
199962
210014
182094
214163
188473
215553
190551
213263
202154
208970
208640
186562
196669
195062
182088
190222
206680
183488
187632
203767
199482
185410
190216
187940
192088
203585
189217
190788
180477
185182
205838
204715
206973
200812
198829
198163
195620
201325
199030
197784
200048
213792
202543
204581
202180
218593
210623
193747
198689
218567
180247
182454
202269
194875
200566
187009
201135
190701
176589
186487
193999
189517
198491
195806
197474
197752
207518
198822
161806
202003
198678
200803
203313
209235
199507
190453
201079
203793
184480
256048
170537
190280
189595
184602
166621
191066
181421
191059
187878
172124
189279
209902
193476
212294
186145
216171
218233
227235
187909
205896
170898
201701
186762
196583
199856
192544
174360
207504
193532
202179
218231
187455
189070
200247
205456
215504
207957
195837
199040
191864
181028
201149
212481
206156
180077
200825
207158
199616
210947
177958
191196
178193
165972
226307
225334
220896
215677
197428
234175
233981
225928
229478
230338
199197
204688
186493
182301
210493
218533
199495
188686
201915
213336
229359
259716
212514
264047
191440
189471
205095
227773
210508
212470
172210
186520
186233
197946
186538
196897
181985
187771
200041
187406
189491
170498
194470
186965
192854
183695
199276
208104
188298
193429
198359
213397
201284
186759
202888
184357
192155
201816
192572
188178
194536
203205
189349
182005
192337
184581
196725
218587
193337
195388
209159
191041
187539
202637
190620
213307
210578
185361
198702
182800
202505
192980
199457
195721
185541
184470
198142
201465
189483
200250
196894
191880
204180
191334
207132
233227
188648
209270
191958
208675
197750
217601
220656
220136
194489
196678
199467
215195
182060
202540
196674
192024
183377
199217
201521
183765
197752
185188
195983
191071
194769
194337
180406
208877
191872
212363
189945
203611
195371
186382
214610
185487
196965
209620
189955
214552
198527
207681
204506
204684
213978
195161
210963
178487
213605
184753
207324
208903
200877
196054
214101
182183
213096
214088
185144
209893
180340
169983
189956
217917
212932
202421
193591
192814
191854
182429
204540
192697
198032
202459
223836
206148
198309
208436
211183
244692
202629
196612
197366
183526
194887
187443
188079
183000
223519
186721
200993
196174
210551
215578
161349
185151
184698
185625
188381
186541
181983
212243
189942
189495
192779
192418
196853
202488
199414
182062
210176
192757
203431
196242
187114
195628
192598
194392
200385
198930
179242
179066
198506
191154
192326
188304
194843
195942
211449
196814
199598
193438
230802
190309
198073
212653
191589
187279
197275
178321
198016
198808
188348
208316
200078
192037
202004
193674
184169
183334
209339
196139
189016
210720
201662
196054
189446
205864
211462
191369
181954
189397
195835
191547
190566
177862
183760
203961
202465
180820
192882
184220
200185
188638
207276
204827
183723
195397
208558
205736
197004
205483
186341
216728
192887
183294
399487
197998
197427
193903
204730
199083
217608
202004
194005
205633
193870
197887
208769
187117
202889
206440
207652
207192
190761
197504
197853
181359
188118
197027
191726
187119
194646
187721
196969
178959
190982
187361
214496
185189
193499
192187
201969
193943
194829
182740
196617
190012
191679
187638
194441
197308
191680
199094
192631
185370
201138
189336
188904
194009
197117
184765
178389
204625
195250
190494
186297
191779
191474
193259
189335
195283
187932
192568
189883
190420
191680
189574
192304
192912
192135
194535
185905
190453
202325
184010
185478
194590
198586
189807
187312
192079
207385
195478
191494
187438
185762
195963
191090
205338
191108
194009
191176
209166
185609
191958
186745
179596
196261
182804
198418
191187
194718
192268
187824
185603
185798
195860
185691
197344
190080
174652
177762
203448
191865
195683
188415
196047
200203
185416
196702
188760
196497
191576
193564
194143
193275
187853
186308
191935
199764
198201
181770
181211
180661
188511
199882
239622
192453
192339
233641
182985
188910
194544
184992
199415
187833
188067
188412
194941
199870
195898
187560
191616
189935
187788
200136
188752
2659406
539709
185742
222328
180922
176812
199066
181352
181392
183248
182103
193176
175877
184017
211678
182701
215778
181479
191501
182535
172975
199757
188282
178197
179769
179046
203697
198305
187694
195157
183694
179208
176020
177596
182186
190689
189345
173249
186900
165298
176521
182621
195626
197658
185149
189675
185186
175802
203098
191974
183723
177429
180992
175128
201068
180178
186839
189763
194232
190824
185839
195061
189146
182124
183150
177696
207848
205815
211295
188868
186119
190621
178951
169833
217270
202919
202906
195883
187106
185559
199197
187593
187698
208895
178682
206588
185346
199053
205209
180593
186668
213161
183227
193586
193694
195928
190099
205902
173958
209775
180210
194088
204395
183212
177768
194078
177121
195110
196341
173759
202321
185257
173881
204642
167893
185266
174551
188372
177634
167690
192472
174491
176978
176270
178293
174367
163979
181707
181739
185893
172859
177823
172797
181932
196573
163163
184181
179129
174997
170305
188659
199004
189261
185643
198855
188847
182647
188488
202371
179531
176997
184247
180212
170187
182529
163759
172153
159095
179601
155341
180624
254104
224146
203090
196707
213995
225860
198727
221211
224059
223733
205257
203905
194601
231419
215242
198961
217342
197973
213489
197751
186113
222696
191290
216214
211299
178329
219305
213717
185938
211078
224448
224184
240769
184554
185767
179299
197542
205749
205221
210476
236390
220793
231187
233457
212791
207828
218823
185164
195960
228378
220196
209864
221029
191869
203788
189789
199026
216438
194761
182521
187839
203373
198655
183753
200061
195205
200193
182048
190259
220280
191036
186146
199931
193846
178991
191613
205445
196472
198768
187129
186820
196780
213283
177540
191372
209309
200995
175270
207558
182740
196112
183858
185076
189363
186639
166764
223612
197345
199643
196740
214391
186915
201232
186821
181690
194362
191707
184442
190568
193597
193495
190357
187148
171874
182313
190075
199076
202111
181080
227902
201189
192901
197716
191619
194916
211481
207118
177153
184368
197939
189569
179116
187139
176919
177621
180733
172552
191378
183741
175092
178952
171169
193167
183873
200919
155975
188384
189959
203167
194695
183782
170621
199506
200117
188869
180612
184697
189573
207207
183260
180179
196282
180099
176854
201488
188012
176369
182868
182269
183825
180045
184061
187421
179415
193394
184720
196262
192639
195725
195065
187889
184849
182420
192370
187012
189057
208429
183240
186331
180087
196656
199422
189764
186148
191782
184082
208542
203314
185669
182443
186379
200317
197346
180998
185881
185430
200973
187618
188128
193525
194284
184845
183754
193702
196747
185987
179383
181620
198489
189356
184266
190699
186167
192882
191744
185362
181315
195024
194529
187441
187906
194624
188034
184116
198224
190737
201389
185442
196410
188815
187746
186986
190726
188212
191922
191878
179545
181885
196124
189418
204679
197304
187256
190881
197651
179787
200793
196646
188560
192317
180272
191203
181760
196075
194806
187660
189803
197768
197738
191414
183668
194617
189278
183504
185540
198108
189963
189795
185129
194269
193502
192991
192623
195621
194227
188506
181922
193915
197340
189551
190666
193066
184401
196559
185218
187665
201651
181022
181084
182025
201651
188799
185964
197212
182455
181609
180934
189981
180111
188624
186055
191786
196194
192015
189218
191466
181757
190600
195265
185085
179768
186566
183348
180889
193828
188813
186229
187177
184897
190844
188252
193615
190281
189157
197152
187766
183092
185159
189961
181365
194207
193733
186952
199359
189372
183617
191616
192092
193550
196821
177964
173883
205090
199509
196211
207159
184180
198631
179829
202132
185912
201521
209273
189556
196439
192059
185473
185068
190253
231812
241218
204810
215461
206267
223421
187134
180208
171489
179251
195420
200993
160885
202149
211505
193535
196537
197485
170509
185393
189830
159396
190026
194703
204416
218531
204042
215670
209762
198437
225788
216755
226354
213760
212077
208743
243032
226533
211281
233291
238122
258355
198927
243102
185483
229476
213869
182284
210847
193278
183190
200630
192864
178363
200905
190419
198634
198541
197497
236017
3033830
912344
195668
201123
201357
221531
216869
175644
181694
189905
183031
209001
188725
217272
198281
199223
179389
188530
195543
217144
189236
221533
182412
202036
180359
197393
204186
196187
205532
184020
170620
198770
175885
182877
189546
198669
188460
197522
192819
196936
206177
191942
191070
195518
190125
196902
210610
200135
197354
190348
185766
196392
190843
194128
191090
194764
185021
181912
189117
194408
190522
192460
192597
184967
192758
190326
179593
192409
193965
192530
181344
190639
184524
179501
197742
197374
182066
190888
179925
191450
180764
182088
186182
204505
183615
200662
197322
194062
182831
181716
195503
198637
195660
196353
179770
199904
200913
195972
202940
190802
189104
201575
205825
193274
197400
189949
189351
198502
200074
197764
199156
184387
197679
190204
186116
197290
196722
192866
204567
204265
178239
185821
180482
202294
194429
203170
196003
214124
168499
211462
193030
189603
220067
195204
192685
191543
192005
193970
189546
172256
194043
201507
183509
190097
201922
193709
192883
198832
180381
201785
191563
189334
185378
190972
183867
198106
189451
195572
203972
185129
176408
179045
203103
203704
205970
192217
205725
198758
181638
200888
202610
199389
204110
197568
189236
203488
215701
185809
198432
200355
197045
184478
201729
202374
184889
188710
199415
194419
188759
188734
204045
179603
188962
186040
172448
184466
184468
191740
199727
178673
175938
191433
191631
188801
177444
186049
202395
195326
184092
195171
191880
203739
180408
203448
184854
191203
179694
195500
184653
205418
188718
197331
209889
198950
191462
201812
199890
190702
187069
195051
195280
194039
206841
199835
193135
203122
195468
200748
188562
184860
186172
191839
196504
202923
194800
189727
216325
205271
202863
214676
204732
197062
186959
184035
196021
206462
194292
193538
197745
180337
183372
181258
195665
185134
186326
196144
196153
190149
184156
187498
198086
193020
187715
183887
196758
185473
201482
188403
194025
190570
193053
185969
193681
190685
189909
193913
187978
192373
186355
185596
182828
184173
183346
199380
193339
188604
184322
186541
198350
184994
184996
190656
186226
184741
189481
189916
201737
192584
185755
192736
190700
188796
188851
186632
182713
191176
185616
177121
210220
188164
195053
192811
185240
187767
191368
188139
217811
189677
192651
192500
201915
180416
180256
177455
202176
197096
164621
185108
184735
191175
190343
189612
189321
185826
173398
206143
198707
189491
187921
179993
170250
217912
179954
186829
191613
198158
186493
201990
198436
180926
192199
191398
182940
181967
200216
181513
198806
208517
202574
183045
208609
195237
174901
202832
202203
198760
208960
177493
214276
188178
203196
199158
180798
191554
188404
198077
188920
204612
184048
190519
190383
179276
195969
204924
196622
182687
200782
177453
198648
189882
178808
192826
194151
195694
215574
202097
209438
177015
189515
180693
180333
192022
236364
201496
191442
197624
180493
184938
185572
198967
191450
223473
180063
175228
177989
173545
174894
188166
173559
224192
178502
179914
188070
203542
187636
185982
189527
180659
201237
185916
202956
192464
210708
185976
182392
201484
213355
188611
191503
207331
195629
192468
193277
194419
179807
198110
195452
201186
203942
201162
186317
218028
177099
205381
199820
190839
189449
211575
177831
195700
181948
192187
184029
182103
193952
175363
183854
183276
186390
189057
180827
202198
194038
184713
198962
182549
260514
191891
249733
215251
188083
222301
180615
243099
183223
197622
222121
198014
163242
194176
212165
258588
216164
158603
204114
208376
195275
195965
233080
190550
208604
192187
205757
199049
214651
164210
180337
184817
189645
218144
179120
212293
183170
166757
183180
168619
177320
167315
208232
169655
198587
180000
169738
181907
221628
182974
174336
189018
186344
178860
187801
194732
189980
191480
201074
188567
199169
194978
207072
190986
171830
173673
196872
192130
188248
177773
178551
183398
178393
182557
180135
213644
178773
182198
191974
179365
177176
185174
204268
189617
182309
196778
180725
185647
205889
182934
189181
191919
182605
190335
207052
198392
186338
183855
209095
181074
209098
196495
191534
186044
183850
182928
2385351
263724
187831
183034
212306
176928
193622
175543
211469
188108
198172
177049
194179
191669
191392
188896
186787
181199
181577
175748
180151
185013
184486
170968
191691
175975
181320
202391
197425
180812
204493
194686
184023
183827
182100
185239
205467
180033
179961
188920
183514
204144
196894
196090
204663
191355
180336
193440
174770
212556
194506
190036
181287
189337
191629
182316
195397
206451
191344
181508
189030
246009
195551
201202
242372
193026
191081
169247
221925
183640
214593
160982
156816
174811
183044
190397
203312
212502
195572
185532
196511
195071
170960
179479
189465
215832
187734
193969
174649
189972
193043
206627
201836
200200
177578
175063
210403
214995
211707
222095
234201
223941
179333
180529
178562
187868
185420
199652
212538
211445
198579
198905
182897
192108
212425
196479
204172
189669
185818
193640
188118
187857
200442
186057
199169
190597
197827
169259
172599
192120
179404
211093
186266
197136
199766
200440
199610
199020
208904
176655
192806
200461
198330
191190
177440
183682
199627
189150
199246
185079
202745
202265
199140
193838
185648
190504
191551
185359
200810
193064
183318
174302
203428
196329
197049
182572
202346
189122
193564
196711
182922
190379
186769
191469
207664
191190
177676
196149
174162
190155
194547
176213
174717
153424
190467
186498
177681
173752
172929
195717
181211
188655
181295
189575
179853
180013
190776
198137
194186
193692
191791
186820
175257
179825
181897
194895
188131
201677
189596
197011
189971
197756
190970
190670
188947
186608
194404
185949
199151
182653
190102
200769
188354
203017
188653
199866
186211
186531
184509
191803
183275
191529
200507
192082
185974
180787
198940
191142
184535
195350
188430
191426
186204
186341
208132
178621
194148
193143
175492
196897
184462
179606
185106
180688
202504
201976
193247
194346
180852
199787
197649
202533
175810
200516
199139
205661
204080
184627
185052
199803
186204
187017
184329
194817
193996
185831
197193
173608
188444
182925
191628
183647
182110
193125
185340
189310
178196
188077
177378
181911
193039
183815
188920
181018
197416
181388
183486
178315
181280
229928
177389
218757
187578
170592
175646
168423
181093
177914
178417
160364
174508
156710
175783
169126
195426
219285
158610
192304
187668
170692
183486
185804
192608
190560
173058
181503
212768
176021
190546
194035
180080
186003
176048
184806
163602
180305
193039
198123
170785
170361
188348
198394
174986
188688
207377
175344
190859
151054
191078
164130
174853
201488
188311
181884
198896
170190
178544
166428
177518
185061
170015
191428
171996
194054
238149
200748
191756
188025
176213
200868
189912
189814
185457
191863
194077
186333
182744
193504
181904
187336
191256
178877
185646
187668
186376
179005
182258
169412
419584
193904
190222
188139
188303
178554
194776
194784
196704
174703
197216
182914
177925
183860
211727
179596
203073
184558
197636
191867
188074
188363
203781
199858
190815
182837
181109
184533
203503
202085
204084
190149
194100
178007
192892
189359
183583
186491
188062
192550
207000
198306
181042
193365
169415
172535
186718
180094
183851
190435
179954
182604
180209
187523
180131
221489
168693
181233
170102
209044
155595
182802
168054
185416
189527
204023
197230
223318
168808
174765
183802
185688
242521
175026
175254
213924
238164
202500
197452
206294
185428
198726
175293
213062
213180
156055
175349
230450
220030
151217
202996
220757
199963
200911
172688
220182
170918
149023
211430
196026
170708
173577
170441
287876
162962
214309
179849
203473
198549
197951
221656
188320
241366
202708
248434
198316
222603
182704
191510
166798
220805
216213
163220
239200
224688
165090
166314
251089
227295
159889
242076
188675
244991
274714
296076
183022
259962
184504
184796
203324
211556
293300
201199
194332
195612
181731
189095
218524
276024
269482
229566
225856
247931
209696
251338
208545
245729
208339
225427
288058
194174
233586
188842
183520
191913
167749
212430
237833
155840
212592
160646
186436
218124
213591
198337
183852
202872
195300
220283
149552
170476
161430
176481
200519
172817
188604
189956
175137
224397
198998
202632
170578
246958
153602
199104
163490
207368
181565
174483
190363
187199
3179477
1062577
195335
204352
207339
171414
153652
231117
220213
222602
213248
217046
170645
158390
262303
201484
246684
247955
191630
184215
205071
167459
184246
194062
195086
170252
190232
185781
172203
170765
182473
197573
204212
169661
177942
185014
178415
182998
174466
195061
195765
180819
177799
195798
178369
198161
196935
197383
195607
187949
187163
191582
195585
188779
194507
186974
194979
183515
251114
210066
220556
277087
276454
272368
187434
287999
170068
179010
217849
229668
185200
223637
219622
172061
177237
206796
172068
256797
243234
256218
240599
253038
198585
181130
203663
256198
197114
199395
186154
185503
209242
172890
202040
174239
168835
192629
202372
189281
211397
213370
153212
226026
219770
172370
159285
184445
206680
166543
183788
196435
180225
194468
182589
220040
192567
229832
191316
194148
206659
203782
254542
210650
203025
237567
239091
261416
222775
163737
172583
224234
153641
203417
171390
207875
207226
198481
186346
191668
193935
170611
183870
205857
229600
173781
168578
218503
197715
178631
198305
178731
162153
183190
170828
177283
204293
171685
215430
212055
207729
218388
245013
167278
192971
183787
175574
206459
181282
232860
230769
163732
186068
191161
184993
178610
234799
182845
223549
211674
221605
192195
191804
213323
202347
170522
179885
185521
174337
175556
173232
185126
198432
182481
182128
161785
165452
193668
196071
167805
183924
169253
188382
199137
180747
173268
186142
190847
216246
246391
211987
180816
176375
176874
182464
195099
197100
194370
246800
185292
197398
200367
208654
208995
184640
151255
187650
222844
193139
174120
233763
194216
191813
194019
161197
228183
203786
214682
226332
220010
208129
232257
182886
211328
210175
205494
210602
194106
215565
195742
188382
207023
202312
202132
219951
190667
201069
231629
199820
195454
225047
204044
208889
188277
190170
185999
205408
177995
192254
190495
188561
188565
188795
196910
182075
183936
192276
183872
175175
201917
197349
175026
191562
173846
205361
189597
220319
182334
190074
201369
218464
217163
227244
178025
172981
174476
184320
183872
192418
181058
177353
195216
185583
183270
179014
178262
186193
184669
210542
190827
201442
224944
186828
177596
200336
175950
214102
176736
190453
178705
181223
178585
198445
189669
225123
172905
174578
155613
186009
206023
192255
150979
168140
211397
197095
182138
225495
207492
197537
181499
188467
192628
185279
206255
173169
212270
206097
178448
197441
203361
183098
178277
206828
184349
194139
183163
196609
175377
191194
168355
195411
163399
199593
170142
173270
199239
161650
164965
183093
150584
149250
196995
190351
187246
186079
188628
184863
183435
180818
188896
181348
191336
181557
196447
191411
168009
163771
174985
178971
188238
170208
176520
162138
219825
173989
192571
198769
188876
188417
191988
190089
190258
192883
187094
201697
160841
187979
155540
190720
185568
152673
154797
200085
166511
192421
160942
193698
205081
153047
175481
192596
186813
161612
190865
154938
180401
187049
192577
160233
163296
180204
200641
191980
190062
195821
186308
193520
194497
174187
196087
188427
184946
193233
190060
195798
188018
183505
185989
174589
197576
191255
184891
192688
182583
176152
185914
197759
180296
184895
190767
201906
182428
186730
185418
172897
169585
185253
194468
207585
201545
176966
187844
183980
187669
164597
182265
174177
187386
176790
203485
180812
181675
173464
189858
177291
189116
179066
187734
192742
182357
207500
193889
189115
201806
165626
192037
195168
201913
193883
196268
192754
209865
188066
182338
186370
193352
212203
187431
194585
184775
188311
188339
185950
201121
195606
189227
205215
190892
192174
207422
184317
191349
188879
195218
205326
197252
196332
177905
211431
198978
176124
198593
185262
207805
195796
160605
181461
198699
198510
193730
202157
208875
182730
206581
199485
156946
206646
157286
194602
193174
199393
185576
176072
197720
196930
206736
198896
210466
200817
200417
183584
179083
184751
179465
198521
161327
205384
195724
194996
200942
197586
203743
202522
197779
197674
154076
151379
201872
196737
184238
213467
198997
197660
195946
193921
199086
183076
159789
193691
203567
2187841
397332
197641
189913
193068
157152
203348
197093
183893
213639
200272
216497
183249
196036
204573
199544
193040
202842
180820
203717
200959
196829
211924
198981
205863
209900
200884
198849
165209
208362
203998
174915
188850
188173
182927
200911
202226
209266
193567
195101
192235
191877
183887
179266
186514
200350
244729
182512
207036
207042
196945
205308
213592
220404
192485
185493
196473
189949
188378
186338
192678
186731
192301
185909
195828
192543
190925
205186
203156
183843
201154
203087
200082
189044
219866
229843
160128
204141
205856
225019
189515
198558
215825
206189
208391
204925
188843
196810
189364
186913
192219
186497
209108
237593
191929
197200
209564
200130
212748
210935
181150
183483
186516
205046
201260
198843
184016
189016
213235
180607
199617
201366
206944
211178
205142
188617
183064
232159
198127
186816
177533
147464
206355
206919
187226
251944
187521
209101
218029
254100
161539
164055
160224
210941
187643
176185
171239
174620
189993
201932
193247
205740
193885
195536
169950
167008
185818
164964
173649
161744
200637
192400
190639
186886
190458
179663
197644
199729
196560
187758
198903
193499
194474
188813
204043
204758
211651
175846
180606
192666
189690
198721
164933
210086
189811
176516
206255
181921
198750
181655
186052
194128
189530
167425
204109
180252
154243
179796
191634
169181
188278
181446
166473
177284
176835
192521
174869
187089
185624
165403
175077
181490
164930
171015
155767
184955
179441
179763
177432
182183
176476
180684
186990
189281
188131
180699
171656
191121
192037
187364
182083
189864
190930
205921
195354
188660
196874
188226
189094
229231
226232
195497
187200
196199
224518
214551
206466
203173
175603
199677
209870
237832
212802
193890
198896
206175
201200
164546
180440
202437
197748
206420
199893
207134
195752
169173
187670
181031
224574
179214
200977
196167
188822
194266
186491
187072
188087
180125
189177
204070
191970
180859
185184
200115
191215
211411
184286
203658
179458
200910
169823
200791
170632
195166
187615
153415
197505
195196
194022
180688
195900
197214
174447
187738
214342
198998
205593
178173
244696
171572
231014
185644
163895
162458
200674
197393
178709
184869
181835
191961
164717
212357
174974
252680
208446
216553
219235
179155
219551
222751
230946
204887
210851
199865
245978
256618
186177
182100
208344
249314
203323
197804
254301
245560
237867
237717
234937
244112
195589
201994
215870
199779
222958
182374
254116
244373
255028
203461
207774
238039
166129
181353
220932
223126
199830
186124
222146
200507
198371
186681
219961
233476
169099
184901
173382
183949
199573
197422
180283
199071
196928
203430
236808
223682
207212
230642
161434
233330
221730
159086
218592
192872
214388
157820
205574
200044
188043
207835
222997
156155
209142
198325
202560
193073
201157
223856
200762
210083
189162
196185
200463
205901
196713
180396
200543
209261
197393
202525
186343
188405
198004
216970
220526
214360
192576
201875
177812
182263
186306
203129
186866
184339
190528
193113
193196
188338
181871
184062
178713
191836
202914
194005
199685
190198
231138
213215
180405
185795
210215
209126
189900
203526
190848
192452
203155
181060
207690
216333
189554
193002
210490
190841
200904
199104
173033
197533
194494
196268
204976
189057
210194
189747
203090
191460
193751
205755
191548
193753
191337
184947
175131
199917
171421
189607
181541
166808
178932
165552
161926
164327
155900
201966
207580
193957
192543
173984
198191
166660
198388
206049
201730
205689
180779
203265
226093
196284
205676
195836
203385
187423
205361
198918
193462
194847
186172
212916
217525
221969
185596
205402
195760
188670
191535
191355
192102
197532
196029
202712
194104
201501
199449
187426
192447
193584
200824
190487
181103
195616
196004
210523
187283
195580
186707
191107
194318
197453
192916
194316
213247
193072
193895
190920
189812
184420
190486
186046
190406
193170
191237
189228
196600
196505
193910
193560
189155
200349
194996
180701
183126
188489
193025
188181
184330
187823
180000
179856
177845
197632
183278
191951
188177
181067
186731
186614
199561
184456
183250
187620
189839
184011
176302
191283
180353
194268
200948
182011
181029
186397
186818
3591879
1538627
189624
184990
199204
181689
176806
181482
188685
180191
194086
190632
182694
182332
187339
184329
186619
190926
195590
189464
194893
183428
193765
194297
198748
205460
193743
191076
188096
192560
184296
184924
186192
194269
192420
180944
213033
188039
193495
187344
200544
190214
186596
187840
195186
178548
192393
190915
192207
209952
204126
182142
178644
190769
195161
192781
200425
200894
191728
188146
186478
182197
212625
188889
187404
189026
210009
192619
202681
194691
203950
181504
195617
201927
191641
194905
224456
177463
194219
214575
205705
201752
205199
180409
215973
216941
214580
223198
217195
218677
222641
221919
226676
214337
230367
189383
198452
192501
196773
192978
195266
196617
187744
183168
239092
188612
232560
191920
193506
193799
198272
194923
195866
221162
210693
192816
192217
192406
196270
187008
195176
223939
212408
220659
216427
189034
194286
200801
197871
173416
193311
201049
192090
188924
203446
202033
221696
205708
198890
225788
194785
196038
197090
225193
204481
184104
190504
185893
188548
180756
187753
193618
192952
198166
193350
191084
188836
239020
180419
213352
201087
222452
222085
223073
182626
176136
241253
221805
185146
182690
187263
238362
184458
229946
228695
191159
183366
214211
214874
211398
212195
207514
213069
213496
194287
192655
208579
180383
203549
194684
181095
195992
205380
196557
187110
202014
205363
192716
183778
179310
196542
203614
189771
199695
201658
211450
209746
191314
209293
211973
197007
210003
198327
216785
206890
209286
211779
203925
198587
198367
187338
189276
207692
217728
204824
194214
205219
183834
192750
218770
203700
195919
202057
216214
195820
231362
194137
207873
201846
200788
203208
202912
205377
215859
192899
208991
194770
211726
210693
214411
182184
204025
199302
197460
193820
419453
208736
205585
210390
206253
204346
195646
209949
209991
206456
216862
199150
201550
205713
209519
208602
198146
200905
214426
207332
190343
237638
198671
193884
194886
213982
203590
201129
203707
199189
197236
209196
205212
198384
199964
197463
208207
210148
194150
203722
203096
203257
208257
202752
189201
211521
198149
204662
199466
196304
198504
215765
189073
197783
205611
179692
207774
255531
199204
166183
212581
198224
187505
189070
186963
164761
198686
154586
188302
201105
183583
191461
176776
185007
207914
218111
202138
200426
205495
202046
187817
197927
202742
201553
180921
184449
197271
197992
202477
199426
179851
192268
210564
213738
191900
199586
193622
203021
208831
191455
202370
181920
201005
192739
194189
181337
188884
199942
190783
199344
189982
200173
192770
194185
193735
183057
211271
188193
197955
204431
204513
198400
206250
191106
203364
193830
204347
195379
197989
210456
199656
196765
196361
189815
207998
181950
205565
201193
203108
192468
191467
211349
197504
216742
197476
191092
206879
211829
194370
185494
190637
186951
185509
185949
187832
183519
184913
184467
185760
192861
186560
192154
197320
193246
192749
214709
207415
203811
192459
203418
188732
198726
212186
194946
196855
194325
190484
189555
235930
185529
196320
184707
193203
188981
200800
197033
199165
182712
218542
199267
194810
200189
198111
196404
214072
200433
204722
194082
217767
184630
189427
196832
189738
188950
190530
183100
193845
195424
186696
176365
201281
198334
238736
204548
190242
182434
180882
182222
180895
196948
191252
180003
193962
206769
210169
199231
193304
197607
218981
198302
200163
204012
210321
195095
194259
209588
203309
189473
199113
256170
193813
181342
197819
201763
202585
211174
189960
206077
187090
198722
187485
205656
213857
197886
213469
233959
209884
193099
212569
194527
198765
193405
218556
187752
210119
243765
192397
211582
195003
188216
225253
214356
203523
193883
246083
195833
193552
178231
203705
239963
229266
244263
254094
208605
248216
214986
212185
223866
196719
178649
178412
226986
232680
211837
206092
228091
214013
218406
240278
241379
218331
230223
210132
232776
214517
200025
245095
230483
200251
217839
231881
218125
225946
231337
217330
231901
227391
225031
208772
194143
217156
204601
210425
214647
200413
220366
193116
209421
200359
208714
195051
180102
216665
198665
206765
3646340
1528234
230312
204176
211549
229457
214225
202496
199915
209820
190577
200381
195021
188428
190916
197768
187676
181547
191956
195452
190343
187633
182651
205231
180987
182885
194123
207117
163966
198266
193888
194605
179923
207897
207199
189369
193636
206431
205217
204853
188885
177481
205133
179521
184099
200524
201406
195160
194596
198964
189665
187759
173640
186423
210907
198049
173073
173084
195116
181603
210400
181545
194199
188992
189678
185485
201023
197445
191405
157460
175647
197079
211133
193693
201874
193062
204046
195435
198018
201130
189982
204719
207971
174951
177830
189119
196265
175392
180587
190270
200824
199753
198304
193503
168685
185440
206437
187129
195942
213065
193084
193861
204971
198394
200501
185444
175623
191836
206101
217230
206980
188644
175122
197296
195777
197200
194967
184780
201486
179889
185301
195900
195737
205210
193015
201198
207041
199600
203501
185119
179624
208207
192139
188569
186933
166943
201279
195829
177257
199973
178099
237579
174437
194560
200384
192088
198310
200751
193582
195977
192832
203516
195604
199048
204673
186974
164145
167807
160493
178700
233058
232139
187001
179861
193897
197456
222091
232743
216896
213194
230470
186168
170509
220936
230563
187379
202977
209369
165073
182408
252558
184781
188834
177587
176737
169978
187731
184405
234825
210109
154203
202874
226251
203802
169856
185207
189050
181669
174137
229596
195161
219863
180647
205764
192724
197523
209126
221406
197650
196169
218012
194994
194169
184813
222629
204551
187718
189012
179288
224077
213058
194950
220489
191430
192448
166429
200033
194611
192280
191352
210831
206481
195900
194674
212394
194014
195342
207903
200104
182929
195589
186903
190149
196684
187722
195523
205520
191236
191144
200928
205187
215070
216121
208168
221717
187371
201150
209046
199470
198383
193565
196196
199986
189779
192274
203858
202687
195951
194835
202379
206239
198311
200819
197212
200313
194425
215084
199381
194108
194966
186639
186039
176859
189764
187279
201413
189511
197058
195873
182701
214999
180410
195113
201341
195740
199348
189711
185143
198635
187275
188699
201016
189035
203596
190604
197887
196168
183030
193623
198620
194675
190782
192326
199104
193327
189217
216482
210299
209006
199319
195936
189873
197625
186860
194760
199702
200464
187350
198114
196979
182806
189981
194649
193324
194769
177323
199846
204197
195080
187491
195854
190654
190664
192757
185207
200555
191060
197517
193505
195605
197206
185463
198174
188741
210606
196185
201476
209201
218229
193505
218853
213283
204651
211024
193958
186199
190562
191943
222626
204861
200271
193511
180028
190894
183934
177849
190931
202638
186304
191463
222994
210296
194432
192995
202016
181515
211707
210138
188243
180838
192924
191383
202805
183001
208803
208346
215584
185507
189079
189966
191848
180482
232596
193242
202597
207570
208833
198592
201700
207213
183403
187424
188589
205624
198631
207001
192947
214251
214695
193265
216543
210172
186747
200242
216399
208026
218762
212286
192824
184251
190193
183173
183117
215316
188364
206764
205206
194002
205473
205420
189251
201380
204189
202385
196378
209624
203687
201872
202387
164087
196358
225694
212491
229754
193830
197542
195692
204801
192502
189787
202405
245675
171161
178082
184731
179619
216074
222435
186104
161208
204735
188316
192123
195911
173637
195492
169321
187559
195329
200382
201779
199085
198817
195703
197164
190017
224044
192142
209458
184520
191180
192236
191839
200416
179718
183574
183196
185567
221261
172864
193848
189221
170122
197170
207431
189756
172098
181973
180635
186169
177857
201996
194838
185038
209481
187955
191215
197978
198539
186170
195530
191034
202162
203860
194220
199233
189025
197354
192374
191663
192604
196491
193608
196511
193315
198811
198185
200791
194826
201955
194149
199360
200495
194355
192421
201490
187060
193751
185908
186640
190443
190091
184164
224952
189461
195430
181610
228023
221607
225110
213895
185708
178638
196248
199481
211922
204132
209366
217218
204324
210839
214078
211125
176377
252126
208880
197634
181492
195190
185578
200321
191563
186876
193602
184007
191676
205528
201661
192396
180095
177186
996006
1414732
287946
187932
217486
203975
174653
205779
194222
190159
185800
213378
204281
190573
197474
214517
200367
185184
195763
188416
184014
185315
204501
201510
200763
199600
196777
208103
193157
204123
187063
194402
189652
185628
192179
186204
211515
186692
187868
200734
205214
212131
203576
199171
204928
200279
190915
216893
200786
192901
192927
201533
196921
207162
199974
203906
216859
195474
208611
190608
196381
181818
192752
190310
204151
199155
204276
198769
193949
200384
200203
196847
209418
198956
199285
200883
192348
191666
185388
189281
189939
189959
194158
188291
196567
194221
198239
199074
190959
184504
189914
199361
193887
202902
195285
202048
188767
195286
212247
203095
213439
231578
196578
217372
225760
188286
205452
222959
218725
221713
205454
195933
207176
208563
209594
199233
190998
192049
206856
214450
238354
216952
179964
226422
185907
224311
208894
187118
188794
188490
184685
208303
228549
198592
180915
202968
200080
193165
469918
185116
190174
196399
204281
186818
215139
208023
195547
168351
226781
220309
215409
224384
195599
226369
240697
196167
193491
201711
231297
227860
212299
192934
204730
192294
179494
185943
184603
197878
208149
188584
187061
194092
197147
194691
185416
195196
183107
195666
208592
194263
193402
205522
198191
182544
191921
199021
200746
187173
212048
196844
183799
192041
199518
191026
199219
197052
192325
192484
198679
199162
201062
200638
190672
189604
189036
196717
198403
192611
207573
198101
190882
194749
175940
186552
191016
189270
179821
212341
175756
176531
196008
182665
183108
181939
183099
183465
191264
185343
181082
177044
180692
185807
184426
194020
188072
190788
199048
199475
182671
186427
194375
193589
224934
180172
172913
198849
186529
191775
189253
200941
217652
186071
193438
193081
208513
197202
200231
208849
194127
189915
184953
192913
206135
198207
200295
204543
190836
207613
182612
199820
189721
190372
213206
195685
193178
202038
191197
210245
190959
203760
197813
196524
190166
206592
204156
203280
191316
193331
213361
208892
174057
177206
193994
173304
178732
204692
195842
193928
181809
197176
190628
212818
153023
186555
236560
170593
213548
179809
172649
247756
189665
182522
206087
206818
208593
191240
189877
183988
187706
191266
184511
185338
186361
192198
175236
191541
182014
195701
184621
179774
183881
195514
179724
196970
201880
177107
195695
200245
191995
202924
208011
215098
206922
199460
195872
196740
200183
217286
203104
199303
212837
218355
209616
245978
203963
224783
227977
197387
190504
253463
221834
217550
207963
174388
183938
223533
178228
218146
180358
195179
183491
176355
186655
191950
224269
180623
184885
196543
193742
188586
190347
187906
194114
188763
196288
183348
181009
196504
191828
194265
181171
186387
190949
187961
192694
190065
194570
195314
185911
183421
197199
201117
196821
183340
197189
178924
179090
198888
212127
226078
183923
196239
196511
174523
220889
208271
211625
212971
210855
205899
195110
203433
189959
212942
185067
209702
197830
205084
201310
202358
192748
189833
197645
203787
192360
195818
189097
200417
186106
204824
209280
197463
196372
196680
186431
217039
209559
212538
211736
192503
201663
205237
212491
208287
200177
212481
213145
212095
210135
181661
212588
215356
176350
180453
185248
211817
218602
219478
209631
216660
188698
179364
172538
203457
220109
184772
181696
218663
189968
217156
221230
216419
187892
185866
212749
219846
166519
229585
194678
180352
186759
221564
188657
181850
178524
217198
185537
232538
188634
188539
204829
208000
188096
196215
186310
198304
192325
169531
200984
181699
191658
188499
196626
197019
208692
198196
185582
205370
193626
209874
184556
193366
232349
222686
188787
186706
189637
187776
197569
196961
188151
179202
182305
183266
190909
189751
187837
188465
182557
180838
187097
198237
203070
181042
197956
197556
186907
192131
193259
178492
193013
186266
186269
177884
178678
185280
184387
185294
203476
177656
189631
178886
184046
203592
181600
178680
202374
191447
190449
181764
180499
179206
197086
183464
183341
189864
186957
203691
193145
179675
191188
183513
190702
198571
184546
176030
188854
181974
183864
3811112
1697500
182997
188253
188555
189815
184974
181139
185383
187678
190485
196507
182462
200181
176492
189169
193912
182925
189452
186263
197827
189996
191943
181293
185476
193625
189682
194933
177395
174497
196917
186119
188516
188536
184957
186770
190961
185148
172235
181362
189885
174319
206299
188022
179213
204843
185197
190521
172477
175714
174095
185652
205288
195446
217152
196406
173528
173361
185202
173928
209666
202245
194847
174947
184229
198423
212804
188794
183054
193129
163018
197959
175100
190737
194443
170567
170624
154882
202264
179103
213453
201817
194870
198580
186983
187414
193031
221182
167937
176673
160024
173509
193266
179980
200359
166081
218258
230426
235118
177203
184178
214539
207595
178366
203090
186331
202324
189942
181782
201045
184988
189457
190378
188314
191959
190613
184462
197688
191476
188308
198771
194591
188499
185092
187072
195112
181427
186555
181807
193054
180187
190370
185969
189462
191203
204398
207326
200979
194587
195012
216645
208923
206245
215274
205093
201445
192812
201576
206326
190352
195508
196114
197138
206219
198529
170931
194756
189713
175031
214876
207450
209439
182216
195273
195827
182420
191788
191409
197658
239974
194450
175952
206450
182028
227016
189181
191031
220753
182912
186115
225459
227633
225652
191159
220052
189796
184749
215306
208934
221739
188092
172892
178563
194554
181167
179277
189130
195744
210547
181222
220037
217061
222909
224204
211964
224049
240175
235841
244254
235977
200570
233998
230589
235958
188808
221773
225690
188230
197903
210272
194836
191933
186667
195482
210612
189275
196376
215272
179035
175290
183408
191421
183311
194527
197090
233850
195616
196438
188292
181442
182016
183750
167626
178250
185327
199483
179531
181975
206863
192851
189955
196394
197916
197705
186378
189643
193052
194331
174504
195155
189094
182420
197476
182146
201100
191878
187281
184722
182425
187666
190122
189227
188046
180514
187219
181231
186403
199840
179456
192854
194910
196935
191619
175584
193199
192914
184877
175154
189745
185570
182157
185428
189925
183413
179350
185503
187485
175317
198230
200220
191016
193491
210149
199052
202369
222896
210966
178912
199682
185885
211421
192075
201971
227989
191357
188818
209873
187822
188752
199355
179036
185952
180855
182554
180935
195535
198995
181157
180612
189258
193378
177801
182671
181884
189178
177825
183312
183916
186250
184644
175876
210572
195368
192212
198968
183480
186464
199114
187521
194242
187461
182131
187763
181563
192871
178560
188487
185302
185836
181231
187337
177142
192995
190291
181152
189190
191973
186497
187876
182859
175843
180579
189379
198529
185640
185200
190966
178168
188857
203041
191688
179798
186560
182648
186099
182442
191758
176940
175258
180544
193583
179413
182270
177315
208720
176388
187190
183014
178958
188751
194393
205273
190511
187215
218390
206597
208250
197352
188591
187177
190188
201849
175838
174970
173527
188510
182378
190871
194747
180018
174359
185901
196399
191532
197007
198827
186633
212098
200323
211747
185009
208681
195700
191313
198121
200291
192471
200980
206807
216700
202073
188173
213369
179415
234821
177003
196041
203874
203111
204562
211412
215628
205427
216498
201536
221752
215860
222278
217580
239966
228715
217836
208016
212285
220418
167268
212237
200741
229407
207911
213545
203609
213515
210041
191999
218969
220900
227651
178417
172093
237298
203211
218287
255733
204341
210650
208645
221359
222512
195469
195581
177540
190896
204131
200788
197131
201615
189415
218677
200388
213738
211638
211447
212255
211476
220036
223254
214065
191177
174009
208682
209536
222806
241952
220892
187346
200257
214570
207394
194306
195921
188611
200099
191125
201372
189489
189056
194605
194664
197955
200462
205577
200623
200605
183050
196391
192609
256309
192533
194993
191933
192123
197104
190530
180632
188438
198138
185783
241618
197668
190260
204101
233172
188296
208306
182866
212512
189840
205736
196650
183672
204054
203153
193791
193150
202664
184400
188478
188270
209078
196690
197252
195855
199081
195984
183227
193907
187781
229229
184159
196325
186380
182483
183452
179553
177857
187586
180993
185339
174244
181804
198397
885166
2019856
357471
189116
184536
191475
192248
195200
245380
182757
188037
213564
193591
191095
191868
202848
191367
186367
196941
215752
193718
192320
191288
189984
196975
196946
197989
202442
191558
207691
197959
189452
185813
193390
179019
196868
179273
198605
199783
192961
195277
183706
178641
185071
180203
220043
189689
194914
177152
179330
177722
215109
185461
199289
202482
217423
188952
182943
179195
192448
179755
213530
199050
188638
180554
211498
182187
187079
210279
191577
180036
194219
185333
188252
182536
190611
191094
193511
180634
181611
178355
192239
187684
183274
186348
188541
199710
190931
184681
182813
191783
186781
194172
187511
197247
190957
188716
187920
185563
178466
207260
176855
177777
181587
185288
183304
187129
182151
196526
185543
188640
187474
183160
197668
176930
181832
190513
182037
193709
188679
177557
180052
184454
190135
189413
185634
184258
188810
174666
185023
178273
178648
217111
183286
174909
194000
185606
201113
202643
176603
186300
191064
181916
179493
200597
202550
179189
188481
207018
182063
190431
183826
212862
193461
192766
190292
182474
195743
191601
208056
187492
207577
182197
215495
181975
191646
200899
186242
171957
184158
199846
188634
184181
197162
189804
195587
192504
192554
201644
198640
208204
185010
184656
169462
177384
168222
180984
184455
179184
204313
196680
189126
179402
193322
184891
183350
194806
198333
188855
180903
188798
178690
189685
185802
194165
184335
189247
193278
178823
188235
187500
181523
197579
198460
213645
196468
198349
185071
198722
186331
168169
197227
205335
192849
192198
223391
200996
175592
213380
257739
197489
214976
184794
199753
195976
200530
206181
201619
222278
226086
176424
199344
194318
183568
176643
195365
185047
181411
176159
189251
189075
181130
173781
186469
190356
199770
209339
209735
211292
189094
187322
200594
204317
208438
187589
207896
202672
204285
195678
197597
193248
188219
198805
189039
180094
188844
191250
182474
203156
198695
197087
192865
193090
214658
196812
183277
194081
186191
180435
213278
184613
202638
200253
203559
212701
207957
198874
186827
188022
237606
234115
188056
224726
216277
187746
193995
177909
184315
188780
177962
205787
199791
192985
179257
184722
167959
196390
195896
196057
195211
184960
185272
192049
179170
201863
182307
202976
184027
197204
184063
190308
185580
195262
194496
179796
189676
184970
200892
181840
173072
193256
186204
185708
190360
186610
193356
181317
181049
185793
191756
177268
191926
193453
183255
183939
185279
180305
176036
181261
196142
181923
213737
185466
179614
188716
174005
178734
183518
179046
185090
187626
180513
177112
197361
185687
180106
177610
172023
191335
177287
190055
183907
176768
185613
179205
178848
205606
169255
181154
190545
191900
186604
179759
187575
185061
175631
195749
196688
175869
200213
176083
191381
195078
181803
195180
209801
180302
183599
179403
170385
187336
178745
177079
182572
190065
174129
190986
181211
166505
218908
180416
177774
162528
215218
193952
184589
168622
187680
206022
148105
169460
167676
177306
152322
182445
187250
164836
148975
184581
185530
175359
204240
176345
183046
202572
199033
202647
210669
195630
214059
179594
154512
205414
216603
206334
182442
187922
216745
206912
194002
199405
266586
194290
187913
198808
216564
243927
185381
250903
236036
203548
193003
220079
230552
214432
220134
207158
230066
214529
240738
172448
245307
178674
215538
172767
229390
231785
189550
200322
259993
203387
168803
188895
201375
268590
187603
191962
206893
272299
209272
184273
228147
187248
225341
189620
208903
246925
190927
208635
185282
203195
238423
158433
196564
157055
300286
171810
199855
171845
213486
183706
206784
194434
184976
186602
185053
172385
188776
185592
223387
186112
207363
178766
180500
207042
196018
172102
256926
192974
195891
200965
159816
198814
154774
234636
213497
192124
155531
198149
160647
229318
195410
210200
185503
191180
156486
202396
184739
221307
261100
213015
160184
186760
208891
235812
183069
186451
206500
190958
176798
194242
179074
205031
184741
176445
189924
226773
193243
290558
190263
306066
283692
278719
182569
262387
200649
186574
213794
226987
4059968
1944167
405410
183033
194077
219002
160791
197418
201113
187388
163895
197460
202926
197128
176872
166519
189688
186048
188265
177948
181593
174339
188454
189381
205737
176994
173625
188692
170579
213738
199431
192848
183783
234324
201514
214880
190586
210390
191522
193155
197142
214916
186902
211122
203418
193854
183231
201230
196962
207303
186761
203036
189755
223171
202483
251698
195244
202187
198153
193902
221410
189120
279558
201119
207471
186862
186529
184441
199465
192410
172712
231215
206948
209137
205223
187393
194665
230077
182962
194971
195189
192222
206291
181303
197006
198871
192534
259648
196896
201961
194488
196858
207657
200070
209309
189637
206133
203575
202685
193150
189790
212401
201957
184612
190916
196586
209088
192640
203508
180541
195541
182404
185774
188579
197773
192548
191379
201838
189275
182014
183112
174852
190932
175255
191470
193780
198019
183884
191331
174014
201924
187702
187645
177658
198769
201631
191341
191545
202979
185678
205310
188372
182672
186810
200123
191290
208398
171515
195439
186492
197799
188113
180949
186272
187936
188188
194109
177286
193030
192720
197388
184116
202038
191120
187536
184442
189150
188105
191112
182622
201630
192086
194358
184575
192241
191395
201697
198527
216507
190695
213101
199104
203815
199719
199330
191528
193423
181429
209145
184453
196666
203522
209562
204537
207525
185102
193619
180919
193970
178172
206326
189151
178818
207686
211217
190899
190306
203297
202173
205276
184806
197058
192572
202201
201128
178329
201030
191434
184256
186864
203686
195747
256123
199644
195446
179689
188661
195457
194021
193191
209819
197409
177717
201987
201381
190133
194843
188065
199941
194527
192462
190573
199924
197520
200085
204058
198419
194344
189951
196504
196024
201737
194568
194173
258975
186842
181790
193669
207499
180295
208528
194885
217830
189716
191621
201206
206093
186441
216263
196685
227248
192315
225830
185006
230147
188750
215544
199104
217548
206531
195307
197563
221725
190558
214156
209250
201316
198705
181690
201976
197820
199857
208231
189605
210092
190691
219679
191208
212626
183115
192892
230690
206871
177842
218402
186101
201413
189998
207405
196811
220676
201492
209915
199913
199528
215529
221266
199226
211152
187291
195999
182321
199121
192476
191547
182730
195519
187547
206551
184077
193285
188774
193608
189394
199546
200966
191099
182561
193922
200866
216681
185762
215498
199331
192152
192415
211191
204390
199733
196633
275237
241121
208140
182534
191872
193281
192416
192830
205817
191415
196786
188190
204900
209986
192388
185880
191216
194184
196843
190696
205867
187161
185961
198566
212329
179598
203979
193884
204463
177786
192549
187627
202892
183895
198467
181909
174645
179116
187561
179811
229294
190776
197384
177637
199761
194069
198527
184077
208179
180530
206261
185608
186193
199314
194620
207911
197113
197547
210819
203996
190919
208305
180103
168351
183157
186875
186847
184488
193255
194033
198248
192496
191935
186342
198951
192441
184200
193051
175840
205135
189992
180804
191054
202092
182642
198510
197288
202952
173841
207864
177819
192729
185031
180993
178242
182440
184326
195909
187014
181578
181595
188227
194028
179626
184865
190926
195452
190921
179178
206258
199843
212144
226560
196157
192285
201300
199693
199336
194268
194895
197415
196043
209808
200185
197560
185091
249051
186094
195259
202362
184818
184369
179947
178527
190955
174494
196419
216907
180816
175500
167670
142036
201388
184062
214480
189057
160052
200575
165040
198477
193423
196545
201150
195435
192319
196780
179630
190496
179977
193291
197988
195856
199178
205774
191087
175333
208060
176747
198082
196137
218835
199718
196754
187164
189182
209147
195126
232631
204912
197025
193069
192573
196040
192804
202717
196928
187635
189385
195377
178218
207125
194481
196356
182706
196650
187231
204075
182714
204124
176701
201266
183236
205235
199187
187124
196897
209550
198671
200238
219051
192245
195680
197050
205764
205203
189786
206558
193126
198410
186358
194155
199663
193284
186218
203431
193291
195413
197059
191015
201980
200843
205020
206386
190082
194306
188187
208492
197036
206180
195812
2088980
346582
182332
196011
188540
206629
199741
195927
200299
182760
204686
187347
200421
223625
199636
191356
205613
194486
212172
210763
208387
203157
207353
206055
195589
186131
190891
224499
188876
193723
208290
189458
243150
216555
209215
207543
206381
212812
206361
212544
216344
212532
205222
206062
208139
210839
202445
210483
219570
208208
197099
209480
198013
202273
202446
197890
217991
190002
198896
195386
196626
198542
205644
198107
195333
199983
209712
192455
193074
192976
202716
210940
213051
190241
200629
203597
203926
209172
220607
203231
208514
198084
199403
194982
200068
202099
200979
191216
205628
196995
197783
199092
202791
195774
200299
203450
211561
192103
200348
196561
198973
195826
202957
192230
189635
187446
192743
204106
192297
200984
202153
195807
199602
185813
195455
180845
192592
193291
193159
200710
200422
190467
196806
177446
202222
199897
197616
192191
199473
196838
203424
192378
196105
202275
201740
193957
196474
194829
202766
196137
198810
191083
189494
198808
187944
217326
196737
194835
215797
176556
201590
210807
203538
187265
194453
183232
188476
190214
200240
192371
194898
218921
194965
193118
202504
200562
191570
196912
190276
182813
202529
192539
206219
194498
219089
189114
217655
197397
210285
197977
194802
205605
200500
213092
213666
192676
196241
199707
192411
188056
191078
217457
202625
196099
192290
196500
218321
222266
179918
215045
209277
200858
198568
176825
178191
199928
191353
201048
204461
212495
195505
218916
213741
178397
199683
184194
197418
188154
204346
202498
241135
201556
229903
193505
195951
217358
240527
208794
237668
217719
212938
215192
228577
229725
220202
235228
189774
190511
187872
232084
251577
228072
186359
206963
190881
262458
203780
206269
202792
203868
202761
252362
195291
206085
189259
237350
211110
225912
237286
281791
209061
210053
180206
212854
199643
212538
205668
222046
206008
195516
212662
224242
198183
196804
190334
206826
183414
193826
197133
202598
191618
194819
195886
200849
201860
207002
218830
203804
217487
186005
204428
249500
188644
201566
179620
185614
199255
195168
198793
193145
199359
219545
205955
199145
204088
182619
207267
197751
203287
199807
201023
191871
203859
203624
193824
194366
193817
191248
215051
188224
203931
189649
196261
194492
198035
207389
204570
201494
198643
189353
188780
195693
197820
200371
201969
187582
203951
197095
186653
181511
205399
183803
210942
182078
230285
185362
197830
196571
203844
181074
196992
200553
195254
190947
194574
183521
196819
197117
196720
191684
203828
200096
187746
200102
195261
205001
191824
191826
198670
188681
193832
192612
216700
194799
199838
191811
189649
182055
186204
177032
203294
196324
187715
197449
199925
192689
197312
178611
191507
203872
197992
193962
207976
189710
190808
190540
207925
197231
197831
197030
211713
200391
215810
181479
203971
190302
205536
197656
243353
191184
186750
199433
201526
183968
205697
202491
208451
206542
195022
192699
204826
188876
207249
222606
201950
170062
206098
177775
187870
205097
209949
189051
213171
200150
200996
186701
192333
213637
197495
190474
214909
195700
196605
193611
202353
197481
200857
181707
201446
186667
203076
182027
217922
199812
194691
182704
198589
452088
202954
207336
205998
201280
201397
193474
192828
198802
200294
206544
187179
194264
182642
200579
195381
207961
209357
213216
194933
206285
190814
199808
195995
204385
195665
208445
192792
200221
192342
212979
192815
196646
