1541231347
287230
318726
168779
197743
150010
314024
226123
190169
175458
241778
319861
205292
192202
250591
346362
316290
211725
305629
262511
189133
293017
164114
200623
254059
242056
227054
364100
278899
263871
231205
207147
323083
313159
213651
232658
251783
243708
233286
228612
210950
196002
227148
174738
203374
179832
238375
162519
157126
167994
239874
173628
164035
216732
189275
161167
255053
213180
196224
247676
211334
282787
266636
209881
213374
214531
227690
219653
159392
228313
209526
214779
177408
155500
173855
262100
247427
302530
234893
250542
196222
191075
177318
220841
160798
200348
207021
184969
170911
164675
186377
204801
206735
194285
160304
207713
181607
329486
183855
210566
197484
312554
193387
156362
196764
173993
195345
206723
213868
220239
188281
295546
183261
195915
239406
254115
192891
169309
202617
217909
231660
180071
191190
183692
205608
272337
247680
248894
183878
328991
238766
169379
266081
184320
210320
194265
266223
203734
244194
190979
321560
199783
186360
202097
176033
188339
183694
186895
165522
171599
178101
224816
197555
166548
188427
180371
189274
195529
175623
279415
152375
206957
203339
166680
232621
182961
312178
328994
194533
208517
225070
190444
245347
219217
166396
199691
172813
188010
199428
172740
196504
204943
181985
198895
198049
209458
189943
221585
168147
210699
186201
176594
214400
207131
193291
225928
210690
208219
182765
199035
225023
207025
201069
204106
173860
183456
228698
214839
177464
214543
196877
190872
183764
174712
238456
173288
162602
189092
211503
204950
171209
215479
180566
181103
157712
196771
176883
194777
166604
197960
170270
205449
220988
198654
183520
153420
145770
199759
223315
195741
11066453
8946361
6895988
4854289
2734765
681567
795652
310278
214885
183158
191619
227542
178569
205806
152192
164369
219008
299018
241218
254275
234773
221043
226660
237248
290587
166973
165791
199396
220165
174197
203057
265322
173429
213283
253082
173932
173836
227804
239605
198359
182288
197023
231257
215055
203544
271576
287486
218647
283602
201541
220672
200347
220229
171241
238248
178600
221450
207259
202321
198553
171099
177187
187230
199088
170226
201036
190544
194881
179856
173432
174943
177235
214229
187963
176344
194200
174361
178866
208881
169339
168206
168996
199673
189265
173435
222194
177464
185747
177603
178727
207433
219524
234812
213282
199640
172556
189295
236910
195401
200255
172787
203128
194810
182485
270309
180217
211421
166101
213419
176446
181649
170014
187816
206453
188846
181129
244940
219469
212842
201927
196813
188232
224032
236453
212342
203532
187213
220049
275797
170118
233659
178720
162766
177719
189816
177606
225113
178277
193035
190609
179929
160588
170025
194443
219583
216148
216805
159771
182204
169983
191827
202634
198580
168428
212243
214856
290175
183725
170872
216842
170476
201027
238073
168982
170048
196157
198069
205470
202355
254670
183104
175690
235298
180445
217645
174730
191387
161447
201553
187381
200915
177067
218097
163075
173975
198553
168722
173963
226230
176143
191366
198291
172245
203138
172802
173422
158254
202040
172762
228882
186413
186222
186910
234022
215984
206545
226419
229814
172952
180066
186655
239605
208648
198599
189791
190236
197036
183023
192406
193971
175745
197919
181554
194002
243051
164582
175356
223472
200296
172723
190775
203014
204308
163129
175975
218116
219423
200682
175558
201183
170183
208634
182645
209974
182771
213921
180447
225775
222602
240156
202108
182093
192299
173952
207949
203504
214482
196266
212196
203538
194885
196745
199016
171292
228623
180663
201277
221422
210665
202524
203742
231594
172524
235554
161231
200252
162521
179939
232861
185336
206038
196763
169328
173648
162451
165770
186623
194247
227948
191344
163705
174847
228801
167921
155181
177106
188463
198380
224904
171720
231305
183525
198842
172287
158821
158497
195065
198787
169519
249938
175669
251824
233321
184830
214952
186102
241053
186185
252798
206029
254722
158585
181461
211981
228644
206472
156319
226588
190468
203956
227532
186884
216304
208811
167379
208465
264051
183088
229669
191466
225544
179495
170939
220970
201869
211415
206483
177901
167793
204789
188023
182593
239770
172763
177383
200944
206843
225629
265898
264974
160544
216779
202954
215664
253866
206102
173740
211768
166957
168137
208591
226980
232559
183636
216463
224180
255057
242318
233390
167217
218167
185291
228272
206840
192882
208341
158168
223335
198202
282380
172057
198392
234567
300109
167397
219777
214050
204226
265310
226040
257415
203755
210184
318671
189609
200015
194451
251089
173892
285345
224623
228909
190889
268159
237713
162001
162503
182924
150985
262232
193302
222566
214496
287893
189696
217058
185848
184796
240978
291119
188162
190322
235260
176945
361846
236288
272465
301373
288814
311017
296718
230783
311365
313200
302745
324688
283209
373920
296801
328600
195140
272731
295324
182951
382912
253643
262123
303355
198391
201516
194873
418227
256571
406098
328170
289770
310752
428999
323627
193686
359645
327978
290626
279788
356179
234689
410603
304122
479073
311409
267820
335666
244728
382873
405363
272058
444688
330362
177917
396017
329182
372280
242646
301767
268199
295123
362100
261547
199937
303561
185144
299383
382314
330133
313380
326665
242221
225131
302562
207140
260582
282583
283183
276354
231035
177701
317159
293424
214459
184610
324706
157314
315888
340548
367868
279095
301701
385242
193532
354477
331349
273419
362128
185038
226179
336680
218693
300263
363487
312209
309353
241507
265375
253196
235476
183648
199436
335986
273801
288325
372881
291824
11544800
9425571
7379393
5321015
3174859
1127070
1036409
508878
453123
180824
205559
312496
283382
302948
317205
268269
271293
326538
319479
293923
213692
339286
272620
203858
265532
328444
354028
259246
250418
309152
339706
246842
205906
195804
252646
201133
281738
303188
186637
179221
266559
339842
169083
277346
330376
188529
250168
183031
328213
271114
211357
193716
205558
194595
209121
311459
156976
285041
303535
214980
235439
260551
248917
236808
288307
247854
160141
192077
156730
191036
270480
281114
248082
174480
166024
188800
282227
217284
224068
259364
219298
201919
248028
244144
216867
215932
196636
231256
251883
210997
223796
223976
357762
208657
214016
221595
202700
210959
216052
213712
178848
228744
212741
216226
206148
185844
211273
217331
182039
191432
208839
197960
193301
207917
165191
186375
208562
158841
210092
218520
231931
167982
217424
205629
237663
211186
226238
192709
237177
168680
251050
270267
235703
272590
282812
218834
210345
185003
160473
204306
206503
218828
223335
212468
188729
184523
190936
234797
174567
236469
172388
192271
212694
177327
191598
182867
169763
179384
264794
182121
185081
208814
177340
202543
212234
208960
226904
214785
214482
179941
218861
176615
184654
206405
188703
199116
196470
198523
272920
181867
257226
190547
211311
191197
197587
202237
214119
227172
173578
197569
227752
198641
178837
188204
192384
179542
192495
194013
172968
217439
197812
285996
210814
180047
223785
243937
161473
190802
169018
178626
219520
220158
183351
187977
224328
227289
210069
182768
182311
199098
187578
197308
194641
170119
157910
198378
261113
232840
195542
182709
176620
194503
188157
168008
185224
203846
189344
205927
259704
186289
170521
203858
158808
179466
164481
220552
186956
171347
198217
230590
198164
207458
253800
220245
194500
229188
227340
167362
225676
211438
170175
219534
232041
209357
180646
232515
188996
219985
193292
236056
179318
170042
209082
158321
197165
191820
200108
166121
220589
192804
167170
182225
222796
214009
203673
197608
185770
186422
162160
193895
200213
292972
317024
210857
199732
282273
176324
198117
165440
170342
215921
180709
194179
190848
168601
173645
230027
204844
194417
274533
205322
219660
198274
319974
211748
291084
214190
187644
181214
218817
241445
273952
181544
239890
192343
227276
199729
226456
237085
237213
169322
203428
192724
214748
262314
209054
198200
242771
187606
170296
208430
195653
175111
222923
179134
175027
207994
186496
184628
264791
216330
169328
265507
207413
172333
176444
254235
205219
210678
214854
193637
244240
263835
176054
202390
195105
168284
175823
256292
242623
184958
189505
219714
218293
274963
216887
177860
225140
224328
222339
199899
225637
223297
186804
203052
179836
216350
212121
204691
214474
262224
228149
199075
207236
193965
181628
244373
200154
206611
225371
194094
190216
205697
196628
214856
190017
171700
219829
198243
203163
178416
209622
182451
180111
193761
183152
183852
228583
218842
176317
209124
199305
259065
223025
202739
194913
233616
212473
233604
201200
177945
217642
213975
321115
188076
235901
259747
201989
299251
214355
270805
361854
248360
170453
216967
260683
274903
181489
203183
154064
270497
180404
205815
191506
151626
180268
184112
196128
183772
219853
208575
193807
274779
245368
167857
192187
176988
203626
210828
196664
224365
187006
217353
195804
199993
214833
209427
173555
291783
272841
186876
167211
186166
204521
199764
212464
227612
220617
206230
218724
223653
210241
187762
177088
220153
212908
233775
167365
176014
190084
211435
170986
190253
178486
189820
216748
198534
209390
208980
184361
216036
223789
190541
171518
177158
178484
184895
159170
197338
204509
217170
211020
206667
167881
178823
168541
222681
190705
161701
167483
219853
160314
197068
181326
201179
195454
195824
213258
207396
164352
183428
162866
172726
221928
219649
194899
161567
199926
161173
188687
178397
194177
174773
200925
200933
9947377
7824767
5773268
3711956
1587592
1553704
236690
205169
229468
174575
197359
221180
156156
178153
163896
169544
226523
215470
169186
158019
203603
200081
176425
205210
225885
203843
221170
168409
174283
203532
215902
178396
196205
222993
178354
175627
200983
184671
218117
171407
181728
173847
168406
253701
204129
215244
207308
212004
203738
218614
215910
163440
209523
172023
251002
196319
165563
185981
167401
168641
213232
231045
194329
166308
154711
181218
180344
205973
221790
177046
166408
162967
240522
176737
215136
210091
228643
180657
185921
211363
224516
198591
207738
203884
205373
198175
156705
159568
203945
166622
172511
184716
224474
186252
230804
207090
159639
199203
151599
226838
228885
223027
219465
212399
171019
221175
185214
195530
206317
188600
187764
193530
195441
235182
191919
224914
192260
187857
167043
210021
195145
160012
216340
220115
163021
175285
204764
165972
209209
231440
214275
218976
222959
207166
185123
198750
207049
157850
161533
220383
223514
169946
209865
192592
170158
185319
155417
220861
190116
170155
179094
193167
163316
245567
180690
193800
173732
180786
207152
197135
215808
178337
207534
186311
212011
182024
177195
158509
178180
160046
196572
188482
164444
148095
170552
182575
165731
179319
209802
214285
204004
234199
186231
211816
171043
165445
225367
215757
177229
172058
203094
160265
184123
190626
198174
219813
176475
203348
222419
205791
188113
221416
210644
195304
238691
207095
190247
207928
221708
230834
175737
172313
161338
190591
200514
183827
169894
192255
162245
218632
197650
252175
203054
165464
207172
275765
187264
171633
204256
198252
249635
219229
219185
183744
201611
211560
173607
169118
183589
181983
166469
178776
171251
203617
167334
196943
196420
173481
164964
241268
194634
193555
205373
172853
142626
168921
197986
177131
213512
282344
214191
208568
179529
235244
260882
241449
233704
209534
173747
156851
147425
228790
195684
238698
158071
189948
156957
239068
235416
161136
253149
170365
161673
301814
161335
170092
158533
149365
175831
245910
204532
194944
165183
160465
183732
219316
157555
230716
190638
149604
163161
190912
194259
184669
195997
200135
183941
207297
221240
206043
165807
204289
160227
201099
195610
208005
227579
252213
201608
206184
195289
212618
206183
162152
241057
207339
192515
217576
185018
188568
202183
211724
209439
172352
186900
254312
252460
173044
258216
260811
261112
253864
188406
242353
178422
237802
178717
229140
226981
201824
190851
165852
216280
183511
208943
199190
207721
194959
192189
250067
171262
180121
188615
229177
193849
202146
200169
174019
227732
169241
206717
150865
188942
219130
226027
215980
213709
208772
205037
162901
251720
189231
218523
202546
193802
168741
215552
185285
201335
225060
203335
151616
220928
154873
200708
179391
196996
186753
213080
202523
172247
242680
193806
202575
205075
233667
169588
183450
213185
237382
221835
165123
209561
191725
207121
204569
181796
180142
224740
192646
172220
197348
202154
222096
152104
161020
243748
214265
205640
211273
221042
222931
194021
186583
202451
177485
183693
176187
186394
225467
223926
191496
206066
163510
225577
168482
255390
201314
222411
200076
176630
180405
181112
192934
223221
204959
188743
252320
206109
196725
245238
243722
192351
231845
241431
173902
223216
255762
233080
191417
204926
202204
242637
189314
202701
204626
181690
213614
214513
212808
177781
197534
185805
210456
199894
242817
190461
207670
212888
177741
176529
191354
226292
198370
175940
161491
247903
215886
201994
191045
278470
323990
209140
252125
225005
294117
211670
234199
230011
200048
214513
223126
244680
249687
252160
218107
220889
223657
174531
237902
191607
177047
172188
225826
170331
196066
217355
186333
185316
194082
175226
191231
158353
217867
208391
179645
209176
220796
239922
206898
174138
241336
183774
176428
221577
192096
186833
172033
216686
141480
201809
219916
200980
229948
187256
9639905
7508228
5448187
3370960
1244886
1585191
1000290
263481
173348
209391
193243
184584
221610
179579
181409
234662
225325
204886
191951
180619
191706
205970
177261
165661
195141
184520
167270
206423
202344
212687
195080
191379
248365
173648
191396
172155
185313
199395
219727
166623
163761
200135
217730
177697
191273
188647
191162
219351
183306
196736
211644
269982
191529
236723
210244
193782
256489
218427
211304
196429
222335
278998
239644
182192
207955
175354
200179
254109
229824
169711
227897
237583
200087
189531
197867
216366
171292
205635
208213
246548
215322
232255
224610
219470
189118
228707
191494
212012
235321
186074
188611
215047
200374
188704
245265
181492
221584
179088
208498
209385
189364
204495
220134
181202
170924
208974
212535
217674
211204
222069
223189
221503
216265
199596
184906
168286
234545
224742
178004
231377
166345
185368
213404
174578
223063
227182
183055
171572
225130
174115
203268
194479
154078
226128
229900
204333
176103
214243
223881
216666
186593
232090
218026
204268
232487
234532
183203
215501
224073
171405
188881
245947
192446
238994
249953
192886
193334
198148
198484
173048
182977
211123
279946
224203
193149
163358
307245
224395
181321
172453
223336
250957
193260
201051
226725
253509
215775
211717
186423
192263
180127
222685
184112
202822
228979
215661
195395
219247
225016
179881
175096
235424
165631
183468
184345
194247
178870
226414
253902
219707
220534
186664
173055
208056
159921
188972
235806
197884
179061
194654
225516
355396
180583
214949
187059
212652
170825
231893
281705
349862
311027
276997
262721
197167
268694
176921
224194
329574
242923
363955
273548
271795
259377
267592
179852
279390
245157
310441
186634
215956
208484
244414
191708
246776
238333
219707
335427
249588
277162
402530
293771
249260
212263
315439
242123
316642
207130
374955
303618
263211
218649
223745
212735
278768
249981
379124
369412
296827
249256
179878
175771
262592
158278
295858
193164
323655
169992
200770
189342
190173
290894
278291
237041
204632
166254
192014
224969
182953
163267
176802
218147
194892
161107
252208
227164
197217
205534
223097
173259
185148
202708
189006
178094
150421
164903
171937
270718
179362
177883
167805
200778
224074
172261
225163
166880
198782
233323
233848
222695
237997
209680
225531
228602
217510
167889
237134
221948
234897
210239
202708
190257
218976
172988
241058
238470
240863
195627
225345
210701
154901
170806
242055
195904
199438
1547014
208934
213696
238572
198657
243645
259261
211353
257845
179740
192838
269968
240306
165519
216146
297675
287547
306044
328382
255114
189218
243964
189408
267196
325143
304104
288337
216835
268390
318442
174194
260786
190639
299767
248951
273612
283954
317075
165774
235218
174192
194019
203766
158628
147007
223711
229335
235041
209595
251192
220959
257582
256522
167757
277828
238224
247814
174569
328138
329107
252651
329733
206314
171249
275025
355845
297127
292481
245310
175726
219177
331662
175074
200941
255131
295874
309174
265804
318606
283048
265810
300822
195530
315044
200444
167851
206971
179400
179708
244297
217850
174404
173978
228901
234323
188122
194831
188598
199695
223476
159498
172856
249102
206123
218823
237826
293747
229234
250436
250238
228994
243231
219040
205759
184010
174866
240522
218217
184927
209293
222070
219974
173907
188178
239666
219197
195242
211673
180217
186448
154576
180083
215026
205792
155367
196044
206133
211603
210931
155989
164893
203324
227590
157002
313416
198045
199883
159950
195963
303478
185115
154657
242547
207971
222591
222691
305056
183912
198666
200517
291075
253799
181935
162371
172952
305204
222384
165974
214364
178520
179252
214642
193274
184471
169390
203071
181925
200344
208748
199868
189097
159690
224851
161659
212360
180730
195152
206390
193465
234578
185478
161015
186561
219020
183246
204328
172238
242923
155996
185014
193168
194030
243931
289992
201386
223737
203679
210856
246694
217894
183164
9840840
7715882
5672482
3620666
1505315
2235391
1067348
418579
236663
239943
318268
246260
231400
200479
185289
164139
285220
229217
201611
189492
286509
201285
240275
187531
198677
157824
206851
172283
162670
240633
192436
161817
193450
205204
155680
202820
160792
209102
220697
164896
163679
184898
226844
184798
219705
216946
180568
251964
173340
197938
252734
197340
192861
213128
187058
300519
192463
245968
231968
159938
165766
229107
207839
183164
211830
181331
185787
225496
185005
178604
257329
200576
187471
245478
267585
192203
192119
221592
206817
206648
159892
198939
213061
285081
246847
199274
187881
1334998
208848
183398
366065
291763
237839
292127
238658
183519
206590
178844
197435
187189
192276
167215
176568
205567
236239
206193
211532
303769
163814
161932
244200
284726
267641
166220
203835
170192
164385
200870
197189
167097
197764
214800
157152
231688
173728
170230
202944
172861
154582
175096
152379
165722
200509
209561
211771
175034
178640
172922
221841
159397
164060
204565
226987
220948
201825
221800
209933
156830
162795
193815
167819
216085
169214
158847
212353
199344
157927
218517
185775
168625
242046
179942
166464
244908
209438
194425
178765
211450
230703
197250
214742
224673
207744
214794
188004
199324
177261
251327
202303
219715
202555
217085
213205
187535
187421
205354
225714
193600
184214
317711
202061
207175
197310
169857
220886
234050
203241
176591
203012
308500
211072
214710
271079
181857
202045
223718
238534
268310
178738
413994
184357
345711
262601
348000
203675
257240
206735
254571
183257
168519
161569
192497
221221
267014
189312
276882
169237
191920
261137
189935
213924
186842
277143
168848
177921
242381
193177
192504
186649
206899
200935
215566
297627
207058
181830
209170
260901
172143
174487
276292
203896
216944
237402
219415
203483
266520
191995
190609
229055
154707
213450
171159
205868
206932
173224
204016
211788
204851
203213
226121
166563
226755
235946
227387
163501
180796
180412
204316
256608
259684
164892
216448
208025
187946
290722
171358
272318
185833
290623
181658
236649
254388
298738
238347
285219
271322
181246
204505
249871
253081
203627
224971
205623
188200
188817
224876
211243
158727
217086
203301
258827
242526
211181
168307
196240
167009
158830
206807
227056
202396
237942
191784
197191
215099
169216
196856
207472
201975
228485
180182
205702
172909
182030
210990
224154
195243
173275
191046
182214
185762
224103
189804
173256
200067
199614
197174
189987
200210
211635
204132
197580
197887
216547
218580
262259
166076
243555
203741
197513
169376
174703
182217
227164
194751
194719
170753
310002
221253
173527
169920
201671
211101
275901
187925
178382
179912
191302
177417
179453
177434
183918
187524
216266
184460
228568
209706
176975
216511
214980
203061
161314
203776
184858
167020
150175
161816
170143
216879
191057
194298
187502
179377
191936
171333
224718
227149
206276
240930
242198
206123
225781
217381
266413
219671
163726
176471
308745
216209
168476
243971
223013
177614
194279
173975
201375
217588
169147
225272
183198
194102
175539
308345
196176
210780
166565
201890
157106
215995
204134
209921
192882
149417
223485
206984
215089
190206
250388
210372
203018
194278
190113
222346
202525
218756
228605
195226
218843
210969
211818
202195
211095
159354
175367
177187
196977
214051
235544
168853
221725
233555
206136
177239
191651
185692
210192
160986
198467
240778
194972
183350
203094
274278
218515
194320
231394
272654
201672
178924
217285
200764
195349
209437
174398
247010
167937
177150
176322
254595
198987
221571
274449
223288
193921
245062
280263
259142
282123
232688
299465
266109
206455
222439
303535
174710
196355
233205
200506
186357
162937
213864
185479
172592
231407
198975
149650
195770
204173
264067
208366
216415
209441
197927
185717
264704
169128
158877
227508
227535
207012
228402
211626
195273
206332
225107
252265
220933
215779
252245
245972
187717
220637
159729
246828
218188
294904
8863497
6797973
4702388
2726832
603800
2101669
1043594
341659
307266
303996
183354
209972
203530
191753
200648
318673
245048
287527
176773
208188
242298
247090
250687
238739
150882
285348
262233
329804
170118
257201
199718
239332
170550
355757
213385
253728
186252
263559
298393
164147
249142
252864
308522
251630
246715
216227
296489
277224
267325
176895
206518
286650
203230
239132
208991
184677
172880
275846
285966
287164
224652
198604
209256
183617
244300
247077
184953
268527
316267
272053
235269
222539
349584
246875
239203
254545
246717
317118
227177
208491
271756
154806
213403
315623
343831
238346
158453
252802
288493
300415
358079
202539
342898
334649
171027
299922
168205
271445
276686
292633
168061
236101
172886
237349
197177
288751
302644
187912
228856
151352
280104
283455
206039
208590
292463
216591
315089
282635
233053
221756
215120
237676
331995
198530
216380
262912
251995
369018
335398
271506
254788
196299
330317
287121
288594
174959
280194
220805
260328
236245
234977
215605
218927
307184
354805
262991
264045
202221
240178
269384
237843
198951
267483
217863
369607
231345
309998
224602
318918
201057
326023
208823
176281
183620
308122
290327
261462
355482
285477
352626
223114
223436
224148
300503
283664
323655
206380
325904
375385
347882
255614
336673
275153
309563
158212
301788
326677
300373
332291
333489
318609
350193
306483
443125
351152
334749
472194
293279
334025
258410
457813
283732
383274
223818
471248
174997
413888
161898
406645
345370
318314
504045
259061
219305
279823
350810
171692
330003
192281
284640
369729
175739
388792
286322
304204
271456
303740
281384
192840
178747
249604
247643
257188
292410
190972
180331
199376
201226
173214
213902
289629
178005
227664
223030
294562
221246
199046
199109
355172
266838
201000
244148
269975
246540
189389
294774
221211
265429
210543
300581
218315
232019
173836
235185
265848
214675
187145
264615
238059
165964
160700
191336
218453
200642
200676
205955
241280
165717
195151
210526
201866
174519
207124
173752
208792
182024
185582
169724
197045
209320
240726
217710
225669
172034
195822
201226
231539
223535
190927
169790
218242
168935
220165
174866
200191
229725
228077
214857
205904
174886
256961
224318
176159
234359
189268
221713
169263
203560
262181
218506
192693
280043
181651
234897
232684
261723
237590
198983
225850
189513
170011
224533
191920
213172
206887
168933
180002
213371
205871
182958
184281
184224
217991
242351
219295
228507
233187
178722
170457
168534
170248
172670
207879
181491
217759
183833
219622
181089
217683
180950
229404
197650
239152
183125
208730
199847
294119
197468
188217
171972
183906
220193
219922
179538
218925
186665
207365
226626
181907
218736
176723
160298
217648
191724
209180
216607
202583
175697
202516
169567
182460
182078
210447
205032
212531
170387
166489
167392
203708
187358
201335
208939
212404
232216
208537
162631
214515
172416
177032
172406
189741
169187
168239
193554
216248
192177
177056
189787
219254
205898
233727
223272
218647
178798
196844
216104
208539
225990
200381
182039
196821
203201
179108
202873
180121
184406
218129
204762
209969
221244
170389
169172
209625
217673
182469
219443
248935
185448
264402
174159
179817
179407
186551
172148
208362
183360
170095
178869
190227
191401
224943
180488
196723
212091
190031
179045
231708
215363
212329
197551
222663
196555
171138
179130
186384
213532
189228
205789
180285
179061
219348
205401
179758
172280
191900
222073
197530
172238
227505
179731
175972
275258
203325
216851
174963
258242
187596
199743
166614
216317
204573
254870
233726
158994
203528
203874
219157
213146
198944
254079
196576
177311
173202
195401
192719
203448
191090
203920
183198
194475
196562
166786
179067
171376
166020
210364
185014
174073
208972
294656
185011
157889
188337
196759
186705
189598
215253
189273
206301
175550
219576
175455
222399
224070
183762
208130
166859
170786
185372
186010
182477
220015
316596
257255
197464
10578886
8526076
6401548
4355379
2277563
2612455
554202
208798
207929
274677
196792
210820
200510
193078
175815
209442
179786
188156
222395
197103
170982
205145
197198
210740
193523
279728
183063
177189
216256
208390
229784
187433
217941
178816
209548
176216
167233
200031
212016
217827
212539
227071
188019
164801
173769
194487
183231
190950
220223
203510
198092
215233
202764
186887
171672
203462
190711
211829
174515
207164
172656
230582
183202
197324
218344
175186
218910
209933
187598
176983
170175
197865
217616
180973
224983
195553
212737
234616
216286
175988
185866
165874
160045
203541
207312
175486
192449
171835
212969
179740
156858
219338
160129
177066
173874
200636
174881
181157
232689
223267
217351
213905
185469
207632
206160
207859
209238
216257
214768
208503
208735
182736
174502
202174
206942
212236
205536
177322
157012
216495
211909
177613
215228
203597
213312
257314
231763
243414
201505
263419
178643
276524
227792
223601
173261
214364
174879
226164
185286
211252
182534
238549
207959
198873
170696
211597
195405
229584
257171
186323
260514
162632
312502
230714
225220
178132
253192
178142
273219
282966
262645
180192
229073
172672
194792
167555
315249
194895
171214
210375
203435
210705
168758
219007
171039
212315
199897
284843
205256
225570
167231
167471
217348
176944
212326
164506
210339
180007
210031
203160
192791
187655
170489
180298
201543
185088
204122
248288
199091
203215
188332
175397
189593
224108
209888
216226
170019
188102
224365
188560
250118
209389
195097
222446
222225
180746
188214
278324
257682
222968
170715
224828
214156
187139
166120
174471
205878
224113
228325
176528
250086
216724
185424
175783
221117
171582
199299
159073
202802
212204
172947
235500
168109
229277
167754
241112
161959
217569
213761
193036
204027
200363
216789
189406
216345
221565
170944
214462
172081
168569
217254
227489
190367
255554
226828
272994
268314
229345
267598
250092
261311
165162
302955
215933
154363
223670
151912
168014
172748
169402
184957
190871
170525
203214
199409
179274
205085
186462
190265
188005
200859
198264
214480
219473
249010
196502
230196
261732
255140
205870
259696
245468
158826
241412
215731
234416
205110
282926
248985
185566
174205
204803
212539
227619
219720
190152
235206
223539
322982
253798
333560
166798
169313
203636
237302
203314
159629
205977
191481
232107
292283
268064
174380
213078
227607
254617
249411
268496
188082
215497
238706
180208
330408
196808
173384
223939
284235
178173
334991
223529
305864
310241
207395
291931
219733
304167
265024
175629
300526
222857
243010
299883
292989
167021
292173
176532
265314
234470
259518
260915
227778
190561
197091
268099
161476
227160
216140
235877
167706
336733
174237
249076
237000
185881
259714
173661
235670
197473
207333
155435
237581
199871
195771
338513
156905
220391
247610
199028
201248
212967
161742
304418
219488
172931
222057
182527
233045
220099
182565
151198
156832
170152
215986
218851
210717
168297
237654
169113
205022
196596
209742
215297
173967
207640
189571
198138
180506
220283
169944
228097
157368
246389
169563
163442
235339
210225
174996
234337
182128
199365
263888
194009
183884
195103
222943
220105
163624
193405
178028
250380
224505
207866
193529
267708
190812
260349
222397
194251
241651
205058
212103
198547
160754
237490
166453
201495
171442
263169
180727
157418
224589
185924
177070
151948
230600
198005
203494
179440
269244
245936
174444
194662
259220
193684
172515
189956
215269
207849
161969
213459
210637
201205
180856
205419
231035
249858
170917
247692
270563
253772
187892
188426
210224
283406
205033
211128
197529
164577
185265
163224
173874
229582
186872
178820
165927
175061
162901
181098
171176
187620
162338
204637
168025
187499
184375
197625
196595
188803
153915
163971
175673
181012
181578
198577
216288
180969
183938
160001
194089
206710
200991
168718
151864
183254
180843
161726
209205
198101
203018
194401
191770
228894
214529
215081
193900
213464
9630067
7510770
5463725
3403878
1268435
1739776
362908
270874
194705
265065
163879
214215
203898
212870
178402
220578
197112
178547
181997
176202
157314
195406
174441
203615
235431
206007
221546
208626
220878
204134
155531
201263
202378
199817
170893
215968
267152
204744
153671
178088
203170
196458
213861
172748
207287
206165
216823
157652
181930
157581
178601
177960
158699
181180
214585
167973
209210
179557
201693
170442
164251
209515
192867
206700
165747
211303
223626
172581
211140
234842
225010
211230
216685
210360
245980
171198
179429
215332
213229
212355
165921
219943
190889
224906
222839
179386
217127
192466
199113
203641
184937
215460
187417
196483
228931
185759
258211
190061
167353
200102
304811
214805
271489
312429
211394
166645
208848
206884
185889
194813
188165
183985
165637
216308
262452
215259
226064
195869
173196
193204
204463
204098
199782
211780
202570
186255
168761
202820
159864
212371
233003
212165
171593
200782
204769
203987
209294
198312
164458
213536
213270
204492
223930
235451
184077
171368
161932
170561
202785
181841
182965
153386
230599
187445
173245
198734
177697
190012
188178
161332
210591
166221
206388
217705
189907
166205
185443
157282
174764
172014
189024
171190
237428
194372
207103
169812
156573
223655
228119
166344
208386
185725
226290
211329
199085
216115
186591
206663
219177
190760
214129
209654
199501
207419
188290
166730
197930
178595
227030
206755
220530
173443
170692
218943
186913
246077
194822
162343
172375
169251
231026
161280
166606
228400
203890
205919
202475
230416
309655
205049
172794
194839
222687
193680
273723
218680
207182
183531
201096
193734
184297
215871
170385
186920
181038
196419
198943
215184
245726
237778
213970
174283
206508
227550
222483
222169
213995
224015
217645
228200
208908
180136
214454
174651
162336
204683
232808
196020
231627
172565
158826
210427
173760
171388
173370
226645
211082
161521
205407
158668
248160
207642
187289
228003
180298
173596
210847
257573
203404
226119
178780
153067
165105
169208
172265
243739
163014
223552
170983
218284
162266
218383
176092
215435
201668
163560
179497
207540
184525
189333
201625
225503
182097
164456
171593
167090
202793
213207
185079
211569
187469
208516
192867
167483
172969
213687
219277
173223
160858
224037
220240
210761
158204
198987
177979
154503
151485
181182
175746
213059
192325
199608
187253
171228
172215
230175
272528
173285
199505
208910
208342
211773
275026
160865
210278
178473
267186
220453
215980
181689
211424
194989
232192
206664
167916
214347
153460
278050
169723
209980
169682
167193
212850
236100
224692
223530
183921
156304
190743
270925
175572
189465
172230
169249
237227
211520
220884
176601
169087
202574
165723
225899
228446
201391
168215
187330
172636
182860
191644
271262
192998
212685
249477
166742
180932
168361
194454
228563
212528
225663
183791
190614
204318
210905
247375
233245
237327
204690
239307
191301
178682
152966
210820
164853
212305
208796
237271
226454
162347
167094
174142
168679
187432
177378
178658
209650
221093
201277
213536
177125
157680
200134
181945
172955
206433
159985
184551
220830
217828
209553
183577
166153
183072
182196
193929
209812
159607
171462
178174
213324
230541
193963
220223
172692
207289
166361
182012
174090
175528
221059
194582
210903
190581
183602
176238
243365
172290
224085
190028
223311
188459
220918
239907
161002
237200
247621
213144
203890
167908
238831
204899
199977
209634
241351
199443
169445
208742
201350
171836
259895
207005
267764
277424
211152
222393
218950
204748
176529
168095
161490
207697
168228
211181
213360
235169
205307
207757
171158
225632
273295
227574
256001
207102
160451
168190
177628
209714
174466
206387
162878
179080
162560
162173
269266
167311
173836
156438
159616
197199
162965
176494
179231
192804
177452
170773
197728
165991
199497
187135
214136
173900
182579
217741
208801
174576
169233
180736
186853
154514
208703
205151
170185
180573
168042
214823
186831
9408015
7303281
5310691
3293210
1172821
1113073
351752
216568
187317
163066
150256
170865
165011
164705
165053
175815
197900
198269
189856
222490
177323
175769
205562
204885
162165
215265
206934
154732
172789
188583
166728
197234
169236
167345
163222
179964
193299
207867
192075
157874
147797
205135
176005
208701
170459
206366
219307
206814
213598
185377
210086
237755
199496
174134
179557
155946
198212
183836
208981
159478
204462
179008
173406
212072
194761
192992
216489
162425
176938
157256
190146
202592
229650
222941
192719
274270
204996
225836
228187
268431
268296
196145
232767
198882
156014
251651
214677
168780
198343
190401
197328
257888
262966
232261
203273
224459
214348
217272
242520
160848
196257
204074
213716
181545
289770
169385
206763
175157
313683
166920
238014
222564
189297
270477
181196
201626
180087
285255
219308
163973
204541
194251
203776
192597
185010
215712
192681
196595
192788
157610
208386
168106
158395
179166
214233
232090
210463
211158
178986
168854
234119
191669
218966
241776
228502
260119
206670
159620
217487
220046
206581
230254
210951
182420
204660
197219
251381
205218
212329
206312
197021
263486
239409
229066
266694
168402
272478
292229
253639
196212
295814
161869
161246
172771
216535
154772
177271
171528
330186
283668
192248
331026
225661
231410
216642
183056
304289
178360
309733
220564
332649
246344
193547
183412
185164
238067
223556
215433
222481
181784
176691
156838
202535
177896
228629
167640
215233
225945
182550
176961
234035
163853
240539
255637
209984
247992
228189
301243
164837
207724
199753
211361
274612
193571
195647
217712
249636
194226
212440
151110
184422
233779
210662
194677
218108
230984
170843
162151
189230
219461
221249
178104
227469
208329
189602
223686
208485
151256
239143
243451
185992
212070
180926
187881
238790
219148
344671
211864
197547
160664
157742
188050
180995
178411
191768
186749
247928
183547
202886
211289
161950
158051
151532
185053
176743
151355
172775
148353
201791
184526
180180
186982
211145
206540
172103
197231
173851
173566
165784
178268
201413
180931
155795
166200
207240
174202
153104
181301
157391
180405
155045
226788
228709
189259
150520
170948
227525
186090
275754
268537
249639
268413
188657
216561
179384
217259
260559
199864
174366
164971
226182
193328
183400
205893
196548
168127
203213
171761
162345
191130
213927
187609
169946
167209
347194
176562
268259
172455
257550
180577
262815
228829
200469
197656
192162
227211
238292
210936
257192
293916
248047
307925
200473
290368
194664
171394
174320
253531
176011
213757
197471
178244
169559
212972
207002
159624
176791
152756
176971
193362
202063
186859
186492
155013
159128
153856
163192
237920
208096
201397
176673
167902
207909
202129
174853
278536
247456
221233
255617
214141
177800
171515
160578
277186
201106
217116
221052
218545
160977
216109
208093
170372
230417
201267
210079
232249
164640
221406
217854
172196
258317
268152
174838
157380
218451
203073
272647
261146
207324
159122
178230
215970
234277
228889
172680
187427
250803
208428
298019
218948
170274
200681
170165
209647
213501
262935
215329
220808
171843
198510
172403
148471
150506
206279
207909
197019
166167
176277
205929
209341
203224
186770
197821
188345
180281
233828
196287
177194
229196
176858
164198
244494
185333
176467
161370
225550
195199
199420
241413
221785
173796
275184
148659
157622
215533
220178
210446
211726
217101
241212
254880
247982
271142
186372
183637
206021
217481
182676
223112
172517
151805
168020
187445
180172
198679
198621
176133
211216
254963
237522
186752
189451
157318
208799
155447
209132
196372
199401
205011
164203
216938
225009
218862
148823
187767
196381
187903
191189
256858
176270
173939
264829
187482
243621
262281
200297
211540
225341
185972
229640
320104
224466
309939
196774
220841
165829
159365
203833
195614
162778
162751
160557
167446
177768
163214
203198
178921
245435
183141
220446
214659
164474
169981
168180
170172
9658509
7635461
5520909
3467652
1381621
1825028
817699
185540
236922
281595
175792
192413
178216
163706
221176
179527
165094
172316
170083
208981
179931
163431
199597
178824
169519
192447
154465
197636
171190
157078
155268
181756
193124
160159
158817
191866
204114
150068
180409
165305
189052
188107
197674
201681
221419
189268
233739
163974
165155
194806
159135
180223
233650
173585
225798
215111
163654
183448
207352
188021
229733
226328
173577
197291
183024
154510
233340
191724
206078
201740
220115
205665
262069
318000
174846
227547
210758
203431
209378
204450
194843
146288
191376
162518
209372
200513
165821
176818
169172
185444
189441
295783
171700
220136
197870
205438
193702
224032
237057
190813
180899
193407
198701
189169
269212
278289
167444
202963
189382
170634
163265
259545
232128
308166
148448
252015
178807
283810
196984
248038
244385
177874
239859
229601
261098
320109
209018
268036
325028
226788
241990
286844
280901
244987
281986
323663
196682
196352
270565
295757
247216
277748
240251
271736
260342
215902
267419
231338
268637
275922
185305
195666
237553
264123
205827
168767
233721
177044
198788
254543
178426
280015
196519
213423
184072
240683
166162
185918
186768
174839
172527
182850
183877
163278
201839
172217
182259
201545
224080
360509
305081
208173
188703
211167
193968
214846
201073
185963
166722
170181
216000
276159
245676
178001
311857
175590
267649
206761
181730
225297
198875
201067
229971
188119
316325
197958
236619
224743
196659
261460
179967
189748
185347
295391
186171
282374
183596
184921
321138
196582
240182
230123
198510
180094
203645
256458
254480
170487
171225
182031
229662
233584
241686
232297
235983
200640
234375
214201
307891
172770
222082
182617
254486
156822
218101
200704
221771
241912
188770
169785
189747
208621
182650
235509
221619
185060
176865
178627
183835
177668
192997
151993
318572
178851
197926
167407
187356
188557
178503
210599
216996
163646
191407
166913
183210
188918
161960
169833
211958
205895
162886
206664
215787
170614
199600
170044
178006
151238
160411
195960
178879
202137
170056
160486
218213
157820
172691
244456
227636
216921
229686
189879
216247
228568
185131
165463
194014
206771
274304
262412
250768
195879
179644
201618
258126
237931
213075
192262
179125
211383
263066
225436
185625
207399
274055
255667
306126
345199
215081
213218
169148
153499
201719
180204
213284
205791
335465
236220
184941
329773
267613
169301
184481
216265
252767
196941
230980
319432
267685
204909
198510
216440
171992
172078
211447
168936
202354
186075
279558
203824
270097
267325
269135
262230
261509
203735
159807
174318
171534
193912
166489
187621
173647
197601
161855
230224
207966
235985
156888
198976
160617
289753
191706
201518
185907
198579
232616
285436
229307
207338
170236
194931
245510
171909
185017
197369
155262
276612
184453
248009
166784
192928
212095
226224
183159
191327
192607
159709
181804
240103
216970
168708
223739
204986
206025
205042
192670
211086
194408
212564
176752
200783
234673
206164
171530
208079
170501
178645
198106
224609
174088
153308
202827
185799
200730
166573
173924
192177
194589
153215
163674
183623
196261
186455
168263
199377
172382
152975
208343
200682
178586
198626
203884
170274
205773
162259
219933
157249
226666
221195
178539
168875
169398
152401
192809
168608
215835
189540
182648
168140
180904
191830
166026
291115
208613
167885
211674
164123
207594
163211
199749
217647
159967
187624
142232
159005
321671
224057
160679
200771
347430
273091
144537
212834
313703
308519
280202
331184
280839
201664
192453
177210
351626
163429
208753
198229
174043
160948
271451
194917
207211
192411
282165
197483
200146
324026
211128
191349
166683
204857
227691
260855
189061
262277
260815
221884
192023
181828
175869
230535
157599
172880
192131
194234
199495
208325
214464
280793
215640
159087
239097
166752
207364
203755
247534
219516
263937
206999
259742
196657
221768
167223
156327
166356
210949
10449606
8329243
6301623
4259327
2137609
2190370
514414
175014
325845
150454
210256
203965
233731
211573
158614
162661
182674
150979
194394
157766
182561
208514
167095
173582
169137
206171
181425
171486
222311
176193
148685
167014
199192
188749
169462
179929
205476
204097
201534
155829
185278
215981
197952
192777
198292
161285
206491
156210
191815
183545
167038
173834
210090
202753
205288
181765
159072
159355
187215
171349
168732
150682
171440
224973
163894
148978
193565
180278
197044
241580
200732
203434
168243
167836
218054
163991
170571
139236
195880
158547
175583
168798
210305
162175
240422
186345
199191
183055
201769
213981
208180
157657
185155
197473
193127
174639
171864
177775
220356
162350
191485
205044
328832
162735
230831
195034
271664
201454
302415
337795
269861
205644
200708
204242
157573
264354
296410
168512
206597
181977
237671
169580
197128
229412
197475
264557
178147
151993
162857
185099
209844
174170
161725
172422
166587
170580
197013
165065
169666
195317
220820
156820
159707
176933
266917
196103
180983
158020
166835
208742
146846
173855
221227
190768
162050
246395
184221
170581
186532
178527
205917
202706
181089
167393
173951
205069
190266
165043
186536
181317
180167
208480
194779
177772
195679
170279
228802
182853
192703
227110
202220
188811
265588
257977
202553
223997
299512
232697
208691
216346
216212
212871
280246
203284
206461
217051
296960
253824
208879
258200
181960
168048
221899
166564
157214
208036
181976
202346
205469
171296
167293
171440
157813
251369
193018
158247
212184
160963
201055
196389
212701
217226
215785
160148
164952
184761
208894
152794
180729
205606
219450
169124
183819
169234
201694
174201
216477
186425
196500
156869
207181
160063
200169
189543
261293
161296
310978
288630
248241
164477
253838
280723
251746
242094
222415
200901
269556
209334
249352
206967
221083
198717
207213
269983
238911
241412
188573
266973
325355
183085
308527
244087
256301
333027
303805
258863
227262
220930
207882
226436
338527
198989
345648
280632
399850
185277
256154
245509
405317
358277
336177
315246
305502
292062
308373
314107
216315
331125
317113
331611
384103
182731
197796
331170
333186
177569
169780
185551
329967
363512
361898
380760
317653
273602
302528
309543
187754
263968
370259
293979
329068
297878
226431
262487
338825
227074
202943
376379
327850
299150
305194
306543
334751
225121
281816
289334
239682
222208
173693
261170
291151
210638
243460
182455
283491
246137
222275
215845
265498
214777
205394
153145
190054
237319
164268
216293
195072
215284
217123
170114
201984
199064
163123
178032
214917
171137
187190
183298
185533
237149
281816
238566
213051
270230
193354
165864
205146
227996
231860
195246
234728
201874
246827
168225
215303
181555
224772
249903
214366
194833
207751
205984
208403
209461
181979
211325
155526
225804
228123
170442
241816
197529
165947
199298
192141
229071
182178
217414
207954
241537
177549
211598
182543
201646
171630
174083
182818
177399
169926
202040
216256
311719
192709
174845
198389
180333
224383
228351
190222
206066
201812
176879
218203
191294
202097
209146
190582
231545
173170
225779
192528
212236
209197
171486
213698
175805
187457
261148
217143
156404
212893
184806
220513
223110
208787
204782
225752
181025
286453
203942
231342
230917
229741
196094
230279
255425
226794
227714
195161
216986
287614
176866
164092
197339
216594
206391
272906
219428
204887
225678
214486
296055
198113
182900
298019
282801
204445
223287
248647
220376
178713
253734
194999
270503
298051
267533
246928
284724
196181
246252
243269
165844
237322
189774
273661
174710
222339
251075
200271
169838
177051
160612
232304
167798
212167
158706
197303
194552
211364
177546
226071
177204
163850
231533
177698
211892
177811
200337
208152
193444
186465
175660
158504
205437
220749
209837
217681
200277
184695
180912
221743
179147
178849
172538
179898
178571
174206
210291
223174
184673
229149
166852
252251
193194
181343
9288856
7163639
5100955
3044544
918358
732845
521960
215068
252408
207464
218039
218967
212884
161332
191824
219718
187877
167612
209188
170671
170045
221690
224326
181834
201574
243755
243149
199849
188830
221029
181752
201555
193492
174926
219872
188421
201414
196984
172833
214512
173019
182449
173505
247239
168827
205108
216423
233451
196405
218301
163159
192299
197449
213856
215302
193296
209137
239844
212570
219039
187316
273319
183615
183435
211833
183606
202675
221292
161818
243497
205367
171182
232416
215710
177683
209521
167264
214219
221747
184086
184127
193905
201805
216361
217483
191310
208670
206104
224649
199385
247188
180585
202279
200071
177401
172882
234024
230228
267044
288954
218147
208900
170780
173302
276840
206631
269481
212939
176924
179876
174827
180299
210534
189731
253168
199951
293860
192854
218784
231349
172125
356914
191184
171915
225991
180507
243426
240789
214993
249433
217304
217594
228487
278155
248474
222818
186229
254337
217510
269196
291435
153624
254116
260296
230647
224797
265742
186101
268427
194987
175666
249810
246857
183143
209806
257353
257823
255459
210182
310895
164871
259080
261687
269252
228861
199905
302122
233754
243684
220598
227171
254922
217309
228920
283253
261286
180109
220658
276005
261865
217784
264396
199161
265882
173236
224571
191541
214639
209583
241811
193829
204871
314769
202246
296459
268503
363207
253477
205741
279938
233973
150161
268395
231803
253682
199036
272516
409389
156306
154099
243618
240793
182924
213606
210730
269445
295570
198197
324009
178332
235147
218929
247202
285454
198374
212797
204959
211249
189115
246096
210404
205558
198250
200331
192090
208049
224976
173785
170739
179106
192367
150482
152666
153021
159336
185723
221113
225102
251828
279794
167771
232406
250835
245187
257836
200684
297019
227564
229450
228252
227536
260185
316285
191877
257593
326515
192601
312142
216469
352787
212244
427029
274137
352310
252435
267438
223071
178633
240091
196569
171658
170369
347005
189020
248071
262164
187183
192532
246365
275875
437081
422304
412528
254002
232764
250795
291527
294701
302442
278898
270988
292353
317531
259550
224214
206274
154583
169198
357850
199511
198070
207748
172890
161366
343686
213678
213919
226520
192400
219449
414794
259273
323550
173869
339569
180746
192549
185424
246064
242487
167799
150848
225598
188605
171785
195751
285458
212296
228032
228040
216614
203031
165678
202683
160853
309695
212910
250288
162889
253824
271302
190977
332597
287793
237245
249558
256736
223095
276159
278542
247843
220376
209111
275214
269057
252516
275483
239008
165442
243184
365387
335659
271479
241518
210996
185961
204281
202979
312573
179356
247779
265313
199451
214819
183170
210947
316139
179527
213618
283981
217999
202933
196028
199345
238600
381772
197021
368194
313720
209858
381723
222259
206329
211573
393596
186816
258472
221305
235090
187355
226653
233489
179361
349820
287015
267910
314490
371861
299180
285127
313123
196109
160486
174582
328589
347061
340795
270632
349909
278928
155643
268675
214194
190674
153289
271131
295476
249482
325474
258066
287196
247276
184136
265836
192587
231941
296542
186209
193324
201541
272961
241123
209040
201615
204230
224230
223638
287852
211292
184524
228045
200503
225997
172833
174091
229700
226141
279578
248529
243168
229222
223332
177008
218682
216778
178557
222228
201116
213339
219772
199826
160960
161130
316677
159673
170850
215015
165722
208016
173237
172066
157725
185670
188965
191506
206921
197105
268219
188536
174589
223771
207249
235128
210500
179415
161310
209619
288352
302090
229178
264573
273951
213644
266050
194489
188769
215081
201561
282303
243406
202961
264894
299823
232585
277936
229372
216431
205908
222814
263004
219844
233589
182569
189897
254632
157267
159549
210775
245855
238570
216111
210961
237020
186616
221669
177751
204590
189343
204486
215729
180338
169680
180936
235502
209387
10871181
8750832
6694435
4631589
2506052
444019
664508
226262
366633
318661
299800
207376
194222
160933
227972
178277
208607
175604
174475
181894
179596
169843
205723
157662
170925
193184
178123
202022
227310
198087
157103
183715
211379
203398
241387
204496
181874
185051
169930
277256
200317
193002
213740
215153
209156
258457
178170
198394
225832
215982
259270
233694
155963
188974
249563
200831
267006
248343
213359
247851
203676
206900
253428
246003
189647
243310
232597
178739
231550
166576
205195
207592
191445
249448
190353
198542
190526
196023
237390
267682
251170
253813
201820
206101
203999
201218
288087
171693
163073
169189
162488
158753
171341
198514
202327
206984
215131
217209
168501
173230
202533
188884
158864
218421
167077
208144
189644
175295
214920
186711
174933
209869
189311
194192
164426
184941
218394
193534
178191
206036
180093
220561
178818
174998
180837
189909
185860
216101
225280
178885
183277
175711
191000
213686
203099
207425
184228
209062
195621
175411
197832
196151
206245
158227
191648
194925
163884
169407
203882
179715
201198
232594
222535
198118
193259
197214
214215
206013
161842
171310
220950
207746
168115
220930
180609
206954
190951
174401
159470
161175
173040
161974
165306
176782
206188
211840
209024
209481
213226
179385
168863
210872
223781
213892
161764
213376
200818
210717
203619
204336
197354
196691
158620
209828
213185
167559
203876
218914
189335
204308
179976
208747
207184
204472
176548
215145
167582
191256
165836
164963
207214
164413
249686
192180
201340
195286
206761
191947
233590
194607
195405
202715
170826
236245
281425
196624
150178
159870
153453
171574
155237
159361
215903
217798
191409
184529
193207
174354
224872
302165
164454
173640
159554
229975
204196
179319
195782
164055
233462
234252
207022
182284
192436
266033
170219
190150
214391
175017
176834
207337
180432
178030
209293
191289
195807
156333
199464
192947
202632
215780
275729
194961
181949
199105
156234
177638
185045
185770
243769
226726
163503
184745
166933
172813
163488
202023
204338
169630
187386
199361
185522
185982
208521
202713
175919
207670
196634
201787
259991
183374
249219
225107
224539
165537
239233
177335
242377
163100
194284
168612
195132
180651
189834
225788
171570
227350
225322
209725
162939
268422
244264
196358
275882
164004
151028
151730
209508
191538
319390
179845
158341
203457
154571
221686
202807
176145
206958
191962
205919
169060
183468
160086
197053
234326
191924
180954
174940
183672
214835
180747
170301
196706
170114
167851
170703
211009
187372
170605
189116
157838
164680
198109
155333
176129
177222
190060
216648
185370
191383
160775
188920
176874
259274
189650
173327
170129
185078
193635
246550
168743
199782
165031
172099
229183
187586
180537
177737
187366
231179
210579
306768
317806
237003
195161
172207
188413
198168
239578
163451
160260
278913
267696
225016
198880
240089
250408
232908
314740
308457
380963
172269
245657
325476
268735
172923
146943
158925
173390
157280
294312
193333
373233
296271
353082
173389
282796
286120
377993
354101
200527
404894
359606
248642
252935
225032
508990
257859
475257
200664
335765
248417
165576
180922
173949
375670
367119
288594
183114
430949
209422
335496
327999
355019
300149
317138
401876
456268
322428
297187
280139
354879
212812
231668
213382
164453
270051
309951
259600
287420
184833
175329
178985
268066
340975
271108
215049
200481
173503
279748
334966
193022
197389
331712
158518
204053
238356
257907
315372
218317
249977
306180
216933
292118
158555
210977
254758
266181
256534
205177
168558
214732
272641
282512
152689
171991
196232
233071
199698
161110
154483
158596
182376
177689
165017
200483
191305
171861
245863
218027
213493
172475
160499
182425
202296
149861
200870
177511
201352
154577
176936
158686
197002
240217
174332
204129
177398
219340
163783
203384
263870
164162
194527
252756
258887
193692
208991
160732
202980
168131
183270
227392
185938
190702
210316
204495
159596
9603990
7477907
5396775
3302011
1174966
564352
697966
330148
216699
196683
261875
211064
196619
177749
170639
149074
170818
251930
199555
172473
155499
168188
233655
171105
210042
173002
220037
195069
170020
175518
211271
148800
210992
191803
181318
176234
162845
202934
205238
158390
190378
189526
190859
208307
222952
185358
185226
168520
156352
227475
154776
208121
168100
203040
204248
182133
179801
172340
196153
221139
197421
201910
151181
170594
210521
175269
165894
231713
249267
234264
196704
192126
261977
235565
243350
230776
252952
194564
222829
251484
176610
197020
204493
170898
161339
168467
175216
210215
204850
196134
191841
177696
211824
179100
189114
248476
170207
256480
195780
232793
166454
203610
219188
224242
168699
286407
215295
203900
179109
210331
182570
264253
198658
190993
245884
164844
197052
192425
197246
166774
206818
204636
166039
204536
188495
220275
200461
160392
210915
163384
183683
201882
216910
202999
194666
198451
166345
214908
175271
194092
213898
172760
212343
167008
182870
193574
197244
200748
229905
230652
203552
174110
200570
179965
169482
180385
462509
241890
195201
266298
166821
183122
190548
308753
242360
194049
198298
197351
192078
201142
195504
212792
159302
223794
166125
208223
164612
200924
162874
221859
175296
212664
162625
220051
184769
222629
163389
240805
190725
180655
182639
173929
197363
203496
173026
169919
199983
210547
172898
193936
174737
217131
193370
187189
176751
195067
184746
201589
202769
211952
207417
207744
212607
189549
215701
190795
204865
212088
204313
196843
228248
233791
165659
206336
219886
179491
214041
196122
203021
197284
218709
160979
194418
173334
222739
168135
163553
273154
223221
177504
190456
191709
240453
164379
181697
184661
283057
208791
172943
191051
248450
231269
179386
168731
193874
247596
185978
166751
187330
235328
227175
230796
178704
173110
226308
185531
215219
221802
230561
195540
186191
209123
236623
171463
200093
186639
163330
185687
192710
169178
320793
281571
190529
189571
221249
217485
237449
205931
285319
218652
246229
308519
291492
251091
215619
246880
251579
159142
318969
326865
178360
191280
262254
223277
286318
204178
161413
224965
236617
234123
160333
163101
184346
231970
167578
181534
254072
235641
218950
193304
190839
191213
152810
167870
225111
197096
171979
187714
153760
176824
153935
159933
208925
223953
176923
222909
206337
223112
169148
189130
218323
232219
213536
186596
235412
164723
228513
200126
158676
195932
179482
184516
187901
185510
212519
210264
178139
205946
169774
154267
218465
174951
160341
173163
212569
205030
169153
219370
191818
194570
171742
191789
221410
208128
188320
190725
209838
187286
197893
203557
252965
168855
207254
233363
170015
188014
196982
167425
165422
207655
203801
190699
220870
213710
173157
187413
190010
166164
228805
169678
174866
180563
191919
226104
178324
158720
193444
164535
223411
214017
159876
162095
285791
262406
220754
160245
205802
227818
229968
244251
164024
157260
171966
164437
199414
169645
162974
225645
223031
185960
227704
223059
219912
196433
236188
164135
235974
174177
159959
197174
234756
177741
195031
179002
199599
255303
167828
269231
235283
260960
191865
268271
183574
198600
208446
245786
219880
280973
258632
222747
253678
179148
248602
241903
277711
231768
219673
204318
345451
283049
384832
270265
202915
365792
295950
165602
217057
288652
227466
346779
289901
233079
285433
168222
184862
330345
211671
288590
231263
152178
179412
162391
208509
276466
169035
236120
321648
274976
207067
182075
267268
287821
250811
251011
183663
231597
255872
195493
247454
188744
205584
218370
164699
289388
234265
181974
236953
188563
179985
255553
243586
260034
345810
273415
249404
188402
225175
193061
157297
232218
172845
245027
178914
194709
171173
238045
201579
272373
180147
200762
205829
249051
152813
189260
187023
206802
229709
221574
211752
193009
206681
180946
211103
209801
213859
163043
9877982
7753887
5694645
3623351
1496730
1038774
272278
188373
188282
246833
207079
207320
175920
190472
173245
192438
203148
191231
173565
194414
197502
175936
177157
167006
206072
194748
172399
230581
175968
189197
168400
174116
166665
163783
199054
203030
156229
171041
178957
214135
191269
194904
210562
298322
177498
230403
195243
224236
220421
203003
170025
214239
174792
191538
183681
171690
209248
171830
200767
191376
169140
164407
178597
198021
187235
178488
204800
194566
200300
205732
172334
166139
232336
185226
229623
196995
182425
157773
186348
162536
178611
210743
172294
216362
202141
205192
201634
203584
222132
202445
218162
214502
169639
175332
160591
171654
248946
194699
166770
208324
186892
225526
215224
210936
215814
173795
178637
222195
183040
228448
224614
207136
189249
191877
172118
227579
204210
180227
182498
177692
207444
252523
222093
256759
187689
244421
213690
215796
185426
270089
176489
175371
171950
205346
162122
188477
202581
172837
201928
165971
176693
213279
200132
183658
185631
217183
192573
208000
212336
166697
210402
167963
176439
172126
214314
183715
182963
229342
189211
182670
182265
204615
205146
176112
181153
169990
215715
193893
188178
241987
196296
236849
191914
189954
197985
163456
202832
174370
190605
177566
186656
173334
203073
195044
192771
211607
185283
164559
175823
173011
213884
227657
194745
210749
155914
205502
216649
182826
208352
177442
203382
209126
166448
173899
183069
205263
230061
199744
210328
202206
195381
209866
205105
159878
200895
208232
206176
165965
164109
192689
196692
176311
180560
235921
210428
220006
202295
204974
206098
205208
217099
247364
185457
245692
207910
161584
164002
205696
203220
202276
176579
192463
223115
197749
172615
181137
206149
180366
168249
176030
200298
174437
187038
199140
187396
189798
164810
182008
174136
201786
197800
173889
206726
191931
179321
219302
202577
162911
221104
175044
171486
235568
219068
196414
218809
204961
186232
193224
183653
210818
181016
177893
218518
207258
230505
185477
182937
212975
211490
186935
208555
193870
181332
180871
177963
169694
173855
214099
218133
191816
193710
223784
248213
195508
183727
168950
212692
167809
228417
175354
233015
184897
171545
279165
239376
180248
207891
195157
224199
197055
184232
244845
226143
207580
179172
178896
184713
247768
208537
198941
235657
201549
169851
171335
154851
147214
206776
160509
207288
205020
172725
164094
209509
193586
192640
205615
171298
162144
154384
224043
163495
223300
191180
202191
177499
159767
215008
208392
187481
157264
176082
166478
218040
165702
156648
209735
181660
199517
171300
157009
199357
162168
176284
175347
157808
220195
178259
178672
151664
173801
210636
215998
197617
218371
179459
230994
205361
189717
164834
169728
245162
169394
191382
154003
244183
150464
174302
219035
175014
175700
174760
165878
239155
187044
211867
184588
170722
187459
195379
190856
184231
173393
230729
170913
158376
184946
205644
163196
198766
198005
218830
198781
163460
180681
191974
174366
227973
238142
205932
291648
265122
234804
223733
233049
245853
259282
180553
323873
180862
162880
298300
288111
216289
190886
178316
300654
262927
260902
196034
159117
195908
306143
254459
192351
201800
247350
244163
201366
192942
229104
159619
209875
227812
200924
183270
221038
190053
218560
208445
172949
188246
179008
251272
238815
218783
213281
177782
288495
241464
227882
222567
208199
185276
211385
222542
185540
209376
223761
234002
268483
282469
226187
228702
221709
243805
280441
247376
208020
201909
225576
253325
256254
176008
241364
203653
230406
298784
304665
188884
204469
223021
270844
176610
224710
174766
210571
182893
233936
198732
185843
185947
171084
240201
176054
205162
169492
179319
288179
240023
175129
183485
229135
188997
182921
195807
171609
208030
163568
177090
162564
190087
173158
202102
215716
267057
214048
165130
200078
229391
199778
206018
155028
206172
208679
213879
8601922
6529985
5255150
3204577
1083028
1419128
671210
182016
194162
240043
293984
183746
190479
207662
216398
220137
159851
168562
284744
174888
196749
237736
222185
236141
219763
219574
254148
182229
238621
226641
216590
179333
228777
268105
262725
177120
235406
177469
177892
251219
185373
167795
278316
213563
224956
326845
225529
288946
156982
158165
180099
229058
241864
174801
205415
205914
178276
206561
210680
210231
184833
182334
198764
237726
178932
174528
181983
208584
156712
246083
176665
202295
254478
168254
153370
210450
207756
295419
220516
218052
169312
226681
197250
243661
187414
227743
216256
184732
194140
228918
162821
265400
185984
195554
334409
195963
229860
210069
203419
208897
175085
198735
202830
188687
196413
208368
207911
195570
164167
200158
221980
164904
178101
202678
217583
190696
196037
202238
232646
287431
203766
237604
247985
167280
210831
290525
304244
187880
190123
256166
182721
313933
307784
284909
252825
251603
225649
221070
234574
275067
305660
232617
213060
230387
313143
162299
244814
295077
265196
281495
218777
183196
243636
209215
191235
210541
182026
171980
214368
234638
157594
201587
208100
194601
195009
170221
242736
197091
280387
197455
208450
217813
165258
223291
164988
255420
180119
200487
216860
175291
286659
293387
227811
183890
216578
175403
278222
187701
273585
205873
195068
172706
184440
213612
178046
205834
259521
255360
189301
270614
187983
261202
183692
180487
232506
231588
186698
205226
184404
241027
224654
283550
181068
282146
172235
262244
304331
306658
230092
419135
267730
240659
189490
286388
205808
177760
227129
245410
199050
429007
188736
181315
251327
259686
186179
219219
237084
236627
182013
174523
162967
207670
208293
347251
309869
308683
252963
194526
230207
345383
242060
250812
312053
223473
210428
214094
207503
330206
288823
228871
212903
399672
191141
321976
223211
168347
175089
357913
290863
296541
253837
163601
202452
284368
251140
396578
324367
443562
424296
296021
245489
243832
228773
178949
236885
226021
242727
232980
200370
280950
205452
343315
242075
200750
428395
393241
226970
226498
191020
218767
242484
204019
231458
355639
264211
178483
206969
358296
189559
208371
411531
189122
276156
244987
285601
326161
234308
212325
165645
191235
356674
192351
250284
348402
235897
238715
252298
236518
184733
230794
159280
202555
356992
322319
267869
192692
215780
218196
274672
258391
276166
189035
205776
222125
197549
158872
205663
201135
284032
160823
242290
201051
226858
184965
210229
208826
210598
278187
195313
185361
297115
235231
189963
236445
186600
157636
220035
213620
259542
237796
192096
255885
170244
246243
202953
208379
244027
257671
199332
197902
303823
256013
208859
233009
225144
276790
254169
213438
216176
229549
226889
210338
184142
191643
183798
250006
188980
259559
208785
181005
208343
214530
273930
233087
279478
259986
347740
190760
191975
188259
217174
199642
208540
201761
220555
278914
204523
163426
186471
212245
245332
215791
220867
170765
170995
212903
191538
267446
173512
205485
169305
182374
165133
167423
351759
212993
220908
156243
214197
275475
209597
205498
170921
187442
258037
200695
173321
250581
210507
179330
191343
190665
200069
175849
224935
235273
181542
166187
199237
222574
185537
208674
195473
207697
197245
194079
196581
233773
226688
178797
251151
187902
197668
209250
248882
203973
180711
251875
248505
174867
204318
184441
232754
169379
240086
205218
248651
258019
209063
271840
211766
172806
268704
216018
193089
199313
197377
228467
173174
178012
166696
197251
206857
220739
196394
180387
200529
169870
209237
169650
162141
202976
203282
183053
164950
184309
163879
188482
166086
169365
236213
179604
162832
186469
263177
198156
181460
201681
171187
248005
161487
185594
210834
240550
232951
215331
241888
290529
228051
224630
193634
275246
228535
171736
193115
204110
214533
268459
218396
239815
229556
296143
191341
298779
206810
298845
11786333
9663800
7610423
5544291
3422352
1366224
203858
195368
236340
399228
206629
281420
183366
184880
262278
216224
183873
195894
224768
313121
181559
236218
293909
268740
170942
190583
226636
218727
211207
233590
213660
148145
176803
168124
251299
198169
201613
240542
195693
206159
210414
256142
226095
246746
259420
190740
223588
227336
188413
202517
167038
216333
278962
153950
210915
249137
240440
222966
287059
228413
268527
176068
232902
187395
228339
199999
185264
240549
255446
332938
228362
250482
307766
357884
238095
225451
301579
221282
243837
279811
230313
314690
239820
356318
174197
325720
358182
278025
243810
394889
343717
223975
223566
317342
312710
202634
228289
199402
248573
256245
185882
181667
201926
360269
220657
218894
262639
225431
222932
208979
184795
221073
220085
222860
173023
233437
200962
218790
198552
234150
255741
195826
231798
259823
189934
229801
195935
167874
199936
206371
215744
231379
177798
213438
176568
209984
193936
212463
226397
158844
176782
208734
165593
215490
174965
167868
247551
174991
225237
203595
274971
208088
222243
204723
229176
206139
210528
175869
206514
208596
199059
208811
193341
217032
174857
241832
175106
180120
215042
213879
215972
179113
166201
219489
191044
247732
244665
159272
209841
207292
169745
177097
206042
176348
237289
277050
209190
200656
190199
236118
184913
171528
220525
221611
257053
227870
278102
165279
179647
179969
182783
243283
280543
301772
218812
240466
247123
234836
249470
204110
243902
204648
205175
297994
269586
185737
220773
228727
221079
313618
174337
234900
222169
218395
227416
174000
178734
286092
277097
209988
188067
192830
221160
178858
294833
199940
265621
202762
274514
203732
260129
192247
219072
273187
190787
195389
242621
197544
213564
169088
195802
231285
218768
191690
229417
158797
190811
244192
227701
180598
198981
197838
231062
188790
215993
216742
221965
199911
191638
181091
193206
294189
235168
255512
171179
184256
171196
187902
185770
233895
178917
195362
187657
280341
169199
203643
181974
206798
217123
193700
176789
179805
170460
179058
192750
167893
166243
163391
156527
215574
201077
200868
206654
196220
188319
195556
181958
207834
183270
212573
175764
190025
192817
173865
205213
210992
192722
213661
175681
212942
191872
203645
193676
218880
173872
200787
219869
219404
205422
170005
211933
175189
217578
218051
202368
216694
202117
188058
208241
169448
197230
182178
165978
164323
167423
161819
152884
230831
214825
187198
175953
215883
207093
254583
212935
185597
173967
179204
170501
197100
238939
254655
228630
210500
236870
274711
211047
224842
236292
177076
291240
166110
195654
215864
151843
223708
213135
208414
213871
199964
156223
177862
211043
206690
163150
179309
160750
177323
156791
221628
160643
240355
172654
175258
226844
223281
181421
208616
167658
208284
178415
229144
204015
196054
222578
182045
208564
180287
179800
150453
171086
236805
204246
307760
193707
176509
216306
231293
242677
221866
213049
185883
165681
204041
200849
298065
256052
235922
202950
199444
210724
306378
328219
302607
252206
274283
258626
319918
270670
317070
211522
242088
264922
295160
193728
272602
220776
185442
305456
192136
207909
259323
275122
284121
295598
279550
165882
301133
294169
179778
353643
279518
303463
284913
229416
182440
196198
225271
169750
265221
217648
231712
200956
208437
202382
272153
287334
262283
169546
229626
252466
208146
182273
207367
167437
189783
229055
184114
216813
191565
179166
220720
211450
246054
171891
209389
176507
170967
196247
170769
226524
207143
214665
227000
231041
164089
210564
209911
204929
219174
198042
269339
212071
159601
178069
212932
175076
208490
206725
205970
243372
180447
273315
207290
207822
226172
208235
203190
215237
180760
207503
236016
191531
159272
153592
228171
173142
290280
170469
166296
228225
205021
209486
215899
206471
196025
232739
196378
212828
176444
216515
165376
193157
245814
189868
10066473
7992670
5867601
3780575
1683844
1973747
565468
219739
223990
215429
352406
234305
164237
237333
198120
173862
223008
246915
217822
239550
150751
305614
222983
229357
159243
374205
298551
167130
215347
330848
200770
225123
245526
214876
211135
154800
195721
205166
195896
214535
230089
220550
171098
212363
208482
216127
221509
210411
217823
208896
207272
196643
307014
187471
224604
175381
225292
216177
183508
196117
241804
297284
269321
259841
211993
205195
158286
179624
166188
198823
222874
179711
183973
198982
286886
301207
221982
201411
295331
173078
301417
269599
223159
212153
179197
204334
185282
178389
187499
265447
203265
186912
211800
186896
199926
235201
186454
178660
163054
202248
176882
190140
175109
183793
202572
207872
297267
168479
250290
161522
351468
216737
313406
330129
367621
347745
356919
249684
184403
329022
368224
169908
291196
351792
206088
169501
226322
309014
248962
297952
265923
186527
181999
285774
307976
296544
316413
329116
231780
174685
236891
267260
197077
300487
301688
230406
241827
205915
218664
217066
250831
249438
221142
308126
234274
292923
207551
195658
321754
197803
208919
281936
185228
204581
412194
213588
282440
421057
277078
215891
193695
264270
339058
280073
323221
415012
251617
262237
281815
217692
310109
192449
332739
288385
205440
375971
234740
340435
294874
298345
227873
176086
181361
203524
226136
187713
210725
329677
250878
365171
185067
241684
160440
213806
177868
261010
211504
242005
189697
282791
248499
345666
192512
314994
269108
206507
334744
287418
260718
223232
309530
176945
364732
221791
219090
202052
264670
319096
260442
322584
312161
249988
174177
273525
182548
235742
229507
351896
197537
250754
345671
315810
247272
330426
258847
254993
270372
243846
206993
418026
365283
187256
321479
189784
251398
155598
247981
201356
193775
364572
223362
215611
200654
234704
220913
289540
254042
273985
267659
343478
327204
263889
288597
284753
305083
188908
183020
226368
279568
186448
242713
259715
275554
219784
249060
320171
244537
206480
162398
263148
330199
228325
281026
202967
188928
303158
290522
299965
270993
264563
162270
252425
220905
231414
156614
294595
241251
229199
239363
306337
177683
229865
233125
246541
281441
180019
159220
242536
231947
272656
296478
312870
151607
220866
157729
186391
146787
201419
219821
217830
200439
210486
197654
205471
179623
163238
195680
257627
175029
185473
215252
188579
178648
216596
220970
211945
205228
188872
188567
179754
221889
174700
241995
169460
205306
190776
207132
205783
211166
192225
195180
173015
214104
185280
207952
204850
210394
169142
163998
174095
158415
175226
156718
168989
200458
200100
199378
192724
151770
205851
224196
229660
196013
154151
231166
180260
208285
198990
160322
177123
227543
183837
183550
269512
192350
169577
201090
190201
215726
163008
151881
211875
206250
166810
167439
212695
195423
162035
240680
172303
192093
216176
151316
187818
190109
182927
223323
264766
252542
174106
232487
185148
205708
193724
160356
192263
176743
198003
236973
179594
159974
187818
167982
182157
168309
185345
187572
192315
148879
180184
178755
214605
178955
220875
172871
176686
158654
183170
167109
173485
177054
198270
161552
189700
187835
180719
216773
203726
236114
215158
205168
211037
241524
236009
180717
186181
205318
189031
174352
228952
218656
223017
206977
177532
178247
213701
180032
208762
201297
198016
215245
187849
259112
195248
201372
186581
239594
247026
182111
204933
238370
197361
211771
253505
202719
201770
192761
219991
230307
216832
180732
180113
170788
164685
155432
202729
197354
205344
174868
205813
209335
162738
226286
169336
222449
209049
221572
222042
220191
194111
223556
191218
170879
180832
237245
181649
178914
175249
229816
216541
174363
171973
222652
166506
228616
217962
197663
216756
195414
179509
176194
203402
180778
242080
262450
196484
312752
291389
231784
233120
192304
204173
201468
209840
215934
250793
11013947
8951406
6826364
4777434
2706826
583030
649822
320403
185779
206195
182913
313755
215465
231690
208300
195369
224340
201766
160084
261491
209195
304763
204508
219155
195264
212055
215767
158685
243029
235111
217816
194657
228023
222049
173672
205073
195196
181246
174146
221818
224140
209369
170492
226862
228360
202298
184732
167842
185208
217674
235161
184421
203588
203213
193212
210748
997828
202188
186946
201340
214719
244696
184894
186085
198912
216126
186198
182558
207646
247819
168158
162382
225186
224992
165009
288528
268456
220059
193379
209926
259715
200456
190255
233192
176072
167661
199687
214990
247487
234233
206803
209814
173011
206199
182700
172185
229217
220748
158399
193908
187115
242797
166591
220750
190098
166522
210138
199496
201939
201124
197449
209569
169880
219476
181632
171812
158618
219051
167840
210034
202199
192079
210885
188792
210060
218536
209997
200278
202524
202684
184532
163758
172330
187170
180375
208955
159850
201977
164558
225392
159689
161202
153667
177261
155343
203977
170926
177527
197939
169577
200519
234676
158055
194873
210351
192386
234978
161518
206066
153457
205779
156013
201732
202495
203120
220746
198445
195846
203138
163010
167567
207968
216567
214948
188573
209794
194122
181491
199220
171119
204988
167041
168735
205312
205055
206840
170248
210307
192147
168518
198944
160833
209200
249950
198102
197908
174432
181712
194571
152461
221480
196128
254181
177165
197370
158334
201695
217729
164974
219123
245407
159393
219506
166434
162509
209478
205997
199157
188222
176051
162724
219695
169885
214253
190634
210579
208317
211270
165206
198908
209981
226266
200068
204525
182329
150975
188237
210507
197206
158630
156535
184843
207013
218806
178289
274297
212508
203736
166242
165321
218050
207796
231843
205403
214282
174498
203816
198037
207391
232441
225288
174081
228241
206443
192159
206551
194557
228075
237336
208464
178437
215018
172289
240674
299130
184708
150465
160494
208416
217096
160419
152679
164532
200699
225100
229154
205997
290680
221036
169298
203813
195781
206666
205602
201982
248876
187359
208861
214882
176378
166748
220622
165689
159617
170588
172566
226718
210024
180213
208986
273460
165483
213132
171707
192096
168473
230371
167342
307008
297814
175971
229808
166008
178155
195620
177632
163644
262304
179710
203398
208722
217790
193261
168966
152226
203939
186667
206710
188353
224979
177781
181129
230508
180745
209219
221740
168977
150127
176341
215917
169145
223553
218090
283051
214168
227197
232340
201661
225808
200110
203518
174093
185544
195158
164782
163674
291924
202987
226528
183847
207331
166159
208942
274785
207590
273057
210090
227599
239523
217395
177435
157713
154693
194748
220738
184725
212928
211369
339949
172362
168360
212089
238028
198436
283031
315539
270825
181386
180347
162991
203495
271454
269665
166394
197182
157350
175025
165010
209170
160308
185182
181274
187590
162606
191570
183656
193237
192862
189731
156995
184024
184001
273637
200667
178042
193975
196732
193413
222368
181988
237958
194931
164894
205430
206088
212951
192350
180594
153740
202017
270422
183537
290076
227954
279839
233060
163750
204528
215142
163793
303090
169706
207075
267887
259576
172700
176994
167267
211640
167080
163389
208742
236495
175159
187327
222824
168162
208105
198651
180348
217609
194155
205441
212535
170638
168702
161289
204410
227114
219247
182478
229802
231304
161252
152347
251279
186995
212097
165601
187647
242932
265983
174929
214690
216788
209215
163368
255108
161362
176222
164372
190130
196002
204036
174205
178803
174824
161450
166654
209247
210330
174139
200451
201573
168951
162328
203671
183351
212831
197070
219015
198991
161080
177680
168569
216765
171476
204432
184994
179148
166352
193305
215196
167667
202312
170028
197052
153344
189786
161191
209050
229648
222117
163588
230947
165861
237191
169913
214941
225643
167306
199078
177986
176323
219844
182523
9461551
7332773
5280717
3221099
1099579
1163349
443832
209935
213277
160628
163295
211463
189116
161477
189839
232942
206154
178190
173708
210802
212102
187891
181951
180385
201598
163514
168116
223112
176681
170518
158605
166527
160570
217465
171891
206016
158043
202741
178926
160902
176996
169016
174275
202552
175169
159470
250439
165823
182384
160126
166406
233487
207041
174852
211564
200031
218497
209883
180239
209415
157961
197864
162652
251254
207165
222633
200618
219002
154919
213113
160181
243034
228608
179776
162870
206547
196636
176735
213345
173148
174951
217998
175952
177898
159900
183296
151826
161555
172848
289223
193500
170515
165883
157535
196619
178308
200126
172960
208205
190024
220901
234699
244013
178367
177693
198420
205052
215100
164142
225263
207970
210070
217183
201516
169147
206540
166365
281938
217155
165897
210610
164987
162267
181245
165642
171180
217656
292307
194629
159990
200503
174430
169484
166155
239606
209062
181236
172953
203815
182819
159296
220265
167458
204052
210062
176143
185847
217264
206259
201737
200748
191681
222365
165335
159057
148718
158018
211249
217000
182417
148391
222465
182374
241672
216277
215368
216962
240376
162029
223603
158031
162283
152705
157307
165481
177943
149360
203772
240165
180069
197591
259454
164788
177914
167782
221527
152008
205766
200784
203027
158872
219911
175455
206045
157721
200839
207938
217549
199404
176840
258786
191875
161728
258632
222456
222479
206616
170320
161037
151944
162326
225255
228294
212105
173901
159926
149230
163302
154192
158924
208273
202809
170034
205614
217598
193372
239932
198461
181758
186776
255491
190918
264178
210257
201563
201944
166537
231390
266236
151923
188313
226367
216774
158585
217176
242519
224415
271333
170954
247539
214277
257983
319164
210396
158928
180860
232929
188577
244759
236626
308811
185667
230389
243445
222923
165026
199298
325424
228348
315379
186805
162571
209331
260991
218052
166979
207436
238558
203462
214091
160414
205423
182667
161331
237226
167079
205682
201583
173576
206617
189807
172985
173844
218711
163875
213022
199251
166698
207940
206634
182004
214001
210253
163491
214439
203033
175182
204795
224722
171169
213040
209693
206489
166700
164165
162948
178324
197121
214650
177305
225300
167513
218303
167599
237204
165617
182784
160299
208725
198485
228849
208329
177279
198680
203723
200295
169291
171701
167063
197032
178413
153237
207588
161433
151206
167680
207349
203775
195561
162629
157059
214844
162379
190661
166215
199127
204830
223282
159149
219475
179540
214641
226444
170698
215007
218000
161697
206610
186242
200450
182719
166963
202173
169085
200202
209966
218411
162566
173838
221076
205825
188441
186361
190452
208808
186221
174844
211886
159924
198344
205376
206782
187239
199450
164536
209118
169674
188717
195995
179273
188929
193233
223028
190793
160199
166021
179694
171590
216225
185962
184896
217944
191910
187676
228556
205098
205751
203990
211553
178654
186230
201070
161822
211020
218155
197653
200462
204987
210903
223798
208963
216324
225852
209562
211674
180585
164600
207062
155769
218163
171371
229126
205757
165575
176242
166225
157578
196565
182189
216104
174138
165236
203674
172373
195050
155708
179055
175482
211190
188852
222178
176264
158015
158338
163257
181689
214107
162095
168495
176295
149974
164816
223106
221858
230054
210967
175246
224861
211596
203501
164721
156549
224819
195714
165121
193423
154360
229729
194053
156714
213710
210816
161883
167235
162027
157793
210285
213636
217169
262445
203533
235251
211653
205387
228739
215108
160897
213048
206543
171365
214475
153015
198927
177948
160802
211511
190307
163793
177780
204542
222751
174357
194856
201812
186301
210568
168074
201055
199578
226774
156969
213256
215979
222370
183453
221976
198781
219966
260912
167930
166968
154172
232618
176704
214502
170580
190654
155219
156394
171976
175851
172653
236630
186992
243574
10234246
8112860
6067038
4000251
1872023
534212
903045
302881
292225
165075
239602
157727
155966
191489
160442
236694
245702
213543
205262
214627
216862
230225
208765
201863
220328
166263
170008
252688
210161
185425
222372
222158
184381
251939
182491
213582
207342
178230
212954
186681
207935
167829
168701
227390
157704
192850
149279
156447
168183
212610
184103
256271
229284
154476
186667
197780
162315
189502
198629
216199
197200
271292
181568
167540
225138
224747
220873
189359
257014
206113
154987
208284
157232
268527
156895
207993
198057
210639
219171
238598
242072
194323
154794
210783
205979
190258
185409
156549
201682
205906
177420
167305
204319
164637
171698
207571
244853
224806
223623
164197
254290
250181
161975
173263
164609
233694
156606
211613
225769
226150
158340
180724
157039
200310
160062
203810
239468
215571
214007
162415
228058
190273
147252
194408
180780
214259
217505
170675
172448
222409
230763
179159
222256
220485
236754
197710
202206
161769
175644
166960
202225
158484
218944
165619
169386
260201
170494
164427
202257
186997
225847
204864
269789
186125
220011
191717
172774
236942
253069
189542
152597
163907
164918
172738
162585
191623
209748
252323
213324
205324
192433
216394
254630
229905
180334
157161
193435
255410
160418
203948
151831
165078
175573
206237
200482
267206
163452
222992
200181
196747
253872
160940
261419
204810
199382
284491
194971
173555
272070
189174
171343
180868
223349
211330
196141
200400
207294
201458
277942
214601
179900
189409
168952
182537
281079
172036
165337
161390
179920
208175
173685
203131
156035
160995
201761
221948
229054
162284
152638
199405
171581
160075
172965
198179
226072
216060
209090
184273
168181
231603
157587
214267
227325
156899
225061
172609
198992
216610
169994
215987
165595
164402
145744
155432
193850
304498
234766
203046
155843
182163
213997
206981
236871
204200
225359
243344
217735
165309
212725
173194
263069
169282
196372
189348
241035
230209
201815
153971
152382
201083
188993
207718
181116
243355
155808
214719
206224
170136
214113
197294
193851
205918
200831
158218
222555
160204
184064
219951
152451
203057
216642
231053
166177
204002
344114
185445
160504
161862
161978
212560
204411
164205
215660
209498
212689
165101
167698
210965
192699
163828
187183
234784
155843
160727
156896
168159
201116
210594
274441
166002
153970
158609
159290
199746
201963
215677
157260
157589
209567
248638
197688
200456
245011
223563
207283
209221
251681
151671
192328
144468
217870
167618
213624
195128
216328
151567
185860
195970
210813
171105
213157
203019
195847
263472
229957
255647
208413
216879
188501
215630
236894
201862
213049
201893
210290
167480
216120
208004
197329
201827
210363
170056
174592
203769
203995
167969
163592
188582
186908
194651
215153
207018
209742
208398
204161
186456
183395
179326
219538
193527
205603
180924
207109
198726
210521
178668
205924
197676
193084
180948
162932
163849
178405
200709
216910
197921
160751
185140
179182
167775
202172
195625
208003
199006
220446
215090
208525
201513
201699
198338
192199
217225
199041
158614
175755
205456
197809
201323
200247
213799
156691
198862
165727
228829
209471
196678
189459
177301
154619
186936
195888
188148
160349
169616
156495
211875
161568
185494
182311
174743
218988
165776
239476
188561
210288
194228
216198
231047
210260
242783
162019
212199
227639
156801
232260
227133
188688
205602
221879
216752
193010
199013
237970
192756
172974
215503
231542
290625
171170
253680
168518
163966
289546
280559
216157
193491
164382
204447
155273
166734
157997
189065
174545
175948
229908
206007
242891
227143
168700
170870
194629
278854
256822
251101
151251
261816
274087
194700
190175
238649
207353
332380
177202
261513
278919
315759
172397
197383
295392
298621
440699
261335
347490
376860
175136
309830
193391
273035
328131
197622
203591
351688
229952
215591
274057
205384
323530
310971
227810
283796
233824
241828
239445
308172
183192
10724531
8603089
6532916
4444607
2377770
905819
666585
348405
190574
372735
202198
243546
374829
274251
200735
211966
335897
173566
280801
311341
261584
180416
269749
288084
325906
315934
194016
190159
208631
362152
202041
157067
338221
212356
199536
239040
297436
162642
300766
242494
293039
285894
254076
173812
197054
301615
329864
162200
259814
186364
202891
289059
227487
181293
236468
253396
291372
154336
243074
223703
180166
227353
278400
155430
226861
174634
229984
211973
206839
320043
191749
258699
172746
235561
218926
166838
277844
166912
158474
221117
233988
231346
197224
192975
214981
198970
193726
182100
174141
186192
169684
196187
175012
163724
171643
222954
241604
215553
175181
166211
232944
220967
226018
237345
184119
267403
163014
174685
161214
268902
210503
256228
280589
200230
233854
263213
208972
190970
299321
169289
291578
291297
238657
231911
203449
200866
258060
206729
183669
227365
146946
260790
171961
165201
175928
212867
240217
159428
164251
157608
153946
204860
156991
178575
178553
202336
180243
194306
236984
165014
155200
183512
187277
183016
195792
174445
168043
192690
171394
174661
221253
219387
163208
360723
223570
197986
220614
214769
211973
186579
207447
220774
184012
170107
227696
168560
195752
173386
217695
181703
178642
230831
206608
185596
281357
162048
176210
226171
214054
165086
177199
212779
205493
248369
258548
212923
201130
234113
249355
179720
213202
264336
187191
168846
229445
164895
205417
166753
231617
200668
204039
220093
215809
196970
176600
146177
176500
193581
204412
157763
165452
171468
166051
175173
173364
167582
221385
252326
208839
190868
166460
189280
208836
171899
188474
198822
207055
210362
212630
202056
176630
160750
225216
169182
209137
230540
188992
204247
165881
202801
167348
166415
166009
213092
178259
174403
154976
159843
218666
175973
242919
158877
223963
165337
169509
156750
219921
165134
154080
203682
207438
225846
176749
211191
183328
161642
191812
205409
189630
209734
206035
182817
167529
157763
240169
150935
197353
176340
167903
171969
182074
165297
184943
183567
209094
153566
157370
172206
174134
185342
173015
223005
166429
225374
220219
189219
202318
182162
176663
207065
163686
199922
165181
213811
184273
170238
198941
207997
187259
200548
177960
208518
225152
186723
173953
168090
157665
177500
221261
203856
223746
225881
194832
223393
171421
210699
173079
226477
169150
196186
182564
220974
204025
206642
216622
205308
222639
178958
180876
161419
188747
238923
193307
181588
183278
230104
172685
217278
176721
191077
170745
209518
186272
244433
180382
159817
186367
238771
200258
212350
204673
207743
199096
199089
217151
203582
257398
204670
185634
182893
205216
200664
218541
245621
179988
182380
181867
230446
189699
184834
188099
177276
252951
188846
157296
168298
174141
166528
178076
161331
190547
178585
185506
201848
213415
198158
194212
208563
252437
183979
210336
174127
224177
206017
199940
166919
257401
164039
210478
212971
210357
227384
168533
235264
204871
208721
164991
146725
175019
164691
199746
170860
164770
255538
227669
230800
246511
241564
308981
204059
161853
204803
190776
160011
153734
240229
202686
191498
199607
213390
232220
168412
166882
174846
203271
217856
174209
207163
156012
202952
152914
169904
181257
189896
232403
221767
196334
189612
210679
205193
147672
207390
174250
211768
201319
202249
186794
163554
194668
173778
248380
169966
161846
267463
202268
158127
209308
174870
215309
199351
233021
253494
166897
200106
162294
206282
166964
220827
156624
172812
147063
213512
200871
288230
162055
147193
171060
167712
170154
170746
195369
169564
205062
227092
185992
160070
763220
179357
221030
155354
190149
162853
229110
202443
175156
159679
177759
164423
195953
164223
176757
199709
191672
156369
172178
170166
196710
166091
206098
179109
181255
211765
210066
161406
212135
210882
200790
170874
173123
204465
227439
168691
173175
181785
224594
177964
8199350
6077403
4002419
1918359
1570153
1619613
221651
171893
252426
162237
179505
164784
208285
187278
199393
259131
180780
169217
181960
162436
200149
191936
185437
185343
198235
195419
180790
189833
220313
186674
203516
208602
171487
180761
204252
217030
205754
213105
202646
192854
191098
200503
204090
286114
204938
252951
183955
270216
196906
225332
199016
188666
273807
264500
180858
198121
179433
222019
188568
211456
211316
173615
232388
250988
186568
293650
189825
200427
192777
202415
194707
184610
214066
240295
184549
226126
172062
166010
219906
201381
197394
251502
201333
240378
176509
165775
194019
254903
240338
275989
302684
169482
203255
213253
234318
203817
180288
258859
189591
181110
168745
158178
180128
176309
262836
208322
186698
218402
200092
208897
184831
158217
202917
173926
204670
206526
178949
174898
168496
209022
217413
207072
185965
164257
222828
215956
183941
164729
200280
213242
176256
190729
175128
173698
181800
203224
205902
194373
199186
179395
193799
237305
204819
165547
219659
191704
225064
191777
169393
165527
196042
179318
193917
238247
191596
233012
206947
179224
184962
214331
217481
230135
188830
179472
175246
189536
168584
215588
202457
167935
188532
152214
177792
154767
199970
159833
204168
183039
164781
214105
194154
252382
199521
206969
232075
177814
229530
225323
210735
203573
171406
196674
171907
190456
165643
188474
274625
211519
191235
205834
187000
210860
189673
249498
195996
174840
150892
191705
273169
310853
274176
197655
164200
182502
203773
172888
357666
169008
219601
190275
189296
163772
226463
196744
204200
181344
185438
187198
347859
159196
230155
193630
210189
191230
185870
206643
208510
239660
165333
186275
214560
189179
205687
204230
194812
234495
223044
293960
200792
223155
179743
169556
193012
179334
294758
180399
191334
174792
223090
213647
188265
277953
177072
207172
184226
192960
171588
168596
191159
204906
219669
270541
279866
202855
188505
169572
185032
167646
194809
197287
164706
195621
203768
165047
188582
178328
168551
212433
167924
183083
165444
180873
176074
173314
174582
210072
246979
236558
186464
165233
209316
164924
153516
189768
255117
192582
215228
182221
173136
275069
173481
178351
171914
184470
189521
179686
168791
190953
208999
177854
195446
210793
173864
159097
231677
226410
194745
183148
278670
185720
186441
205994
197676
205756
179826
183254
190130
166673
215277
172622
193094
205165
176259
205808
209965
216977
170609
161557
210457
208517
170783
180994
189523
230656
195473
176887
199533
211489
193316
173314
180316
162825
180068
191733
204467
173959
193382
176818
157723
193486
181442
174926
229945
170688
239780
211425
169832
193414
186536
183415
202112
226268
206410
175619
196691
225510
228251
186841
201116
170554
230050
177792
170196
290933
245824
228923
179323
261881
189315
267947
267984
250376
202537
278863
238629
180274
232775
180105
186000
159506
186730
182846
180809
174316
228660
206923
203218
212017
199180
208085
193439
206470
172908
207823
193512
198591
213090
193579
191357
221902
216587
211060
215795
208944
194539
203993
192774
155986
201033
194990
193863
210678
229093
203761
202472
195910
214776
182352
156474
222036
214534
187114
217059
211075
214514
175166
176821
181083
164063
203175
205531
221866
233414
188625
206173
207944
211675
191261
156994
229671
171256
205488
164543
178490
219529
166915
163843
225298
173393
170202
178860
195174
223404
184952
186929
211096
177695
169138
201303
197534
164236
439822
194065
246101
205787
199781
206581
191082
172676
171698
214596
163897
202725
180597
170020
197116
176151
210189
187050
195714
192022
176268
174721
221772
190982
179952
192558
216414
166995
198032
184812
215634
200866
198887
183192
179866
198608
197891
203600
164602
220667
179746
206658
205350
198061
212997
171704
202228
181751
209523
172974
207378
191117
181919
204115
