1295442054
282912
184055
214026
213338
191576
171614
196267
208457
213813
187002
191168
186205
209567
167477
12968864
10928231
8811377
6797529
4791220
2663770
630465
3472238
1378133
1734117
878181
312132
274641
185294
246844
300014
212640
166770
226695
259350
266281
275441
237463
172430
292949
275908
226553
168531
254180
184760
258317
243796
340598
225338
209632
223123
238460
224837
272920
337076
261963
225128
161730
325426
209229
232822
222950
272733
201554
252856
206155
178584
281494
286195
343861
328145
387441
147462
284444
329948
261379
357284
194745
288918
339051
235729
252625
187446
193721
261695
295449
327530
283519
291089
390911
252694
252428
346040
340956
271407
289564
374673
312404
327239
479090
353462
370034
231262
310092
352051
328424
417279
298966
345298
336703
336811
298373
360826
284309
233639
425587
273657
278322
204177
256565
293122
300170
177721
285861
204804
256661
173965
243261
326677
249192
306547
172256
342263
174905
309066
177055
177520
220929
239785
227302
229050
282042
215399
237417
225711
223329
206323
187627
262896
223714
188989
275878
251559
168666
189842
197014
167050
193469
219013
187597
290920
217267
205430
234779
183464
218510
168394
162346
169156
233154
174188
188345
194749
173427
234955
180392
170434
192320
194494
182009
185743
214568
182746
169177
171259
250568
174945
171734
169826
193475
188792
221665
177494
225203
198816
177889
183112
179703
157334
172127
214661
210767
251060
188425
229482
186239
192641
178597
182085
185985
291593
237508
209269
193466
212280
178824
195289
185081
188491
188931
234196
228906
208302
229857
231489
157397
286356
266390
172199
301624
173443
209730
203004
261955
171432
284514
152214
229723
238219
210826
334911
191763
290494
185540
269983
181949
194406
176498
240113
234533
255046
201167
171569
180725
233696
259390
175153
154334
234794
226735
209877
288833
225318
207414
229184
184704
218054
261264
232623
198849
201787
171584
178262
229835
225953
168723
197998
247638
187605
180299
183902
214611
263638
250455
312529
291109
158012
222423
218333
256463
276802
333504
220020
169043
300486
286795
277792
262062
214079
174547
183117
163352
203982
181206
264627
215736
238852
210469
203629
209486
218803
298826
184057
199927
227156
194779
203666
180230
210189
215085
191153
250176
178859
169676
214668
225872
213712
209667
193780
178754
213861
223756
290168
221779
280868
224403
352343
237679
206000
182131
232869
278684
187786
261945
198185
261236
182993
187828
163545
165074
196894
253418
183561
170493
153660
188564
160666
167771
239933
173596
234587
154603
184329
170581
209286
159942
329621
202252
177082
214215
256165
201116
260129
174640
273172
268620
223289
267083
213521
210886
218416
164187
171495
230404
182337
188722
178023
234478
188921
166873
179716
179520
157662
191507
182568
163217
178421
199663
162334
169357
175141
211321
183161
175637
173441
164199
157076
185900
183433
157241
257218
163693
168507
174127
210741
171395
268645
219426
183406
224620
164038
266131
190396
173800
195194
262821
201258
250150
215411
200601
193274
178730
200342
306370
164777
311853
218917
289792
166243
248579
390654
369541
344936
227093
216902
203030
189047
284934
212074
185977
324958
206204
352265
220092
458613
414675
186102
258756
419285
205907
268993
269436
290347
414674
381473
288867
370828
466779
374593
408724
221210
349672
441188
362480
288448
197946
332589
408873
353955
574663
368786
380523
184204
392449
324690
408727
252714
482219
289414
277594
359389
196161
220416
266575
200688
307913
241109
269305
266462
284760
302121
189658
264334
250506
184447
364066
191661
258359
310162
378746
251544
331645
381988
179252
307341
501096
463542
389108
203233
301567
258303
344461
174932
321449
198507
348183
211792
168580
374671
205779
322194
299556
282746
367765
323716
425971
205884
262822
289410
259387
286291
251716
269325
285343
297339
241572
307474
253295
205523
205864
237011
162498
207889
372504
292276
312880
294705
191972
258292
262033
14313657
12239681
10111158
8043081
5953637
3851279
1768041
3820836
1745759
1653657
579844
394517
211654
612166
190520
520502
184744
513178
170986
235589
216370
160907
269977
331026
282987
279670
276144
179075
321792
313993
227062
262086
272497
323674
227424
218681
254587
261817
186284
262846
297404
224307
258577
183020
221121
239488
168676
206965
206883
166043
315535
233486
304110
357113
320324
334015
336104
181411
175292
260281
282460
342352
321211
250087
377591
274971
312072
376507
203808
337250
288790
343329
445435
184794
434454
245596
241058
356170
363416
370618
328910
166837
484560
358416
212401
215370
276601
247875
398875
349697
286247
511995
215877
331456
297533
377253
279923
456977
317597
188095
180746
200101
169435
171632
192399
238000
189835
284965
177712
332137
249061
434294
383134
289951
337671
485613
177142
276969
206129
268734
303227
320950
361899
258718
170379
248354
197091
272130
183079
184044
428214
172497
199253
240427
265371
313212
432592
313307
178639
273683
192513
285261
258262
255680
190693
350441
181568
186112
157468
327986
188009
252862
247739
187509
283626
190942
224001
418980
241282
249611
264755
344823
195732
245225
174455
237041
245163
369613
238633
254135
234450
247237
299105
242880
160441
298667
176479
329506
157880
171831
169501
286722
269016
174108
199627
213815
224971
267707
239722
275548
256652
194029
184470
223571
198737
179907
245036
250686
236852
248322
322753
221369
272654
221872
220111
250901
222075
230964
253546
244687
247774
199052
212416
189718
227460
246984
252022
353734
196808
186682
223234
207611
276524
206220
220078
290114
189345
190372
178507
174170
180733
195011
259545
200113
184920
188702
241699
201603
217552
167006
181413
238229
227531
188694
173712
202935
195573
253807
266978
170593
344070
185614
198255
180617
185160
268113
183435
213892
189213
199508
218858
315349
201540
256517
211952
202036
306392
265755
515131
396414
454199
427695
400689
291790
356743
473610
380910
573889
200871
345173
362795
231044
363364
451366
281730
359880
211627
260731
272060
314498
292987
176089
430333
280406
358011
253690
205508
415116
478608
450856
196149
354723
387351
346089
170959
202468
411283
257616
171309
458888
404390
377223
377265
448262
544009
236344
230763
533796
294998
414662
292426
233997
444640
230435
331828
391766
278181
454225
464673
381415
368890
306371
295973
174656
403540
326622
161221
418322
457659
276064
283772
368698
445836
413949
405138
361381
461940
582187
303100
542036
264773
429706
285517
225360
176366
223838
326687
207256
372238
274094
282164
208623
432054
172970
383358
385013
169890
285506
270569
289669
174417
273207
165751
301464
272340
430137
506937
353743
310973
457651
249567
284079
388300
420959
241723
235739
285805
332269
394670
331378
188177
395771
190940
418732
212146
335116
358538
193821
446328
184101
418484
200081
390957
194962
252157
189117
287013
422422
268245
384513
495855
396650
341633
214960
471347
196296
246341
227998
186347
335225
351429
392023
241671
205918
170229
358967
479935
388997
203321
401328
346017
178135
324589
375050
398559
482548
187919
387138
467545
286372
225407
259485
413819
231497
163407
444501
325695
404739
445978
407026
440650
414557
380985
385602
382200
356981
422012
545096
466757
314813
337283
391066
422162
371727
437366
354254
346167
294632
355679
224993
339593
461770
416010
380962
445169
345392
275553
188640
336615
382218
259093
429500
212653
195900
337509
436491
393524
438126
354088
313032
300994
449307
478625
337459
346202
429685
403576
330010
383555
371721
332107
198066
275360
469150
192468
320288
254018
244912
446259
425601
419458
167001
370999
199525
233430
289672
219144
232896
308979
288824
361216
290414
322131
317926
367257
218058
195223
180934
344225
346671
297200
309076
318522
314720
233183
304094
204169
275468
309028
281415
284323
277741
262502
222677
192076
167275
256883
223933
188291
193525
236779
14603782
12486376
10444736
8375717
6258893
4222632
2169082
1439896
1322304
1059766
206433
416761
571713
486157
299532
454717
417890
417953
197689
167113
232390
248611
176615
243852
222818
235760
235438
195131
200790
218237
177027
177375
239601
171640
204987
191107
195204
205427
197265
201472
200382
195536
214950
179438
211550
168622
196040
186152
236444
173900
218080
196123
203194
219879
190739
166724
202504
177712
193593
165145
236341
219119
231953
222264
195410
219582
194921
159635
194223
184173
177349
197362
185124
191296
184747
188350
184362
191190
190556
200952
209091
209623
178020
187405
181255
196296
188995
186980
188311
197279
197204
190591
185685
190539
174833
185635
229568
247250
171317
227074
181286
175350
182590
175498
178577
188525
170733
193343
173504
177375
224165
189641
169519
194872
169144
304167
178230
236310
192578
281250
271036
278783
245756
261426
166926
333638
214513
207833
276104
249761
190521
221532
202744
186673
264679
174487
181978
190313
293730
165025
210336
224259
183347
179851
183811
179348
255770
217008
196086
273874
198986
247645
180835
193647
261191
196696
203681
225341
242567
197512
183322
210520
218958
185485
211487
159081
205461
180181
170968
208533
200972
184854
231881
169489
182237
187000
165968
191461
280962
233451
201473
171875
270960
239263
257897
241601
244388
207980
196255
178236
178753
231440
244525
189682
182307
188842
192736
266700
192918
183927
164218
182303
173276
173119
192939
216031
179961
191243
192133
175478
191543
174524
262500
179187
173996
182363
230997
202613
227618
165699
170231
158690
304360
170377
230916
277421
214105
289274
254318
185369
273515
177679
198861
287541
209801
226203
363514
295598
260153
338761
258658
268870
171493
305730
404595
241397
184782
426575
285607
377499
172344
303139
276979
289256
337216
408503
221602
201877
331176
174908
332478
421959
344626
308081
195376
261080
368167
227170
172505
217874
280840
262991
232173
241783
329547
286521
263154
220119
239991
204919
206022
182654
196636
177305
283502
248747
180138
210648
290478
289288
306107
400670
168970
265548
377859
193719
401379
260854
185414
260112
315865
167742
172226
182823
205781
252639
212938
207860
239843
244397
179893
189935
208331
188814
218536
226853
263546
223456
249251
189789
268387
208384
163511
238160
169188
172118
299257
274788
222332
180725
187977
319402
231140
174289
225945
260406
253903
247418
208256
179569
218973
224677
180020
174260
353188
193394
348015
269300
254460
209489
252168
182949
230181
249484
270696
293996
159948
270646
280950
235283
186992
208964
275415
268114
308597
195268
340019
191113
204062
207832
220109
378064
169276
337070
293483
400721
299729
259785
306332
268009
348057
366138
196793
338253
313426
240091
223588
361376
201084
317522
263051
190819
176404
278498
208325
284816
172553
292220
188188
196235
244503
199678
323376
252200
271389
283463
294063
185743
288455
188482
175279
238235
172431
300750
283180
261172
212627
269383
182806
269991
263733
285752
202161
271578
237414
217192
200284
226668
204995
263117
197057
210933
199838
187984
181723
160795
184023
198359
232746
229005
176049
189486
176394
246726
234671
194866
196866
195011
205729
197642
185232
165294
186161
176920
189860
340685
189319
202475
198775
205653
219097
334380
203598
272414
183165
257488
195636
280267
200764
187531
275670
213505
271180
250882
297280
221936
169694
212499
176026
210679
233766
261630
183927
222058
244568
247356
197642
260428
242753
185793
205648
225266
298093
228867
211583
233090
188626
329173
232608
206832
206256
174344
185949
330612
258135
208306
226493
194235
295810
226421
305650
183614
246680
307220
278336
228948
249591
248082
174931
185335
207354
198800
358556
238433
239591
282050
237162
387772
266221
195072
184102
249543
233081
165704
199329
305974
192502
265259
254617
226591
310090
177815
288274
251805
206121
291874
273537
229342
199151
190356
14962508
12927218
10807144
8760193
6699853
4578499
2524268
3271511
1146037
1355256
571361
205157
288612
201540
669905
303024
322669
421407
247953
198620
208332
279530
342181
197689
180582
203551
215769
161839
264421
175599
194576
233675
280773
181269
197470
202682
243151
181743
195674
242665
199473
175073
162447
236598
207198
197180
184014
234361
173432
169479
183394
182510
207790
279433
185979
253948
187956
206775
186780
170614
180741
197922
194471
172038
194018
201156
200641
197534
169837
174003
186865
164387
166173
181337
173561
200912
192909
174455
209121
192138
180472
183838
182707
198809
202826
177632
213938
261356
166472
200956
218560
175191
177399
201024
176637
175114
190139
196042
194863
173947
172591
163022
192704
172276
177651
195470
189766
165756
267273
191007
179026
270387
214875
247415
235253
262647
186665
174557
167637
174059
255856
222784
239762
176319
195523
255712
169847
251256
236056
214256
186944
182868
177006
197813
179207
161761
172990
211007
181696
219173
219045
183376
252249
195168
212397
270298
236894
231517
174000
183482
166629
202270
164139
220174
253858
198681
246457
329602
183859
186994
169138
240680
222390
258422
198893
158873
179899
223820
328889
168301
253104
273114
166099
190577
200195
271736
245938
258476
209973
183342
178405
240757
247827
179050
168429
251459
152972
224592
253624
284903
171339
234210
215817
311415
177572
287762
239438
313705
262137
154802
240546
208259
332348
196237
231900
198009
230904
313683
187261
317366
291216
170171
303548
314580
225187
227193
205531
194390
234253
173279
239236
162938
149312
202161
185467
266207
208561
207956
235323
168819
331587
215071
335455
308526
193231
268903
310476
222192
309262
250551
227525
166355
312091
239532
219514
293069
326326
276722
207373
205771
178379
252023
305384
346143
236086
168212
236254
285670
307509
208682
289983
240271
167925
188760
222920
295403
249507
174952
254465
231669
194668
227330
271231
275664
320835
273664
313403
220889
208016
196188
182987
270358
225216
284158
259284
247263
276547
306862
247352
180889
254651
175238
255998
191994
272705
273132
248988
172064
229634
244681
202789
332961
334176
250391
282315
150905
178316
252672
282178
266334
194459
226850
286481
266456
279211
230129
296531
184203
263853
313963
218650
248598
326368
191540
319231
380582
232033
250316
186127
204607
444472
302052
181380
386799
306354
382597
427162
379379
343020
177769
175147
249803
394800
223706
243186
355318
206588
430313
240110
250930
339940
316782
322840
293491
247566
428175
186473
165889
156019
304657
323827
161201
400024
394701
167838
416130
253012
259539
260065
310792
177218
407721
412867
352808
186860
268050
351174
339480
256515
226438
281000
178862
164466
348554
183418
281727
338380
413362
416070
348897
288592
274002
296654
274022
191259
421953
364581
343972
337946
387550
374605
286209
278673
352447
203850
453894
248403
192787
178288
201696
250941
279231
177045
153757
290435
227032
215270
223439
182033
332780
234774
166372
342827
185971
195962
184002
297207
160168
304159
276955
263955
241454
259201
192996
179738
177792
287593
165969
184200
180444
170981
159916
210960
190488
172048
219165
223458
213691
226828
185229
180053
196440
184992
183185
176222
161242
155872
171513
174571
177858
173362
217229
167646
183062
208527
183293
177970
227783
186701
176642
215016
192450
180819
184333
169304
177236
164543
259114
169908
190243
218269
197647
225540
298357
253923
260985
311522
274810
249947
175007
213185
216039
278513
1678391
221567
292985
176099
226285
235541
174149
214793
177123
157636
185213
188074
182730
183300
164068
189764
202211
198898
170349
236646
164355
211500
187039
164641
161873
167405
181008
178560
173089
173577
189954
161242
155854
258662
206647
206306
173518
179276
169095
179746
170128
237834
199429
174646
166238
156206
191006
166887
159479
176022
172147
188343
172044
165939
173337
197124
170664
167102
188689
14914165
12860418
10736679
8680112
6609347
4485350
2428333
1225608
1320392
926316
773120
466625
459655
424183
522352
517255
329725
423557
203842
154525
187020
201998
183331
320864
179395
214697
198488
212725
182626
233077
201772
246929
336515
220423
284987
212234
251698
282865
180772
205850
200077
291858
276264
316877
315077
351842
167793
266202
296731
285473
188826
172492
211072
174795
167146
251759
279450
232435
164282
333597
185784
259580
241232
217610
262904
193098
178307
177657
280321
186820
260479
394223
327425
355823
268908
227118
188380
241609
231016
292038
233626
348237
378017
187414
242437
267592
383644
324751
179380
321550
404637
296217
335030
374973
332740
211562
409287
190974
304566
346729
278121
189395
257465
296962
243201
238892
291003
404820
230538
352262
403716
279322
307827
362136
310651
268822
188095
373505
180553
313486
276204
247423
290592
213559
332999
177658
223036
197225
292686
360264
305450
235608
176528
347996
187237
280178
311042
331880
274262
288012
355062
261486
184101
349457
210190
264919
389119
166750
292509
285242
235054
176516
221407
261342
268358
356555
222756
285207
179907
340362
498920
300041
170929
233573
343996
161358
279721
178908
275129
246731
206586
200739
170645
382508
172326
384828
232834
390239
272278
265081
263333
330307
356638
296094
287213
492665
355220
480070
298387
443446
499960
261412
325916
485144
180176
161678
251539
338218
171383
305042
407641
350043
476626
419178
323725
468471
210095
201510
399475
563583
418236
317397
314564
310077
413672
213941
318306
278898
425765
408149
388294
408747
278703
344041
486031
296313
179069
380604
170304
428948
288502
344477
428042
330756
264046
169383
337789
410103
424305
320839
381806
314551
380836
170239
395482
445827
386216
440618
374582
240804
436884
440888
432547
433789
414769
308726
288775
399631
319410
246605
397737
308793
264186
189083
328916
155149
374557
288980
206211
409239
398495
336060
228089
287123
375776
169726
384828
193140
167789
176665
177315
323475
296516
216080
280505
263312
246903
235144
187793
200912
234397
309165
237495
167093
299084
177208
165629
302552
200731
198769
204092
176960
175914
183625
183678
163593
170015
227820
282312
176971
227776
252045
170323
190021
214520
259885
168988
244256
263229
167544
178027
169477
325487
987210
169632
188766
161346
304834
294635
206802
232059
227748
172567
207621
174292
174030
311844
167817
181640
224189
309760
178612
340873
338206
310224
188134
164104
172225
477836
214802
296689
248721
280244
177024
243559
195724
310786
168229
179790
230072
420965
380689
319981
445077
465482
255093
327113
507235
227438
209062
329796
430854
242063
230552
352001
335004
275605
174272
172435
278989
160447
299674
206229
202929
288528
317974
462238
406714
268849
275609
309337
404027
158874
246253
179955
270826
193923
414013
295033
326249
390399
173741
285744
262255
153139
211228
364437
225188
342386
196763
417300
261531
178623
320110
293664
177122
217577
598530
271524
190106
260999
231040
232002
402357
242772
196146
248885
571199
596700
622584
456706
526227
353902
536363
411664
422332
374772
459893
509846
464516
437625
445714
563600
381820
226053
211943
576307
441548
358968
382901
424060
188582
332393
435468
344143
190185
196449
514970
254197
412311
240732
353637
499671
379502
365344
407684
327112
410342
359743
233834
349024
285376
292975
545195
432881
225639
351087
470433
258107
403088
386350
581718
477148
345730
359425
359939
444839
426509
469535
492989
454164
518407
237599
264366
582085
178658
164412
543318
182972
182781
556417
449389
516997
396811
523225
323079
609627
361450
406075
344348
377902
431702
320344
494386
410813
352620
379828
273093
317275
395090
464199
397418
329756
247890
260394
325075
295495
470056
340444
479770
388567
419610
514828
457537
305035
382792
440004
436746
369253
512018
304474
324064
181781
471108
551019
318784
272926
449862
215993
423088
586101
255659
16123034
14056491
11928242
9867521
7790591
5667281
3584142
1496820
1698331
160759
487670
469849
571347
759774
500744
160743
291686
828226
962456
489109
187886
384819
178233
655318
287034
608635
401328
261730
188886
438915
395788
272050
407593
429628
270028
157078
364719
337425
398551
170744
283127
237155
347057
306589
197559
214304
162388
270957
241292
223736
219926
243658
185734
383922
189414
175073
153378
250546
304426
216221
260195
154667
304586
175845
185465
180508
192826
235303
182148
341897
171342
288204
163475
188895
188315
348447
380331
272727
274882
328655
326932
335030
217595
322908
161303
241490
311907
193830
286099
375858
292276
166888
267901
265654
250456
280819
280789
164090
195477
262704
386327
276037
284202
210333
229155
285349
295321
476639
178264
329259
191507
216587
190734
331311
187623
257557
330455
197118
244820
204722
340297
162623
273367
363792
291019
268011
280409
157963
167521
367364
412772
381740
348708
311893
270886
411031
492683
291403
368468
464371
325183
269081
195685
205766
388365
263899
363193
229663
248729
374860
285255
314605
183828
336401
268542
425111
430143
156150
241811
389462
434395
341062
370134
380221
325310
220991
272633
289302
281309
205345
446820
172973
326412
179234
254452
366327
221821
351685
359769
202942
548695
383865
254774
175543
389096
408674
274133
465879
471487
501173
450330
255444
434355
387619
407711
382340
371291
317805
379072
361613
412150
436969
188451
296747
250215
371477
299182
422402
251917
270862
427259
323493
251502
407174
549474
300943
290150
252331
414446
322573
452345
325432
404274
223873
473522
511897
443213
561665
204484
296199
391908
386206
422004
489308
288506
484694
351811
203059
433587
457127
402514
305206
470729
340380
434967
474015
403630
435148
243294
347669
400398
528446
480949
408536
433100
444837
195826
373815
429616
316230
192575
297567
335891
211135
411545
300437
317057
228703
182739
229296
422805
378875
444856
372939
492069
235054
221920
273512
346402
179883
387448
282496
187958
344769
388996
410156
308821
453035
200527
251323
419327
408238
437089
213864
179135
291373
199893
447045
314578
247930
324687
274669
191277
268486
190453
438766
261829
211831
184302
344854
323682
252530
259214
176311
396392
214848
348187
276018
311271
188710
322006
409964
241529
302411
248147
300261
284327
303061
278507
349113
299210
374954
272670
254758
308513
265225
214154
315284
322614
363056
160381
373168
243430
359877
162675
268958
403055
229838
260003
309679
211488
316436
306047
252583
160606
180833
285368
265373
246242
147874
214658
229775
179272
276542
254814
266958
215699
228183
255943
206503
256190
174070
180039
231717
266789
159421
199068
305232
298270
297473
261352
164660
179982
178515
264155
275551
168374
187840
231681
275371
279989
300291
214647
225607
241907
249270
209838
176598
259234
240602
245688
198103
255649
189266
332986
226172
185605
212965
198045
194455
226674
245366
222212
164763
196168
199596
269762
251328
202155
224451
182390
246132
195724
232948
156070
196111
224067
264640
165555
212568
231196
176631
237946
269710
273867
180978
217909
152425
245340
257795
190321
231251
180161
203650
208102
297289
182923
321352
261151
247998
205167
299853
173058
177971
164297
302015
258992
175770
205753
201118
240791
210113
190711
282578
289265
204919
185119
373516
233267
230030
369060
268670
195925
249272
341888
173189
321121
349100
219365
333822
174830
348374
378126
222182
270743
271567
254785
224255
249510
301244
257348
186938
277657
301389
272952
193096
296749
296238
252789
192332
294074
167741
242900
209075
246071
203585
296885
186002
280444
396782
173315
261820
317637
320408
245406
260897
317662
326667
277183
241342
224977
255206
232299
297393
299654
179487
232144
262004
294765
199796
178312
193345
180310
201915
270105
237009
247279
214449
172332
184623
174902
188199
185767
198868
184255
178490
260103
247337
208523
183344
166107
239660
14188683
12064873
10006854
7930936
5810781
3735409
1649546
1830013
1690908
683286
266313
182886
340318
398450
384215
317753
394263
247940
168303
193047
238445
211915
226435
198082
211804
178627
200035
247273
264259
338782
177446
230029
267706
211014
212809
261671
298279
181006
202899
185671
174042
303544
175011
206254
249465
216194
164753
256305
190463
180340
239437
199413
182941
182302
333194
304703
182670
169987
352938
335444
315646
283064
257281
267075
267329
205253
300930
247667
320085
224303
167044
295824
261575
170257
165218
294253
246651
349403
209875
196454
196485
248999
330360
243977
225194
301415
188109
271904
219478
182772
311186
226854
255233
183130
199434
234771
206547
208361
214077
185507
196249
309807
164016
157852
274657
235997
227868
191309
190259
218936
201775
179029
254381
173335
224877
181730
288558
244786
183529
274800
247327
181147
186274
166918
231541
297213
238427
311012
171180
354396
285855
286217
216605
262480
270946
180217
238845
243177
287673
188479
315685
278173
266894
191488
328039
227813
260256
216211
163779
172220
159903
322299
291889
291368
196079
175813
276870
178814
166585
237621
363579
355842
285593
352789
298049
239002
255364
245947
354177
292900
332702
322322
276953
179411
225743
327123
321572
256550
231128
349547
374511
337832
311441
321652
286476
203163
326031
332108
343661
274262
274815
344542
285745
235072
169668
242309
303543
164834
219248
279239
381342
254600
339960
244739
246540
220966
246021
393347
232014
302940
243014
232954
355042
264585
294334
266528
254547
208649
168056
170057
224435
187903
189885
264737
169216
255689
175275
268046
226975
284601
220535
206383
168978
235997
156985
261959
282365
191953
213783
185740
228991
219234
234805
173345
176786
192620
187242
203103
173251
184722
187055
191396
149496
200577
184710
188480
181537
209491
162695
171861
167517
178191
162760
167187
175498
183328
173257
206186
191945
180986
178464
177110
155758
201994
184019
181396
173185
195042
183196
190835
181289
228606
200954
190344
191931
177649
171254
207010
237533
184430
176768
170518
171207
153464
176658
174718
182882
191462
246540
279194
181888
239131
179883
175491
201335
280059
179070
182333
177162
187692
181922
176389
170334
161641
195271
191158
203095
342305
190578
175775
247181
226702
162404
222510
208818
177974
232017
230606
182993
243737
229622
230048
273552
294743
338192
266940
234814
252267
168396
206462
313688
239156
260743
251948
208163
235816
190003
327894
181636
328861
297191
203803
319706
247471
239648
270862
268900
292724
238759
256104
240579
258164
294974
260042
256563
249252
210721
271129
209642
262000
222300
243430
173348
258829
279871
244428
240552
287833
302241
276252
222495
210620
217393
255452
258014
267351
243850
294811
194437
269651
183213
252686
270689
288233
170063
243173
293599
258822
257618
161328
219578
177379
207564
234362
285609
247823
230268
186060
198417
224675
225307
231911
179323
202375
197541
213505
179069
218989
199963
162900
264995
202765
189453
250771
188223
228893
228473
177879
227607
182286
166112
157484
197055
164859
205332
172813
186691
201720
273234
174875
174170
192592
183411
185031
152196
208136
179781
166137
163734
157164
166699
198782
180992
206232
173259
157888
210105
257055
164355
170222
166671
213480
163383
185689
187574
217347
173886
247573
162237
166621
236798
172913
268692
189156
174268
183418
176843
173898
307149
200467
196881
190142
201917
183192
199892
204445
172207
188331
170759
155704
200781
153792
174683
185140
180958
175630
216416
167718
166131
162609
219458
197623
165774
203165
177434
225284
206921
288320
202065
165820
209898
193053
235519
154139
184986
160028
162519
184469
171285
247884
216823
200628
187323
247349
235546
164239
232043
286634
218366
249251
168307
158318
193223
168906
277291
282395
287130
222417
312237
244989
177630
221514
293389
176342
170788
166936
182446
193143
183265
351311
215368
372391
13126785
11006439
8953194
6905791
4781853
2739008
670980
866410
1171483
786080
651197
202154
236689
239898
463457
227386
231293
390263
292055
170736
280116
217518
311617
197819
380426
305796
389011
388616
264055
367182
232249
246063
347728
200086
212788
363939
308424
174519
297824
297668
269527
264461
360217
246399
226021
301015
314041
360101
285299
198870
226303
289210
264330
362275
392486
368580
417680
183986
380053
228534
326966
245888
370511
379028
404979
388952
326090
188604
459054
283083
174340
317557
358425
403622
362221
371486
343959
373297
297037
287349
351345
353773
280018
357396
266060
326346
263386
235479
260550
248216
323736
183631
207561
214923
197330
277457
340716
338678
165268
285819
195297
172214
272182
273300
282843
208927
183951
316736
292243
228403
295182
195721
244554
283951
308815
238643
231510
223465
263216
271766
220974
212517
211272
228263
260021
194089
212810
225315
170111
253306
194182
239114
251048
243402
239798
237700
232160
194877
268503
271956
288432
295712
188331
192809
175905
241236
201146
227375
178476
210748
216581
168827
162644
303360
196944
216597
229379
229404
186460
162281
178904
181507
166022
173032
170285
240595
315653
264349
242430
165342
220175
220125
276811
190004
203236
236412
272642
188408
348041
240138
246157
303201
189699
190654
202132
278992
400483
398762
274337
351903
388967
381780
177410
185543
201487
201642
167014
307806
259506
449647
284865
340790
200706
179424
174344
315345
364757
212418
171628
158298
270996
189421
312297
215450
167884
439019
310026
306706
283196
270993
580469
225235
416547
398676
466353
391881
376174
357936
279066
338252
239828
188887
268779
301842
373673
448362
200220
397105
215391
182256
260210
399643
342587
217713
252580
279516
178922
318598
189588
383698
303831
319603
320223
353431
159465
151197
176886
368630
180872
272313
179934
427662
240764
420927
357219
324504
402577
218752
370536
346292
414496
309247
329461
327500
327226
323363
344223
472948
264914
163119
245176
246798
269388
341242
269225
201583
244757
236615
303304
239370
281670
245522
263822
198426
186414
222163
179701
257015
199996
202580
199224
261654
247070
210191
184732
253517
170264
188744
173574
270659
267233
191731
201768
245358
279704
334971
191265
261517
294758
202088
273073
172082
233504
345783
273101
318457
202574
207784
303233
351183
167950
250650
177237
299156
368901
201920
358946
307662
293623
493733
366391
285737
311154
286211
469255
200369
432966
395182
277593
324275
293378
385523
256913
315376
298267
457722
371540
393360
300904
399229
348243
247778
391876
433425
324849
243868
303440
443367
311579
290304
298793
297087
345236
226642
265510
283961
312524
185035
279237
434361
246550
303584
235371
255582
296229
356398
447757
390296
219151
179627
235658
289195
210024
377806
271399
184785
341157
289844
325156
262114
418400
300849
297207
245203
258991
194715
278846
204117
278843
197393
207572
303839
221740
230894
363701
355981
231038
226426
217788
224719
196515
331712
264681
263247
383567
207790
284537
347467
283351
177905
261443
337313
351256
167855
200339
291700
302671
253140
217045
223199
196838
241278
274970
187610
203773
281847
161940
256345
160457
233342
255234
311383
253936
256488
171841
270001
250929
162178
157039
172472
211946
227553
249748
189523
203838
168947
208393
215394
203537
166845
242618
243960
173565
176540
293651
248178
266102
272174
305669
252007
270597
265690
255354
250621
174079
248953
222359
282158
261441
181567
298938
238118
179107
240642
254675
360600
163029
256882
393622
273278
350626
196455
334388
163830
375971
182996
209180
271789
318488
298725
198744
219256
224668
260323
360396
186815
301882
186738
227455
204696
193289
183741
272765
219298
261250
232544
321564
238859
282136
164078
427186
234122
338439
280123
287884
266438
397788
257294
312540
260517
316001
238992
344895
274692
274988
244354
216438
305503
285137
253528
264163
309726
11255211
9129554
7075846
5004623
2874596
806450
4024149
1900787
1031255
333420
555974
435238
286052
335454
399722
190731
174270
322211
293534
178351
267807
194061
238611
216048
330726
287626
324060
303565
313579
283767
172160
209035
290762
260396
264875
213459
180994
176067
290428
234728
342737
203845
322723
361773
406559
345207
149230
251628
234184
290069
216769
174029
391808
338529
412598
389696
202019
338460
361753
199034
171905
156841
305688
329598
173070
234150
247690
330539
356182
360588
373448
188412
452196
174715
401709
341902
488108
428825
487224
425326
281020
416041
441213
214199
294656
274288
406022
175141
181536
391212
321057
414990
427594
321345
224574
221330
383723
357302
431378
455854
370295
343208
425721
476417
187973
457035
506069
431373
182119
382724
351432
258853
440067
366409
352755
223397
311410
434056
176428
616882
207577
371009
247602
230250
334415
271930
213145
424816
182838
314777
369898
289320
251341
336600
186074
331975
384442
319435
231275
225025
245900
267558
194338
249414
192563
296132
305138
243665
402063
293970
297631
399445
178150
436823
237396
172758
314213
307640
302777
411274
201415
272269
433222
297800
290866
394182
331078
376005
370555
330406
455255
182254
297360
326859
473270
189064
305121
421361
263846
195756
396967
442329
166557
293178
341760
404224
408691
397230
340282
423149
316854
191241
352219
330400
346834
212966
166857
382068
330826
306402
393329
395383
474856
166800
300836
336860
344364
225800
187069
306783
489652
389019
300326
405245
417595
331887
212827
454977
223301
345924
297768
178513
394622
237050
177925
217873
189158
169134
419227
173802
206915
158632
372696
366521
349542
233234
268210
308778
258847
417895
271423
225339
343728
208422
213222
437467
344882
190783
489090
304404
319331
433313
197813
484776
181697
399190
386440
251191
224354
403012
318553
407671
358879
164984
217819
256820
183444
190071
298761
322090
247950
232438
355823
297712
266718
335997
156022
311902
224526
212770
246178
278656
235166
161134
256808
157224
327922
184472
290392
262672
165460
347409
264650
210809
192617
180745
221404
253123
219731
163440
174237
165112
168047
197392
268886
170589
159546
192721
222429
172259
174945
268195
202532
281761
172352
171439
181270
240325
234274
161794
164847
254084
171656
307975
164891
307793
256211
200921
218557
163717
168559
185624
294571
169607
164486
197050
178836
248106
159805
199196
192183
227806
234625
231076
260588
194915
320954
216225
214913
251743
170179
200746
257864
268907
239491
224994
245095
316513
266587
221635
259581
162124
216688
218653
257711
219577
194942
333999
272347
205627
173871
196397
154754
163568
157447
245538
243552
207519
199244
226883
284186
260601
220771
252024
234320
182112
239459
301091
199255
191778
157270
210642
185780
250351
173594
252616
254609
250258
236357
210656
152548
194014
278845
250419
208188
177773
199249
203933
165557
354103
272264
297413
224226
249872
194943
210655
216380
214477
295394
224648
427531
202001
158863
245887
162781
181917
269069
167959
217838
164385
177989
156677
194803
199990
160239
173691
202465
167534
183137
171160
253094
175901
168598
170257
186173
161463
276734
223809
185282
234275
186064
311590
282486
168329
243859
215952
261186
209416
290926
238763
216999
164771
205349
192313
212416
192111
220507
199231
194046
150148
253562
168123
190344
231300
180542
243423
201519
369697
161353
274657
228519
256449
290808
299049
287372
309044
332049
260099
352198
346002
199889
205461
168063
242976
253315
188191
218684
261387
263803
300501
201684
334411
155472
185367
219719
200663
162893
173986
172543
307932
315381
178615
168726
205221
293231
248766
238235
392791
249092
369285
370608
299663
276744
320392
188194
361205
182107
252593
206073
253677
278366
246409
197088
261326
275048
242948
323337
283391
252665
276155
179798
159211
248643
175358
261790
189694
349501
273408
198298
162048
205574
256630
13614541
11493469
9427603
7342625
5223862
3149456
1067923
1863282
873280
523036
344185
179018
372917
162124
589917
306426
473632
366634
247876
247460
245300
193638
181753
173097
212433
210428
221739
255490
229277
274210
373571
216036
152965
207175
277239
207173
174617
218942
325916
172741
170881
192279
234180
171957
187585
146767
251968
174472
166186
295243
177289
216347
232453
181851
214837
189929
195769
217756
250944
208323
238418
229951
225944
202833
226875
233452
195942
200961
221677
228641
184708
245313
183129
328500
224995
236780
210114
269933
273901
235796
171509
243868
247176
198654
183381
254038
200164
198982
217540
179105
191704
186683
183447
194157
203325
212093
218308
216959
167330
227156
250431
174360
244521
238937
231968
256843
227846
188288
311802
240720
241069
276265
242288
215460
214578
196155
202863
217743
194912
242794
186095
198805
192193
169134
182161
176154
216838
212129
210363
178668
180827
163699
190476
162446
253230
172816
180279
234417
176226
219604
168218
175418
189862
182216
184030
186600
252955
185252
184315
217328
183873
201155
176822
204303
168500
243339
214740
196805
187008
243924
177918
240086
176220
202603
228467
296417
238868
215264
167262
245662
164767
271848
244905
251401
204572
263335
187702
267824
205534
179554
181272
222899
201822
216822
208845
216639
183589
235421
183119
173859
171964
191827
159517
188928
193507
198411
179793
180332
231597
179881
216217
185196
189843
222179
195546
230219
172501
202544
173158
268651
178544
205521
201719
193975
267519
191497
194100
222341
213965
203264
185239
204469
188801
182239
212526
173980
183895
218931
208729
209759
276668
217191
180642
236890
175177
257464
218505
185297
170063
175849
169994
189416
203668
206794
203490
208498
198545
196275
168234
235408
235840
196052
198663
192014
194098
219662
209537
209308
264771
186923
211150
199991
230416
172553
223145
161458
234937
210934
157128
180172
227763
352735
180474
174849
311151
215831
289647
258940
230175
186091
184278
280673
178943
219292
173608
269893
201482
285752
189047
195755
219134
242000
162738
228138
242352
196055
168189
265952
214097
188817
274059
167915
237684
232627
280631
291822
256075
248929
251332
216665
220850
167023
305961
203171
250886
160613
251646
202240
171590
207930
176067
160579
228546
191884
180887
162576
185699
172694
166192
378806
282400
239534
372856
321099
312622
324760
232100
315814
297588
284026
358562
261751
153918
284862
341632
385323
304817
257670
268956
239309
277074
293236
342762
345076
274260
301280
183420
311119
184368
184960
173763
203058
175504
276257
168359
167340
171093
268169
193370
287589
324614
272273
187872
239212
281536
255917
208569
203984
247568
168905
195879
218712
173382
172384
208629
162418
181635
173172
246817
161924
190648
303724
172938
189259
188529
252869
191927
180025
206952
200730
204323
188527
177392
189849
194499
197090
355277
184094
195065
206552
255532
224106
198347
153020
186155
184278
174581
149860
199463
292642
260219
154874
187629
209424
179641
173781
177527
233530
244603
199086
221787
161575
175985
209235
157695
178191
198085
182278
167789
158141
179412
172161
179480
171894
211929
181895
205243
179871
208466
186818
183230
167099
168251
171938
241260
168125
181818
208013
199495
198641
269791
159580
255769
275493
206126
257665
201613
237983
161574
269960
205936
255908
220623
177800
256871
179410
224318
212828
169453
168257
231499
209127
196504
274662
158461
190819
176786
176658
161244
164124
324462
177286
171093
204323
188078
214381
190261
201900
172612
197306
212273
172422
184412
198616
172068
185762
199593
234239
178701
208181
177177
218476
175600
155784
189022
180258
194179
191138
169264
174020
215784
165389
184838
173927
192566
206942
174653
217703
196242
183551
156410
195585
160996
203662
174385
285298
248277
184468
174382
440768
230665
316307
238698
216680
272134
166922
192096
189503
197571
182314
254384
14487794
12359303
10300555
8229959
6106130
4045778
1964759
2345299
229938
744055
449249
485485
441994
337421
170719
295615
348459
353507
286193
193744
183829
293485
289554
292391
255266
356881
331866
235974
329903
345801
225563
219950
280814
208562
246767
251517
331565
332567
285300
178644
181414
292703
331855
353317
237192
171549
257340
269241
276962
203642
344452
300858
174509
251356
324561
192967
177710
300915
189404
166384
215241
266542
212422
224640
207829
211431
269617
254420
349502
301652
268733
313568
271759
180811
282316
169722
204596
209867
275537
220436
196208
185152
274348
202102
205148
321201
218368
248662
187984
306591
216950
189963
225724
207839
193882
164469
242778
221343
182027
160325
182745
168582
184682
215224
215291
220468
168879
190907
152618
203212
220468
175633
196538
172850
202292
213778
193756
212368
187488
187315
218859
257009
174352
187414
176021
253286
162826
244289
196097
248983
263872
204416
206091
192699
228334
259802
215598
170266
205329
231003
242728
180327
214856
166181
199267
206439
229347
227782
226384
187823
294259
230099
197622
168016
163040
237691
251441
272231
176871
187948
187778
229311
206534
159092
430521
213500
188232
161305
178317
159230
177636
193492
210024
227190
191169
196014
175081
190467
295598
205274
179282
205444
181408
181965
176500
190285
177137
190054
172831
151547
229574
226884
176697
168537
190654
243850
159227
162648
197873
328975
155703
198546
212265
202103
231080
157500
166443
167431
168562
165222
146565
146462
182777
217874
165838
166033
262734
176120
155606
209775
169581
182382
175469
156185
247753
173474
168754
162200
177835
171871
169145
203796
234602
187255
158399
182112
197573
190257
215106
228954
300308
158807
155708
191347
238708
182076
172078
305566
175728
201588
252005
259583
168712
252009
167116
236980
202320
162175
245649
273041
193740
232478
255215
300752
249827
252467
270691
154406
275136
195741
250107
249475
260867
258905
189790
321161
197855
209050
255241
194596
225213
300401
178004
153423
222719
235405
166987
161093
226291
168996
240948
163661
210023
170331
168226
191701
277222
270715
205347
230488
475354
157447
164066
302330
320844
315077
206431
230492
170732
170220
166973
234005
249106
367936
267932
223088
268087
252315
303198
213849
307812
210727
157379
169816
210519
344994
361164
202818
186775
248796
208450
194076
163218
185317
178169
167254
191626
218795
223667
258228
178322
206805
218940
182788
223152
176818
180269
206136
187134
196481
239937
172327
208695
171975
257418
156591
189529
193644
175248
172121
192024
219035
205147
194919
272263
245719
261110
251705
179696
226015
183464
220601
210324
278652
206241
356852
203765
287195
165672
175986
274373
236312
229424
226145
320253
162988
265676
248754
290335
165729
202095
263407
180017
271263
221719
189714
204077
190372
165594
176580
209410
244664
181674
181037
224494
193458
218413
180643
195125
237562
190799
152422
182214
206207
162963
182693
167009
206009
167817
221883
238047
223229
254314
179227
265886
356904
244561
250513
160806
202164
322483
173929
176146
263174
240778
208587
293821
307987
162391
288282
272133
170913
208764
204538
233000
211577
176461
169230
319974
242671
287660
179384
176765
175508
198433
157285
232715
294676
232352
270884
189675
225355
190733
291928
355638
190349
219522
289085
199632
173956
325515
313151
174446
355542
207146
295826
257095
300003
368635
409908
451157
360677
282967
303269
261718
337813
401956
367369
283477
213436
275039
474046
371148
300325
455587
383682
371984
369655
374598
404697
173214
294670
304536
313514
266387
339374
257670
220215
232046
218882
305410
356050
452775
265014
243421
330464
253686
282368
385490
273300
385453
322392
276403
300352
166073
285953
161364
466315
170082
461654
339186
376651
165693
318121
167861
221959
404469
377772
352039
259383
179190
455266
191149
287113
298202
200889
181893
239256
178019
188878
201878
179964
13262905
11141244
9110650
7031943
4908285
2829972
745798
2610084
484323
667164
666647
353775
475896
334206
354616
549659
171438
297603
512073
481098
163106
462104
514431
394748
251001
175570
521957
504276
454451
441165
171671
492479
445578
189793
443422
513191
276415
401909
336165
483535
269060
245701
334865
237509
430464
455051
493761
316890
255426
518873
191077
482353
409749
487710
454761
182174
231444
454741
511435
316689
336943
371645
406342
536838
432497
402292
155535
185434
265929
476175
386339
238536
428717
507252
319875
395074
459091
438339
415554
318356
394307
171034
301877
400964
424409
257603
378217
315186
283352
360385
197725
267688
568336
394829
332925
317655
319450
411327
379094
358358
353669
352567
287563
277507
385820
240986
182075
379689
275147
310162
328006
395001
315733
167394
167641
231306
171034
559017
497387
587854
322861
495678
294719
323696
475021
245464
360360
295501
368290
217614
482251
350242
446367
516701
557652
171371
194245
243909
383511
210904
519724
183447
380743
525362
291803
345346
428139
607916
216298
381103
357415
318813
418285
329843
318197
535719
493325
502760
477476
530465
432850
422797
515026
560675
180048
576471
579387
295959
474601
330410
428750
553736
178116
156070
451715
546498
185771
598297
330473
587705
331009
490261
328403
346074
368891
507281
307050
405526
359084
355930
264695
291773
260525
523662
318856
362876
480161
418191
461853
423384
360648
580088
589652
537323
415943
551020
421290
445850
266274
232069
372584
467678
170602
293219
200043
359387
250449
255651
415649
200828
180895
261969
181718
481860
537167
439224
236190
359486
194131
239743
171638
280649
370022
463349
165179
437220
373554
336745
201841
437473
334798
287124
278324
169049
294417
435489
176819
406897
391117
292420
458197
396786
315776
313946
279059
379975
245454
393351
293367
175088
297278
303032
395226
362589
179944
313574
292570
396077
315318
356753
289002
189680
392892
185120
321193
195624
316584
388556
337782
341763
393479
309283
520109
227160
374840
185515
365502
239129
385609
165292
340913
382198
208831
376349
168898
169924
195904
317589
278668
271655
263827
165822
327366
302235
265783
264518
373300
375797
171869
166199
340949
343289
255338
273990
160756
329023
291871
240829
309079
331328
328812
293623
336815
344242
215954
308936
328578
322596
267936
253759
295286
286102
307066
233490
175545
263949
290648
167472
281341
337750
296746
305310
227349
264092
249446
247043
272229
201126
211593
264566
178779
181512
251602
194163
188374
234499
227631
241306
220726
212638
295450
228041
176559
163766
202640
183620
182042
210817
182600
204234
182960
195687
216397
202305
178330
160737
197722
191632
239301
197030
267703
243787
258754
214965
203259
322036
287817
285769
179379
219370
238559
268694
191354
264343
285500
220449
254668
277213
280541
174682
223824
271253
183496
231445
182067
225224
261528
275051
221183
287850
193419
207754
252580
259789
155056
268830
169173
192220
197430
199452
273712
178627
219610
192017
240284
294007
274984
206622
188073
171749
180032
221138
233396
229486
209666
213197
162520
214099
184424
194226
183699
158850
186576
204617
199533
175451
169189
185284
200852
182311
178034
213507
174156
180269
173751
190268
181377
157959
142439
166328
182265
180689
157255
190289
186858
189225
196999
165517
171117
169665
166182
224683
172944
184092
163285
163020
193048
171808
307114
194075
253823
188416
206772
173104
245333
202225
182090
190994
164385
180966
162611
160242
156079
169324
161017
244153
210626
192588
207620
183135
185169
196704
176735
175992
185209
178177
194154
218271
236949
176313
173025
193499
178684
207506
160423
197868
228304
280028
259780
333342
174529
267283
260683
187176
166632
206836
200420
197598
240249
200622
194999
179200
198246
213071
228932
222594
160729
180814
173832
183356
180462
185129
163103
166763
182000
199115
183769
179618
164620
173970
219784
170019
16314537
14197051
12157208
10084341
7959621
5912794
3840341
1712575
1187775
1282990
733097
289239
166609
229121
349050
242531
387745
344454
345641
228171
298889
223595
242553
175197
232585
190976
230454
247744
174925
225642
179118
219720
174771
171807
246072
231372
259898
190548
246929
166028
240800
238938
152596
277426
173491
243448
264552
344165
241120
257397
167092
176982
183454
168534
315381
273729
180406
185513
166748
197891
299115
223828
215150
382174
326453
264348
172053
193078
224676
277605
174250
156932
206968
178846
284708
166295
201734
343535
164329
319283
258506
249627
354758
237047
225794
374802
255915
275310
262118
178078
329798
275769
291733
283520
178788
257576
304448
227729
293213
332074
304869
319980
288167
291328
334720
330853
324048
182738
362475
225801
211548
283228
171264
233669
216338
459309
276780
391295
197939
245157
212896
208260
232951
388692
228454
278741
254250
246855
249162
349269
356758
256795
360957
384684
337904
258633
241258
251121
187335
199895
183715
410898
187540
218569
240150
375359
307119
316052
329809
297538
345907
388007
325603
375709
296682
190023
197712
342630
227564
235680
185594
349088
337891
196064
348700
195957
228181
254852
392069
255023
217530
243241
256900
383384
229806
340343
187154
306165
346612
330431
277374
438808
416573
317463
336357
259462
289547
304098
194784
290996
165929
289082
206230
171867
217431
261129
343665
231841
162261
343047
252040
183426
318597
276996
314868
287905
182965
326206
277735
170911
282602
296201
263928
175025
312341
191889
258110
229251
247189
315069
325190
169799
237973
260533
356543
308024
308443
338220
274659
246725
232861
325251
350073
276755
275192
186899
170217
259238
309649
169676
280407
320944
283904
214329
188871
167257
291275
225737
332390
289479
385717
224822
386723
209660
231448
336996
310003
221435
268759
347308
297908
317440
366970
231206
276497
188516
266855
304887
281660
297462
259184
228196
298775
218131
272167
269700
283384
149375
221516
281043
205541
273316
254267
270157
175882
267900
262550
268684
231307
256626
216488
180171
178656
253160
301864
163964
202351
188931
297708
285047
182291
181148
163048
175626
183825
226093
182018
180384
219637
262685
196555
180964
188734
172704
227539
229523
225170
221818
237517
184296
167729
193787
234933
222915
231051
220498
169489
196679
197316
164889
170981
168526
168425
169633
182525
164238
287279
215807
154808
180611
162586
178097
207861
176190
180959
175649
222791
226764
323635
200550
259778
193387
171314
172848
171143
170346
163618
167853
157917
154638
274349
205604
252734
228916
219340
272463
292684
292965
242684
206627
170907
157357
163939
247229
262509
175258
250942
203699
191876
256143
261197
285800
191602
174628
224017
164795
165717
248238
223522
232633
238467
233725
169277
251480
305934
264989
281990
319409
217049
259988
207288
223868
211939
316221
191751
250370
197930
225367
196119
266119
314470
197095
249055
337843
266879
209802
200544
216411
224972
203468
256097
274395
248081
195703
175925
181264
244773
178639
176095
160759
316438
245019
162757
284684
281623
270385
197464
261142
250595
253417
183704
251506
230063
244439
263334
261583
173995
281277
271093
205467
270342
209723
293752
225994
238185
247116
292755
291428
159789
184461
181495
217790
236659
204003
223994
182917
182880
238053
163154
187745
195860
203960
251353
166162
184909
188057
206980
205567
192131
190797
192333
223794
197322
187305
222625
231371
203403
214467
221094
213929
1559243
772512
177107
511489
289235
185638
241515
225806
211198
192278
239789
209794
219370
184593
199619
193437
161652
209770
221651
183460
205074
202859
187965
185948
260935
176080
179087
167272
221594
245763
203092
263056
265073
167120
164553
226742
175973
183712
176989
155200
215023
172814
170506
179888
231464
176220
151547
244039
166627
220967
163083
217168
179558
229211
313036
208323
259139
306814
277471
337406
264343
269125
190455
12414578
10288481
8197168
6113189
3995245
1926393
3673197
1600004
629836
181355
555604
405367
226080
356218
329003
337246
416545
317627
199385
208115
322572
306596
379944
270841
224488
244084
267180
314048
243240
326680
211684
153222
289245
284479
190726
270553
173504
219344
238520
307567
166000
160503
218006
210612
260630
302663
316278
285754
238600
245702
222458
312121
177270
193129
183095
154161
265222
260126
285390
216462
306488
212366
178797
198841
172074
185879
174305
257135
283493
329360
304655
314168
288191
310682
273482
294998
322864
358856
262401
219585
266344
294347
302576
318665
327480
315614
172125
312826
311566
287331
339067
289757
230548
274427
309941
315493
279377
301356
341393
285936
186716
227508
185265
401728
297755
394419
377866
184030
287958
339266
470422
260063
241244
297399
275939
362290
249169
201857
314951
297857
202841
464910
365647
341760
272933
354831
368473
205636
317149
254595
159156
387831
336456
290697
202887
382123
241458
397826
340369
216444
257933
248323
185008
357284
358162
374881
387318
328097
319308
242235
251115
216641
169803
233353
264967
300845
268871
321683
222829
206904
271927
337619
429914
213099
274237
362247
390768
372384
340893
307882
309595
327080
408740
336588
230196
139672
308249
317045
351785
339709
373173
200754
289008
346220
209724
329342
310102
288451
266235
222062
328229
371823
321839
245532
212208
355933
291212
272544
259042
308115
324060
243904
297212
185403
247122
225709
327578
264148
211443
242079
244020
222032
215950
197397
230290
197534
203478
318404
215676
230503
218041
191386
244729
287383
207928
197343
180103
307881
175337
277883
266681
185034
164933
256522
258181
198048
254292
242871
236774
233259
246349
243271
176740
165257
195005
226508
191800
205209
155200
198031
177662
158801
166807
182634
181991
196179
191575
167234
201868
162066
179492
213946
182932
196374
186564
160859
191300
187583
196877
178360
199658
174036
190784
158443
231865
188592
200841
173824
214224
215196
163978
184318
188176
190464
189376
169886
213115
162342
167949
178532
200193
183824
187903
167346
163658
204787
170348
177588
227077
258039
220369
220394
164316
173653
207251
193629
219528
166878
189794
170961
209046
165628
182601
185299
191539
221576
166895
182333
168498
199477
188250
268645
215964
264900
228946
218922
248295
167799
173424
225710
221481
232221
179437
427860
202287
182633
175557
183315
167932
189310
165697
176164
296867
219374
175919
195260
183364
207839
300820
168963
206783
200073
177216
185594
177760
170805
188879
157398
191094
178253
168156
209409
172184
181477
173034
178917
174868
177063
167578
171822
185769
181706
131167
168848
185224
205372
171392
182757
209138
171215
160493
180543
162942
210279
194364
186222
161126
159793
192495
176121
192668
196978
172427
169575
206742
171842
192322
199851
193799
175675
186998
179255
164026
187186
179853
184309
168906
152607
161170
167140
177812
189561
188758
152249
166103
188907
197608
188518
275942
199754
187530
194384
254247
193363
152906
218593
259934
164783
171797
175855
225973
247502
216356
222165
189773
193083
187530
155633
250715
208107
225486
173902
199767
175712
182178
202413
166378
188596
207518
227204
263205
169219
187034
207334
224694
313070
368689
170524
170225
238563
163184
209489
185867
209579
189094
166122
286766
169733
171434
255442
164491
220352
306352
274194
283202
172734
186369
247054
166021
179359
207913
262164
176834
184329
291036
207102
300954
199669
216108
168609
194462
287796
236031
243598
292707
245391
232974
250598
233055
255047
254160
228716
195804
224012
244702
208147
227206
217339
244116
201472
197480
211370
263261
186682
167496
202715
167294
173899
163855
213704
200999
213249
239589
195454
201918
166777
221606
222642
191525
165070
204690
151391
209601
180563
166290
235511
217967
162930
200998
252992
203087
251599
183514
253959
154623
262962
257118
220676
220580
255014
289192
15740477
13619836
11574797
9530450
7409013
5383236
3322613
1236581
1535123
662001
316920
525263
362283
443357
425333
429569
411913
573186
458152
446742
174936
214974
169912
163113
255689
224858
314760
176840
300387
241174
207401
155839
210290
291696
268149
196443
222210
340962
232923
262311
205236
257219
262556
324010
159338
168068
191980
253523
163711
214171
170637
203522
184746
184392
232135
193302
201699
177963
175850
184173
160616
173064
185908
159315
167020
160624
197365
172787
178915
173305
165391
189821
192039
159335
162840
209842
163113
198366
186511
196242
166579
181127
169010
200239
172057
202025
180173
223584
178422
171278
165461
178830
182567
181568
177852
198277
189053
173710
193610
187345
195434
186293
177865
176619
184297
188311
204595
174952
189210
230340
173765
329592
210475
175568
342055
174224
211665
156016
174353
237981
235336
234990
211585
268336
199089
188024
167490
261828
213706
203479
251382
270053
258404
208221
289150
188182
303401
175338
242495
179434
253299
168857
227400
232683
203860
168783
209731
267840
260354
159825
201300
165974
238106
173054
173577
231877
167115
182369
179113
207109
175207
221477
204338
288168
191157
199376
187221
188652
177956
216229
241169
179556
222254
180558
375826
202865
222746
168444
167638
223319
211503
238114
218885
208889
205463
216878
194325
176408
163509
215194
179261
186978
209837
173911
167107
184204
162215
189645
162592
176745
167994
158709
172671
227430
203313
173163
201418
181184
183264
191796
193196
190916
188737
237540
164422
194376
163376
176308
175213
176411
305255
168950
218590
168659
213372
161234
167785
157581
198897
190698
168725
204159
192853
179497
199776
195557
167297
171863
174801
178914
233755
204288
171738
160836
190133
200713
178260
194159
182075
210366
200063
183721
193049
201063
203368
185148
181245
196662
232391
202303
200372
170588
196734
166512
195440
168581
222255
189921
177868
163879
205936
160461
153979
164487
222046
214159
170236
217384
175332
171288
169306
169003
210956
178052
172572
164893
196360
229518
177412
180045
183417
225443
175992
188249
191647
175963
259658
158943
193770
170077
160435
174528
164956
155769
175131
175707
176946
174475
161727
170777
167370
168143
163274
208414
204077
241556
189449
205538
168398
223948
212298
200408
160127
215538
163287
162487
168042
154314
173196
175273
172579
194713
179976
207797
177578
174547
176927
162085
210302
160138
168411
187393
184957
188601
172349
176666
166706
182284
178792
192590
203961
196204
221265
244565
178391
209523
191296
201634
160045
217523
204904
279439
188034
223925
177913
286032
183575
201319
212466
189609
208471
242004
278798
275881
247669
253269
231666
264756
197278
173649
184502
284662
184520
253695
354869
368740
394963
248839
221880
319989
311248
319810
313492
180797
220330
213508
226093
263246
217490
291852
374885
251203
358114
184486
295840
181970
168197
275239
249927
263990
263454
287491
186815
176320
240901
236922
217545
168630
238069
165945
222716
188404
222476
185689
222896
376305
178584
245038
298375
246070
204296
265479
342100
280951
274843
210953
281377
202658
260998
209511
235911
211817
313589
171768
259515
294661
287146
372377
262642
211477
287685
259594
327850
248807
284557
405734
172022
230036
290904
256161
215521
281667
270777
221469
157546
165795
197856
171479
159617
164285
164990
196028
167022
172507
201612
200618
166163
189153
180354
163736
199388
161078
199168
189357
189296
293351
255560
229383
227824
162967
189608
178502
268750
235263
279342
202697
218376
177017
209875
237564
188366
163605
189715
245168
180864
229858
184066
193176
200997
192088
230003
251725
163733
195031
334879
195959
295376
281106
320943
212234
171211
181668
169920
168563
273468
288475
231232
161284
175776
184672
168661
176555
204033
188860
205378
252433
264519
254792
224242
225710
362145
200680
250335
183915
165536
305784
181303
273850
175883
223060
194291
274083
231112
16269835
14154609
12096702
10012016
7893326
5818177
3746428
1639781
1493939
1706616
1541465
626199
586924
425152
346738
153972
435559
371591
292177
201214
211350
324072
223674
348349
234930
249539
178251
167638
301241
233716
249577
226909
219748
292280
285727
269862
213435
255623
378268
248378
437824
288369
182093
236083
229694
245093
185036
273735
232505
224400
217251
202073
200730
203903
163320
187434
239535
279235
238974
237351
195037
282875
247463
191301
283709
241136
276174
211248
166710
183230
176853
314609
320679
208636
307978
287719
230631
171208
247370
297770
249873
313570
168965
171452
163864
278451
176572
204958
266377
183787
190477
189660
185030
179963
191820
158130
212657
201460
170201
186981
224109
166999
180712
196690
197126
221234
197678
201069
225922
188648
254966
252066
257233
270555
198204
229251
188147
222423
227108
198826
182523
216882
232285
196127
164390
176313
174274
164247
201460
168059
264623
187652
231708
196903
202463
174841
177877
171811
175917
176062
181386
189183
215865
201178
196227
213015
203758
167140
197605
226652
276053
175339
191271
177142
184285
241018
175992
239499
191386
156437
213818
206622
196840
211839
208110
166949
202609
231733
197541
198052
217372
166844
165429
190228
194905
171295
194445
161670
184504
169530
165303
164851
168119
166642
222721
230703
198999
169408
203625
164808
174991
159985
194937
195646
251122
236060
178326
181026
283669
264065
258309
273479
253569
169487
163992
268283
266402
233220
246529
278358
167275
270006
302116
245713
308840
256897
159135
255081
248657
197097
219503
177691
194729
261704
194056
168801
218041
288052
178960
240367
164759
223452
163197
248981
162683
247490
166383
170384
163554
168557
192642
272317
294558
305934
192607
226541
254835
174607
231339
167579
148208
203946
180458
174609
224513
163033
193721
189276
179471
182161
188092
170307
156638
259267
154089
155098
258574
181697
380060
176949
329406
224901
168771
159355
227582
262849
169498
204931
165731
172882
182956
183452
245259
236851
233137
166091
222234
223985
226499
206352
168486
224295
233927
243368
154906
186340
207120
178841
180705
241897
163438
158718
197923
179355
253569
189278
196629
166554
255181
214072
171564
218863
225022
163298
183400
158577
183850
180864
211966
212399
170454
174803
198766
180287
188899
167716
193657
162556
186188
199768
219638
179398
205054
259482
293665
180034
255027
250874
301400
182848
239891
235570
188039
217099
178814
289191
223861
196775
172458
225716
229995
194682
194008
223187
192170
194217
206643
183517
193897
181110
235964
169124
193840
182660
202646
230514
178598
206428
234773
262181
175041
245591
186530
179963
177285
169543
160136
172804
177818
178207
183984
197076
156259
206343
198000
184873
207789
179839
183185
188703
165322
171003
189266
211941
157508
178112
268854
212627
218852
201880
192771
240736
188026
183921
289840
197756
172098
314090
184188
184345
176413
176940
177429
314619
275469
240168
327890
314108
346190
206964
190886
199361
209404
164818
216642
292448
241454
233087
183559
212501
190371
240591
306545
218938
297896
282886
274518
267590
301083
200025
260301
275211
193332
292192
182610
152902
284552
320051
176678
286812
282341
292221
195174
218295
219287
256217
187896
285594
232083
197050
195619
165456
164454
352120
169990
319944
293451
289178
191577
218718
253550
233816
246988
324197
175800
265441
227865
324605
173873
339781
314659
196545
219921
361532
152941
248652
252848
268712
239079
240124
324866
171552
204650
188045
268164
287361
272657
188000
277236
187498
169415
246460
181986
162249
202538
310561
216361
284312
191765
178322
204982
270376
320108
262556
203959
152131
167626
238507
156645
200525
235449
191477
243116
215247
172233
331580
188386
180913
245973
232469
222870
315252
163957
328285
229220
336488
189649
230633
217658
182310
259473
459016
373903
345827
396823
211833
350578
397554
182624
364276
229590
173307
194234
392732
14271167
12150643
10158675
8149259
6024720
3974851
1903690
3324775
1197565
1327437
1059846
757932
724445
511372
383587
337057
261445
346975
440639
510918
373090
176789
382356
276853
251416
305059
194243
202025
345976
293396
174612
373655
184611
209574
175130
157773
262611
294271
191754
181710
220605
299177
199285
228337
192880
189593
289778
173899
277988
226766
235126
164726
208641
238403
179889
207983
227712
193264
198289
173360
248032
206954
188009
184592
189623
177640
164958
209014
341672
191540
243352
264003
310919
161322
222798
175221
289157
286219
247631
330262
292197
281742
288190
352713
187264
373957
239928
308161
320279
158305
249748
332539
157349
266513
272722
156241
414415
330657
166605
340030
258678
296480
171544
177139
296575
273432
275065
319843
300664
253475
298582
266045
311667
293764
308185
222494
352711
161479
189437
214044
304428
327894
208157
426994
173427
173844
191878
296480
147432
268037
385637
335747
266433
392883
229318
376267
158461
312929
269770
288326
225190
208315
251449
189639
217240
225109
297205
198569
255753
240712
307539
289398
312916
161268
175187
220653
187934
268527
200228
245765
227227
167316
173067
213804
223787
179782
249047
174032
190095
167555
197744
206968
216355
208214
197980
158455
175366
167855
167187
167609
164288
167448
159606
183782
192497
144256
236214
177654
201888
204865
182515
168143
163229
249846
208669
151969
169485
186856
208675
169673
210467
179822
223987
225163
222442
354969
172564
179285
158122
167018
168953
182629
195513
210160
197904
171812
217806
199431
169028
209194
184953
218077
163568
181653
196750
213485
172142
194557
236466
192351
187240
176519
164898
201047
191679
167982
236457
231524
173643
181141
239918
244293
231478
252891
173495
166250
233452
215742
224791
184967
224416
172407
188077
206403
170191
217776
228920
258574
238749
250308
172759
250528
155725
258721
232364
233892
285452
242423
243597
213709
316142
239864
201514
263250
208573
271563
187358
280419
195718
215985
322391
246795
242461
311559
264006
223226
267606
297252
331900
364109
367574
173274
283601
365976
178617
265077
314041
169330
342919
166528
355781
394021
300780
331754
270525
175352
287778
313858
233806
160102
376239
313381
229053
291699
245107
183535
416590
380742
336373
167599
170579
464857
337779
167443
377921
342678
373248
275710
359110
379514
363781
303929
263070
417951
258117
388831
365358
196261
273369
212116
295275
314998
408784
375326
449303
421970
186024
369454
235047
291730
287073
357177
266069
219739
163856
438570
397925
186562
467004
252116
345091
360880
385814
315080
190014
239222
459021
288884
274112
209893
330307
389862
202341
182979
197780
161224
218337
183668
202036
169730
298136
213573
269889
343217
190748
226888
214737
302813
182857
375048
239414
166929
257585
355251
233670
271251
183112
293825
292751
215169
252640
172902
324172
327517
179078
195920
256256
184619
316901
213802
339910
246691
416061
171632
165092
275445
246521
189742
244166
279971
183681
232531
199663
204876
213071
226554
330502
177583
186544
190870
209773
252529
408721
170987
268069
201171
324144
174996
287759
228336
229784
185434
219124
178027
280430
315136
211489
180775
185304
265464
269969
221270
277476
191702
330168
158749
273381
221469
348654
183812
262804
185569
307736
261051
233532
238036
284532
197810
196442
181052
231399
241619
247062
280860
359573
252956
254518
177321
217610
254121
207811
177738
163063
189394
247083
356254
177602
292985
178476
304779
194362
294438
213672
242399
304841
297371
178158
164799
324567
224932
271955
179796
381984
272326
309110
329614
240637
262009
230645
249759
184812
194574
154781
259614
264381
307968
378000
376559
392030
241849
427035
359541
383862
214540
162048
347275
180761
334826
360415
399480
292159
187619
494381
219550
249429
384438
396491
417615
344758
243746
282293
202320
354333
358110
458283
340336
414419
388548
393056
270203
228111
409387
15022484
12899772
10850741
8768871
6709823
4591942
2549742
1981828
1893998
1101678
645162
410404
556967
516019
358226
589241
521057
328431
324964
416925
181800
333579
429849
286403
332469
426576
374182
360072
336357
309720
176714
322438
314636
204499
311134
411503
268003
179540
292010
290010
341015
380239
307507
404463
330992
175223
282418
341122
400113
245198
332243
289995
235470
377434
193652
322602
360957
227922
314428
330940
345550
374378
326457
304822
373777
313124
282550
393578
240419
296035
311894
296972
308839
307854
270499
236915
281624
309401
253040
188213
247461
288290
275535
255633
239289
412425
341650
267858
216862
302093
355350
189104
188408
163129
285684
292454
373216
233136
288881
183709
175457
276286
357951
244382
156611
205447
241114
265880
285018
291723
363257
326938
271349
187734
241867
208344
235522
155874
251488
263337
256869
291238
282134
239536
188037
325693
384139
311246
291690
191239
251520
223314
176353
337635
195068
381160
325380
209534
187338
316889
367732
337191
299470
384774
173314
298618
262065
334153
347008
171789
221350
333244
334546
338180
331146
315319
179324
236624
234086
228109
241391
227873
361318
202704
188515
322592
283933
412283
335349
252087
219323
315925
345032
217259
333771
363713
282486
272664
193342
253622
326333
296099
259107
156600
276854
240058
237129
241342
186290
183654
375632
382450
230878
351761
175116
229411
259258
165492
270224
345912
241110
239393
330513
203385
198432
181662
174716
161672
160281
216998
253488
266703
232856
259997
163071
174583
236096
260725
223179
235227
314467
201049
216285
175310
247490
233473
234957
214678
205573
193632
165820
194274
193155
173686
219883
190267
215860
174410
198755
204465
226722
242616
167226
212062
172171
213223
215184
163153
150477
202727
189546
219940
233334
161202
216317
177964
235585
201368
181091
173026
164301
222707
204316
204956
183055
194832
152761
203623
181423
206024
198589
193242
165877
197484
196311
220755
179736
211624
176808
171976
152952
190687
190632
193269
186091
199870
191140
209482
159003
185770
193786
166102
180598
283006
176901
199309
173075
191644
193253
190189
194360
185755
217669
174832
202178
199140
174048
186950
233644
187977
190449
220372
176382
185256
186487
176371
182881
183866
177877
177683
177711
177722
179791
223343
182835
185978
161530
192732
281493
266382
206795
163784
232053
268923
329470
264570
299496
321034
222120
173417
164855
278939
176638
190810
241201
272295
176334
214475
167096
164312
250759
178574
166886
165576
189823
156279
204401
196146
169493
197376
204120
257597
232801
158339
202910
271173
186369
224637
280261
180554
185806
184250
176034
246277
174940
241879
202327
171428
194418
212134
222585
290331
192572
174081
173246
182159
299950
279646
191393
196084
312738
243125
194420
195844
196168
205498
227043
251611
378475
366654
229050
265738
235320
295523
161721
275095
255079
203835
263970
306565
274999
234174
201533
208492
188070
223025
213818
195798
229121
192806
204407
191702
209711
188644
225508
199466
183842
184942
196994
195312
206615
245304
197433
191043
201066
164282
180385
176049
242567
254176
168754
252403
188676
217019
191823
193498
238276
194579
178845
205277
212762
196910
168836
221061
213486
170943
150467
212187
188942
197284
175414
186288
183371
205493
204517
168277
187631
201712
183955
160411
162633
213512
190390
195870
179211
169593
192157
176504
163366
170864
159158
172433
178804
186562
159940
165439
189835
175010
179794
178785
175939
177584
167782
182140
168840
173869
183393
181323
157048
194051
162363
176978
169266
192421
178028
184539
183186
169206
174667
178506
178059
185112
166235
184776
182892
185581
174304
170624
176486
189941
180279
193612
185349
178881
277191
268356
279862
223086
161672
205047
212532
264117
182345
299824
276361
184408
170501
243158
206416
170258
197617
216623
272772
300969
232771
249978
301584
312322
297916
234413
264573
292240
13060372
10927121
8873035
6742735
4667909
2593449
463696
2455303
340551
1284967
361541
350667
198766
314432
343685
380262
364727
489842
546286
207772
250083
278560
281558
265957
159359
223669
212117
269089
272050
168709
334754
368882
244368
349493
265072
213849
175199
282814
257068
183229
248966
244686
209172
179141
217374
211239
184480
163196
202970
259902
193534
266969
199281
143448
268773
185952
186464
177727
210520
186196
198247
247982
167907
189075
193861
213778
239928
188498
254374
226508
193618
155806
271383
223072
270508
272995
213341
155249
186661
171362
221769
190485
161183
187886
165590
162379
187124
215710
239033
269564
239711
162248
170184
157144
271618
163992
277066
187420
215987
283791
181207
211051
248042
230066
169335
329126
254595
207355
185037
232747
179244
205639
200407
182872
213960
251318
162713
216409
184847
178351
170952
158791
172128
182940
197029
169312
171832
175308
164174
177409
156845
153980
175129
167039
173470
160005
167996
167126
186947
193804
184452
158889
178667
177440
176965
193779
172544
221063
197167
192475
192715
190971
183236
162056
168930
164982
190885
188232
181607
176294
160586
186493
168702
157950
200220
161094
179879
163052
173265
182873
165852
199171
168248
182052
192900
200387
175825
214122
182695
181169
181364
164660
175902
189077
205783
173947
171887
183240
191181
233075
235906
179522
210668
175338
181455
162871
140670
184601
195225
179438
158147
187339
175829
161417
185770
165196
193607
176164
199430
180476
222613
166812
178908
161010
219427
174600
188419
212055
180330
242890
180062
195039
189140
164809
188830
174293
172038
183396
193283
498583
187081
161597
198061
174674
187349
173415
174012
161972
190825
160796
187980
179062
197551
170656
173752
172224
178490
196775
186903
191772
214547
169552
216652
167595
192795
188291
184527
177497
176036
184384
222871
216858
186962
209940
180180
175971
162873
170812
201444
164914
194456
181034
174716
197956
241458
170530
177655
187449
177900
238579
226839
256134
253516
166317
209092
283444
174144
195533
167181
185149
172488
184037
185770
162066
213612
210867
221154
190176
180961
214678
231567
195137
206520
224060
183763
198259
183374
199028
205591
161291
198703
227893
168444
177739
197981
172654
184464
163551
183772
179934
206870
153621
185917
171405
196583
191365
176131
171656
178951
202383
189018
207925
199473
247180
157678
194773
247375
218838
239144
182331
198786
193293
208738
178879
186518
160030
140107
209321
180397
249857
180378
226857
275333
204532
175528
220934
322367
232805
194837
175028
252126
248962
225169
211308
240114
233989
182537
184740
203928
171573
180328
175195
208052
241187
234924
187877
225716
217480
173057
240946
195611
195027
190071
261524
244146
220670
179138
165403
197448
191464
190629
205006
220574
164499
170045
163799
175163
175953
182624
210575
204761
267445
185363
171681
168733
161246
192622
198801
226430
184238
288839
188358
316625
162096
237201
330745
169405
151910
262374
177702
192102
171611
195298
205551
190419
193478
189424
180602
169212
163644
173577
163947
226435
240142
182428
159502
230950
218862
169460
193210
200733
180359
240896
200870
214316
164933
169041
171380
216525
187130
182492
209313
203781
161072
307413
187762
251154
268109
285995
347670
250503
220310
272590
349934
202153
168181
237229
197688
271879
214744
189353
180605
256233
236798
182911
165152
179957
172728
168205
192442
203868
230612
212969
199042
223245
250509
225780
291520
186990
204546
261683
184848
169454
197665
227689
201401
176686
168715
192954
206142
227074
234768
179882
232977
229952
214368
218810
221670
214829
239216
202760
200762
245884
197593
272935
243873
174782
236556
202010
237934
185924
196172
228868
194306
166994
190030
229855
171547
243549
193234
249048
228986
298991
241072
164208
263687
273798
181405
167297
169294
302737
238125
161167
205700
193481
254291
348194
169858
280001
343945
207777
338936
324682
277577
12293680
10174734
8129699
6116593
3995928
1957947
3186897
1112640
938284
687378
219717
195362
172618
217870
295239
181883
182470
211786
168996
167065
168306
179608
211359
207013
193653
196279
183277
222217
201678
240594
210124
199643
201677
232576
181689
173058
182451
225617
168406
199960
190750
175812
164717
174383
211831
154058
215471
200015
215378
212988
211869
208082
228486
178269
168377
168242
206494
188813
212665
222536
197479
247696
188934
169013
177841
160813
154108
261059
181180
227769
158823
232410
280343
206969
198126
201397
195047
184935
166836
180816
181410
187156
214026
169679
188740
197450
199871
187326
195881
192002
235737
201393
196066
161859
212144
234523
165420
262140
167410
163639
196918
217107
165017
174752
177129
201982
171403
175606
170765
169933
223757
175262
176362
187792
172385
170510
168003
188459
179361
183686
167159
193152
226215
182393
175092
163618
222470
175027
173006
168596
156768
204834
160165
182731
184112
192353
172423
180075
167452
162469
188754
194461
196603
165300
186240
195681
224814
187132
193271
174297
160342
169492
197452
176625
157636
176134
161495
202627
161265
200003
169280
172276
159904
169460
149502
158962
184581
158861
168318
202869
157254
168541
190958
210075
213030
164047
168392
193384
154567
169300
183678
191306
189092
186568
178939
185959
160099
192195
171091
198578
154805
181751
170313
175067
162539
167337
170869
178454
192690
161520
172979
173789
178596
197327
162389
187769
189840
178004
168096
167006
181996
176206
167632
188538
177342
168142
173573
204847
176041
170595
159596
166603
194931
159832
172851
158645
156128
180769
190226
231362
214263
169428
189944
177067
175115
187429
183489
176974
260786
218629
185379
158351
175595
178367
213377
264156
186455
197581
197755
207775
145493
214083
172121
170817
185946
209786
179856
213506
175952
182430
220800
169273
186831
179832
229830
183566
180316
188076
213671
185960
198338
188714
180676
179908
207323
197069
196831
176521
226273
182464
189427
203675
190903
176803
193715
210665
224180
193574
197674
200783
198360
192694
206482
204838
227470
220840
220779
213568
203778
203398
200850
251613
201657
241617
220412
190945
194126
200484
209176
187858
235827
238567
181804
227139
201497
184686
234359
241687
222633
177992
239054
239124
220482
227005
206614
210897
215120
185467
213747
229030
204464
211623
237856
208382
192639
190974
209420
239747
226454
205192
204289
192728
250589
184525
199352
233952
173247
180199
249667
200293
196760
200645
213326
199405
197062
211705
158437
182045
160697
208694
252085
221843
264269
171394
236128
261579
231677
181493
179496
213461
176696
224959
221242
173537
253205
228273
211366
184419
231682
201815
201079
190793
158009
200689
175735
221004
206734
197507
240956
225822
208728
212275
198658
242352
221205
231899
167470
205217
235827
186799
161821
210313
213390
280618
225183
178343
235003
204486
236532
247407
283734
283596
229884
198876
182475
244452
284088
218870
203981
287431
185822
177647
213730
261337
248372
177154
252033
243999
232563
233372
225999
212639
197137
193365
183281
305526
367802
155670
240861
233362
211585
192794
164229
257803
168891
264903
179863
175745
330025
267872
198414
209646
293067
325918
352409
174631
380150
246229
365322
191367
188415
167587
233388
336923
249984
179595
174248
283115
305661
297835
171501
341927
264768
243413
262686
178722
228237
220805
169602
276148
220841
209317
202082
184640
192772
271547
187061
185390
200671
197540
210401
257597
219658
258653
265866
176163
194756
219663
250835
219264
244393
189540
200009
270200
208297
186224
203951
178691
219340
169460
231470
199541
209324
192676
225208
266178
267160
243788
179719
193486
238822
198881
178206
188056
179225
255896
187373
170037
216279
238686
229492
187343
177604
223938
248474
220412
214152
243084
180241
199149
205652
200766
167255
249455
172441
178691
202748
173357
226284
198683
177418
251616
184229
14517777
12465242
10343011
8295449
6224360
4097772
2032228
2774153
649409
639698
316772
368824
331071
236275
240593
337352
182088
195198
192721
173530
207871
221396
195172
187310
174075
186512
180274
166417
180920
195601
207664
194746
217499
202475
219469
168296
175307
178371
188093
190558
268555
171101
243593
242912
170678
191593
180654
165494
192605
186777
160088
217449
246347
238592
178900
193650
189333
217750
194426
229458
200187
207043
231122
210813
188268
186406
162596
242261
211760
186381
188957
229776
188454
184314
173601
162015
176811
197598
191591
182726
149889
171803
162774
174903
201762
166735
170024
151093
193064
179932
163591
180632
164927
173459
189009
177567
203077
158432
158180
175229
167511
185380
175756
186277
158882
170364
175693
202425
202856
161325
184318
166817
193873
186195
202782
177409
193574
155204
163362
187003
180931
176407
175859
160224
176537
191650
153431
166422
183123
164825
180203
218013
205616
215587
192716
210614
192607
268705
208551
180235
191144
285365
173060
210365
167994
193745
200884
191652
242417
179754
178183
242265
180093
174524
203268
190489
175444
160658
204495
175882
182783
177592
187026
272166
196315
229582
171470
163409
179549
177923
239696
192851
167775
203725
199643
165246
154002
180677
183462
200401
183002
184072
168654
194738
187963
179750
203786
173472
181595
172614
190423
170641
159053
196863
219218
159656
210358
167243
218423
166400
185135
183013
167987
189168
165864
169559
226977
230574
227958
288270
161476
222568
168764
187809
229679
167131
162062
406801
157780
223013
166613
181608
158981
216914
170460
168729
202110
175339
180478
312135
291648
165686
251824
167464
191141
294626
221422
221392
222488
353294
184899
188165
364396
328582
377780
294643
180834
173730
285933
338946
349985
350768
266649
187793
205437
168973
179269
153215
168993
220965
209006
184182
228703
216808
180761
167785
154987
222401
172143
181761
167768
171688
170752
181581
156450
185710
154463
167042
174957
223653
185465
167988
179398
237824
230782
183821
184618
213588
167973
199416
195424
176540
164512
168851
183009
190516
171480
199533
280662
234658
160282
200138
184586
183977
172043
167963
181081
227841
249974
178080
172232
182432
160510
261626
185255
250939
245558
162981
197896
172620
159785
237552
180871
196296
171130
184574
187443
171954
178362
194266
317639
211921
254876
282847
220727
259815
353277
221248
215497
207219
239326
312236
223479
197984
235220
251313
222713
343338
231319
191907
287278
171238
273263
254217
171541
247910
168141
209783
231972
206673
283600
267347
239787
250986
246963
205801
222148
187817
160176
268133
159845
159852
161195
151610
248601
246703
171705
200155
211742
163506
196344
192604
188114
212339
245378
215657
182919
189061
177484
204806
224953
174568
212373
182578
180185
160779
162335
211671
183068
212232
198874
158316
186163
179745
191958
178034
185038
196441
180981
170588
158727
253254
176345
251481
282963
230101
247488
251566
234486
182006
199747
196739
165968
247410
174516
177412
202918
216973
305890
191701
236386
207655
192521
208327
234087
213077
210336
199835
213613
190510
178930
189438
207008
215505
190656
235071
191623
195204
173118
201731
168773
252113
194954
231544
164059
237660
209984
204073
232520
228828
184683
253484
228353
252969
229456
211148
221237
224121
207002
230480
193616
223950
203841
242230
183065
187393
185296
216253
197122
235095
163206
174324
236693
282564
262953
207535
302329
185406
175635
246810
169737
187050
221728
189939
170197
161109
162010
219622
160267
159562
173325
265482
185704
196426
201982
185145
161313
159863
159632
192029
203091
167439
235086
217631
231819
202513
206559
196965
186128
180133
221266
252040
160511
178715
200749
198231
172523
265343
204656
167209
212540
278852
318340
259057
196670
218173
180151
202966
240170
204399
175541
241899
250138
201968
179101
244653
196724
247594
192073
192605
220337
185425
213790
14640257
12515924
10481722
8408821
6362813
4241926
2184930
2944338
828038
1314708
808808
702368
291838
388647
344701
458854
185562
416387
280287
297264
193602
195570
320831
195207
196219
241322
318907
272187
246654
303035
292883
180085
225854
294565
183018
174287
251033
164959
282628
184678
216675
278567
174687
188195
221539
171359
178858
178506
170441
181317
245148
172441
169350
158132
166797
222336
165464
168727
201876
170080
177083
173072
202731
169503
185933
232181
185030
184129
183923
168722
203240
188310
207167
184801
262643
193586
185363
244040
216277
244622
174010
259231
186395
214336
178685
259116
215371
241176
200287
264654
170593
183744
204175
229173
230078
162232
269086
235821
184582
217577
172911
186129
168642
258321
191412
181453
246540
181891
178454
159136
221153
205882
207559
186367
158199
173772
173843
184525
179119
174815
188619
179193
272281
166627
166121
173752
162634
219225
247767
163555
186584
182935
172025
175286
164285
171046
181762
216487
170578
176520
161312
210429
177565
183058
173027
168201
212305
195545
193600
156042
168603
186778
194189
187800
186479
176276
163786
167341
182130
165081
169392
185848
257434
160659
166049
198422
309136
303678
230060
175998
164210
175011
186079
220981
179258
166410
168548
183875
164587
166869
193844
175644
169687
179674
165960
211327
191265
204435
182604
255859
204574
207695
171828
255784
163841
180906
186881
248692
208382
210153
321874
272588
241161
216759
229750
163264
177852
347335
172599
157209
175403
161839
156355
204999
160553
175713
212875
213442
167165
193272
167457
159830
186979
198450
199644
180813
178659
189800
184667
191728
182012
169595
170877
167234
185601
184239
167765
191666
206135
182795
207661
207984
169364
171071
179604
172057
170411
171483
172194
203184
256513
191029
157910
187141
221535
152451
189320
176607
255450
234420
261871
282871
193750
162034
204435
201813
171209
206930
181187
218650
180853
215891
156222
218171
277284
175565
173445
167055
176287
218137
191144
151629
180235
192924
165604
164301
177848
163003
178958
189982
161245
156295
175018
163800
168559
153080
182990
263886
159531
274541
172101
169114
184385
156881
171270
178183
182285
158470
162073
171765
239475
173055
164365
183885
172076
179881
162899
181687
149121
169514
173562
169770
179716
174262
177445
199365
170393
172254
163831
205396
160850
241188
231761
271082
261683
197160
191986
201039
180395
203744
182254
196068
166585
171426
208028
217816
225959
176407
334531
258594
222228
182324
184641
170322
192989
170008
304875
264647
170770
245437
267411
217640
211334
273789
211806
309830
232968
224095
316180
251284
221350
219110
238595
204128
211866
170810
267601
257506
235201
250238
336990
181020
296577
311733
381176
288276
293317
198993
220403
226661
256868
242696
186344
283999
167058
328651
275600
184954
294679
308415
325497
276006
256767
180506
336917
270255
286446
209052
300242
291674
432075
318120
330592
326264
192452
177811
172520
203115
344254
203393
227084
233148
277464
193515
240289
206659
167610
207304
226580
207929
173478
179193
207968
193369
193112
252007
291262
184687
192335
201248
204105
174310
185227
229926
242296
183308
230864
224249
214760
231768
201851
171334
242617
212248
175647
203562
189758
228511
173518
181732
208798
216812
190760
229168
197325
200746
213748
159497
168883
181787
193328
254896
154046
164658
147570
222008
222118
243723
164328
169643
191286
164462
220497
159099
181401
167581
186108
174889
219345
201654
180996
246078
199353
230058
167826
226938
245500
159183
250499
184340
192542
251942
169518
168272
207372
209841
215629
198794
204401
252331
263281
178829
328911
187688
259785
223042
239503
209033
199033
221835
262754
268151
187581
207672
242639
292186
330171
256738
267917
283409
253479
222324
223444
294580
219022
335358
294713
261492
319106
214814
260052
238525
230067
233542
209690
202680
170811
186552
276061
237316
198328
196669
220816
15388165
13268593
11196899
9109408
6983159
4896011
2815501
2007409
853200
414902
235730
345444
341590
270367
320966
186177
211339
162146
205447
219656
198098
181447
226196
170572
159100
212492
149228
178057
263316
165417
171149
175601
193223
241005
270047
163968
256007
214058
183422
213363
179736
194562
269507
187495
164010
180689
232868
208596
202075
204466
247449
380115
203201
286515
178913
167961
175344
216178
178370
166582
223456
158387
182064
256142
180301
204411
248424
266965
207129
190252
183295
194047
182510
216878
148158
188302
216695
177010
191098
182554
277680
251826
231668
278772
190081
162053
189033
172519
161999
251210
156361
212188
204068
176165
201376
185490
176203
190917
200090
215021
179297
189889
188135
187882
181946
200649
177893
180244
172391
174778
190112
195956
157998
166893
163928
244086
163529
175286
185758
206463
176385
171056
188877
157514
204287
168260
160263
190730
169349
194367
174219
171709
217607
163156
174832
170580
155245
217357
179653
169559
208414
174454
183479
191421
271293
188727
223596
164786
199236
188800
225815
280242
190706
177231
221788
216487
184952
251933
185279
188866
269860
256245
210016
190389
186516
258284
245218
260686
250092
181513
235868
173935
274742
264490
200570
308629
183715
215766
253804
367873
284016
261210
288170
228421
183832
203707
165834
202163
285238
274268
232752
161867
183148
235544
253838
200605
225512
166549
228987
168168
336272
288028
277938
349872
220870
232155
176945
212858
158953
281778
141614
229082
185769
262349
210433
282679
205194
223044
256008
213271
171285
226034
188286
277268
247871
237195
317336
262523
161294
216114
189569
239401
186927
233603
345851
252691
219838
193686
205655
183323
262299
191721
317036
212682
329212
178489
162395
220810
256284
284563
262041
330058
255005
242344
299048
298460
234381
333632
327747
192990
212944
176647
297555
283421
228846
253476
302629
181870
220091
203166
182957
210249
289117
236737
199268
232813
189254
225853
173913
238750
175167
182213
233448
184017
178750
262617
270330
241019
194212
239581
195271
275223
231528
176456
162915
189189
199048
196301
195675
164305
179008
217854
243702
178564
218806
181383
250082
214296
239962
160682
161152
202599
195467
217018
189804
204581
207451
211013
199626
191429
161396
205272
185398
199082
195825
191215
196572
165450
213932
191246
197896
211278
202449
183949
189814
176565
165289
171011
195301
251237
214901
192151
168794
270916
180909
305185
254034
282195
239358
279293
233663
213407
194260
183371
227621
308139
161639
175840
180615
219579
209288
204939
164930
208840
178639
209474
263060
174044
264799
334392
354477
211004
300616
223438
263004
351912
213150
240978
165427
287741
305782
274367
175113
236224
177607
211601
257019
240383
216547
275511
281051
238450
175028
301458
192024
241808
173915
188037
178797
331531
281599
222875
239343
188046
179451
194708
210395
249903
177724
197909
209193
222797
267819
272322
260340
228897
195770
238981
295980
179875
251267
320291
253849
190507
310929
202118
224514
272376
251597
299573
281484
229741
249782
274732
246489
313092
298740
229656
207013
216592
310049
216987
308153
278934
223401
309117
264927
194964
315010
207960
312847
234300
171766
359135
299116
319277
188470
227787
196785
296228
212616
211430
256868
174372
229984
204028
221182
191520
206147
191214
189480
189447
186477
174711
197313
200873
191455
201364
197511
285604
240678
234618
322962
192659
230674
202819
214029
332701
263274
292563
195588
191498
235342
177759
187663
171389
197789
155987
186060
195238
208294
238184
255643
176876
283701
188720
237028
203102
233733
196290
332446
277334
206025
242192
237665
246636
267955
261993
229578
192779
237677
284807
247081
241306
271954
239769
220214
205217
189537
206591
211454
283778
229847
220684
275152
178414
274213
476316
410986
268434
219381
404765
288906
304043
397026
241592
218804
250103
318805
358961
349537
297267
275927
11817970
9698928
7689183
5613935
3488433
1473935
3360693
1234108
1340316
320295
427312
303746
180248
366399
454556
360794
365079
397837
301681
191437
327506
301171
326768
427640
394884
288446
247467
167743
394869
153175
410715
436736
350866
413704
213627
162842
379870
193416
318374
163460
207516
499096
276007
330687
227992
250448
409368
396685
385757
457628
455449
235351
453917
393870
413191
533882
390255
434577
322407
201251
203158
434804
236000
302663
199075
235753
491144
500090
416420
530937
517702
355993
535492
206748
544369
205560
428900
551945
676405
413803
430463
202820
448690
248295
538996
585303
196063
217188
408652
486877
409788
307419
329367
314033
631336
392977
422040
216197
477738
389405
458543
472153
561410
402447
495107
359369
351282
251731
396245
358301
362309
379321
161094
323030
158506
537428
322856
170685
274551
216391
300996
568589
160484
190646
485180
445663
351188
435101
293389
159478
159067
475562
325957
397861
277609
603266
452699
547517
288162
208540
203197
287278
201851
175950
346731
179531
198133
173809
157725
167616
167726
557501
325710
327722
283108
171342
287395
310375
301417
215994
195028
333366
210258
210299
353319
192427
312557
186522
227436
257538
198643
201135
245851
177452
180678
204941
175327
234680
226747
158943
211462
212528
175460
180711
174771
163881
165546
202422
172342
217215
196428
200991
174649
170073
304267
191912
176637
160450
155412
171727
166378
216627
173230
183211
177088
172521
171862
183972
222320
177281
212284
164948
171019
158567
173135
197404
183233
220884
173875
192022
191278
211970
187414
188974
252029
202912
227361
265592
219483
290303
229054
268980
213065
171059
242828
222085
240845
247064
293426
186981
165461
153191
309854
173747
208310
189053
185530
269011
159222
169455
195217
169106
220427
233240
268861
296760
230754
222858
153774
240324
153221
203898
258296
227671
263572
191793
196493
243798
260825
255033
184095
234921
160391
225995
153418
170871
165384
157700
167888
224013
175272
161521
212161
178359
153489
163551
160469
215802
181261
191315
179846
