898302604
189658
210531
204873
177964
208661
178186
166931
174980
209556
211661
202401
175724
174621
205487
176112
167694
187283
414078
203055
184403
181508
195737
206296
190787
198237
180567
169587
171840
199458
208988
167101
193692
187648
197515
189072
190567
175936
174981
191944
173280
190625
193278
200213
189692
196020
195903
182627
186912
192082
184201
203641
179729
179568
182951
173826
166692
190913
200164
150228
188037
179654
174579
180969
190241
180065
177900
185329
203558
203901
183246
187079
157035
187244
177275
176514
184364
208028
184886
184662
169135
206225
185330
186550
180506
186069
190924
190031
189755
186533
188442
181663
194934
192733
199421
179217
188372
186734
195528
184616
200755
197286
186346
197695
179590
206058
176233
186617
180983
213867
189190
186388
182346
206621
176402
191201
186847
186906
199249
193891
185946
191387
203321
206143
204594
192364
200343
186673
201166
190200
191823
183206
188707
205748
189562
177028
210636
170152
170793
197324
195723
169670
200496
186420
190883
189661
163940
169426
191289
182237
210243
188280
177710
168753
184834
192842
175784
201248
188168
190712
187045
174138
194009
179468
182633
177517
201702
173493
169110
170592
186429
165013
204788
189059
177679
198283
172502
185439
166221
185948
200281
178325
206172
187269
188136
183541
187614
184097
200985
173906
202871
186809
204862
186359
181654
177635
206556
173940
195978
185482
195261
187018
184408
181580
190237
186059
200144
180445
180930
188055
187348
192465
182142
180074
188106
176251
205190
181717
179806
189455
167685
170398
182957
197763
200286
194113
184296
189498
192963
188762
189149
170700
189154
188199
183508
200604
194834
188199
198873
191324
174216
182606
205206
190392
195271
201869
180528
185017
181486
187611
169982
197339
181480
181116
200431
178531
187279
184009
185200
186837
175561
166503
166443
199089
189173
196651
190998
183125
215736
180318
177941
180906
183209
183341
182320
176317
207525
201711
180315
182195
176014
185960
179404
171501
166666
197795
190678
179305
168298
166024
194383
199186
193470
176960
202148
202009
182289
163897
182922
203869
168068
188323
182389
167214
196784
189405
170987
197803
170112
188877
186105
191928
177684
174206
176747
190994
167158
208590
178470
181446
190047
171066
169440
195675
176141
187987
192241
194464
196893
187014
209676
184891
194321
179527
203088
178752
199647
164103
193118
186220
179080
164212
180678
201706
191603
173266
204669
189115
204286
178444
176952
200082
194697
179070
163658
171578
190554
191516
187469
173946
208845
199602
170025
175336
191782
177242
201620
204871
182738
195110
203574
176742
190411
182800
177794
173333
194472
200463
197975
169068
184462
201812
196585
174659
208785
199734
188995
195617
185078
186550
171261
166880
186375
187646
172356
174688
174622
194387
179332
179481
164458
186501
190038
185853
189466
198136
204155
191473
198252
195809
182256
201344
169543
164652
162807
183316
169478
172270
190822
190278
178097
188484
193097
202914
179891
191705
198984
191904
190791
171349
202825
189362
168420
191180
189496
211033
194291
184756
202573
164627
183632
199444
191027
184016
171238
189123
218892
204062
195300
178308
189681
178555
173174
199105
186100
199259
181586
193568
188569
189132
181447
169292
168844
195932
194733
183220
181176
185775
184733
174714
168194
200225
182737
197139
190935
184714
180390
188967
186776
172050
200495
175785
190668
181493
171796
197715
182674
183408
202925
193441
205194
187086
174510
164459
180086
174577
172954
183737
185208
189801
196812
175063
195035
207742
173603
204612
177705
197187
177004
202046
196358
186203
190583
180603
191031
176623
171754
173475
203616
181304
159370
178810
176926
204062
202992
175545
166607
222433
187704
196540
185420
170348
190616
205732
204399
187706
184062
197794
196503
195760
177181
184160
208247
178982
204405
188396
207111
168563
184215
192749
193715
182330
203365
188774
197748
194328
183714
180533
204437
209666
181090
198249
188276
193744
200561
195433
208445
195705
179590
191613
193841
192670
167800
183431
188741
192981
185818
208574
176708
190700
199992
192726
174878
189813
177598
198750
192265
176887
188554
178944
179588
179509
171996
171280
179020
204503
190834
177186
186911
179954
171186
169046
209821
193865
190841
192305
178916
207337
181710
201982
191804
168403
210264
181493
170748
167817
192740
176142
178717
185760
198191
186319
195266
187835
214375
183448
214025
196162
193733
212505
185071
193916
168665
207344
190593
194555
190045
186571
188145
185958
180559
168006
195432
181128
183721
182938
180007
185483
183077
181048
197940
184537
197479
194689
176637
168677
184668
193776
190303
194035
184510
197378
180622
167142
191111
183783
191437
186290
162444
179213
186413
172846
169865
160237
181306
194260
175035
190787
202477
196291
192247
192450
182953
197392
188755
192027
185485
207915
187097
172312
205615
194663
180982
166323
202758
173933
173035
190293
180896
176389
196930
177772
206410
182879
184367
167468
176245
170937
168905
161283
184465
174680
185465
197344
191469
180975
200002
190230
183358
192746
192167
170137
194824
204717
196116
189184
201466
199141
199160
184801
171310
174644
170472
189710
185904
196886
196720
196366
197563
205309
181261
172073
198766
187693
192046
200742
163838
214787
193078
174784
188579
222973
189940
207438
190103
189877
184314
185006
176880
169367
181412
193267
180516
196095
183533
166854
175178
206125
190537
190618
174183
195567
185921
177700
190099
176922
183153
178346
196867
178746
161690
232114
192072
198826
189394
168723
193938
192695
203489
190634
189686
172537
169093
186567
177251
164284
168092
178129
175454
195539
190692
205578
167840
180433
166268
174260
192557
187270
185545
216880
202033
190355
190524
172236
168198
189901
185625
181617
168235
184876
182332
191475
182455
185137
187351
203631
179566
177687
166690
197406
183395
164504
169999
194780
202438
196856
186406
207520
195626
184095
194484
195921
198507
198881
189227
199990
193113
199893
193067
184470
186061
181434
172897
173515
167814
196272
190511
203815
209458
216357
177056
184085
200510
186716
176541
194178
178506
160638
195030
179696
185193
191061
194232
165399
205680
185359
182352
188421
198843
181935
184354
157156
174769
203918
188072
182025
198158
173827
197421
204639
196635
195824
193034
196928
212423
178151
198149
197651
197715
187609
176304
197394
206298
179759
196722
180652
185191
181054
199087
172152
193162
192944
198569
202230
169962
181756
169075
173146
168558
196522
191983
203229
192583
192976
203414
199573
180178
207347
182615
193893
194622
193320
180461
190824
177977
201444
188742
170851
192367
206141
185767
169103
213381
187595
203016
186499
193150
189001
202635
167109
209301
183406
193507
177395
169052
192665
199379
171720
204137
206064
192901
189752
185070
189087
199604
204044
188052
187769
184415
174129
163684
198227
196107
181519
191399
183157
189613
190760
204773
182582
199246
190535
172362
177589
204556
192668
192420
182673
175759
190148
199881
183780
177624
206513
185288
171067
170091
213765
198743
186308
197173
213578
193382
190392
181673
177109
181182
195322
163632
215987
190320
179415
187714
194539
209583
191951
188862
209676
185259
195779
200130
178382
188746
179061
188224
186376
179905
187197
164978
181645
194245
161090
181737
183735
176461
172439
176781
167157
223695
181418
178198
182660
203280
178110
192258
176850
176490
188747
180343
176934
188216
183983
179251
179150
185403
180777
181802
195188
190966
184632
192618
180683
209903
187876
175692
189464
164765
162617
196062
174459
185344
174407
201478
160651
203496
177022
189243
173139
169843
194028
203842
181041
198137
182697
172617
190727
182250
181708
181020
195762
196555
206109
190254
179072
187579
218609
181948
176429
200135
176178
205210
182984
189597
214637
188998
163178
187334
199760
197279
190201
177154
173486
206762
183194
180606
192782
180453
182113
191697
181537
184139
172307
188936
175704
173430
190877
183578
195777
207889
187210
191363
205618
189434
187446
172341
185741
202918
184672
169406
178367
196454
199099
208320
179174
209782
185022
186204
177543
200499
182942
190338
165150
196738
204164
174402
178089
190380
210033
176038
176322
186552
203940
182525
188338
184977
201288
203060
191887
198502
201868
191088
209820
188564
205628
179865
175943
209096
194381
186854
180438
188144
201956
207658
197061
187425
196623
181052
181113
197901
189639
171922
199379
219946
185887
194788
179502
168867
180244
181575
188613
197765
180776
197069
192736
181097
186442
176019
175684
184335
157903
203190
196043
179763
176641
176020
171931
175593
190136
192816
179449
200283
198655
169661
175343
175992
194499
182801
207426
201761
181477
197673
183895
178595
196112
194050
197933
196444
187050
197400
185579
204373
191121
193316
196179
193562
193355
181928
194755
188217
187763
177551
168786
179719
196575
183314
166394
172018
186763
192498
182600
177245
176376
172594
187301
168433
196343
189234
186923
196484
183105
165230
208202
180735
162866
204841
184521
186706
172555
176274
185896
166548
193169
192693
185957
195004
178405
170412
200223
194629
191258
172738
169302
199501
194957
176314
190140
193786
188596
172857
199608
189918
196213
197988
200862
161437
189906
172268
187631
183186
177055
179143
187635
173053
162594
173219
209825
186786
181499
200670
186591
175789
196457
202343
166549
192530
210367
174655
169878
164470
181737
171976
194873
193849
187823
202136
195259
193384
209282
188328
195905
195888
185229
176018
174124
169749
175184
187172
168220
170187
200395
201992
178154
160865
176175
181477
172690
172676
182407
168147
206682
171617
175506
164994
185566
178773
213053
165285
194831
200199
190918
179001
190416
188032
174606
206523
209899
179835
201680
190561
171732
199142
189142
177106
194882
170415
176440
202535
189608
184721
176556
188421
190113
190737
167019
189908
192154
185178
165214
191688
204929
191311
194844
182390
181892
203422
191422
174327
209391
193104
189560
185193
172218
187234
191816
198657
187712
197982
201761
181956
173669
178794
186125
189300
200005
191457
194152
182803
192011
195927
169792
163351
189711
190212
190269
176446
170957
157931
189121
173458
190272
217766
166330
186824
218945
189787
192735
206715
175068
205290
189140
192491
185508
193887
201338
198333
183150
183660
189699
190200
194440
182525
174310
176407
173927
177665
202424
190199
187358
184713
183954
170613
168217
204027
215810
180567
194214
202162
178580
179778
185377
181381
196533
175880
169337
183302
186369
183608
170231
172297
190437
183714
192302
182480
204895
188866
183055
190770
197748
180037
201120
219987
202456
163584
194346
194091
190041
196258
201809
197473
179524
166843
207143
189445
186155
193551
189671
187232
206313
185277
181569
174080
179116
198634
205391
174408
221959
201879
184220
172565
182720
176925
195555
182541
174512
192660
184663
167288
194014
190289
181797
187510
177835
203442
197026
192386
183438
210170
199066
185349
193167
176092
183055
177572
176766
173496
187096
193072
188680
181868
184255
174437
209879
181013
180862
193743
192073
185311
170954
189566
171665
188585
210218
180576
197436
190996
179254
171584
209726
181164
202230
184811
171958
170757
187129
162837
185888
179944
185716
198865
195536
190168
187434
199851
179655
174676
190440
198908
200682
188187
177087
188818
197105
190504
189253
208530
199020
178636
173888
170850
217224
190531
188064
199768
182193
194145
173254
200947
184115
184859
185524
174449
208051
189445
198114
187589
194079
208755
192677
198033
212156
170779
170984
215642
188742
183325
180171
168387
208864
191314
189252
172122
193416
192004
194130
195943
208424
184803
178088
173838
205616
199331
204894
192090
181896
177443
200369
184177
206904
188433
171562
193932
188137
193635
187064
179488
188327
187615
188676
204117
171735
180399
185709
181343
174130
217452
191481
172747
170902
214634
211244
183152
173988
207445
187963
190466
156961
215365
186407
192358
191313
183521
178692
205558
182371
197758
190453
189438
181068
170705
196819
193843
200854
203766
183033
205671
185146
177571
194056
182486
188021
206327
208101
180727
178779
180128
199515
187695
203928
198009
187555
184329
161849
173566
180377
181666
178137
171275
199210
192785
190749
185501
188063
195422
188343
191691
212980
171807
178886
190380
173576
195920
189364
201815
201040
188498
170611
197607
201966
195501
221185
205573
178784
174124
172900
201180
198238
189210
189839
195511
191007
188539
178389
180613
217131
183938
185049
192419
198193
208817
213406
184638
194785
200815
194638
185468
193215
214306
191202
186177
192851
187423
204591
175065
190740
197431
181570
184738
205815
176260
179019
180642
194835
180560
190831
183603
192582
183445
179469
191008
179846
180631
188370
215479
180420
172127
164274
193287
191450
199469
220379
170578
197058
173445
176922
193786
195674
179061
195814
209482
191464
201407
180604
186699
176722
193948
217142
182365
178256
169355
193338
177055
181826
172566
198085
189967
184029
214503
188370
174547
204474
197153
184333
174771
178218
199061
180623
182221
187793
199943
183827
196843
157577
166291
225617
186820
186755
160727
174124
201649
205576
173484
184274
173703
189798
186690
170413
196448
203114
176004
195369
195742
183643
177026
164855
194351
224350
174753
167881
204621
186491
187643
172440
171525
213010
177370
175264
169951
182120
169277
168703
170371
193277
184587
181285
186897
195260
186555
190050
184500
191550
201176
218011
170650
213769
183886
168898
194694
183055
182037
178501
166702
209944
191241
183038
197258
192237
197804
187238
183529
183815
188335
188764
184601
210338
211043
186724
165783
194062
190097
189919
185474
186553
209038
170148
201192
196155
198887
182632
174376
185508
175932
188895
189223
182071
177769
165394
184538
181963
200028
201341
196551
181459
201361
191757
191478
181860
186460
189064
179714
173737
184215
191807
199937
201111
172352
200331
196424
180448
200194
203451
192192
188320
189375
170075
172759
206115
168533
187731
200028
192000
186453
201566
186426
168602
187524
180110
167344
201973
187034
181741
193898
192876
198964
187432
183014
159884
209820
184033
177888
170029
178138
171046
167180
190879
190845
178893
174876
174938
169781
207666
182116
176935
201173
194399
205385
203035
187283
182260
188515
193640
189638
192585
188415
190667
169217
194082
193254
194787
173070
199403
173130
171662
206920
203544
185598
183206
194118
187506
171773
205598
198391
201025
168041
195033
176359
164516
199768
167994
174759
206447
182456
176631
208385
173078
201539
197810
184875
173697
198131
190745
183024
170483
196167
190491
205246
197634
194481
175855
171075
190243
187141
165097
189044
196998
186291
196328
192011
184872
182200
194375
173728
192332
184479
204167
188092
177686
189480
187009
200488
200035
188382
198012
184310
171675
189191
183005
180644
191081
194928
195574
167163
189476
183573
206895
171202
194170
198803
196576
181530
181083
191634
170138
175981
192984
199447
190745
196242
188590
181637
191986
172765
207435
184238
193925
180629
182074
167654
194345
204966
160214
199300
191773
197177
197567
182871
197226
165583
192146
192887
195277
191880
186359
172303
188623
193011
183703
192420
185461
199150
169320
180795
192846
171186
159211
193737
194345
194052
190779
184051
181260
173887
172907
194999
191678
189380
189818
182672
187082
197274
197613
198220
178988
206979
186339
187326
212926
191902
183268
167392
211934
224509
165789
197047
192638
189571
182507
190161
170112
168461
206233
188919
174700
186976
176946
194810
201733
210510
208817
202115
173719
192532
181167
208401
168558
192919
192655
186344
164340
180086
165342
162072
168547
186290
185623
914689
217762
195680
171219
169712
178250
178359
197981
167937
190571
195957
184192
196069
203847
194748
181068
175492
162056
197998
167407
182514
191715
190344
195405
185432
189517
195547
195025
180307
167642
170088
176670
185576
176935
172800
197226
208776
181836
173054
199427
194930
187611
191741
167309
204566
174303
196658
186109
188061
171817
169822
193187
191324
182295
184718
191503
194213
187577
174980
160566
174735
199115
189851
189938
184111
172789
165514
161648
193901
186922
167688
210370
182816
179449
202973
187998
190366
192713
177461
166846
171923
202633
179553
194132
192346
189882
196203
188539
198554
193956
192782
188371
178264
172198
197421
171055
200071
194799
185568
184766
178013
190650
202059
178467
177703
175861
178914
192592
179262
167539
217245
194501
182200
169685
214016
189503
188767
183167
191577
199212
176969
167052
189064
200529
191323
190872
190211
185430
179479
192769
175430
166980
197663
178872
189103
193750
201325
182237
185218
200600
188525
191198
186726
191928
191300
182303
165684
196886
186264
189485
184555
174547
215265
175438
209430
187643
183776
191869
174951
196301
189824
182793
175874
192278
194051
186751
186257
210242
173810
217493
198223
180521
183905
192356
200557
175490
203918
208134
189308
187730
183011
172990
191428
191280
176913
190010
194471
172801
175852
178605
191295
170137
195651
181021
175630
188768
181234
193688
187558
191073
189390
188078
181230
165861
174883
167226
193787
181498
175050
172492
184619
213734
184905
172831
165784
178994
198113
182190
171526
210281
158803
191877
197071
179783
164786
194395
180846
192650
156624
195693
169316
215494
181618
188312
180329
198038
180860
173559
172300
196097
187098
185556
163114
165640
179095
162884
169796
201637
185640
188510
188038
179983
186248
173124
200472
187186
179010
174998
172837
187980
191923
194241
185987
175416
171119
186835
185656
175276
197962
181091
186267
178933
180171
168466
195161
187446
180870
178886
165956
205822
185070
178954
166374
171403
198629
205304
181493
197502
184534
180697
174485
162297
192700
173768
175785
200305
208099
194948
179678
168548
192863
193415
184753
167052
199086
182732
189221
180479
180430
177742
200003
171147
164511
215536
194493
185221
187026
185803
205788
188793
184524
182215
179637
168914
169031
178421
193531
184568
174025
186482
183106
191438
194050
185535
189555
184039
189712
184850
187644
177683
177917
177857
193114
181917
174133
206232
182395
183842
178121
185283
184444
184514
184241
184570
180643
177506
174221
201652
185624
197172
195227
183720
188644
173636
205961
178817
178654
165035
198432
176140
178213
185166
179952
189861
170983
173897
187284
190186
168366
195468
202323
188218
172138
167519
183235
201015
186979
187975
177554
168853
180251
185267
184377
201624
174360
194869
184552
177872
207422
188031
181306
193293
189613
186130
177672
208065
178168
189042
175434
204236
1146876
186647
194748
203211
190150
172349
192977
184153
190022
192229
181240
186650
166122
170049
224398
186740
177961
164789
193091
189406
190304
178286
186527
170895
177278
199851
184620
172729
173736
202566
189849
196212
190220
171406
164795
201909
190075
196695
191015
179102
176807
182237
170857
200615
172866
202796
180040
196494
193218
170917
209769
181392
175946
197309
195733
178290
166645
192646
189322
185470
169573
189339
190307
187237
197430
175990
180431
203934
184629
190650
192435
172943
177419
184094
178968
180934
167834
183876
205241
184789
185876
178079
174002
177930
192470
188912
188536
191557
190718
174681
197047
179197
176922
171567
190440
183729
182975
180507
175650
184677
192278
169556
167321
196335
183522
173412
170407
176692
173558
201660
176694
188090
173121
172659
160015
165642
171351
216615
196346
185907
177660
171076
175961
203291
182766
181720
177918
181195
165189
188946
184309
183666
168329
178047
184122
170300
190994
190987
187299
197343
183136
182604
192906
171002
177104
168566
196690
191878
180077
174523
201810
184285
168518
187121
182225
193190
190090
195587
194114
165973
197339
184385
190051
181695
191861
187886
188785
183683
186188
213249
214438
187678
184986
182143
196410
198881
186777
166741
167314
188702
199931
185360
190262
177598
163990
196944
182380
164828
195806
190588
169129
199742
171484
196738
193281
215824
190517
185453
188067
190317
207346
190406
186807
195305
182862
196469
183406
173420
171045
170492
196820
189184
189150
197293
200367
171178
182146
190761
189361
176646
197687
192694
187020
186595
204446
173545
207506
186928
193067
182689
191636
197468
183106
200120
191132
172087
200818
169789
161983
162213
188980
203842
194081
181824
176780
200679
173354
195289
183785
222862
187696
194556
191355
166023
205947
196933
194547
200197
201830
203627
192131
188150
174265
197138
192621
195071
196507
187390
186768
189396
186875
197657
207232
186855
173666
201028
197446
210671
221692
201964
172157
205356
201670
202830
188865
196646
205334
188651
186993
207650
188778
199981
215969
188246
197353
187421
181465
194974
188694
188508
213309
190878
182152
190269
186212
167372
186053
190032
202242
190357
208275
178204
175265
185537
178242
194474
183283
184578
183718
163491
175744
168173
199720
197420
201606
189589
173042
190678
176476
188850
184699
183763
161356
170058
201387
197861
189956
170871
208077
193883
197523
197252
178197
173447
192261
174973
175219
180384
175283
187818
179823
186874
194865
169327
174243
176925
208628
194964
207212
180604
178328
193881
204283
187366
193477
180968
173600
203648
184632
191362
188298
200312
176344
198531
188914
185868
180301
227308
165752
195666
189981
192818
186450
187362
172605
195402
195204
182144
196447
192090
185252
193794
178450
184374
173054
185958
184637
175737
179560
167139
200795
183084
191087
175487
170415
476641
187881
182479
193263
190652
174232
186075
176642
175594
185462
193579
196007
187783
182235
168944
195723
182459
178672
172191
188800
185083
165433
189129
184330
228555
168504
198589
193375
192174
172006
181686
170327
166533
196300
199004
183091
178320
183923
191832
168696
214283
185755
190228
166854
183031
182321
173037
174707
189973
172672
192978
177650
204518
188404
190607
191045
165542
194744
183291
178886
162678
160458
192391
175852
186902
173386
200534
193356
193687
188831
181677
197387
193285
183473
192120
180945
183483
190593
179737
191880
192130
175825
188385
186292
183497
173717
177426
169387
197656
169172
211510
177177
193452
168247
173240
171709
185796
172739
173887
170847
204569
163001
180982
197087
200325
176348
195652
177434
206673
202265
176452
197596
195739
181030
174806
199724
191098
206753
174927
180791
178724
198202
193730
178948
195207
196337
197830
184391
174078
174230
184323
190839
195086
213452
183232
202892
193552
191617
171038
188962
182172
189146
188821
187908
195233
170137
185180
185183
172071
179932
188861
199790
189409
179571
169340
187839
196266
186945
192864
189951
202145
182955
180574
193667
185260
191986
203347
200557
186000
188861
182911
173049
191461
162374
181778
182511
192186
189872
184417
184279
184845
185846
170485
186089
173679
204283
189790
194571
178163
177994
188430
189063
193169
168912
171135
194500
186322
157813
184011
195197
194964
166510
181946
167080
208065
183939
182142
190415
204119
193771
180556
181755
190744
179885
182542
191046
199446
195694
171955
202371
187599
168601
166099
199033
189565
177141
180063
187353
185454
216222
186982
180186
171636
175452
181441
199787
200790
170421
169890
170305
195027
168739
184957
170423
196368
179832
176586
171950
189977
171677
180617
168593
198762
181677
182117
172559
158843
191180
203921
189798
178435
154235
193165
171665
178807
177428
185455
191020
160085
174011
177202
160250
175732
193387
183007
215377
182488
187317
189407
180076
189655
192439
183816
186707
182093
190340
174847
164365
182792
178789
171447
182901
190296
188290
191833
173019
169304
175987
188442
179298
181490
791101
176884
175887
196446
190883
186216
177283
184887
195284
182547
195234
164375
199763
186037
186220
180040
213015
191544
187996
192727
189682
175856
197128
191618
200564
186499
188167
187021
180956
178182
186999
197416
195752
170880
201675
183652
184651
161557
193610
152635
180276
176206
193800
188075
188692
168471
166120
174829
186900
185133
188574
196981
196799
189917
190223
183316
181556
201257
196280
192805
172708
166061
180665
199745
190241
186074
188786
188062
176099
201738
200178
178780
177856
196470
169324
178566
199718
191067
183825
190932
180920
177217
198496
194565
192903
187218
185443
185882
198038
202438
198199
181501
194404
197596
184880
188154
182715
183620
224077
171882
190387
189078
192968
170359
166204
187963
193372
195809
194250
179808
164393
171632
184366
190911
180127
190309
181842
186803
177757
179826
195562
180454
172829
188041
188357
192308
175087
183100
189760
194748
180005
162360
201374
166096
198818
203434
190333
182412
182055
191678
195990
188617
174770
174158
167037
196988
191265
186111
177047
191717
173502
190345
188398
193303
190562
173066
180329
207957
192995
195555
195860
179319
186820
198318
175941
205153
185605
173039
189114
181573
184974
180427
166513
180981
166850
171554
167162
172467
173193
168541
201674
197396
200750
166798
201168
196188
186344
166836
177576
194273
189629
195263
180646
185557
175374
173316
175352
168011
215231
179458
161140
156985
173131
192798
182877
179029
167795
203930
189649
189477
203798
189913
205548
188304
184820
183953
169030
163749
172069
198877
186688
178046
172370
193791
200542
173505
200864
196801
196434
182781
166657
191467
187051
192483
197315
198860
188315
170913
160729
197739
199246
168524
196389
192003
174055
197374
183993
180930
190528
185699
193810
178182
184799
200110
199197
185666
164914
166648
191621
187403
166741
164082
170102
191800
198852
198070
183497
177052
189000
188597
182745
173513
172871
199404
166569
200206
187634
189064
194749
191507
191043
179535
201753
195772
187706
180652
185049
178027
170518
176967
167039
203790
187650
190342
191235
168592
195504
186140
182611
195977
183517
186164
172357
201650
189809
198282
194485
181986
172663
166906
203982
193489
184524
189439
191793
196967
192155
180372
183280
197387
184206
165183
195088
171931
200945
183464
185809
169755
173999
188631
199992
186071
201255
191158
193757
190332
186100
192917
181137
194645
206560
180010
168839
194376
176824
174258
185489
180737
185922
189857
186783
186657
196259
198336
189429
197893
195923
194232
196351
191297
184329
196184
193581
177746
162888
178208
196290
176204
175186
180377
200092
192576
195560
197617
192456
190992
178626
203111
181872
164913
188952
186602
184653
178946
172462
209729
188671
188579
179139
169886
194022
202602
197298
182391
204732
203208
186662
171712
180356
169483
179822
174496
195448
173965
196130
191826
169622
206886
180505
196195
183044
176788
162531
197919
187463
183204
156484
162128
174544
183873
169968
168080
173123
172263
171084
191529
190982
186699
184576
178426
163205
173518
170454
188098
188749
174262
166870
167042
170291
198817
199634
169193
179014
198850
201937
186984
167537
174690
201350
177073
193136
191846
190421
187652
192499
187666
184117
181099
194202
172946
167489
195515
198273
186431
169878
169364
174067
188578
192903
176346
172947
179231
194832
195897
195846
192302
179782
177573
192282
193079
173632
173423
178856
173483
173908
194763
189885
182775
177792
181018
192348
190616
191608
177529
195051
193559
174193
186288
183017
198142
194132
176908
192887
205980
188601
180440
190187
192413
178955
181399
169298
183761
177760
177257
175158
171833
163025
194360
176143
181628
180919
174970
162727
168296
165542
175361
162661
179386
171331
188540
197123
165024
215304
196189
184768
170568
177534
171031
189914
189470
173330
196169
195245
174307
200435
196448
187622
185292
169381
203776
187839
171851
168796
195693
195150
186755
190258
189031
195398
180903
182273
170868
193425
183055
183191
190945
182214
167741
169535
201762
191392
176928
183752
191803
194871
192686
194928
191979
171234
163893
200691
193785
197172
172928
181003
179050
166357
203522
188662
193925
190438
195670
198621
171700
192152
187165
193542
178772
180753
175809
164639
189528
186433
168253
179196
191662
187362
181317
183607
176623
169535
170543
197891
179069
181764
196099
192348
195804
186559
197093
172450
176206
168178
173209
195542
177498
195063
181855
166159
164173
184930
188423
203043
190332
191323
190008
195384
185310
181268
171611
194555
182368
181045
175026
196176
185960
183979
186633
189412
176555
176089
169227
173136
177827
166936
189098
184255
195724
170654
189573
170755
195047
189547
190561
185349
197156
175853
198991
188740
199543
181472
190121
182111
187650
165423
207570
191991
201038
195591
186019
175433
161767
191053
187632
182413
196198
180762
181992
198839
194636
179929
169412
172562
195335
188911
169414
165685
196642
185262
181029
183288
168449
201884
173224
192710
176739
204576
197776
175202
199214
185801
193051
191507
175151
187643
198817
182637
190972
182885
189274
186276
172377
194151
196828
170175
164789
188720
193335
167350
167320
166894
195301
208060
182615
166106
204137
189445
185422
192601
171024
207580
187781
192357
179318
166644
190569
192935
183549
189508
188030
198596
181065
204150
190022
174995
190877
195777
188629
184274
180026
191939
173093
170832
179385
174401
188095
198482
194297
185803
175154
166437
192870
194188
197985
189371
169745
192308
195247
193032
183370
177021
173595
194828
191169
195283
175590
163900
183842
185371
170989
208842
179386
173127
181561
194250
190662
185757
172359
204719
203859
195360
177287
187896
168919
201348
186638
185292
172493
182039
182054
169966
168488
193201
188357
143637
170173
170344
175234
193867
190089
181258
173190
170840
198605
200522
201989
174878
172583
175163
174355
184662
172753
197688
191707
172553
199705
195126
185027
186498
169625
183962
173787
188255
186284
173583
188030
175936
162079
204923
193196
176585
195159
170940
201103
196020
183080
189240
179387
199220
187770
185328
176818
199484
193975
173872
204093
190023
189246
170444
169193
198535
185787
175282
167449
194289
169714
202172
206400
183202
177326
168768
193692
200373
182229
173933
197402
192034
172678
191651
190065
192665
177932
168082
200727
188487
181499
183478
185994
174215
204226
176585
176852
198254
171524
193570
193338
188486
200359
186706
168417
178302
187223
185762
184123
190100
194505
188339
186100
187892
174158
204437
187210
180287
189168
192478
192905
170540
201356
198001
174838
168480
161820
182057
181163
164300
169348
204607
188803
189201
193210
193070
174605
192084
202065
197212
181342
176654
198657
203693
192441
176998
192801
198180
181249
188694
178007
189616
166655
193747
174429
170150
205520
198651
195283
186759
207439
169172
195801
191170
193572
193082
183873
183479
174291
189366
178673
205058
188408
189685
180343
176443
171316
180701
166769
192145
181532
193198
188905
192099
199928
179846
193465
191061
192795
171922
193767
191131
187509
191239
192763
196026
178506
199092
183850
186699
178052
176797
202625
186537
191803
187384
206942
187423
181451
189724
175327
197101
186502
181767
162862
177898
164538
192754
199305
191647
180453
179332
179902
197134
182502
175102
187674
200834
196393
204591
179752
169039
173597
198192
175695
203105
182000
189907
184850
191601
183096
180525
188237
180092
170832
189196
191271
174067
189034
181755
185355
182298
178583
193045
198991
182762
175937
206347
185126
186492
197863
191129
183114
174664
172598
171881
172736
170155
197535
190948
176093
199925
193970
184095
193049
170986
204589
202221
196051
186303
196625
184843
196045
184445
186204
175065
187017
188775
170024
161417
182982
183014
188544
197363
183697
177368
164815
198365
187194
178837
167973
191904
202178
183322
203252
174022
187883
197398
180799
172540
183802
165522
173175
179343
177198
168277
202789
192494
186134
186446
172934
199832
190042
197407
184603
185150
174876
185669
176765
178748
197464
203520
185588
181032
170627
174245
174758
188813
198965
190336
165174
196715
206444
180532
181506
199001
173573
180502
168946
169226
200848
195280
170435
202713
195024
174227
185508
176583
196722
195167
167782
194085
191157
194212
172300
192336
179711
229461
187328
200778
193365
200619
178345
177104
180240
179230
189276
182270
197973
180622
201426
191041
192155
175572
226871
193337
165232
196581
190041
184711
187422
182075
189248
191483
172474
172427
196170
169184
198911
188914
162248
184125
177150
172489
178429
188407
172973
193803
199804
169751
190964
199013
186675
177818
197968
178990
186628
176908
202288
177913
163648
193055
191528
191205
195546
184835
193133
173190
163833
195209
172825
169960
200848
187689
207304
186836
179669
198549
193247
184754
174852
196665
169722
209786
200712
189266
187084
188606
186926
192673
188865
182890
187862
179505
168063
172707
198309
183981
179357
178237
167560
178506
167372
162736
201726
188740
181295
207863
195643
190814
196759
186664
195926
195705
187318
172472
178343
187778
195113
187433
178213
169650
191024
175819
201285
163918
193572
182765
171851
190986
191728
176677
167737
196953
187019
179910
193663
187080
178564
187627
193545
199009
172653
194653
196061
180208
176061
190841
183655
191306
166678
194327
189820
173193
169843
203754
185852
168057
228798
178966
194332
178548
168490
166435
167055
185174
207818
186810
183940
185367
165689
199094
171707
193007
202027
190003
188586
195021
180727
170729
200983
188176
187725
190313
174399
191910
189160
192926
180460
196148
193912
191241
184010
169331
185496
184736
181343
182300
168092
200934
192999
199743
206489
195055
187309
185216
189602
196682
189597
191825
191047
175608
184273
183626
174136
182929
196885
186669
179335
169536
174712
173325
172581
185688
173163
181551
194087
186678
181543
177866
186579
201240
204240
179537
194201
188408
180724
187699
181974
194633
187777
192363
187459
176499
195445
179037
175379
167265
193366
199063
186508
186765
193801
188100
176148
190623
182808
185491
167003
187803
169652
189111
180141
204943
186824
182415
187325
190473
185143
185118
179751
187646
183111
185484
188035
196018
167338
199262
186295
184725
170876
190188
221352
191150
194728
189263
186174
178628
190117
180792
198838
190086
189920
181328
180724
182280
186744
181516
186407
197130
185120
177251
202895
171870
175627
181125
172734
196941
200860
190110
184966
188532
186840
187837
195554
191770
191909
190218
179863
186105
187146
175728
196140
181208
180702
190591
186987
196730
191052
181781
176469
191677
189410
184189
186338
179830
174792
167686
212762
186905
175538
198217
188328
186022
192936
192191
185710
176115
196986
208913
188391
199764
191851
183133
179703
176890
198112
193414
182243
203160
181385
171467
191276
184267
185736
198053
197075
182782
177292
189905
179121
167800
204712
187447
196336
165726
186084
187882
188704
200344
181212
190376
208659
186586
195464
188187
341273
206754
196175
202406
182283
185196
216665
184602
202192
175262
175589
200709
177758
194215
191405
174596
176486
191742
198703
190031
185949
182569
184412
183759
168057
196098
186268
189935
179890
178407
202532
199831
189335
200914
177635
197175
178566
198115
185279
181089
168866
171345
190586
188609
173907
193537
182887
167804
188104
194250
187921
179319
191966
196179
172985
199600
189332
187582
184900
176681
192984
212902
183831
183888
182772
199114
192968
185713
203034
196976
184099
197814
183546
169237
191613
189111
183721
196231
188729
189858
202305
191955
174409
203801
188728
172869
174662
190889
203535
180939
200649
190147
174385
194870
194617
156792
196752
171911
172743
200223
198351
175321
182568
195734
186256
195921
192451
192948
182024
165885
198636
191926
187677
191548
192299
187548
168643
192626
178860
195844
190069
197142
193013
195120
195053
192603
196785
192815
173762
178366
203664
199340
194831
181461
169040
206855
189030
192809
190342
188526
200057
195756
188239
196260
193799
183800
188533
195930
182114
200821
196710
206336
186256
184683
166920
207340
185938
194074
186098
175353
204064
198902
184034
186515
168185
179090
196877
195108
198802
191420
195086
177965
174930
172712
203021
188050
178538
200163
196874
189064
193239
169760
190720
184500
205801
177220
166227
187003
208844
193077
189612
194044
179594
183131
174970
181556
191712
191020
192246
182239
166869
207416
189297
189832
185063
180707
174553
209743
179480
201253
199580
193395
184668
186212
188519
193867
184126
171547
186060
172129
174501
181196
201777
187992
190578
160369
198857
180217
192978
191692
191638
162737
198559
191573
199779
202682
180748
174168
203261
188594
158240
194686
187636
196372
195691
190792
194679
194437
182026
194764
190810
195166
189502
188975
206432
187620
167723
193363
202162
192144
169033
184267
177853
197261
187703
190905
195066
206680
189151
173728
180393
196195
194624
195036
187750
205163
194781
196803
175176
169236
196726
174809
194592
184464
178990
193906
183432
208368
190005
198452
188297
203507
190718
195531
182137
201073
175107
169788
191665
196064
177444
169205
193945
197309
175324
200575
192906
192209
194901
187408
189309
194927
195196
187585
173321
197245
187327
186306
192239
189350
192985
189827
178698
168436
200477
202427
192422
196024
183981
176088
179353
176353
200904
205012
189104
169941
194863
197491
190062
198899
195059
192912
193966
174840
206763
202000
189540
173851
177619
177542
205013
196902
189480
186683
201662
189105
195251
200352
202553
189514
180750
167219
202381
201357
187796
178068
200476
176101
177719
194334
193071
181361
177252
179754
218791
295416
207793
176991
210504
173936
185415
183450
198406
175471
207078
189700
209453
190250
174668
199751
170737
207260
210242
199921
194718
199733
192754
202220
182560
206968
196870
177150
201786
184701
183324
191733
199384
193540
198899
185676
196784
182764
186047
183373
188160
183114
173627
197981
196369
176315
200330
197656
173819
169857
211003
201563
195783
200413
175620
175114
172760
206874
204487
190904
193119
193840
177821
180474
179365
198929
191296
219590
189981
191671
179525
177637
173683
190562
174635
190736
199631
197963
205986
196577
187536
191357
173248
219571
182865
172978
207346
192803
186561
170536
197342
198289
199145
198548
198035
189291
177364
172264
198768
203941
179369
192933
200425
195066
194048
181472
183509
189864
183304
168111
173051
211647
185262
165858
189396
188891
186355
190135
189841
198292
189017
184838
191950
190450
201608
192157
193347
182765
200894
202273
180482
174813
195053
201744
192252
188766
194546
185735
165056
200835
207338
163093
178061
196398
198284
188050
202847
185186
201994
195754
198895
189605
202617
195801
175790
192493
189191
206993
187718
182766
201697
196761
197099
193734
200838
186667
193343
190628
177307
200669
186548
172540
175885
196201
204511
192020
176015
178653
190826
187084
195427
185177
200369
174208
195839
172573
203025
187621
185748
192720
203918
187263
192559
192691
183025
197841
197447
188630
208720
193737
194339
179226
200803
192092
185890
200391
176880
172651
195433
181043
180224
185528
197856
193452
196064
210174
189796
172708
201716
190109
170025
168098
170925
179256
192149
191727
173155
194581
192231
172092
193114
206468
204640
195192
164039
199749
194706
192381
176587
184301
201555
173729
173924
174356
174493
204632
193684
193527
191289
160169
199208
195858
183057
179671
199276
190866
177717
191865
192088
192109
175117
190545
171859
201806
203780
183586
191761
202809
187144
190914
192022
198617
163635
208406
190201
175765
209357
191181
185486
190856
191141
191549
195508
179065
183544
176419
181501
173706
171935
185586
173286
200453
206629
200587
186787
190870
191611
188587
175814
174253
177129
175944
174514
210747
195862
202233
201359
195887
174385
200504
177483
198910
190866
180794
177575
199968
192451
187993
175995
204308
196324
203853
204396
184920
173598
203192
194721
177097
167768
176897
206101
196882
186220
196859
193432
198275
190595
180544
168349
190495
172940
177658
169242
199720
191207
173718
172311
173598
170717
200078
199766
171246
197859
194387
181154
197903
178657
196149
187415
201028
187003
183485
195270
181376
169930
170308
203797
199377
179436
176383
201503
184174
181632
172106
202200
191761
193653
175878
174524
171483
183512
198877
188484
206321
182313
193804
198824
201270
201872
193914
185992
194750
189528
190962
197116
186290
178378
175260
184370
206697
187240
172312
195570
198993
198617
188207
168789
175347
170931
167150
198904
198877
189936
193044
169019
195835
175759
171860
180662
197559
176815
192156
195952
180687
180478
164970
183880
193828
187258
172914
190453
176278
196030
186643
183051
175459
200566
196777
171457
212082
213730
191499
176221
183296
197478
188764
201529
175580
197105
176561
170203
193046
190884
187908
188382
169233
200455
208517
194960
195241
192725
217257
200220
185450
173456
202216
194360
192209
198428
189799
196598
187303
195461
193243
186014
175864
194597
173081
176824
192005
185654
177401
201726
192501
168320
179926
177466
180336
178653
201938
191333
192227
193127
176008
202394
189935
179127
174958
171733
170804
199728
185683
196909
192892
186671
180112
176455
170129
160286
205286
194758
178704
196957
192101
192455
173267
178687
166400
181054
171690
178836
176477
176673
184631
198549
194044
183085
209866
195813
193132
172920
172230
203822
191864
193162
205982
201237
188832
193441
180581
172332
197050
196702
196577
189998
197011
196102
193528
191164
165849
172730
176058
206997
187604
177474
195045
178191
174134
166587
205781
196188
177719
186729
165137
200995
187836
193300
160937
191167
184200
176071
175836
185082
177173
171287
169924
174902
177977
178679
203024
206076
173049
196760
194317
191750
194891
197960
204041
195213
192538
167439
189743
183839
187173
198556
191066
188042
172523
196212
195161
174316
193735
184860
174642
172081
176337
170110
200249
179963
176947
179560
177376
203970
202256
196380
197289
194579
180179
210904
182594
203261
193995
196773
197042
196584
207027
202526
192801
193308
197763
204339
188160
189370
192474
191052
174196
195523
199317
180912
179832
187289
175830
173704
194836
168601
188082
206738
200045
196021
191120
175033
207069
202396
203988
187178
190641
199014
173525
198550
200454
170086
174046
218196
189646
195026
173446
192370
205616
173348
171531
356544
184207
175557
205613
195780
189466
193742
195649
195982
172932
169585
173848
202735
185557
166943
183830
193465
191594
171127
189823
186834
166903
161491
194246
191482
184208
194976
178886
169845
201137
206454
189495
189546
192710
1597380
196888
194062
198320
199733
167232
183706
176709
258570
180050
171207
165451
194322
204252
186068
205442
190687
173540
181710
164176
185384
203236
175866
172190
174345
201885
170753
197859
171604
213947
199396
190697
196147
173289
169079
205919
179886
198906
178015
178593
174922
196310
199021
194717
222843
168845
182693
192283
190283
190257
196102
196422
191184
201231
205696
267861
172180
192158
194383
187813
175224
199814
199717
186741
189891
191541
203943
190026
178435
170126
209027
192110
196922
197119
181954
183102
194322
194522
200719
190414
168530
182181
204250
189678
194110
194900
199418
177580
171156
171761
197398
187894
188004
195834
190905
201807
192421
186761
187891
193691
187880
186827
171545
178027
204433
182566
188041
174319
197181
183496
190459
186157
179428
168881
199047
194984
178918
171665
173925
199065
204348
194405
194053
178424
174625
198025
191519
191390
183443
179124
195137
191913
197727
176579
177479
168371
211879
177354
194399
187846
178542
176659
197347
191026
188091
171716
166737
189402
196790
189300
196749
177632
201547
190411
174420
197505
206411
198466
177351
162335
198040
204138
191192
190384
188979
166303
169037
176075
178097
175089
190027
171842
174083
170166
198909
177686
162837
198844
172531
169806
166523
195179
189054
175264
200237
191993
187042
191412
183478
193568
187879
202571
190415
205860
198613
185944
169651
177835
198512
199338
195995
192074
206052
179067
193285
197948
168244
198787
183566
185607
185236
202966
193068
182724
180841
189235
198785
193031
215972
172300
175340
173208
169488
162636
176269
191176
184122
176582
201248
188951
196872
171566
169563
193915
191634
185939
168548
169326
203954
182926
195689
177345
197456
172741
157919
167830
210434
191203
192749
170253
198344
175495
197171
183257
176564
187001
197300
183581
188296
204256
196041
196628
188775
169125
171892
169057
160574
199303
194250
205807
189534
185740
194720
183404
190040
201384
196393
197817
192401
202099
200268
195407
193747
196223
198916
168768
202436
178112
160050
182528
172758
205624
201090
179025
174934
170928
195196
170024
172792
184612
191320
182362
174091
184236
193992
169461
168914
163074
205130
201383
176903
179320
172173
207441
184678
175839
173703
202512
198020
196722
196248
190671
193615
197148
177238
159435
193612
185253
180214
173572
157163
165090
175434
175315
172947
191308
190307
192420
169109
202696
197969
202398
197337
183564
175001
193228
210503
191420
188247
174026
186968
170931
170902
193475
206148
183825
193116
170528
207022
182897
179209
177541
164187
193267
179993
183674
180270
175843
194803
183988
167103
168643
201196
175669
200535
186246
186069
195250
174410
171909
195504
190895
195879
213879
189696
187880
194974
171119
184925
190692
178253
203050
193342
181965
197593
191400
176362
190051
191988
161165
200634
182360
178038
190303
197718
172850
176314
190610
206278
195280
165841
171017
166203
177789
170308
173559
181137
174296
177959
196466
168584
201871
191634
190014
185171
201646
194696
165217
166772
190789
154553
168337
197343
188220
199436
192070
201781
184403
183192
200571
183985
193952
192085
184988
181598
195287
189225
199995
184015
193509
196327
188360
192563
187727
188844
197418
204261
202025
183298
196029
179574
180297
169002
186653
178293
168281
196805
178109
175148
157916
164468
202506
180910
190660
180504
177232
168807
165135
198254
186979
205911
185023
199265
169761
180002
164005
193781
197975
189232
168759
180617
180292
167650
175470
193972
201462
188556
184029
174949
182870
180825
190982
194952
180021
195450
174192
212246
181844
186842
174037
183383
191170
191524
172602
170839
169052
202356
192945
196713
195541
193025
173573
201074
201205
196417
198220
195467
198679
197312
189302
184836
178164
194879
170526
206912
191958
177027
187240
172888
179676
178705
178430
191107
173020
172831
174321
179189
210208
190202
192342
179464
172644
178538
191829
196715
200206
170887
207627
191664
190863
181660
174532
173391
183274
192041
199260
173045
208421
191904
172237
172838
175209
186220
173123
190557
179178
175727
179911
169043
179889
204492
182270
176421
199465
199699
180457
177153
175235
187917
175577
171371
196392
196738
192461
193441
197300
204813
191671
176904
204632
199244
170132
180490
200773
213430
198292
188888
188162
194044
178280
186263
168916
175122
207850
168698
194471
171821
194534
174065
202129
187326
202154
171491
169972
163770
203764
198412
199811
176552
174485
175547
198535
195553
176627
198987
198390
171792
203674
199222
192787
194383
196375
189614
193899
195175
181569
201157
177063
195885
198504
178476
199985
167562
199123
179156
189558
205196
187158
184908
182313
169829
196948
197075
167213
175576
168716
175293
192856
166419
168067
200294
195426
167310
201717
166895
200393
193447
186677
215435
174883
199564
185602
176175
193416
168969
187283
198163
194675
193683
170784
181760
201027
187427
170521
174922
172420
181331
199611
199011
187710
203020
188749
192380
181691
180869
171171
167552
202741
192611
203595
182154
173209
172741
171660
158646
200380
171100
182526
187784
187907
190423
194390
179582
198737
203054
190097
166738
196854
180017
164332
185100
178291
176593
186875
194710
191914
174575
174878
170627
201940
186377
168725
170789
197874
185666
183123
188238
184908
182798
192839
196596
173312
167360
187863
175610
188419
178500
199380
196414
189009
173029
185005
181483
190834
182746
201890
190844
170094
198596
188737
188299
172860
194113
197405
189782
195691
195635
187189
189253
190131
191950
188489
202405
179331
174049
189901
209025
188279
190755
169615
168921
166274
195334
187157
187968
193376
208107
188397
172882
199981
192769
174933
178694
200434
199524
173698
175894
169480
195944
188156
193690
193381
195001
192505
199230
170992
182131
191252
200060
208681
192832
182748
203778
198492
191241
184778
195587
186135
193213
188098
185509
187975
184019
179064
199351
190265
177098
190797
175466
181638
167287
183543
206287
196417
168339
196842
194771
202656
178188
166707
194385
214120
177509
195675
190310
196261
168448
190914
191392
169118
177922
192141
185159
198410
167072
175964
195658
197942
194616
185182
183749
176643
178408
193158
188199
181828
206830
196611
182759
166551
174979
190754
190978
183805
199890
171320
213450
186043
188892
168210
163346
163708
191227
196231
163493
206306
191707
175441
169021
175721
176917
178485
179574
185462
204599
196253
189457
189287
199820
198794
176483
175095
172979
193827
192599
175039
208884
201832
166791
170301
177676
174907
202788
183217
172819
164644
205586
195419
192910
182368
169170
172975
204366
192806
184232
199084
182120
173383
182353
173783
193446
173337
179170
196085
196035
189395
177179
200099
195821
193633
184045
199798
194602
162213
200783
204450
191286
182057
203637
205606
192047
194498
202718
192985
194655
196524
194775
191497
201432
187714
198747
181411
180938
185173
193522
209978
202923
192488
199028
194377
195232
180337
168404
201768
198890
191815
174525
165719
163179
190108
170642
196739
175357
180785
166305
177462
169935
181162
190040
192007
183088
169160
168082
179745
201532
184696
171982
182992
198060
181610
173238
201915
193656
183250
192206
169554
208419
183000
196678
184966
187777
169529
178482
167852
181644
197156
198318
173374
175920
200662
193038
174137
189593
193772
171021
176087
166668
197057
196343
187773
167108
190893
208978
185153
193509
190751
172169
171233
193880
174033
193848
189949
173514
180363
173385
178001
228150
204232
173205
181278
163803
166495
159564
174743
165518
214966
191567
186587
191413
190824
191995
184236
200299
183935
185581
173159
164910
166470
159912
197541
185403
213223
197531
190983
180418
191553
185976
196970
181830
177530
177655
168130
207523
193354
180921
177888
189162
174819
194929
169895
166306
202451
178358
194025
173514
154426
175504
187341
182203
178578
170819
190927
188106
189080
192526
190444
192736
186719
167884
191986
189624
179240
181044
175093
191130
189215
173144
170530
197252
193156
210548
179131
168976
186683
194629
173525
202234
181665
184606
187143
181016
179548
167691
193091
197525
167195
200735
196530
174228
189430
185999
185258
174225
175871
164376
207823
187985
190659
172620
166699
196859
193207
193078
199992
184323
181670
178934
179758
168401
171524
196994
191580
167002
172535
200344
192701
195964
185423
194897
193034
183447
202419
187498
188148
181186
166813
193172
180899
203398
196080
192277
182971
196829
195273
199774
196677
192278
194330
188685
198807
197249
194298
191369
184324
169093
196697
183064
180534
188774
196511
195017
181362
205958
190318
171047
189014
172759
194412
190172
198506
190382
181302
190055
160296
196218
179623
166403
195385
184057
184694
186342
194772
195074
184565
174627
194626
187644
188444
166036
212217
176603
173738
196180
181666
184747
203749
180343
199269
193577
193067
176435
172651
194765
193692
187470
195389
191849
204465
184221
177694
192625
188132
186133
192227
182294
160087
169329
174506
198727
189745
198787
176175
180698
188926
171602
182954
179098
175899
190923
185902
193220
188111
187483
189531
174621
184445
199410
165207
194362
173746
194779
191904
192807
197302
197375
173433
169125
172885
199821
172748
193280
197816
175724
170484
195958
195931
181082
172099
193027
193530
177754
173782
187396
188961
178761
182120
178402
163591
209175
186499
192019
197776
193349
178910
174295
187479
190859
181650
174682
170862
168787
198709
178341
176068
198587
190598
205835
189501
171896
193097
197441
191166
170775
169896
183389
172060
169657
201834
182305
173399
175337
195085
202474
179155
168188
166683
170340
211226
197197
173271
206420
172309
166747
156346
177731
182655
168588
201925
191064
198032
191046
188938
197285
182592
167262
199352
181630
198156
192303
191543
169115
199360
179087
191981
187501
198951
164740
197790
179005
172393
162943
156026
191411
182828
180461
181336
167493
163895
169843
177749
197301
156277
175580
193855
188112
187271
182489
179812
179572
178754
174468
189317
196214
183763
189374
196759
178389
179221
181193
205273
187330
186479
182619
172926
171599
204537
206226
182059
190645
181740
172672
195526
185560
185729
185614
198327
182528
193015
190581
172813
185775
186799
191488
199334
182497
180847
174580
193514
192890
174497
176773
191337
182321
186961
170041
168899
187785
175889
188434
188653
188571
168399
185422
205383
180034
192682
168800
200459
169975
205929
189646
179292
196177
189589
167773
194491
194298
199212
186924
180547
181741
155060
166163
194736
190504
173513
171890
164450
200858
181077
194625
184909
177980
199686
183675
168028
202503
189803
181753
188110
196104
199904
179196
182270
171180
203925
190085
186288
195913
196438
190850
183972
190019
185010
191619
180298
187740
182437
168767
175894
169175
197953
192640
170846
170620
192891
192899
201460
195477
188802
180497
177328
182316
181687
189906
194949
198307
200639
182034
202378
205296
184190
189199
191034
192738
228462
181724
198130
195535
166815
206947
186495
172797
177114
174554
193572
196916
184033
197959
197469
174496
183089
230888
169892
176782
202291
205345
194293
181713
195161
199414
176167
176749
167723
170638
168585
197289
174388
188950
190410
194067
181550
173279
203246
192189
179001
190116
175147
174722
195129
201764
198798
197209
175963
179283
193999
165832
206178
195571
188407
198181
186614
172453
176129
184409
190127
186780
179684
194222
182852
190672
192296
199395
184500
175899
182461
209176
170896
198656
190109
1330098
181134
179256
204716
189445
177025
226873
182880
192884
178809
190778
196077
200810
195948
194457
191487
189412
178412
176882
184550
196198
188807
174642
183232
180344
186140
163543
171213
212895
195477
195706
206050
180400
208663
194378
189800
204184
184835
190779
176876
197923
200739
168926
201144
191772
190502
176695
194713
196502
213827
189053
178671
189896
191982
172710
173987
169345
172812
163847
181511
169861
198610
191291
167987
193667
188314
190079
192378
187376
190878
185064
170905
200402
193504
183600
187983
194080
189521
203083
189657
188438
193630
185318
193362
183232
182548
197983
171567
190845
187839
192113
186302
183020
177697
195124
194152
184352
179631
187656
161743
177608
171197
178357
177861
169722
175618
168785
171388
193114
188346
174795
179068
161031
188378
176501
176954
181885
179087
165029
192088
175443
175573
177321
170478
166890
189044
188914
180853
186045
175801
198562
190040
186451
187367
177861
174013
191553
196952
189270
174037
168801
196524
191056
175180
210398
194556
191077
190203
184430
179813
200094
178194
164592
179487
200900
188783
201023
189358
180300
197491
192745
202756
182305
196877
198257
176393
175077
179010
172891
176759
197296
188869
188134
180688
175324
169349
202009
189164
194332
172457
206087
197185
190374
184614
186105
173995
170357
189922
188639
171704
178427
174559
197668
191676
182217
180080
194779
183515
177151
175823
178057
200286
184209
178105
182517
168626
182480
190863
187126
192318
176065
185942
175897
175909
158454
187544
177708
178306
175883
207677
174195
193799
188922
184779
161559
171666
185590
182761
195208
187535
187492
188606
180507
183647
190538
193265
192414
175510
198344
187700
199047
182490
174868
196355
187768
181008
175351
192865
198918
186155
186872
183111
178249
190729
187343
189888
173461
171012
173274
168320
172017
191401
178980
198753
181997
173861
194380
181835
165038
187940
193336
188534
182081
173679
164145
188946
186391
166958
207811
179181
176253
169570
189970
176548
164490
186052
195405
173778
172632
158169
206520
176266
174705
197964
182287
183487
182929
172688
171058
194331
188358
194580
186227
194159
181756
182432
171448
188810
181817
199460
168344
173820
172860
171829
172658
204399
191170
178008
173345
187816
190719
194491
182614
192185
188851
191163
167258
185208
199359
168524
172625
194887
183518
191534
186854
185746
188732
178846
190975
187647
198932
193664
200419
179727
191767
187748
193034
182853
188042
178724
184048
171137
173954
187506
182508
184537
174350
173727
189267
187234
173090
194990
191499
184703
190442
174960
193118
184713
182969
183576
187172
196247
196963
196527
162567
173890
173665
195186
191882
186684
187203
181214
173595
177453
173854
196790
195352
180894
186209
180355
182589
180532
189316
183512
192588
195226
194528
182586
197291
175827
181222
177461
193758
187917
181701
170972
195149
190543
186141
187837
190949
177703
191283
177043
177604
188347
184698
172180
206501
197414
195124
187369
202746
201415
195442
181040
172644
174498
184805
190189
185109
178035
197213
184922
187116
177546
187466
183430
187899
186002
174033
194645
182412
170968
188314
193678
166941
175268
178194
191090
187909
179692
183844
174930
184587
168801
179855
197461
180578
197802
197040
186712
183140
173386
171891
202960
182810
168672
162826
190812
178353
174023
191637
191378
194177
175018
188861
180645
176971
191995
183402
182117
182417
174903
172872
200551
185845
187227
180699
188338
193442
186701
179825
174157
184898
190939
179666
191464
190178
168974
167405
171512
173157
201059
182568
179057
199978
189424
194779
169013
191567
179445
187764
201528
194666
186876
169231
166574
193587
179587
175547
170040
167555
172467
192696
194516
156838
175631
194578
195905
178801
172124
170899
167254
181505
170381
176556
175555
174846
169255
162434
173450
161408
175503
168848
172689
169450
198987
182718
170359
192735
178205
182175
190544
196756
183775
185737
183967
180864
188267
176971
174690
186067
196877
188324
193675
185757
194144
193639
194722
180660
166151
178935
182678
196942
192315
188969
188093
192369
183957
205880
189883
181584
185265
197472
191147
176365
195477
183869
181493
184384
197777
186900
185841
192196
185981
180587
180802
178140
195958
190678
189762
187964
182206
174713
171424
193607
189820
173908
185922
175390
188544
180490
198078
180899
180935
177041
198461
186616
191168
192636
169254
177091
184918
191193
184689
185990
172800
212943
184575
180806
187861
171731
167037
173281
195641
190660
191092
181774
178124
174607
197200
177960
198547
190121
188598
174123
190255
180722
195206
182900
190454
187773
190165
179618
197809
190362
194897
169613
186617
190455
185132
184766
190504
176933
196673
187126
173474
180135
176011
184506
172308
193097
189303
170524
197659
194958
192334
190949
182331
166106
175178
175894
186235
182614
188766
178457
194621
192712
183859
187294
171972
188795
185049
182455
181337
198842
188879
189662
189478
188367
193530
189777
194137
189481
178594
192276
194178
180707
170256
188495
190141
183527
191262
183670
187451
178643
184559
187271
170599
173743
178158
194688
195518
189147
194921
181962
195420
196769
176101
194358
189754
180091
179296
191083
175139
176792
197704
188464
183519
171770
192514
186945
180275
179302
177151
182688
195056
198621
172146
198030
194288
193831
201656
188553
189743
185155
188407
186118
187094
182952
210894
188887
183762
165975
201808
190424
180650
198870
188647
198100
199296
184859
197516
190003
182783
188037
171153
164417
192514
193615
177509
198864
190072
180895
184733
184889
182444
169278
175927
181411
168851
170090
166896
197581
192937
187645
172474
171007
172166
192397
191433
189537
204843
194637
188182
194221
185025
189695
175851
172767
205503
185270
179747
172402
187638
176920
177469
170379
197753
187895
175062
192019
186451
180797
182717
177137
201437
197427
187426
184927
190301
179361
170322
193198
190728
185994
172624
190363
174537
174291
163547
176106
169590
179155
177539
169529
173050
198679
194144
193413
185135
174327
185375
176594
166360
200345
194123
169930
169964
171140
183780
170683
190418
189092
183418
189796
191148
191085
193976
176639
170559
165613
176023
177452
190249
185265
178664
203368
185942
176742
185858
166020
185167
177757
190695
193887
180419
170624
174337
173580
168707
176808
178555
177715
164556
194169
180427
179805
178892
194340
184146
184227
203257
181292
187117
196905
169759
167664
188547
184196
189538
173251
188145
192158
193729
182296
192496
178056
192252
184501
175734
183428
186361
184015
177464
171972
174818
172849
173071
170705
162546
189907
177588
185136
188441
194851
177241
170039
170240
199654
185423
180953
194099
192003
177864
175378
194880
184608
187936
187710
182594
178296
201751
195021
179931
198614
177415
187696
182592
182162
206770
182377
171797
176576
177902
172516
171637
164531
198036
183317
184114
182179
164538
164537
188712
181543
180989
204096
194639
186428
169693
170184
173782
170950
175543
178132
172776
167792
202200
188029
193486
169843
171498
193484
188099
167962
195359
187297
188044
179127
187824
187767
195060
186299
187868
177653
170113
173937
199328
170831
177858
173408
201793
188692
195517
177684
184468
173666
196473
192571
175830
186117
190438
183694
169486
194198
168835
198776
176901
192494
195100
170380
195242
179991
169488
178914
191651
187231
183159
190956
186267
178266
172867
193330
188738
194289
185033
184492
177959
173915
196605
190383
168324
168845
172374
181875
188401
178936
187255
176383
197205
167854
187596
183311
161188
202451
187764
178600
172081
191602
188371
182957
185982
156644
174530
190684
179328
174368
166646
187140
170321
193721
181898
190285
185544
180815
173071
172613
171297
163362
196208
185288
196043
194262
188071
190158
173934
178664
199074
180417
176621
200192
196227
174588
177929
168536
172558
171992
168591
173859
166348
195720
188639
174167
158799
170349
167971
172573
172205
201023
192217
189719
195441
196182
192018
178184
171918
176627
175137
177534
175704
198060
187206
181861
193876
194207
192299
196577
193968
176165
158669
161146
171220
167720
185021
175448
199613
189123
186535
185328
170301
193128
197863
180778
158596
184260
183653
169970
185641
178032
174199
156277
189438
179245
183083
178853
184079
191073
193250
178573
171369
194774
198016
185605
190692
194594
185138
192146
195367
189914
197154
190370
186576
192556
182382
200507
195166
190491
177346
181054
175397
182763
162210
182235
170826
173915
168160
193948
182557
195319
167468
194517
197739
182692
173099
177608
187276
185196
207234
177640
205639
188155
184247
191051
188148
178093
204426
189078
205215
183027
190091
183551
203234
183746
172431
169009
180529
177798
170657
170256
199079
187614
173356
172686
162413
195902
179674
173547
185900
182339
162984
169719
173815
198404
191074
175986
191166
184436
187787
174752
170850
178533
200730
172031
195862
189548
190823
180799
179354
194343
180364
171780
172947
186502
184470
181383
181331
188645
197112
179542
187641
184536
177925
190909
184611
178013
182370
196678
183508
189030
193284
187598
186072
186501
187160
196203
171892
177964
199896
186307
170175
189095
175721
176205
173744
184504
186624
178231
191488
171094
170596
200291
189479
176911
170475
177012
196630
171892
186838
172925
201524
186825
178043
200534
184493
163689
192198
190592
197864
207473
169089
200429
183593
169069
192552
189124
191525
185814
185110
173333
170484
172297
182216
187674
178359
173312
172927
194748
188005
182946
183871
189192
184769
199072
182705
188571
180007
169952
186474
173244
193527
195937
181718
188603
190310
187832
171394
165262
172370
194346
149905
181664
183398
171837
191832
170045
170453
192275
184624
180235
185503
189551
170394
178443
197677
160267
188691
185793
182088
180530
174135
191973
189042
167833
181998
191017
187667
177156
185348
178814
189823
184183
172674
194984
189453
165734
172168
168231
187016
184367
181281
190092
179796
186315
183601
171876
169110
189263
164386
204304
195280
173232
176707
169617
199912
185011
189763
186400
187297
170892
186562
195659
188103
175760
174012
203099
174941
167930
202687
185704
183574
157179
167436
174694
206095
191959
179998
193739
191939
180403
200338
185542
214126
165124
197583
187329
192605
184933
192421
169902
170588
192699
190384
190113
195472
188566
181873
186390
166948
203774
180999
189987
177788
198241
184312
185303
179415
193676
177910
187023
175160
196961
193654
173287
178103
169116
208792
187833
188561
195687
192843
184359
164795
193104
194420
178450
184074
189841
193555
182131
181598
166449
178270
196687
185085
182386
189349
177531
174780
169170
171717
208622
187737
172994
195159
172958
152026
189205
177367
191703
188895
182098
185769
174038
192367
172697
165666
201858
190157
191583
187817
193491
179491
176966
196299
206483
194607
182647
179191
182319
178795
186124
193203
187732
183125
180294
198710
189467
188295
181015
189539
167159
191846
184960
191962
183080
191934
185086
185707
180097
178260
176901
201055
168521
175755
164497
194576
186655
192765
189964
168761
200971
187642
179778
185296
165199
184717
188570
198509
182604
185071
186813
196433
189276
172524
186623
192068
189017
190448
198023
184379
177848
187212
190199
183461
195175
188643
192706
171841
161028
194920
181714
180436
171436
199186
190411
187718
185076
192590
188853
183331
178799
173251
190870
190251
188340
185700
189136
169769
182441
197209
181337
185693
183347
187776
196529
180886
207736
188142
182704
190468
181083
192629
187285
185369
193144
183931
182791
170009
167975
198866
187940
188885
184621
191577
177736
170706
199059
189014
184123
168270
174325
174937
205492
197249
191548
176980
193153
182180
179678
184163
167608
174160
184016
194860
183828
181039
177616
194760
195701
185551
181456
176467
187747
189131
182368
173332
180623
202127
193503
184785
183688
187491
348633
176406
210497
186643
176334
194143
185929
176293
170644
186415
179868
195117
177809
170875
171225
200841
186487
182055
179679
196412
208398
173662
175010
165683
197889
185829
173019
204832
185190
167729
172197
176176
179564
183441
170213
191966
187689
170173
190774
184784
175566
159290
167708
195757
185182
189621
178983
188239
186352
185808
183163
191207
190022
174338
173818
171313
198622
171423
198260
196258
211247
166528
173741
158344
196813
173445
177832
186524
183321
192385
186905
180032
174110
169971
175184
189839
194234
191124
181371
186737
179429
187708
165573
182044
182973
186022
176970
187628
185618
181318
178042
172093
184531
197870
205487
175683
208826
177969
194436
178967
187961
179453
194913
187514
194757
191933
179032
188365
181578
175588
209324
193739
195539
194523
197038
174255
180424
193547
181202
194816
184179
187638
170371
198651
187121
183022
169527
186309
194114
186456
169920
197695
191990
161238
183832
208920
179220
178605
191407
175459
171367
193867
184748
172114
175709
169019
185898
194948
182902
193297
176682
172652
198221
184321
176953
176483
174063
183502
181667
170437
191622
189065
183869
172405
160747
167368
188499
194569
195864
187765
171556
166401
182289
176375
165793
168568
162986
163964
179040
177356
171047
175358
168177
185489
176144
183027
161623
199106
177381
186585
167341
188084
180359
187799
179271
171140
165150
186974
168803
172041
186461
188474
179506
161450
165903
190680
185725
178823
177390
171524
178956
166207
190269
182969
186171
185221
168962
163428
178191
168073
180102
184341
188608
187048
184287
184142
181858
173427
161997
194583
191957
188374
186106
177790
164181
188502
181737
191248
176123
169203
185771
181564
194375
190819
190170
186712
163968
202448
186118
182351
170395
167198
194347
183048
179391
176384
174409
183960
187290
175887
199639
179303
181064
194135
171301
171008
199614
186615
178867
165977
200270
188483
185783
179094
172761
167592
183684
193124
198795
188227
179338
177532
163755
168670
192555
192558
182310
189849
186593
185050
179407
172788
170334
194242
169071
194980
191891
181349
174585
164821
192880
203643
186791
190752
181775
180700
196076
190173
187368
174757
191347
182630
177316
186171
175147
167731
180414
180617
182692
165606
174459
185820
193590
186496
170295
168179
191088
185235
164431
174613
195816
180624
172894
178581
179800
186165
189481
187351
195362
188536
180900
166563
165565
201405
173966
192291
180632
171565
169601
182910
185884
188583
183519
177869
174525
201383
188363
192900
190466
172083
175606
198983
186460
172839
160188
172764
196483
186267
193478
187087
179663
179513
172811
196982
186596
162869
185977
189948
179165
168912
200424
188099
186816
173622
187740
195388
181801
183181
186325
187514
183625
186094
178117
192427
174956
168333
207694
192951
180942
192274
187031
194033
182403
185848
177512
162261
197372
196620
187796
187148
186631
183889
175533
198309
183509
176020
191839
183681
181303
186905
173690
171577
165667
196514
180898
189805
191814
174645
166549
197505
191176
166576
190768
196257
172771
171971
192711
183748
184645
173524
187580
180536
187349
193249
164755
172301
190406
177073
168862
163977
195705
202806
196389
176287
198427
195390
192952
175436
185470
172088
179815
190573
180793
185877
183721
172301
167195
166368
196526
177978
174057
186979
189118
167422
161661
194786
196657
196016
178136
192036
194319
171570
196226
182210
182585
217139
262488
186087
183232
170721
207206
180918
179455
192424
184811
176815
185419
185171
191882
181869
179603
188325
185510
181928
186171
173804
173078
168870
199095
189009
185794
176284
167721
189626
184274
174493
163632
184396
177441
186460
171760
169328
191017
169988
172280
173194
195599
185760
175760
180785
191374
189897
187837
177494
189411
172747
170775
193054
193183
186115
178958
167684
175544
166437
185653
171244
177310
192876
181389
191673
171483
172799
202663
192004
188954
182369
198047
184311
177668
174802
169338
200686
186630
180145
172228
182799
167818
175914
193385
178176
183644
189358
187357
185417
187272
155922
201654
183941
185492
172994
174129
192372
185374
181697
183852
165823
197553
187496
184581
179058
166256
195234
174969
174131
200601
185256
154467
194646
185808
192048
157467
172454
169958
167532
191458
188602
171492
172819
196701
187189
165041
191238
184308
181696
176644
190565
188523
162621
209363
189739
193452
200988
187769
186806
164129
187111
202105
166702
187542
192085
189521
186622
176089
188389
192057
183461
172352
183897
189765
182783
170359
173138
197961
190419
185902
173465
188822
177987
165199
170266
174969
186585
182688
183857
178233
183412
180717
165928
197137
182668
166537
167310
198497
181572
171157
184005
195108
169625
177539
165821
167967
166127
192612
181067
167662
172722
206238
183537
173801
169008
159391
200012
191511
174466
197907
183297
169061
164437
177757
192681
180844
181614
177229
188407
186997
176328
185071
173767
167786
190489
189217
198505
183718
174828
159341
184890
176965
169305
165884
185729
176131
168262
199045
191809
195353
180138
176384
187687
304682
194325
170461
196848
191988
166083
212146
188230
196816
189753
209698
175107
197204
193018
185234
172716
190084
184321
174675
170504
205038
178195
180932
168283
188897
191369
169292
163965
207677
194310
183580
176618
186649
177399
188237
185692
168593
194836
180659
168844
187065
192788
201779
183759
181943
179799
164324
195905
185487
191756
195860
183583
177298
179068
167440
191314
177968
161784
205732
176190
200146
186367
171421
194257
181490
174587
170564
195022
183331
178246
203607
184701
181568
177245
186953
193556
182062
188103
185047
186910
173818
170333
164164
191413
194381
184273
173818
174261
195533
188597
179292
179379
179948
174148
160125
196372
177444
167600
192648
185761
179318
188748
187510
178029
175920
191934
180983
182951
174200
188545
185116
179684
179813
177805
169083
198735
179110
189624
168908
190696
192742
168443
192584
186758
188203
195649
181970
189419
170546
161781
193299
175565
172929
176684
178737
170719
205630
193869
164924
189298
191577
180957
178814
177277
168702
175205
186139
187908
181844
170971
183887
171105
202053
192990
185363
179654
170688
167230
191923
192282
181514
193184
188003
185921
188096
185460
195525
180985
176949
165027
195903
192420
185965
180037
191515
189690
174102
162906
200387
185059
177589
173284
177723
180385
193726
185859
192390
184286
184711
167804
199707
200141
193380
189532
205760
167197
164343
193214
190566
189091
180442
166302
191078
199346
186200
181556
176278
183605
188964
180177
181565
171659
157375
170806
178106
176316
189306
195015
180354
180636
176642
163931
189095
179969
179688
183469
174836
174165
179228
191035
190539
184985
188551
197132
182835
188252
177580
196335
196355
194792
190998
196265
190130
189152
200081
191396
182747
194936
185405
174713
204296
189218
190988
191339
184269
175890
181668
190957
195209
169876
168630
172243
171615
184693
177596
169710
425302
202993
212973
192934
180849
192870
181327
198925
188936
187900
185114
184494
183927
181249
182652
183174
197124
185609
185961
174271
175743
167105
197403
183996
192342
189743
189705
177347
168594
181577
178183
167478
181068
190633
184961
176110
197931
187137
193897
189947
194831
194722
175591
173853
189466
187587
173263
166336
189782
201840
197326
189183
189154
178345
185155
185826
188528
172737
174761
169340
159986
183998
175850
169524
159447
188229
188225
181582
170076
183734
187107
184178
186485
183449
181037
188564
167254
165203
189360
202621
159845
188378
197351
185029
184350
186324
182612
176234
193648
180134
178752
158742
194447
175634
182672
176197
172661
170634
181121
207662
185576
185535
162806
179893
173633
169125
174691
184314
175951
189523
183654
180887
189128
192784
186783
172433
192526
184227
186689
189251
183682
185415
191279
189912
189300
184774
187091
181303
179861
177977
174452
191318
189227
181466
182940
189706
178038
190270
195012
190463
191655
189406
200066
178379
191886
181034
165463
173104
187629
188365
175576
169313
192400
185568
176817
183870
180143
179044
172448
192198
181846
174474
168723
166265
165335
192315
186453
175917
172714
187233
193227
184610
178879
178535
162870
179564
183143
179108
191122
187281
162053
182510
183534
187722
169009
192820
188647
179554
166834
198867
180589
184689
192469
187762
180912
186152
186594
183583
167943
192273
182102
178392
196546
200585
175178
179799
170445
155624
183842
182001
170853
166211
190257
179999
176152
185392
164766
171619
207349
178767
180118
163195
165737
184656
176813
176407
182569
167728
170781
190637
181439
168488
185483
185081
171772
166711
191716
184934
177270
188981
169217
183374
168784
168689
192400
191155
176426
169936
170715
188925
185069
182720
162811
200463
186509
182043
165395
180344
167689
198461
182137
177260
188657
168328
201071
192957
177148
177386
168607
192801
190868
183756
180024
171896
170593
192420
182058
174670
174813
172847
212847
192749
183258
174701
169885
164927
193755
174993
201620
181747
189924
175809
174236
169849
183931
183690
189186
189640
183047
179525
200401
180240
176398
176330
160644
178425
198389
190192
187818
188421
178312
183004
188615
195037
181255
173972
177077
186592
176645
190889
185233
193777
174702
177748
184139
184969
166148
172789
167551
201446
199979
188397
181353
191705
183821
190481
169973
173335
176900
174101
167732
191556
193422
180878
173249
170302
174392
163337
191487
182527
172687
197989
183516
186901
174410
173980
193981
194844
195547
187026
183449
166310
187549
188486
168745
191390
187687
176660
175771
188634
175928
192112
175456
180183
171006
168009
189098
171671
189630
198010
176723
171124
168277
172778
197525
183105
183652
178075
188337
189126
181885
174853
182886
189433
185468
163922
207189
183568
176713
195117
178658
188842
187524
190004
199785
177612
188722
182509
177355
168046
201345
188443
185564
166178
193982
187902
194953
199329
183438
164848
168445
197720
191778
163520
188116
184555
173809
169945
171398
165349
171202
168616
169745
174759
163388
176052
172060
198966
186686
182589
171838
189942
168589
167229
190493
186700
179054
172109
171427
198115
175763
193142
187977
187171
169438
187561
186325
184144
181623
169233
189558
173248
170016
179369
177706
173731
180851
176009
173679
188034
195134
185000
179035
181809
181087
172461
170493
175890
177335
170356
192171
186094
204942
179224
175517
171437
171939
164872
166593
197057
190623
184800
190103
199021
195926
192571
178795
180627
174797
188632
183767
166580
167501
203253
185611
190745
186108
176929
176399
159341
174597
180478
179852
178922
177610
166820
170425
204177
183976
182081
179671
169568
192614
179117
199892
183865
192737
185503
190715
186294
184011
190814
189977
189745
183817
162276
169362
200767
185677
173499
174736
188099
187935
164651
181916
192807
186642
190890
187384
171995
195742
185889
194304
177963
187601
190137
192955
184195
185925
191005
198014
192916
188788
197924
197467
193799
186603
171789
186057
200729
184800
168513
194277
184048
173823
191901
186881
188348
186974
183785
167805
190421
193964
194438
185986
179363
173807
170590
167617
166425
198431
188234
178852
176176
171809
173880
182945
195828
187470
184105
166317
188525
192299
172818
169809
164042
191248
188764
186775
183042
182607
189309
185778
183368
190093
193614
182020
188670
194506
186686
181653
186245
182714
194704
183586
185592
177507
201557
185375
177627
196061
188038
184391
183782
191877
195849
168647
180015
171243
164245
166872
173838
172419
170148
189749
193039
179171
171461
189581
187476
180078
174796
201528
195795
188219
188747
186030
180280
180514
181157
176161
188557
175953
169702
176906
159724
177272
172783
174027
176217
176305
175384
170919
192554
184482
190850
184578
181673
181836
174456
176863
167407
185077
176175
191757
189097
189212
188110
177909
181157
176756
182115
181582
176532
162056
188107
183932
188969
186342
186095
187092
192045
184885
176250
183966
179968
181574
187163
183029
181017
198688
194259
180102
180724
171484
172014
166257
189444
184919
189423
179979
187465
173456
174140
166189
196103
191208
175751
169309
195554
184978
181859
168790
195345
183996
186777
147085
209674
168808
171796
182053
180845
183606
194089
184509
180505
176250
167032
188326
184063
173853
179466
182888
185500
166270
182918
184022
177965
183627
194606
173082
170209
189727
200936
182364
175802
168633
181469
185240
187789
184225
193613
171650
185431
180726
174942
178166
176642
176764
168377
175344
161656
179403
166763
197728
190657
184060
166881
187565
186129
175588
165088
183845
186969
177780
181131
189711
169127
184670
187091
179905
181744
167425
194262
187907
181202
169571
179926
181848
180052
169778
170081
198655
185284
187634
172413
173449
202449
189571
166407
191679
190477
172505
189985
185849
186897
183266
183881
190041
176073
168623
182481
188635
191611
186457
183334
171855
202495
176955
189961
191740
165366
174704
164527
169228
166355
184186
200978
173538
188436
192514
170485
172251
167595
172093
186832
174364
178674
169807
205709
189396
185348
183263
183435
184931
186909
193602
194554
177142
172927
201561
184495
196701
198316
187155
175603
193947
185603
193692
177809
170591
180549
178342
198696
179421
193172
182942
188813
202654
175370
189183
173614
181992
172030
198050
186895
181329
188354
180852
172006
191554
167747
175512
187058
192746
177604
173412
168318
191907
177136
170790
199277
192929
165400
188147
188884
188107
196923
189404
196832
193118
173197
174674
168197
205834
194047
186894
197460
170035
187509
199500
180204
181515
188061
190361
191443
194250
169639
192238
190078
176923
199698
181467
193063
197922
184677
187979
187408
179380
187095
191232
182352
178503
168074
198394
178912
168315
165932
171645
196170
170744
170616
192554
189320
185904
189817
194137
181227
169825
171795
195138
175894
187225
178194
204445
181922
190395
190679
190704
189523
187680
186162
191378
185221
184413
186605
188752
172416
172562
194999
184719
192815
171446
208358
204966
194027
190865
197300
172461
174848
170017
197234
198111
197372
178866
193824
200297
189996
194754
202691
177434
169416
197350
198567
192211
189617
179638
198392
190025
188181
188927
184425
179347
188721
171883
206471
186830
193358
188967
184120
165949
187399
169152
177837
172457
185302
169438
205987
191558
164398
200321
190259
171529
205797
191690
179331
164823
191414
199259
190116
199861
196660
194038
188796
190622
192832
182872
190928
179026
173133
192584
190998
190218
193167
195405
199709
187172
181414
183802
184363
181079
189284
196032
195674
192770
178805
164884
170708
166676
194520
173604
187263
167750
180946
188141
160102
187202
189034
181434
178568
188176
178420
179203
174882
166934
192214
179751
173563
180035
193317
190827
185953
179906
169011
190030
181655
175315
190858
175385
175339
200582
183768
160608
168155
172599
173763
192812
183450
181862
185643
184185
173774
186326
189503
191904
190498
181696
208104
177259
175459
163294
184064
170623
163446
198714
191297
185132
185700
181248
212375
192793
189442
186578
162397
176577
172029
168203
212340
184550
187545
194541
189542
189268
189617
179310
185925
163269
193893
174499
167901
196708
192400
189392
188782
180322
172500
191816
190807
169060
190719
188796
185570
191977
178365
176311
170304
197477
193065
170563
172059
172132
188991
195352
177268
167038
170925
169654
169330
197174
189616
187608
181243
188651
189450
177299
185801
180249
176733
191673
187740
174191
193327
171549
180072
185111
181919
183833
196223
183976
179482
176222
199300
190512
186403
181378
182525
184043
184893
188762
186855
181386
166314
192154
176618
176206
154816
172485
167825
169234
185996
202342
186459
182011
191544
188030
166734
192664
191194
201216
193263
183251
186055
176438
186632
182737
191729
181899
167166
194352
185847
193047
172183
166465
162758
185477
199929
179587
174957
164863
185608
182552
177540
204512
173179
178699
176012
169310
184044
179010
188392
194528
200527
181585
178005
168290
171141
183062
186890
182451
181277
159405
174297
181930
179168
179020
175532
178909
169659
191277
174815
178382
201435
185405
185920
171515
190833
179037
176506
192548
198243
169037
171697
196270
188185
194327
169245
182597
180098
184604
176771
186124
174905
173342
172752
196254
187180
191165
185280
191682
186468
170340
183286
184200
176663
194341
189271
185230
184531
183221
175948
174204
185344
177508
173800
200431
186072
178582
186206
177567
187443
175088
176429
169449
193121
189603
213654
204254
184395
174307
182024
190137
181234
174539
195435
179170
172545
193767
195101
173930
170102
198375
188808
185705
176119
172031
196572
188440
191157
194990
190080
202337
184634
166394
161769
188219
186251
163435
201973
177147
165823
168748
191516
182881
171215
175632
191106
182424
174399
188052
193409
179814
178846
187266
194002
197374
186570
185063
184260
196189
178093
186610
186325
191213
184991
188730
173557
201926
181790
169730
193611
195556
193020
185934
171763
166071
168460
192222
180572
185370
194287
183068
187415
180656
181052
187036
193197
177087
182939
169181
185320
197206
197570
186022
189728
189311
189101
195465
186116
169098
192218
185828
181624
179368
164146
202846
182594
181392
190253
179063
177296
160382
183627
178971
178293
173077
194628
185253
184090
180891
182057
180055
169944
167600
171987
203770
174321
170455
167605
177468
201667
187415
178169
199783
172074
164049
187446
188482
169205
184985
186015
190635
175598
165358
198694
183147
186433
173528
197998
191516
177831
188338
193516
199087
194732
191173
188954
191277
187138
170865
197609
187322
168405
204464
179663
175607
180601
171691
165296
190306
178306
190016
164849
161792
182503
191926
174687
174874
169551
207802
169916
163746
176568
185813
180770
169621
188646
181835
204366
181178
182198
170662
173218
183687
182718
174168
168111
178922
181528
181083
183191
182508
177095
184111
183574
180264
176266
177110
174582
185338
183006
178844
173158
178120
165019
171991
162814
187602
185057
166923
183746
190457
184827
184957
182498
178016
189314
162977
181337
182261
178917
163637
186803
182212
182497
182497
144751
180410
185230
181167
166600
196389
176508
160323
168417
196788
182957
171717
184901
185079
195360
185428
172204
188469
197974
180478
173325
176573
174568
191145
184682
164818
194623
182650
177065
175095
169080
164626
207420
178267
179782
173558
171376
193750
174948
200619
178411
174328
165622
206544
177005
173316
162710
184449
186268
177724
162229
180727
184272
189705
175101
170715
597026
187223
178160
185504
165643
168921
196515
192085
173095
168947
177108
180653
172105
193216
190241
179729
184304
180290
184931
181826
192806
175701
185094
192053
173870
191569
187740
158504
189847
175040
166197
190654
181007
181351
181495
193088
173174
192007
182557
175444
172839
193625
195657
172130
184189
195857
177296
179376
185651
176899
177461
178291
174191
179766
172168
181699
194885
172207
178786
185438
157818
201933
186686
176924
182700
190162
170754
169798
193745
197337
183642
188078
183269
180835
180307
185595
165513
206791
185356
185514
181929
189620
177052
174468
165631
162111
204143
181055
178798
170250
155835
179659
172180
167525
180573
183916
169636
159254
166068
169008
197496
186118
183031
181213
167293
184075
171622
189071
179655
176192
179306
180577
181112
172319
193111
184983
177905
160982
189098
188839
174004
180226
175486
168611
183656
180528
166079
184551
181271
174659
190384
181355
173821
185439
171223
193530
182401
171384
164398
215796
176959
191791
172680
176166
185658
173602
162957
167499
180866
172553
173349
162321
174017
173066
167439
168568
198339
182966
172109
161539
194938
191868
168288
194415
182731
175110
170386
177685
186895
180888
184226
169819
173552
183514
171245
179283
170310
178111
172486
183500
187334
176281
190525
166497
193498
186580
180925
189732
196050
175588
168590
197232
180298
175615
191835
190527
175621
195554
194080
176266
198397
193712
180945
168889
198495
194655
184367
174264
172169
195736
187714
175184
187609
193385
176491
169919
190971
166994
196262
192934
180565
192468
166425
188658
178877
176154
179280
163810
189925
188859
193588
160342
178960
170672
170938
192100
183525
177013
173180
184341
178083
164626
177087
187336
179821
163939
170603
182264
174438
166368
179641
196723
179139
184107
174248
179592
172834
185243
177682
171634
176587
169348
193589
190356
178002
179030
190612
177030
185334
159649
179954
196572
180607
171480
159896
174948
207468
187404
182191
185629
167548
196502
181730
176092
199000
201659
181116
169879
171944
162396
186927
194039
171218
192934
180370
179863
181475
176125
182946
176281
185647
177969
176578
192862
186791
186307
175418
166704
196031
181379
175410
172557
197879
176699
184276
177693
181226
171936
198825
203050
185039
186649
183810
181111
192238
186143
195965
203073
179823
171674
167362
159183
192648
170339
179154
178345
171389
175493
168275
200332
190444
196737
189026
190136
182943
192174
183842
184979
198021
189900
185999
186646
185606
208303
186043
170331
167865
199733
194723
192896
191012
185558
192873
188785
186415
181227
191115
195120
188556
198182
172136
182718
169685
172860
175395
169374
175316
168433
174075
160827
191972
174050
179973
185286
179370
179230
172955
199205
190419
196357
187009
187758
187844
195381
190862
184441
189250
205140
181711
182013
177997
171961
204450
180400
187142
185250
191943
196669
174453
167769
191522
177691
175708
170666
181528
194844
195099
189935
201711
189970
194204
187466
194821
195996
188835
194452
174844
166613
192998
186337
179863
184018
189796
172747
177257
178027
172619
191859
185094
179781
201763
201489
173898
183169
191516
188538
172240
191855
194961
199824
161529
193983
184845
183487
183377
194319
204467
185455
202284
183475
178286
217785
183299
187252
186329
205184
204717
198550
190493
211812
182922
190970
191897
181170
203374
196503
179780
191233
195077
172883
194824
176726
190561
173678
181456
166329
190978
187403
201127
190565
187999
186279
190231
186583
185390
173103
196539
187210
169973
186362
196637
194252
182829
167533
169765
186678
191115
170984
181482
176918
188989
178484
183783
176097
181522
187254
171982
186353
184061
191171
194662
184311
178312
169006
189156
190476
185151
184487
170860
187541
182717
176292
169171
182656
183897
190073
181457
189792
180329
187586
168583
196216
178455
199718
185100
183996
172050
182230
169729
172707
195482
191395
192160
175470
164522
170814
174011
169593
201030
184494
155847
209518
180236
179434
190987
173089
196483
193267
187031
193086
181225
195044
178027
185811
181521
199955
181443
189393
185745
166334
199578
185773
179547
179675
192917
171935
205796
171400
184932
207878
193266
189558
188513
163805
195514
180422
191967
165438
168166
194840
186879
180194
173108
187515
184007
179370
183258
168258
188523
176504
169087
186492
187309
188735
198297
170030
199713
184852
177777
190019
180093
207087
185647
196924
193393
184311
176320
180518
179433
189702
193703
182585
171915
173876
169749
183847
179531
185525
195744
170958
169966
191187
184500
190794
165893
194593
216489
186718
188694
188152
191473
185874
178598
187723
190753
169724
174635
192484
185678
182224
194569
180538
197426
186745
181826
183428
175768
198826
196287
169676
179796
197092
192172
185625
175820
194135
176742
171779
169344
197821
197110
186045
183026
182340
185090
163014
195000
188805
179138
169937
170856
193596
186407
171874
172644
198921
174271
186829
177204
212541
199688
192164
175027
200450
177329
198482
202376
182561
181609
184575
169812
181272
166094
192239
156494
168977
175837
171430
204722
204952
170055
182244
185131
192767
177433
191460
189164
208726
175138
165241
175612
179198
172288
164209
195046
183484
192966
192922
182834
203262
180972
176091
161848
196438
193280
191603
190907
186016
166802
169392
169677
175318
173459
177735
161020
196052
189113
168472
171798
165290
209271
194996
195009
181010
195153
184928
177694
190458
197028
191270
178825
172709
162975
185797
173336
176583
180157
185857
172698
174521
192638
196503
188541
192073
204177
180958
198733
195583
187906
173734
175681
172337
173150
204882
181492
168531
171564
169850
169339
192128
188880
174190
176210
203758
187934
186741
164880
168204
164494
196798
196410
171463
180816
173143
188884
201887
189028
168239
194917
186855
174575
202882
195939
170816
204320
192985
171604
201425
189943
187748
200845
183125
170238
213137
186201
191399
164520
200804
202160
188183
184501
172375
178436
180717
179051
166956
172173
171380
198036
192503
189450
205149
189613
187267
185892
170640
186956
181021
177878
183170
199434
190751
183653
174043
198054
174957
176877
201416
186637
190964
192049
194426
185612
178148
191830
192739
201241
222823
166959
189271
173546
177076
169017
172659
176293
178531
175423
190974
202800
177745
198442
190162
191776
179833
181037
178208
187973
190823
173173
167447
193162
172309
167350
200882
185495
177999
207218
193430
193495
200176
192864
175504
185719
168610
186612
193782
185751
195835
192657
186884
163308
201987
174497
176474
208093
198825
192496
188661
178120
175648
172877
181021
175618
200382
201585
186780
168657
195942
194790
184763
196182
157898
198249
163134
171469
195910
198054
180509
189787
196112
190758
191435
165338
203584
195771
187969
173761
186671
189804
198576
188635
181699
190274
178282
187861
180492
173667
198482
189683
170745
193504
169277
194285
179436
186874
197406
187276
172176
187475
191336
165634
173130
175094
181555
176825
197666
189497
195063
184968
167021
174526
187710
180417
175867
175872
178161
182328
194701
186069
183231
196558
184117
185097
186153
177820
167566
171440
173682
174162
185543
183548
184419
200252
191125
185361
167230
193635
166302
191228
195026
193222
190630
178174
191559
185392
175054
195115
183243
180483
193465
187718
182859
172092
190326
190494
166038
200400
500740
203822
182837
251858
185824
173189
182087
194337
192662
171355
176714
171719
170885
175219
174328
164752
204380
185448
175390
211807
199981
189671
172175
192556
185053
168763
162774
168099
188153
175012
180169
182731
198986
188503
195868
185520
170311
169820
181083
189735
194767
180515
166527
196327
195896
182470
186051
187780
192300
181376
184448
169913
200639
184912
180670
184558
178197
194949
196624
181659
175559
172138
157437
194331
183507
179726
185823
168798
193195
192492
188365
171488
174585
171707
177040
199773
185603
193570
187155
183756
173339
169979
164575
168249
194604
166715
182775
163270
195142
186630
177691
192388
186212
170363
197438
