14315  
16847  
15059  
15062  
18105  
16284  
15715  
16263  
16136  
21727  
15907  
16043  
17621  
17191  
18776  
16210  
15450  
17701  
17140  
20462  
16674  
16159  
17768  
16686  
22629  
15080  
15733  
15238  
14917  
20266  
15704  
1  
0  
0  
0  
0  
0  
0  
0  
0  
0  
0  
0  
0  
0  
0  
0  
0  
0  
0  
0  
0  
0  
0  
0  
0  
0  
0  
0  
0  
0  
0  
0  
0  
0  
0  
0  
0  
0  
0  
0  
0  
0  
0  
0  
0  
0  
0  
0  
0  
0  
0  
0  
0  
0  
0  
0  
0  
0  
0  
0  
0  
0  
0  
0  
0  
0  
0  
0  
0  
