2296836361
6977171545
6973672975
6970979442
6970447038
6969109302
6968694493
6966630562
6965639449
6964963579
6959190545
6955013321
6953555509
6949948770
6950384447
6948889148
6945432740
6943728677
6942505039
6942434204
6941125882
6939982833
6937634680
6937465204
6936273758
6935604902
6935574422
6934606200
6933161460
6933785476
6933540684
6930509143
6930656598
6926132995
6925013815
6923487954
6917269046
6912758706
6911685744
6911454808
6909680715
6908997060
6909458881
6905757874
6906307677
6906233160
6904598741
6899921970
6897307586
6897416747
6896357784
6895396131
6895809347
6894646088
6892537660
6891282930
6889947114
6889067810
6889315071
6888775733
6888164072
6887524545
6886920888
6886805013
6884282620
6883961938
6883221443
6881979684
6881629605
6881314291
6880409730
6880417300
6878217301
6878043083
6877929554
6877545747
6876795966
6875545353
6876178929
6874974840
6875323750
6874315004
6874841819
6874443201
6873647423
6874932165
6875196554
6875877404
6874901224
6875375901
6875456582
6874976143
6873741805
6872419128
6870832419
6868593281
6867287355
6868445925
6869229835
6868973723
6869518814
6868036498
6866810840
6867187123
6865665196
6863587452
6862437490
6861334651
6860167783
6858642413
6855612454
6854528544
6852571806
6848321007
6847258724
6844352869
6842416355
6842762493
6842762464
6843169433
6842028720
6842006310
6841111741
6841490058
6840238072
6839958348
6839146251
6837395118
6835642921
6833774392
6832146652
6830698298
6831736315
6827980248
6821737698
6821697044
6820884704
6820130395
6818761352
6818280782
6816042668
6816062256
6815473548
6815600958
6813867705
6812927866
6811976826
6811534428
6810966834
6810754310
6812205844
6811824981
6810615463
6806159633
6802736259
6798358962
6795742806
6795749079
6795628401
6793251401
6793359075
6790003678
6790211560
6789884645
6789015112
6788828169
6787804146
6786847933
6783414941
6780987872
6779723844
6779757032
6779251424
6779237850
6778704957
6777237729
6776066200
6774342664
6773015201
6772132061
6772337867
6771987243
6771083643
6769902127
6768210418
6767474625
6767531602
6767769913
6766437822
6765446032
6765152316
6765968325
6764523431
6763369959
6761967818
6759227343
6759026226
6758759777
6758050827
6756130448
6753838777
6751780193
6751188133
6750839291
6750771294
6750724951
6750790909
6749285003
6747217804
6747627772
6748606944
6746764541
6745942698
6744025188
6742890751
6741574082
6738707775
6741150944
6741411580
6741392715
6741329739
6738582591
6737881573
6737400104
6737781155
6736666490
6736323793
6736566110
6736599262
6736354485
6734834839
6735587599
6734771958
6732755445
6729722483
6728987317
6727506561
6725773895
6722276839
6722264380
6720045882
6719014665
6719813865
6718185307
6716898588
6715460368
6715005073
6712953124
6709312726
6711396353
6711643418
6708684819
6706951575
6705809115
6705610512
6691910787
6690986766
6685535734
6683032624
6680863795
6681462302
6680463471
6679597504
6679994814
6680410225
6678254917
6676623636
6674273878
6669361391
6666240302
6664915108
6662103293
6661529677
6661145036
6657680985
6656720171
6655363781
6654682474
6651682005
6651682633
6651765228
6651028209
6650162870
6648085081
6647081535
6646737598
6646519932
6646391245
6644921266
6644617424
6644686286
6642814096
6642228503
6641345947
6639160077
6636505963
6634139179
6633361810
6631330972
6631435616
6630481651
6629550887
6627927354
6624453419
6623589714
6623716652
6623833011
6622029783
6622925535
6622634170
6621903179
6622395049
6621083773
6619740420
6619789837
6618392805
6616684120
6613587322
6613426376
6613358065
6612644767
6608953084
6607777849
6605332718
6604924794
6605548128
6602131865
6599639468
6599261637
6599416774
6597898930
6596551206
6596141484
6597805780
6596167254
6594836470
6592830686
6593778203
6594299754
6593258408
6593223333
6593150056
6592832598
6592722804
6592956318
6592765944
6591245998
6588405563
6587029088
6586653991
6586169216
6585554082
6583894949
6583088879
6581744868
6580091511
6579337770
6579207320
6579390135
6579121646
6578161093
6576232415
6575985004
6574348520
6573245534
6572186982
6573157788
6571843649
6569902852
6569536490
6571001820
6568746965
6564375256
6562951136
6562974449
6563140056
6562256272
6561365837
6560652927
6559749398
6558047951
6557048610
6556027125
6556044112
6553046809
6549039817
6548422201
6542772365
6539275469
6539554010
6539372024
6538521258
6538460279
6538074354
6536747724
6536062903
6534305872
6533427879
6532754165
6532548348
6532313907
6531375911
6531379684
6529586700
6529239539
6530240586
6529904467
6528321704
6527440821
6525582206
6525295550
6524995535
6522234168
6521522884
6520947868
6520281173
6520666214
6519354881
6519840217
6519808227
6519178314
6519048414
6517786207
6517218556
6516733799
6513171198
6515702756
6517388851
6517510450
6516777986
6516632929
6514473170
6514575487
6512689400
6512823046
6509294741
6509307660
6508281719
6507989667
6509500552
6509495425
6508075416
6506938626
6505848793
6505788245
6506175309
6506216137
6505882139
6506048750
6506671452
6506323652
6505547760
6505245096
6504585803
6506351636
6506722421
6506738646
6503892029
6504785842
6505646519
6504663665
6503828239
6503410826
6503168674
6502906141
6501882081
6501668663
6501402651
6502410575
6501944098
6502533483
6502738653
6498862043
6498854738
6498372330
6497612936
6496672258
6496166081
6495856819
6495240011
6496464393
6496125855
6498260117
6496271759
6496370633
6496285507
6498079117
6498318227
6497209222
6497270338
6497173920
6494652584
6491826963
6492673032
6494222850
6494349585
6492343349
6493397031
6492153326
6492332212
6491608996
6490829624
6490283432
6488497685
6488358926
6486470642
6485982504
6487486487
6486059466
6485392848
6486046604
6485903175
6485255284
6485005434
6485888283
6483839889
6483596195
6484610667
6485064546
6485268068
6484281462
6484136639
6484765815
6482570736
6480473313
6478319470
6475501500
6474300417
6472607031
6473217952
6468343844
6468782479
6469076677
6467616025
6466766757
6465682111
6467096689
6468185950
6465822660
6466520294
6467168711
6469965467
6470815694
6470969922
6471519757
6471260598
6471816785
6473986076
6473510355
6473115262
6473312192
6472167667
6470617248
6468013388
6468764906
6468707761
6468610109
6467819327
6467408072
6468832415
6467079186
6465553500
6466545351
6465027526
6464053893
6464013028
6460057950
6458959895
6456165230
6454867614
6453963517
6451890835
6452036139
6449431842
6449141872
6450557893
6449983753
6450650650
6449720258
6449563373
6449221207
6449433747
6447706627
6447534811
6446771005
6446941827
6447417769
6447078665
6445374696
6442435117
6442439716
6441391346
6441316769
6441121833
6441740363
6441066289
6440758205
6439645794
6440067436
6439582313
6439417432
6438311124
6438445695
6440586181
6439119851
6436954558
6437891345
6438234360
6439348214
6439991942
6440568312
6441647843
6442478645
6441586258
6442558033
6442790946
6443634687
6443415792
6443619079
6442747725
6442134934
6442259211
6439334933
6438634303
6438001204
6436149562
6436121836
6437340281
6437182967
6436385738
6435178104
6434694732
6434630562
6434944310
6434295367
6433369585
6433672662
6434183598
6432792458
6433036538
6431376740
6430704291
6430201758
6429315550
6430413519
6429249388
6428089567
6425932326
6425370280
6424634536
6423797397
6423453779
6423477582
6423469279
6422527141
6423402545
6423784702
6421971582
6422587974
6422340663
6422977512
6422038635
6421933293
6422498081
6423487428
6425512910
6425346498
6427520688
6426542977
6426243636
6426669478
6427513270
6426949650
6425577932
6425169336
6425473435
6425120436
6424172634
6422516710
6423192714
6422551694
6422827323
6422194775
6422065659
6421689241
6421498836
6419385369
6419318107
6420058265
6420553663
6420862064
6422634449
6422537909
6423915144
6424081637
6424311110
6424070282
6425499767
6424848415
6426505186
6426101619
6424705888
6424741938
6424758098
6425339257
6424461563
6424018969
6425511669
6425099861
6426369879
6426055355
6425715873
6425891214
6424925186
6425789083
6424019150
6420402919
6419754194
6420977132
6420708389
6419656514
6419654045
6420009271
6421502421
6418847021
6416855767
6416961121
6414236901
6412161380
6412093125
6411786652
6412515328
6416414199
6414787953
6413168101
6412413615
6410952779
6409753615
6410105325
6408841603
6407570643
6403866818
6404113826
6403078840
6401616804
6398376915
6397473325
6394487404
6393934773
6391944510
6391895458
6390902406
6391974528
6391462329
6391111668
6392689970
6393424707
6392547527
6392387329
6392088383
6392212704
6391883839
6392236313
6391023383
6390505152
6391244267
6389854406
6390284460
6390222183
6389788105
6388688107
6389023999
6389234532
6389595396
6386188272
6385680348
6385477073
6385876062
6385804861
6385028798
6383886277
6383053660
6382888944
6383872913
6383208314
6382937623
6380984727
6380303413
6378383062
6378130559
6377417545
6377406783
6376543363
6373981197
6373524687
6373659287
6372594063
6371639814
6372832201
6374997912
6371987515
6371735428
6371903780
6371673188
6371216647
6371088797
6372218119
6371326082
6370523173
6369779014
6368953979
6368820531
6368797683
6367019871
6365508679
6364809361
6364931279
6365396810
6365544982
6364414760
6365190601
6365321220
6365268316
6364369855
6364742643
6365650567
6366058334
6368647322
6366306322
6364984730
6363049550
6362368699
6360913136
6360187229
6362083736
6360391582
6360441034
6359988104
6359101770
6359272219
6357380365
6359323163
6358899119
6358673564
6358458984
6359780143
6359692699
6359915434
6360038013
6360304958
6362025559
6363257965
6361975098
6362697743
6361968417
6361861772
6359952825
6360308473
6359210967
6359503638
6359631417
6360396184
6358951303
6358614152
6358813661
6358958909
6358962082
6360187032
6360177669
6356949228
6357436026
6356878329
6357397968
6356126162
6356172882
6355381742
6356540177
6357753398
6357153074
6356938202
6356235146
6355801480
6354675000
6355270553
6354404721
6353853371
6353964316
6354170105
6353952970
6358894307
6358785881
6357940367
6358168171
6357131051
6357137846
6356407474
6355867392
6357361444
6357614534
6357290527
6357399688
6357402697
6358061755
6358776111
6358671503
6358786992
6358640888
6358741147
6360794084
6360475409
6359981042
6360466208
6361556239
6360499544
6360968184
6359859330
6359101267
6358450345
6357588149
6355220945
6354761386
6355402198
6355468300
6355987075
6357282470
6356752193
6356940988
6358733497
6356909794
6357062461
6356949658
6358023358
6356678725
6357187133
6356834948
6357081191
6355432913
6354622098
6355099349
6354302526
6354073684
6353292514
6355040215
6355100914
6354648706
6353991220
6353539738
6352241298
6350448667
6348869748
6347518849
6345944289
6345608207
6343871434
6343049683
6344064342
6342380616
6341726413
6342490244
6341503411
6342160647
6342757479
6342587451
6342375831
6342034273
6342093924
6341847082
6341170106
6342220085
6341848655
6340773475
6340699387
6341621341
6341214807
6340820252
6341636750
6344005814
6341645508
6340488571
6339204517
6338021244
6337859205
6335285802
6332832242
6332536781
6332271941
6331372518
6330940572
6331446487
6332478917
6332008521
6332761691
6332509721
6331753986
6331666255
6331318285
6331216159
6330777262
6328139695
6324603459
6324010317
6325203098
6322850127
6323075248
6321704615
6321180915
6321747251
6322760338
6322445580
6322914597
6324208524
6325788221
6323975153
6324331722
6323144501
6324265144
6322592582
6322670213
6323370066
6322154498
6321913883
6321663748
6321152612
6319898763
6318480804
6316433891
6316362066
6316220146
6316272982
6315592524
6315972299
6316763285
6315671125
6316134750
6315312654
6314572875
6312670822
6312784754
6312203302
6308699173
6309047503
6308508587
6308852960
6309349988
6313152095
6311465411
6311965671
6311338488
6312074467
6311155298
6309781136
6309580606
6308783482
6308497691
6308903865
6310076650
6309590777
6309677096
6308704968
6307683228
6307477515
6307177977
6308245898
6308449504
6309184135
6306336604
6305505359
6306104861
6305247525
6305611545
6302409812
6304693043
6304491442
6304660189
6304339580
6304949433
6303637257
6302148100
6302504705
6303151969
6302559801
6303187167
6303106326
6301796491
6301500594
6299550155
6300469735
6298293900
6298230767
6297183695
6293680048
6293161447
6292533226
6292723306
6292787929
6292760953
6292557036
6291343416
6292195155
6288964417
6288943183
6287696611
6287756049
6286940039
6285869228
6287365789
6287348290
6286773651
6286748006
6285084057
6283465234
6283366236
6281551592
6280198392
6280993090
6282171792
6281344705
6281162356
6282923652
6283401218
6280978095
6279570170
6278870326
6281166239
6283148684
6282470204
6282284125
6282262939
6282607372
6283300754
6283953121
6284297558
6283803538
6284041878
6284313736
6283406991
6285313794
6284065797
6284291676
6282553235
6282674510
6282005125
6283263474
6282637312
6282002841
6280721046
6281371414
6279642145
6279791454
6279161292
6279833363
6280713744
6282185229
6280181972
6280285719
6281499635
6279277629
6278940504
6275034525
6274300542
6273611578
6273241014
6272942387
6270959318
6271200248
6271250973
6271707252
6271088269
6270658477
6271809038
6271587913
6272050301
6272006764
6271287828
6271942097
6272143499
6271943849
6271403691
6271723434
6270698074
6269955057
6269778850
6268999579
6269180881
6269292261
6269765548
6268483606
6268420159
6267200336
6266661923
6264890055
6263033462
6262890730
6261512185
6261724706
6262216094
6261316626
6259324785
6259011438
6258372106
6259959706
6260051615
6260598608
6260490595
6261472711
6261707174
6262250078
6262583741
6262576327
6263734426
6262801716
6263984125
6261433010
6258556968
6256205253
6256836130
6256912929
6256328997
6254329537
6254253027
6254201325
6253781947
6253357400
6253105645
6253602455
6253206897
6253643493
6254579949
6253677597
6252885699
6253067626
6254076752
6253688126
6253208060
6251539142
6250627697
6248956228
6248435788
6246840487
6244449680
6244183344
6244249019
6245415194
6245570140
6242924167
6242073162
6242001414
6243008886
6240839634
6238886191
6238546353
6237960127
6237616580
6236901657
6237030712
6238133937
6237730789
6236787130
6237615341
6236997252
6233726365
6233823829
6232757974
6232759296
6232667303
6232810941
6232676192
6232948667
6229603877
6229847540
6230193712
6230209460
6229368260
6230666190
6230227982
6230039401
6226956939
6227015259
6227983899
6224834879
6225013346
6224340924
6223235506
6222651865
6221499355
6220779522
6219428204
6219200319
6218386387
6218195225
6217794825
6219217292
6218075808
6218674943
6218808378
6218175634
6215879503
6215468044
6215957861
6214056489
6215196081
6217173901
6216608281
6217582394
6215922490
6215418209
6215238443
6213631227
6213903437
6213564148
6213861019
6212808725
6211372236
6212163566
6211454392
6212383623
6211803772
6211271470
6213248371
6211901123
6210991875
6210244965
6213489564
6213353669
6213956157
6213200301
6212553941
6213234743
6213080248
6212919988
6213132497
6214735305
6214140854
6211361272
6211272223
6211191305
6211066814
6212105710
6212074494
6211051009
6210067208
6211053483
6210267238
6211556701
6212573629
6212032398
6210269694
6210783870
6207056875
6207272017
6208009461
6204491557
6206137884
6206170306
6205715027
6204817283
6204797248
6203313720
6202858174
6202832091
6202934535
6202621923
6202347295
6201319432
6198979153
6197958022
6196146828
6196344783
6196378083
6195672991
6192637936
6193617817
6194000594
6195614959
6195787959
6195414043
6196998506
6196867977
6195923621
6195736811
6195556298
6197196042
6198062690
6198384351
6198575950
6198657925
6198438373
6198176172
6197711445
6201167248
6200740043
6199312113
6196684280
6195514678
6197601863
6197269711
6196646093
6196182042
6193888553
6193543356
6192864312
6192572568
6191639118
6190544496
6190530833
6190866764
6189996097
6191644652
6193601150
6192217842
6192114253
6191312170
6191095736
6191126121
6190655078
6189972383
6190157190
6189990720
6192078019
6192003909
6192280006
6192627617
6191073103
6192395616
6193131696
6193504398
6191102231
6191464574
6191825800
6190396364
6189154778
6189044944
6188183605
6187471388
6187470252
6188591954
6190878552
6192643173
6189773408
6188118346
6187169892
6183802191
6183869944
6183921689
6183717108
6183347786
6183854897
6183130243
6183478776
6182975969
6182779690
6184071382
6180090062
6179428101
6180771955
6179710582
6175770993
6176674425
6176941088
6178102205
6176977750
6176530462
6176370535
6176019378
6177519831
6176269322
6175957121
6175755562
6175556722
6176406051
6176001833
6176374627
6177070284
6176965823
6177787708
6178475343
6180053347
6179516716
6181105728
6178754292
6179996007
6180695940
6181190078
6182412587
6180869000
6182049151
6184619959
6184891011
6183824690
6183799272
6182676793
6182343722
6182214703
6182992399
6181384087
6181474968
6184520228
6185247820
6184615385
6184419924
6184473642
6182781281
6182991563
6183210357
6181053494
6181162508
6180058985
6180959784
6180254009
6179434996
6179256885
6179496868
6178072738
6179256543
6180457663
6180321837
6179715057
6179438873
6179975841
6179666087
6179318131
6178017222
6175490626
6176802018
6175703096
6174619486
6174736571
6173472687
6174055888
6172129737
6174495010
6173483974
6173391426
6174814419
6173256423
6174808139
6176660623
6176381052
6175900821
6175200147
6174830039
6175879937
6176164072
6176760630
6176499354
6176981097
6177125042
6178045821
6174943192
6174659750
6173377711
6174552752
6169418298
6167722265
6167579121
6168134013
6168613936
6167684057
6167185365
6165417031
6166414705
6165633306
6165641927
6166311225
6165477247
6166689298
6167274304
6167235547
6166453162
6166264914
6166209898
6165763798
6162447779
6161147629
6162236406
6163110185
6164273993
6163196659
6163178999
6162862041
6162294236
6162502861
6162368274
6162248662
6159076503
6159902629
6157978296
6158288594
6157022806
6154048451
6154822855
6154376846
6153530259
6154368917
6152957715
6155727319
6156777615
6154640478
6156606221
6156434750
6156592298
6157650222
6158224724
6157045645
6157853237
6156608586
6152961903
6153199714
6152941272
6152258185
6152724272
6152899650
6152091160
6153917088
6153810617
6154692756
6154948950
6153633496
6153945122
6153428883
6152832968
6153468426
6153646464
6152257839
6152010099
6152642974
6151978932
6153079814
6152953208
6153270307
6153547902
6154005843
6153979407
6151110453
6150164361
6149955557
6150493610
6150290012
6149883356
6148908795
6148365395
6149160626
6147221720
6146963820
6147922892
6148966195
6149760797
6150447386
6149808587
6149451614
6149425423
6147765931
6147781063
6148299324
6147776533
6148285627
6149167451
6149276346
6148440437
6147795220
6147537707
6147214105
6147606393
6147652076
6148180259
6149508131
6147736248
6146496090
6145198751
6143121827
6142585321
6140917996
6140079588
6140872964
6140643376
6139935055
6138816518
6138613846
6137685922
6138445797
6139061862
6138472579
6138896604
6137480077
6137639466
6136588814
6134939223
6134301044
6133029800
6131759672
6129930186
6130234395
6130643318
6128406251
6127987425
6127262502
6128238815
6129214121
6129461603
6124931454
6123908652
6123000438
6122882427
6123036364
6121549506
6121101337
6119708131
6119327120
6119414151
6118929474
6119353103
6117686860
6116989152
6116992569
6114771403
6116166112
6115455094
6115792208
6115072434
6113245899
6113528193
6113883400
6113650553
6113230358
6113788860
6115102539
6112396761
6111895634
6109074807
6107901759
6108217312
6106304513
6107162084
6107043314
6107585418
6108976549
6106202861
6105797081
6105109506
6105144170
6104726392
6103765714
6102546545
6101948897
6099908171
6099692339
6098437827
6099918855
6100308209
6099341718
6098684890
6097630351
6097727425
6097799509
6098991588
6098919006
6098689814
6097848472
6097201441
6097124909
6094761069
6095219144
6094907209
6095781777
6093763313
6092258685
6092667268
6093877087
6094698842
6093794234
6093084071
6092878823
6091083492
6090445768
6090273374
6088020183
6087066278
6086470806
6086269396
6086453488
6086560102
6085848053
6085216889
6084518813
6084501150
6085154005
6085311928
6086721176
6086068434
6085844346
6086914764
6085205638
6083181484
6083768813
6083566293
6083436649
6078922268
6078433882
6074391069
6074796162
6075361319
6074702493
6074496172
6074591438
6075837208
6071883459
6071212274
6070947232
6070426840
6069847870
6072533995
6073402393
6071883626
6071774182
6070231677
6071185912
6071263075
6070614428
6071289245
6071964905
6072723397
6071892666
6071174152
6070801152
6071799783
6071700764
6070668668
6070267903
6070562041
6064946888
6065977207
6066474631
6065332861
6068135028
6067194023
6065100161
6063569531
6064212373
6064970853
6062939768
6063185148
6062386378
6062900495
6061930159
6061072733
6060996800
6060842911
6061339007
6065759329
6066063884
6065943197
6066195787
6066177839
6065189467
6061891664
6060953488
6059934594
6060384206
6059651507
6059929703
6060094765
6058678957
6058616136
6055876975
6056795611
6057343187
6057202607
6057817617
6056422440
6055114745
6054619513
6053953106
6052715907
6051290155
6050880993
6050652653
6049699316
6049025502
6050003331
6049600982
6050822423
6050279428
6051106078
6052152717
6051395672
6051132506
6050260966
6050911354
6051924130
6051693638
6051361396
6052360655
6050803212
6050160227
6046383744
6046635635
6045204464
6044965413
6044976486
6044663706
6044071736
6043848711
6040770177
6041348814
6038702714
6038283968
6036793896
6035965566
6035378687
6035002093
6031565608
6031167227
6030974691
6031402137
6028310646
6028147920
6029052117
6028492812
6027884496
6027193376
6026123539
6025783645
6025154264
6025019752
6025138541
6024543962
6021342730
6020306606
6020626014
6019970726
6020511671
6020768600
6019453690
6017517729
6018002627
6017495973
6013404862
6013004478
6011976125
6013113516
6013907927
6014400427
6014228322
6011215154
6008752931
6007459445
6006939431
6006631054
6003432662
6003021820
6001693005
6000617373
6000687048
6001931048
6000897059
5999274361
5998736125
5998455611
5999426424
5999071240
5996234344
5994694400
5994162596
5994326298
5993819146
5992171810
5990051757
5989846522
5989962305
5989381534
5987738620
5989360893
5989377902
5989395470
5989596914
5990577220
5991138144
5992371717
5992153161
5989971329
5989620750
5988483848
5989044506
5988490340
5988343833
5988150888
5986279640
5985369363
5983476310
5983457866
5983387695
5984384450
5983124282
5982249482
5982068313
5982386086
5982390201
5982422172
5981730675
5982199494
5981649369
5979762327
5978551818
5978102367
5976439054
5975772414
5975279103
5973658652
5972350945
5972010147
5969361058
5967918271
5969680280
5970574703
5970142601
5971188181
5968640628
5968555266
5968057436
5967728154
5967550220
5968422432
5967448948
5969985563
5969360673
5969480709
5968603494
5968003669
5967228863
5965603248
5963047802
5962767507
5963199854
5963282430
5962675182
5961905096
5962993822
5962354478
5961974124
5962785720
5962500930
5963197653
5964945617
5964170348
5964044289
5963591524
5962485805
5962491711
5962965146
5960510427
5957836717
5956806466
5957691956
5957596373
5957430652
5956487462
5956075650
5955914965
5955426998
5955750877
5955866329
5956281674
5955839386
5955230653
5955990370
5955454673
5955962681
5955724511
5955618419
5952964020
5950892272
5951279700
5951421431
5951642391
5949825732
5949546301
5948611856
5948679311
5947835133
5949131687
5950714794
5951289900
5950081152
5951029429
5953021729
5951698475
5951114558
5952113588
5951987706
5952214114
5951363823
5953065767
5951976715
5951463975
5951810855
5951244500
5950766370
5949773260
5952502736
5951064945
5949984075
5951231888
5953449044
5951794761
5950586486
5949888590
5951999862
5950306520
5950600944
5949657793
5946480976
5946219992
5942172967
5939069717
5937857752
5937794454
5939427381
5939590475
5936864106
5937126407
5937081594
5936929736
5937312427
5936610544
5935429375
5936604141
5936608999
5936992899
5936870002
5936398971
5935837763
5936894821
5935348350
5935459933
5936903993
5936657349
5936177461
5936459475
5936614322
5936428386
5936058759
5936437059
5935402627
5935970004
5935270706
5935548927
5935226707
5935044965
5937051997
5936794573
5935594953
5932962899
5932908535
5936685999
5935851246
5936827099
5935840209
5936312339
5936008634
5934103249
5933838612
5935336927
5937536961
5940054390
5939873048
5939572245
5940618407
5939380169
5938884890
5940524613
5939657076
5940203687
5938227259
5938178024
5939066381
5940587890
5940051092
5939338977
5937856486
5938736663
5937683313
5938294250
5939232517
5939471668
5939929735
5939706346
5939672964
5940310725
5940249449
5939911247
5940352215
5941075427
5941659809
5942913160
5942700023
5942202502
5943598343
5943245779
5942637373
5944361414
5943387761
5943384491
5942122320
5943351779
5943443157
5942786625
5943422869
5944264276
5946634354
5945085949
5945212375
5947707316
5947130009
5947156792
5948395337
5948272071
5947917575
5947527345
5948460676
5947536341
5945665067
5944934959
5944441964
5944620862
5944500682
5944299209
5943030003
5942753054
5943714880
5942511555
5942693197
5943882158
5943660830
5943979734
5944311650
5944358702
5943853169
5942709373
5943434209
5943414255
5943462637
5943490006
5942357830
5941511578
5941387633
5940502439
5940473641
5940044780
5940195831
5940458636
5940002470
5940695822
5942090228
5942394173
5943390909
5943006792
5942095544
5942968643
5943621747
5945342553
5944482144
5946385696
5946950504
5947053172
5947288341
5947750240
5948874438
5948858453
5948409506
5948560066
5947669150
5947349429
5947103255
5947439661
5947361098
5948559887
5948099555
5948809000
5948550093
5948369248
5947950826
5948697918
5951200370
5952116146
5953529786
5952894712
5951765668
5950311786
5949255963
5950285408
5952577176
5951795311
5952052001
5952521523
5952659693
5952963619
5952536952
5954275599
5955605066
5956445520
5957542867
5956882630
5958818961
5959510024
5959559058
5960781432
5960742463
5956024051
5955835348
5955247937
5954305680
5956515134
5957125525
5959251126
5959221581
5959199510
5959858406
5960430619
5960104193
5959098588
5959527114
5959060560
5959349237
5960171123
5959963508
5958456812
5956370704
5955225909
5954553187
5956174390
5956097946
5954846966
5955464150
5954766043
5955494306
5953403330
5955310171
5955387791
5958333489
5956917306
5957874918
5956125437
5957871632
5958194225
5958907109
5960260682
5960832403
5960687889
5960499627
5959374034
5958287909
5959059620
5958475500
5958875480
5959602456
5960569009
5962368246
5961925803
5961889322
5962182083
5963334938
5962920099
5964570632
5964323418
5965126439
5966904150
5965841161
5966060572
5966851131
5966193359
5965644467
5966160678
5964449672
5966387082
5965616623
5965571949
5966333479
5966140477
5965980471
5966874604
5967267058
5966885805
5967865235
5967058358
5967558331
5969666302
5968807881
5967923555
5967969584
5967856008
5967009966
5966886751
5968474647
5968759428
5968943722
5968246395
5965736185
5966227501
5966226383
5966040432
5964431101
5964328330
5962677447
5962666426
5964832502
5964394518
5965993101
5966917174
5967330101
5967968783
5966079988
5965599498
5966085783
5967019617
5965597759
5966016162
5965526827
5966631555
5965961686
5965132980
5964995099
5964210891
5963924314
5963950577
5963017449
5961791820
5961520836
5960689800
5960007597
5958826957
5959351217
5958642391
5961209062
5960490174
5960914852
5963205818
5963804273
5964311938
5966102171
5966448655
5967719667
5966010119
5966464405
5965608062
5967906863
5967978409
5968466361
5968057686
5968430237
5969010645
5966154305
5967005832
5968713709
5968102319
5966710242
5966105935
5967550144
5965891809
5965626200
5966801069
5967021891
5965620413
5965350384
5965503155
5966503525
5966933280
5967358209
5968801337
5968904491
5968928901
5968293014
5968810205
5968731166
5969502943
5969124270
5969445401
5969951289
5968902449
5969251279
5971041172
5968917851
5969172302
5970523757
5969951195
5970686240
5971710909
5973265165
5974348660
5975550228
5977430259
5978334944
5977241991
5975138392
5975297742
5975109748
5975260376
5975202508
5973526745
5974029104
5973442662
5975111529
5975104418
5974741297
5974184505
5973855438
5973730089
5974755584
5975718643
5977240089
5979537213
5981088276
5980705894
5978590030
5980295197
5979526640
5979498435
5976925283
5979208373
5978935984
5976471203
5978369466
5979036753
5978202837
5979943165
5979114369
5978176960
5979012465
5978249310
5977148805
5977940301
5977834212
5977963845
5977264735
5978453307
5979295406
5980554414
5982879048
5983247611
5984810042
5983804382
5983742886
5983047826
5984000788
5984094527
5983585639
5982183614
5982895491
5982779348
5981656007
5982333794
5983270558
5983614584
5983038921
5982791898
5985158821
5986758927
5988343337
5990097536
5990405712
5989578028
6002805931
6000586106
5998575195
5997122051
5993567075
5988868920
5989755526
5988739665
5988871517
5988234082
5988605975
5988961057
5985959980
5986378940
5986172855
5986477567
5986427336
5987534306
5986219483
5985598693
5984371407
5983047472
5985243116
5985265962
5987381746
5988196739
5986168107
5986419519
5985538662
5986525323
5985806038
5984984316
5984772236
5982740847
5982877897
5982739257
5981070259
5981661572
5982219636
5985529460
5986100658
5986651792
5987505663
5988260606
5987311956
5986373199
5985842473
5987277376
5986952437
5986819763
5986773593
5986749578
5986683133
5987227799
5987743883
5987585601
5988303536
5987270541
5988364719
5989094667
5990956922
5990550433
5994953559
5995725688
5996285775
5994850658
5996567492
5995434041
5995426727
5995042188
5994585510
5993296458
5993771823
5993213436
5992886766
5992044838
5991491329
5991838045
5991121213
5990451367
5990110996
5990732441
5991824849
5991293542
5990274893
5990706904
5991753975
5992146568
5991848287
5991033771
5988400169
5990053567
5991043215
5992058586
5991051662
5990632278
5991408924
5991614471
5991570735
5989635669
5989841318
5988390588
5988215926
5989280377
5987785570
5985961291
5985097777
5986505655
5986385597
5985966941
5985509964
5986217068
5985449866
5986435323
5986577645
5987548118
5983954043
5983929069
5981893386
5985456677
5984660846
5984083155
5982591134
5983599620
5983198408
5982948539
5984587148
5986054267
5985909924
5985207536
5986022109
5986175657
5986173008
5985973612
5987430369
5987322832
5988278183
5989133990
5989989369
5990111240
5989919122
5990662728
5990200664
5989948892
5991038610
5991395853
5993099430
5993843566
5995863460
5996628673
5995283726
5996132642
5995387639
5995647818
5996029509
5995852617
5997598616
5997311860
5997517521
5997317733
5997656561
5997827045
5997928795
5998242085
5999873532
5997364283
5995897028
5994768623
5995875401
5996778247
5995036439
5994796019
5995003563
5995829343
5997933219
5997254179
5998027269
6000625631
6002378546
6001950692
6001852093
6001751372
6002347732
6002678124
6003214192
6003814243
6003311432
6002926038
6003040939
6003856420
6004715495
6004660582
6004506005
6005929129
6006321030
6006477910
6006890975
6007105460
6006541995
6005579526
6004748951
6005064633
6005566145
6007411553
6007026607
6005632682
6005664095
6004431937
6004662065
6005736063
6004128190
6004390497
6005996857
6007702555
6007280460
6007700405
6009514304
6010474444
6009787118
6009657099
6009849056
6010809527
6011206769
6011286444
6011239893
6010307400
6007326120
6007802005
6007348913
6008204124
6007762321
6007671585
6007547940
6008418998
6008283269
6008719888
6009634990
6010559868
6012190985
6012679437
6011176156
6010740823
6011320880
6012107219
6012676766
6011387875
6011285781
6010415937
6010959248
6010929370
6011069556
6011255514
6012271942
6012447084
6012237296
6013584633
6014255721
6012806337
6014967781
6014621518
6013794207
6014280349
6016049786
6017749477
6017900237
6018627805
6017924241
6019170721
6019636461
6020149034
6019822841
6019608323
6018601889
6018217916
6016762011
6017684685
6018757615
6018909767
6021295556
6022692037
6021029326
6020458810
6018263139
6019689902
6021871046
6021090196
6022726249
6021177774
6021291739
6021316715
6021038250
6020875708
6021584477
6020961799
6022083093
6021416477
6022489374
6023475023
6023375811
6023255298
6021869165
6021406311
6026112021
6027744219
6030346444
6030967085
6030467564
6030759798
6032547487
6031150456
6030214084
6030103152
6029853981
6029926240
6029625109
6029073386
6029927727
6029499299
6029836849
6028726042
6028341596
6028267633
6029571307
6029684986
6031193798
6031230358
6031188260
6032099566
6033251780
6034189341
6033155073
6033273044
6034788092
6035022598
6034593339
6036276757
6035772928
6036890136
6037215070
6038140542
6039483143
6039412066
6037781870
6035985328
6035615817
6034371957
6035798674
6035158174
6036657213
6037976694
6038211564
6040472962
6043722089
6046508462
6046173684
6046165863
6046973429
6048769293
6047880015
6048544563
6048240462
6049286851
6049835294
6049329979
6049260901
6049698491
6049298011
6051148832
6050378676
6051186029
6052880821
6053090613
6055360262
6057736740
6056888463
6056465123
6059050577
6058670089
6059449602
6061376534
6061309607
6060964820
6061547232
6062385770
6063095691
6063281722
6063889705
6065030983
6065443098
6065460348
6065139831
6064335263
6064410749
6063499648
6063936121
6063787975
6062071117
6061803455
6061276382
6060672154
6060957234
6061238467
6061358006
6062574890
6062404141
6063112079
6064361109
6064282802
6065396037
6062916740
6066272654
6066183058
6066567338
6066476354
6067294487
6068520046
6068725945
6068651685
6068508262
6069136301
6068959768
6069695578
6071150163
6071161333
6069639927
6069019031
6068758813
6068990875
6068450907
6068002619
6069385558
6067994987
6067567699
6068491102
6068337464
6068380848
6069401670
6068594950
6064919190
6063078633
6065639882
6067108654
6069359702
6072360558
6073598463
6074866073
6078775261
6079793976
6080785340
6079194111
6080343381
6080366530
6080456450
6080080443
6080037738
6080461298
6080541759
6080625138
6081803444
6083416829
6085770570
6084733853
6080846166
6081547370
6081555617
6082294712
6081889354
6083229657
6083782179
6084329436
6085785466
6084020563
6084734744
6084575970
6086084793
6085185769
6086022345
6086691330
6086782799
6088858452
6088565390
6089273620
6089807496
6092031164
6091384193
6090344444
6088918129
6090402542
6092024583
6091841505
6091137688
6089366408
6090337946
6088121432
6087669842
6089747211
6092375005
6093993994
6094834789
6094227001
6094213448
6094346852
6095357549
6096818917
6095524411
6095484683
6098572739
6098803056
6098333040
6098215044
6095967898
6095925596
6096686638
6096225346
6096358465
6096119196
6097574883
6096261305
6096531965
6095911693
6096316316
6097665593
6096213270
6095600137
6095080850
6094629175
6094150204
6095513732
6095910266
6095691333
6096835169
6094654621
6097281839
6098751071
6100418975
6101548218
6103184048
6104258936
6107576663
6104843227
6103978903
6105606229
6103726050
6105175371
6105705787
6105528440
6105203445
6105684415
6110932609
6111306498
6112704346
6111844385
6112065251
6115760576
6115557449
6115588382
6116893763
6116022155
6115451671
6116989264
6116515545
6116763174
6116457978
6116466740
6115609240
6115244743
6122634948
6122593682
6121427118
6121824588
6122421767
6121075336
6122540179
6122573106
6124675942
6125873268
6125668387
6127544680
6126899191
6128447037
6130185465
6130270259
6132886127
6135237155
6131668298
6131102403
6130021277
6130241858
6130811975
6130386407
6130007257
6130614347
6132873738
6133542460
6134959347
6134499360
6134807845
6134668855
6137505950
6138403463
6138306663
6139090239
6139069336
6139067116
6139305194
6140490553
6139753170
6139123119
6139420838
6138530935
6138758658
6139593345
6139837424
6139121890
6139851787
6139677223
6139267508
6140820915
6139891613
6139824958
6140367071
6140852141
6142357929
6141376688
6143643193
6145796729
6146040388
6145415086
6145738036
6145515419
6146008827
6145959505
6145542812
6145624727
6146367895
6146253369
6145111396
6146379478
6145331777
6146415184
6144185300
6143201352
6142060283
6143864264
6143930614
6145341954
6146610652
6147419215
6147067000
6145435035
6145274265
6148486863
6148937638
6148699383
6148800803
6148684666
6148888258
6147296028
6146527139
6146575264
6149440937
6149819349
6147933076
6147177059
6148746777
6147787040
6149022823
6149830436
6149743293
6148822998
6149350190
6149916260
6148834073
6147854034
6147043285
6147017691
6150015501
6150201403
6149205172
6149096709
6148245237
6149322703
6148889535
6147934956
6148240898
6150754911
6151166653
6151025674
6150071426
6149738290
6152731255
6151524203
6151701112
6150354074
6147866759
6148013677
6147583888
6146416366
6146525380
6145794500
6148269404
6146628032
6147159432
6147367393
6147404441
6145631124
6147259991
6146115902
6145459977
6144809933
6145276649
6145101404
6145771004
6145475180
6144926154
6143815083
6145646093
6144566785
6143274356
6142610660
6143274847
6144164055
6141595662
6141437232
6142005282
6140231003
6141238133
6140991499
6142203304
6142623759
6142356461
6142236432
6139802818
6140984412
6141079121
6140098200
6140693249
6140968561
6141141791
6141063687
6142397446
6141738681
6142440399
6143546890
6142374125
6142572253
6142802437
6142530346
6144616481
6147005356
6145699449
6146044956
6144402905
6143964539
6145283857
6144446133
6143443554
6142292427
6142741101
6138756864
6138362774
6137750135
6137101708
6135638299
6135286113
6136731395
6135986050
6139038913
6139096780
6140390325
6139552831
6139279976
6140478244
6139529998
6138997177
6139365405
6141272958
6140880460
6139244795
6138753607
6138341135
6138531269
6138583503
6137432334
6138124395
6139649601
6139930406
6139057392
6138013999
6136277082
6136292229
6135868253
6136083843
6136530014
6136760456
6135454098
6134577650
6136178082
6137168892
6137743848
6137875000
6137291701
6135795490
6137721146
6137014724
6137490374
6136923896
6136308739
6135625205
6134537684
6134048401
6135557230
6135238541
6135019657
6134095127
6134813127
6134605815
6135037456
6134299195
6134554695
6134487270
6134570137
6133957093
6133969749
6134234211
6133424164
6133135589
6133393668
6134541113
6136111382
6136333841
6135029468
6134063051
6133337464
6131947304
6131777199
6132729643
6130831641
6132381910
6134367597
6135464363
6135956390
6136913795
6137187305
6137180122
6133457477
6133399219
6133236942
6132651827
6133334920
6135246886
6133667884
6136986574
6136457030
6135605219
6136049285
6135196176
6135272444
6135396138
6135609378
6134396744
6132789056
6131574518
6129404141
6128785579
6127665829
6127854107
6127692734
6128340530
6128583123
6128161498
6129532076
6131932228
6132139528
6133086476
6133330049
6133489614
6134393401
6135083159
6134999115
6134435066
6135036515
6133907661
6133063905
6131478392
6131254172
6130778227
6129887359
6131684611
6130863472
6130929618
6131682836
6130657118
6130933009
6130208720
6132165001
6132741113
6132764029
6134600321
6134972577
6133271806
6135198481
6135280460
6135139301
6134095375
6133378500
6133104412
6133211436
6132913963
6133373959
6133676072
6132269931
6131413699
6130228289
6131051568
6131407918
6130793803
6130984538
6129176992
6129516069
6129144827
6128900365
6126804793
6126983365
6128490083
6127589551
6126591189
6125787571
6125639142
6125819869
6125878353
6125717431
6126171828
6123829440
6121591666
6121411121
6120269800
6118684349
6118514169
6119872548
6121190556
6121664757
6121546519
6121855481
6122692472
6122522885
6122215595
6120855237
6121134792
6120368159
6119884932
6118948731
6119575496
6119673230
6120723817
6119537866
6117647902
6116798304
6117425365
6116507355
6116511522
6115801188
6117359026
6117640755
6118928696
6119394206
6118920973
6118292617
6117360118
6116132362
6115574162
6115131661
6114723337
6114562866
6114480837
6114594124
6114041354
6114248649
6114919997
6114617021
6113395281
6113992612
6112511837
6111813238
6113509196
6113427063
6114308664
6115680792
6115969577
6116406177
6117576167
6117292107
6117590088
6117713535
6117056254
6116080909
6117671717
6119508314
6119864488
6117484071
6117811703
6117725485
6117600842
6117430549
6117621039
6115647091
6115958439
6116003140
6116258523
6114921028
6113824184
6125570610
6126123554
6126907290
6126429047
6126149112
6127376700
6128702199
6129275813
6129404707
6131516128
6130686533
6129876703
6129912105
6129652414
6129692718
6130014989
6130642880
6131124340
6131617405
6130290896
6130041843
6129660520
6129662306
6129119630
6128028719
6127901167
6128073224
6129896762
6131797274
6131008505
6130949060
6130557887
6130279548
6128570551
6129082293
6128493976
6127772691
6129058629
6128843610
6129140683
6129050578
6130416549
6128721875
6127595680
6127797010
6130511775
6128777545
6128272071
6128074237
6126693699
6126100468
6126341716
6127977490
6128300298
6127980839
6126289290
6128487592
6125935818
6125169003
6124090832
6124789541
6123586871
6122555003
6125147683
6126779916
6127191788
6127326537
6126208335
6128570889
6129398188
6129995626
6129657068
6129108069
6131681460
6131453079
6132268400
6131254893
6131393315
6131205802
6130889011
6131351651
6130925423
6131296449
6130794075
6131025804
6130479960
6130198855
6131625469
6130954932
6130219166
6130119532
6129982274
6130816159
6130636793
6131021056
6131375190
6129672705
6130660526
6131013265
6132158289
6133181811
6135410934
6133202292
6135424123
6135285760
6135315872
6135482850
6134974122
6132780394
6135929537
6136577556
6137811730
6137373100
6137292504
6137780929
6133338994
6132635599
6132627748
6131987702
6134176355
6134282747
6134017054
6135257594
6135803249
6133686693
6135062148
6135472700
6136596239
6136979246
6136723671
6137230310
6134756529
6134796683
6135383803
6135742540
6134422719
6135285618
6134722484
6134788245
6133475319
6135440162
6135792100
6137004811
6135224516
6136320262
6136591486
6136892584
6137865930
6138051531
6138190035
6139163823
6138446943
6138239001
6139683348
6139689984
6139552720
6138752853
6138898867
6138966174
6138823442
6137863628
6137882783
6138018282
6136846671
6135693089
6137318138
6137813547
6139974387
6141912815
6139604522
6139477553
6138115432
6138733113
6138213290
6137769974
6138000085
6137474771
6134979571
6134500018
6131998951
6132561888
6132181826
6129648382
6129864308
6131113449
6131854029
6131712988
6130529732
6128764199
6127458787
6129667714
6129179068
6129034757
6129782225
6129493848
6127850778
6128580740
6129393661
6129641748
6129751230
6127766331
6126748472
6124425967
6123666040
6123619427
6123585424
6124353450
6124053124
6124361896
6125582455
6126033053
6126617028
6126724205
6128453225
6128741679
6130445521
6127122647
6127610886
6127081864
6127769508
6129574472
6130420404
6130865370
6131121480
6130274037
6128439269
6129962100
6132326544
6133187141
6133651203
6133952488
6134347052
6134965932
6133738250
6133520565
6132350505
6132202970
6131670763
6130964345
6130856505
6132127396
6132594080
6133540653
6134448331
6134708582
6135907837
6135945884
6135907542
6136720836
6138079920
6137271476
6138441599
6138112639
6138263600
6139126977
6138144608
6139247405
6140795731
6140429391
6140300424
6140692026
6140137476
6141903937
6142673097
6142685072
6143487546
6143716637
6144079453
6143851699
6142930699
6143528710
6141569486
6140676921
6139181404
6139753389
6138150732
6138383431
6138019743
6137581410
6137032665
6137137349
6136662823
6136229158
6135924710
6136930039
6136229550
6135976666
6135266719
6134510865
6135104872
6132280604
6132280689
6132911888
6133410632
6133041591
6132493624
6135680940
6134924243
6135320589
6137154724
6137044224
6136299354
6136489612
6135093384
6136148069
6136299610
6136857378
6135511415
6135081002
6133332679
6131379894
6129375444
6130700991
6131881547
6132817313
6134210622
6134787298
6134430925
6134509493
6135783730
6137666689
6137838130
6137681965
6137506280
6138005603
6138423967
6138286195
6138135601
6138130547
6137288473
6137784395
6136542062
6137040596
6137553126
6138136983
6137818974
6138025336
6138733581
6138986391
6138015759
6138603491
6138899196
6139418842
6137479988
6138989494
6140336465
6140553616
6139951405
6139977491
6139227809
6140614800
6142169269
6137050065
6136929226
6137767945
6138103803
6139224893
6139385336
6140826339
6140771028
6140497771
6140143769
6140592114
6142023971
6141981843
6142168446
6142140390
6142020845
6142110628
6141973305
6141985536
6140366960
6142003613
6141836613
6141893743
6141784682
6139749796
6140143762
6138773342
6139674446
6139034544
6138302290
6138998840
6139481326
6139594609
6138959333
6137294016
6138975053
6137691729
6136771777
6136769990
6136365749
6137406184
6137589671
6138698778
6138062423
6138191971
6138038664
6138639974
6138360233
6137897340
6139678608
6142203537
6140610271
6137269766
6136838751
6136120595
6135307777
6134544745
6134289140
6133652373
6134081136
6132696036
6132296974
6132746455
6133342459
6133501853
6133221630
6133132093
6131251357
6131181802
6130199650
6131429455
6129682500
6131337689
6130712149
6129898106
6130251824
6130991522
6130438971
6129273447
6124929472
6127019301
6127238719
6127034473
6125692758
6123518893
6124065276
6124415400
6124430264
6125512567
6126168739
6125304979
6125320080
6124762707
6126179012
6126140394
6126560767
6126305181
6127900152
6127303149
6128405666
6129239189
6128201559
6130466231
6129377051
6129476916
6129605192
6130607101
6131142879
6129296313
6130078461
6131274827
6131270088
6130849474
6131856602
6131205232
6129536198
6129078771
6129527516
6129080019
6129783589
6129817593
6130416486
6130947717
6131665887
6130670421
6130672892
6130154876
6130429282
6131113544
6130471988
6131321725
6132202656
6132504038
6134053914
6134509732
6134271466
6134970750
6130004488
6131102822
6131458604
6133956091
6135041870
6135240277
6135888390
6135577937
6136397727
6136338574
6136747962
6137913236
6136148609
6134281083
6134300773
6133929843
6133369279
6134200967
6132856505
6131892149
6131791703
6132380695
6132115145
6132174921
6131526279
6130883520
6127749982
6128932490
6131314115
6130618242
6130090991
6129458681
6129716898
6131094113
6131103054
6132351914
6132354245
6132734117
6131512854
6129642864
6128070069
6129429265
6129264121
6128705284
6128207026
6128573647
6128483031
6127197710
6129853768
6128998356
6128947753
6128872037
6129278040
6128948585
6129871769
6129688490
6129071227
6129200063
6127618729
6127580991
6127151980
6127005314
6127217272
6127350918
6127366447
6128427281
6129969166
6129773485
6132090891
6129904133
6128215174
6128452363
6129121957
6128707271
6127918610
6127265033
6129047569
6129582761
6128086427
6128225579
6127547800
6127598826
6127599035
6128220854
6131691456
6131692627
6131213826
6131156111
6131850599
6131386879
6129945721
6130486445
6130088259
6128931824
6128776884
6128847991
6127403612
6126843377
6126967478
6128047872
6124875402
6122259004
6122851174
6122737383
6123475116
6124441392
6123826151
6124086852
6123615308
6124376795
6123696200
6123702299
6123243393
6123149346
6124447877
6125194571
6124557850
6125238068
6124949170
6125256348
6125687813
6126323957
6126946677
6126033571
6126323556
6126452760
6126351725
6126878977
6126498613
6126600270
6122823862
6121743822
6122820715
6123712406
6123059175
6121909799
6123313453
6125307369
6125360361
6125347184
6124959330
6124639811
6124066930
6124571916
6124147817
6123956978
6124272556
6124566607
6124723019
6121144007
6120480391
6120621127
6121298066
6120417538
6120258637
6119731469
6120373770
6119904940
6119370520
6119132806
6118746032
6117776410
6118159402
6117868134
6116548474
6116620106
6115724595
6114037641
6113719204
6112946409
6113178080
6115521584
6115348543
6113349430
6112499707
6112557592
6112281474
6115770640
6116137422
6114709252
6114331664
6111014833
6109734761
6109507097
6109187786
6108873426
6109948997
6109094977
6108309317
6107735879
6108564592
6108447885
6108925882
6109075053
6109674310
6108194563
6107986266
6107196686
6106896963
6109569996
6111251358
6111885552
6111949031
6111437318
6111953721
6110167104
6110266779
6108806315
6107395106
6105561497
6105082013
6105163016
6104657577
6103880734
6102152730
6101223620
6100631803
6101505399
6103039937
6101893116
6106342986
6105583835
6106254842
6106017538
6106094032
6106681214
6107367174
6107443765
6107560560
6107225288
6108598060
6110228349
6110585404
6112057370
6112230979
6112557968
6113796573
6114277540
6114618321
6113774265
6113256083
6113669319
6112845665
6112674861
6111236372
6113926966
6113486182
6111942314
6110648387
6110646027
6110122173
6109244380
6110008143
6107378099
6107373949
6106947208
6104855027
6105759025
6104245727
6104802834
6104403517
6103531941
6101910155
6101424244
6101882691
6103000339
6102285886
6102024700
6102285918
6102252035
6102432838
6102319469
6102831514
6101299937
6101299862
6102174962
6101695178
6103270004
6103031172
6102767198
6101198356
6101465123
6101241473
6100142211
6098906100
6098154737
6096569378
6096183702
6096491114
6095406131
6095532949
6094115995
6096412842
6097206765
6096215907
6095272627
6096354417
6094217141
6091445306
6086383897
6088298184
6091182253
6090846432
6091371204
6089963579
6088159441
6087041477
6085152293
6085502723
6086274936
6085205072
6086280722
6084790412
6085446557
6085647780
6084878388
6084524026
6084663149
6085870972
6087268427
6086058592
6085404899
6085225064
6085938686
6086246744
6085410383
6086522846
6084178510
6083614876
6083425323
6083681976
6084528095
6084103618
6084138097
6084074918
6083744037
6083039008
6082205052
6082690767
6084409593
6083858070
6084737815
6086757888
6087111390
6086385435
6085448122
6084228934
6085408550
6085107206
6085602995
6086265654
6086670866
6085760323
6083690281
6083148102
6082353109
6082633701
6082910946
6083101565
6082267693
6078591969
6077385416
6076169958
6075051595
6073585842
6073773294
6074705411
6074498229
6075224291
6075480042
6075666377
6075359183
6075108930
6074980336
6075232107
6077153446
6076261451
6078428755
6078620670
6078588002
6078050031
6077591987
6076932939
6076455652
6077303299
6077585045
6077896746
6077667833
6077091384
6076886292
6077264993
6076687653
6076152947
6075536479
6074682196
6074832266
6074765997
6075404978
6076716813
6077051785
6077925163
6077081679
6076303608
6075520313
6073891456
6074702732
6074525554
6073741365
6074693593
6074458230
6074715761
6073587423
6072080521
6072896227
6071834716
6073177167
6072386551
6071566392
6070701623
6069970074
6068541625
6068465099
6069342746
6070764260
6069921939
6070724950
6068060572
6066708270
6068264157
6068181118
6068461638
6068827639
6067780600
6068202117
6067642731
6066369984
6066502766
6066654594
6066823431
6067716536
6067864672
6067964453
6069101773
6068621629
6068820820
6067635594
6066146723
6065869948
6065524823
6065778035
6065622298
6064323273
6064183007
6065166870
6066389600
6066424219
6066576756
6066495954
6065635082
6066817793
6067937007
6068964145
6070550100
6067794513
6067049705
6066752381
6065774051
6065849987
6066561114
6075491732
6076946014
6078139812
6078660531
6081904551
6081543670
6082309459
6080736042
6081020067
6081044827
6081528728
6081827984
6081413187
6082515075
6084567988
6084402529
6084714068
6084381696
6084120496
6082864357
6084816363
6084692519
6085139460
6084262017
6084501182
6084584207
6084366337
6084703123
6084875234
6085428487
6085895883
6085525717
6083055701
6082455540
6082661718
6081101991
6080702210
6080313109
6079751873
6080316958
6079201814
6080348943
6080994818
6079712695
6081152303
6078143827
6079238668
6079394218
6077955766
6076195403
6073173028
6071532309
6071832780
6071069545
6071158684
6070932166
6071934218
6071817181
6071468016
6070005872
6070499502
6069806414
6070242713
6069724072
6071002561
6071329906
6069580885
6070432132
6070904547
6070748046
6071891205
6074419382
6073982737
6074301788
6074857476
6073445374
6072780873
6073059577
6073520916
6073733727
6073704555
6076329604
6074540619
6074530531
6073771021
6073675267
6073549382
6073496231
6073267875
6073348446
6072914902
6072756684
6074024797
6074138102
6073365663
6073395866
6071554281
6071397113
6070611805
6070556581
6070201041
6070645430
6071324497
6073246262
6073524736
6073909317
6073350903
6071392427
6071890444
6072934915
6073178887
6073251184
6074128824
6069328271
6068360195
6068373332
6066905393
6065936061
6065630832
6065586504
6067062853
6066853430
6066017809
6066341707
6065130242
6065317210
6065523590
6065543848
6063906850
6061033108
6061116657
6060509075
6059777462
6059915650
6059590293
6059197484
6061301295
6059532471
6059529897
6059406637
6059232525
6057220107
6057624132
6059097987
6059044066
6058466437
6058620147
6058907064
6058728220
6058706953
6059062621
6060038947
6060810273
6060943651
6060964178
6060889667
6062629923
6062179735
6062474489
6061867492
6061484398
6060793129
6060893222
6061197920
6060912591
6061410503
6059438246
6058322261
6054245302
6054436285
6055177579
6054658563
6054318369
6055924349
6054860649
6055782896
6054821263
6054163572
6055398974
6055671495
6056007176
6055745449
6057204943
6058391322
6058069232
6056012892
6055748511
6054305963
6053536418
6049889491
6049566529
6051461854
6051874549
6051242959
6052132881
6051412343
6051115316
6054266996
6053602463
6054056746
6053632381
6053194981
6053659928
6053959382
6055742352
6055190368
6055492887
6054911519
6054667215
6053287466
6056212695
6055671992
6055820166
6055369656
6056159174
6056446598
6056434029
6056023431
6056905647
6056619300
6055613988
6057073219
6057378977
6057060380
6057083510
6058003599
6056037925
6056449065
6054964429
6054133008
6053979189
6056215587
6055457325
6054957272
6053916457
6054616490
6052966954
6053905470
6051826671
6052632319
6051852081
6052406982
6050358166
6050935441
6052732227
6052112852
6052123251
6052739452
6053277842
6054495172
6054524300
6054577515
6056148209
6056063985
6057240721
6057547828
6058698221
6056294825
6056636816
6055783535
6055499778
6055533311
6056777573
6056938637
6057712444
6057633253
6057123656
6050326478
6050717409
6050423680
6048807840
6048576323
6047941896
6050333776
6049984107
6049788931
6049116904
6049727586
6049032615
6049160460
6048207324
6037259712
6036266971
6035053272
6036185503
6034890431
6034383808
6031389274
6030415814
6029185463
6030172349
6033480411
6031233258
6032233831
6030559207
6030833951
6030482125
6030847187
6031654467
6032332152
6033021706
6032950627
6032639288
6034794180
6031506356
6031558963
6032344581
6032286367
6033416957
6032861981
6033646216
6033886019
6033640683
6032627947
6032502502
6033127632
6033453949
6032714347
6033029586
6034120406
6031703010
6030955470
6031845391
6031666088
6031281678
6027817022
6026477861
6024122869
6025713011
6027425249
6025826934
6026072743
6026342564
6025974196
6025426544
6024230483
6023942299
6023036152
6022589251
6022592951
6022242886
6021508105
6021240703
6022029419
6018496246
6017364526
6016216366
6013796216
6014970014
6014374365
6012219621
6008699003
6008511858
6009214295
6008995373
6010284588
6008884931
6009009809
6009315478
6010485901
6012071078
6012999672
6013362345
6011642691
6012199453
6012664999
6011045326
6010995792
6011230608
6010210735
6011451036
6006197789
6006266601
6006361376
6006065688
6007148683
6006902158
6005395786
6006817077
6007289496
6006730272
6006611695
6006323055
6006982954
6006626742
6007095055
6004498992
6003696913
6003341037
6004515760
6004948380
6003747395
6003939781
6001361153
6002173410
6002077955
6001505143
6001421181
6000863882
6002472800
6002342658
6002612560
6003000034
5998601212
5999012256
5998556197
5998205984
5999021337
5997847025
5999985349
6000934875
5999451721
5998536226
6001005772
5999949506
5999042003
5999139667
5998214903
5999005466
6000431006
5999242760
5997637731
5996998466
5995033688
5994559061
5993841355
5993669764
5993099760
5992874691
5993058144
5992850589
5992891426
5994440935
5994589948
5994966183
5995213183
5994898936
5996136784
5995493429
5998989319
5997456080
5996937727
5996980631
5997684575
5997014099
5997713480
5998495555
5998788310
6000058746
5999566895
6000622016
5999737527
6005500158
6005326763
6006085163
6006727221
6006646857
6007739943
6009614665
6008771547
6008552327
6008165340
6008106610
6008276686
6007695195
6006768121
6006799865
6007570925
6007631522
6007632999
6006913871
6006647316
6006027542
6007031000
6008604663
6008848461
6009287191
6008755671
6008754479
6008958594
6007448078
6005800715
6005590381
6004375078
6003352404
6003275754
6003738795
6003506459
6004147937
6005663618
6005066746
6004958053
6004291745
6005431684
6005519569
6004636291
6005025601
6005383206
6005058734
6004842222
6005779700
6005472488
6007164737
6007005244
6006264728
6002219303
6003150594
6004664459
6005119940
6005456279
6005210129
6006615789
6006039589
6006564784
6005740986
6004500674
6005120519
6008721867
6008118911
6010036952
6010081419
6009401499
6009541649
6009750911
6009153731
6009981844
6008614771
6008382058
6009307739
6008989187
6009896739
6010872243
6009869874
6009624292
6009313058
6007614828
6009490605
6009239854
6009301896
6008786947
6008723902
6008363816
6008370038
6009690493
6009698837
6008067685
6008934094
6010017374
6009859640
6010317181
6008412654
6008661110
6009202965
6006875965
6006493995
6005470850
6005869463
6004850169
6004601191
6004242489
6004788396
6004725253
6003940512
6003880118
6000444537
5999854621
5999468116
5999041090
5999671909
5997397072
5998731009
5999162458
6000592197
6000632827
5996401295
5994246001
5993591565
5990529261
5990159062
5989722180
5989751562
5989046345
5988779607
5985820790
5985545533
5985807772
5985781642
5985593311
5985032696
5983268343
5981934833
5981726454
5981256070
5979567877
5980955200
5980535622
5980824842
5980595416
5980618857
5979631334
5979861177
5978548184
5977786818
5978478923
5979330946
5979486763
5979358886
5980058515
5978096412
5977803485
5979900916
5977936071
5978640271
5978777750
5977973649
5977605327
5978816998
5978969720
5979479825
5979374735
5980919420
5983501317
5983870383
5982873410
5982651363
5982486123
5984266952
5984964699
5984464117
5983662848
5984560808
5986218177
5986036506
5986240154
5986298237
5986798222
5986489694
5985885707
5985363572
5985325801
5985739534
5985604304
5985067738
5984694324
5984392393
5984800559
5985312410
5985819592
5984791568
5986462967
5983013315
5984964533
5986706257
5986215176
5986241496
5986689359
5986557333
5985142912
5984183780
5985413827
5984633376
5984608642
5983207554
5982326479
5982736243
5983836697
5983280329
5982420418
5981704327
5982035872
5981477858
5983077920
5983180887
5983274269
5983972378
5982270856
5981123453
5981123952
5982525046
5982733841
5981117334
5980010564
5979312792
5975898049
5976042776
5976041828
5974839652
5975341471
5974891442
5975616633
5975461980
5974029113
5971972020
5973506443
5971662126
5969900078
5969165008
5968443305
5967709875
5968758297
5967678650
5966920256
5966790601
5967850744
5968318786
5968171849
5968473651
5969575242
5970260384
5969984954
5970066129
5967849367
5966623988
5967761673
5967640681
5966356800
5966383440
5967341821
5965163919
5965889024
5965895850
5963503910
5961944366
5961959434
5962139283
5963420777
5963834852
5963176439
5963037423
5964418373
5964187988
5962401507
5964213334
5964522303
5964207968
5963847253
5961082393
5961513721
5957599318
5956611556
5956470535
5954742869
5957877147
5959519894
5961060743
5961685948
5961447738
5960970970
5960630414
5959650477
5959518979
5959104383
5958704178
5958757904
5957957989
5957434904
5959419283
5959626261
5960936191
5962956443
5961708830
5959974552
5959671259
5960487677
5959561164
5958075157
5957707518
5958332135
5956717512
5953855747
5951249229
5950821707
5949739772
5950665142
5949890036
5950434397
5949386779
5948599315
5948552868
5948351876
5950426476
5946980202
5948151655
5946596628
5946495384
5946336385
5946132366
5945461405
5942950424
5944496913
5943796037
5944508496
5944151728
5943717162
5943680981
5943592558
5943755761
5942329796
5942597495
5943572298
5944093583
5944737704
5943470836
5943224229
5942490046
5941298671
5942161007
5942840279
5940377602
5938846489
5939255061
5938198464
5937418530
5940253644
5940399781
5940850596
5940391437
5940030882
5940603164
5941608301
5941067870
5941880097
5942843638
5944278459
5943818027
5943039826
5943377227
5942984163
5942679305
5942735300
5942878349
5941296097
5939854796
5938444049
5938373885
5937781709
5937644019
5939479019
5939124769
5938149576
5937977078
5936660189
5935935973
5935746094
5935697901
5937397894
5936653469
5936865672
5935846926
5937196977
5936341970
5934267911
5932232021
5931858330
5931054049
5929143768
5928329674
5927978328
5928095744
5928392890
5927182925
5926930415
5928105535
5929640385
5929168599
5929326140
5929122318
5928715971
5928816632
5929002773
5929606114
5930141638
5930543382
5931703959
5931786947
5932364164
5933039565
5932438793
5931906286
5930761408
5931087685
5931196899
5931393206
5927657738
5925809382
5926945839
5929500643
5931580646
5932281452
5932343226
5931267811
5932032633
5932171541
5932303025
