1302863
465744
968447
484610
541476
816890
632852
585697
810772
1332571
591356
966742
1015627
359704
299350
392794
383996
618319
2888009
857271
838168
1326074
415197
1775184
1547162
709019
912809
1185667
592043
413429
330293
630492
1850195
904916
1027576
908342
2357888
1304934
935734
869943
552517
535341
779365
812846
307268
348459
630649
572445
778741
605943
440533
399750
461544
725170
2676603
1075870
1210072
554388
2086688
1222903
827568
569597
729879
1028579
337004
883479
1005497
675442
487020
474808
435188
1796083
1018935
1721070
950368
410402
449358
681027
563038
968323
838329
387376
550079
1101995
1260604
457411
848287
416757
651608
464479
361742
959571
750075
414804
493903
1827099
803996
662531
540734
875032
635542
740527
828350
493434
936622
1082802
1561491
1118636
886211
1063189
455549
405389
453257
674424
1154317
907816
774191
1513846
547681
855599
468587
517532
839127
1112912
490808
633644
1300463
426707
450204
400663
1687396
559726
529610
385228
308529
797397
903902
443413
554261
959974
515964
603573
794348
958837
1007911
658718
663031
360050
745162
689238
1501729
724462
1017110
1066665
1664168
882144
1808070
1726930
835565
1118439
812833
852275
367412
521285
1075026
1206955
1273623
800052
535333
466946
1197406
676464
1676777
683976
522583
685889
339904
1098682
922255
826548
487792
432121
1427831
332988
398768
575973
1081264
1292418
1640617
764383
1493752
735358
968589
796853
1467254
1482893
1325034
770809
1627726
1614185
2380955
698966
2369351
1199780
2700621
1448668
2111142
1266631
404125
847132
664814
1411291
980947
781169
410038
965068
1367944
1258907
612057
1273518
567850
347852
575718
591474
565279
651670
656616
900681
571605
580816
840571
1592787
537596
395677
776643
1123994
890631
413267
1206604
898417
1052802
1389435
704962
2099847
1025718
788144
933235
920790
1344734
2421331
1982075
1149190
674790
602419
709442
1527993
469406
527320
2637850
1263140
1265547
285204
729582
917463
1019153
532112
2166957
1344742
1169313
640420
1337463
832865
451848
770850
1086944
813148
1082904
1123780
1262512
658210
313552
783167
1001610
1054240
777941
1339880
973912
745585
2068111
1446749
1316661
876130
470298
1175432
659193
472068
714380
1687663
1492878
438705
1074977
1243524
1089930
1637372
477437
1992537
496599
628458
1223050
1134440
795410
833117
681955
584531
628015
677374
1229299
363724
818255
490772
2304217
875926
526463
746024
1296174
402401
1640237
757322
568916
1646044
1410125
1066772
811962
674153
1200860
1037852
1808626
1615281
773617
576706
377844
926875
688993
858730
1331646
548428
901983
941394
1359076
776992
1301290
887443
905769
723798
1064039
1042685
1250213
555658
793440
416330
939031
735281
688839
585513
349407
506770
335658
592808
2319809
1092972
740829
841576
1085135
1526134
1802675
3774041
1639972
1021199
3274162
1680907
855337
2092461
1143802
867797
598536
1247459
713186
1398429
2232250
1774417
931076
1634774
1498099
1320697
396901
792582
1046923
1112497
1207683
615328
327935
989475
1152360
564727
867805
711095
1227085
1174176
2945222
1056823
1625742
768471
1019173
1579489
1520874
865687
855257
352773
460525
1987817
3385815
1252090
959747
1711215
1590826
2593455
1321553
587775
1104452
926229
1078708
4429069
1908443
2262646
1199066
673204
964710
587240
3976638
1833799
2099030
850495
1298025
910004
848139
809542
873853
949149
703996
1320529
928926
885545
450571
624908
1079186
1609904
1442190
746855
595680
1339822
628605
543516
1036668
819731
322055
471429
1024680
830541
378668
1164280
1873812
1238421
347522
2086936
2294552
1443613
784771
814675
1202617
831782
439243
760650
639096
1768951
1359524
1530292
578013
263407
463998
746990
782206
787962
481625
373662
1801546
1050741
753386
982525
886833
607047
694343
1413457
1351734
828488
884319
433875
439033
1305184
648622
1213616
1464499
559878
668609
1863910
1617408
536149
1399769
411847
793257
466453
1227938
1107282
548520
1313382
771249
2176078
2342888
689036
497467
687685
604254
593817
1767587
1646736
1206074
839851
489262
1114568
1087419
641899
594234
2036374
735976
795173
1927768
1098725
847324
763208
543733
1777976
1759208
449141
649293
510069
1394789
1699781
1197378
2213523
969327
1463761
947373
1282094
1134145
762295
746667
982372
432618
926051
1568049
711184
695569
659705
1462429
2094621
1839855
587929
1238763
1232072
929294
1098900
3360615
1222896
534251
700105
2719009
580548
1649310
1124162
499068
784908
1310269
4080512
1930110
1000345
566166
680504
762770
1166608
1499607
1648648
700754
1067861
2116424
460092
4246639
2107088
680170
1417434
543493
1350316
748352
974595
829897
639273
635436
1476234
2166809
817639
538818
857297
747443
534449
877324
1192841
767192
1219267
460078
5830792
3682639
1759439
944600
1511569
1086858
377365
1009990
841965
1408640
612942
824564
633669
1344639
711837
795735
634728
289430
1115559
660161
412275
611313
680744
1199019
1469551
1782101
419276
819461
691964
560984
1860955
687614
381237
1222307
934682
1410768
868448
764050
1113036
824321
1467223
1337532
976230
4537404
3114301
1123341
4469611
2484064
698421
346427
518222
556622
1883255
1110929
1353094
652384
1148824
1262699
1030044
746922
778636
790720
518443
433055
682956
1054983
1627507
1033484
687109
2857870
554360
1472158
1238064
1454784
683189
797553
1525359
947165
509991
1769884
2593019
3213805
1075850
1292431
1917514
937043
1026128
3328403
1810664
632287
1304200
1729594
1310673
1878570
1119857
1320850
621860
746137
332273
411066
607368
408533
831335
2138153
1368475
577710
1940176
833567
457846
478284
939573
533886
502316
1435599
1803403
1084818
1321534
1394431
498037
1047815
261813
866217
1170805
989304
670794
1508434
750734
1160451
2399247
1170977
436382
1499029
1599835
813390
1114918
1330013
1617271
1099658
1263451
1302115
1221051
1239993
2031754
1870621
734684
1195976
1273320
921927
2203036
731383
793004
760658
1835241
1687525
1864671
607321
560590
557260
341925
747142
665110
951631
602019
1029979
623170
397521
866550
727571
1265358
768906
913552
1633764
603696
1287098
854972
665858
996861
887887
627761
468354
1152141
2301275
3968077
1757152
1091761
710721
1450773
1112595
620064
1123057
1412213
510808
1512438
2167846
893665
669646
1369649
1589901
1051355
506036
557135
1210029
372432
505707
1061062
1086173
1452422
349730
505362
1335958
1948438
2407905
1031229
1934931
3249686
1092774
600544
655023
2289640
1302844
3437537
1272385
4183449
2022434
1383593
1967553
2583302
1022269
898756
5853038
3706273
1630870
1332535
1776709
1713047
1266580
2103510
883719
1501780
1512224
2213318
884060
757681
794995
726804
2364193
787291
1336177
432948
1193227
1801733
738868
1444951
417557
1971833
1043686
1119683
1277835
3872001
1697683
2368148
2952275
896955
730524
1908837
1660139
1586747
1674693
368909
2002483
919695
3175408
1037323
3913109
2595186
2339569
951487
2062149
613909
1919185
1077885
3509496
1543972
1856563
1491142
468750
1479797
805626
2627451
1494147
1240795
942159
1487714
838031
995640
580416
425707
1384122
633875
2954111
1099374
542853
1882646
1861737
3693213
1644583
3058014
866332
2357433
804103
1171685
932352
1048736
913853
482909
2034691
5938428
3771885
1696967
3418627
1273071
744099
2025543
1931039
830053
1074111
1212068
1196634
4343920
1992179
1401649
408934
489660
1496037
1080547
2096485
3116852
968142
1471657
1078448
618895
2154907
3540987
1381036
1761290
1125146
435887
1112670
1170198
1833748
771231
3427496
1267306
1504201
1083946
1487358
1248789
1166713
910724
906417
2598881
1259032
1599268
1531593
3781152
1608381
1891989
1383093
539370
433036
656860
798691
1240700
1279586
1009966
2193125
1010541
1861197
792475
796289
1933972
392419
1332841
662766
733210
1485355
2079330
791511
2375941
2886343
1272372
1313091
640992
1167803
1002560
1821448
484939
1709132
1615470
1319191
5564152
3610051
1465302
353232
855292
574047
805302
731812
1606698
1247091
1104524
918611
1429968
684842
1269954
745467
1034316
1457082
1318055
926071
2002557
878254
799597
1329471
811673
871612
1600400
1891157
2044944
1238175
624381
691669
472009
560784
2129513
2756432
2400683
1687679
796356
2848547
904705
986469
819862
767032
1196901
1030402
2099621
3151316
990368
1579270
1769615
554665
683947
1092479
948174
916051
1326592
727745
2966988
823772
6063592
3903493
2386642
802560
879322
1388072
1119462
1371612
865344
913332
942600
1045708
1276941
1840456
3462518
1340564
864819
546902
1399008
1210435
638038
2867610
705688
758469
958121
1053874
887507
1092749
1798568
1673578
3624368
1699966
1003353
738049
1697523
3472363
1335321
761898
1283688
1963874
1790530
847423
709101
1150426
1339236
1045033
953362
2209773
774886
1919357
946077
889073
975442
1401728
1396175
1182607
617971
1134126
2053473
781378
1254952
2078990
1294360
1446678
1147121
425976
2025207
1834223
563377
1001408
1318582
2178374
2008162
1755234
1415062
378188
583285
1034985
425426
480745
4764256
2596647
5452517
3581212
1541805
4420243
2243925
555163
1150416
776128
1086250
774134
1312258
1209788
1015032
2917189
735758
3842391
2108652
4110664
1943520
831131
654172
6342244
4202700
2680879
1322623
1427808
1045269
1514561
2334863
2566755
2188183
2631518
671978
1149687
2020866
3911980
1763524
959259
1187438
867159
1095388
2047140
1477842
1259379
1145990
1109743
954377
1157673
948050
1597292
915051
1499450
726470
933293
1289231
1814370
1035838
745280
1110176
396766
889226
1023662
524989
930276
363364
961365
3844075
1690435
3181330
1035995
2219799
1713234
5792006
4005961
2038803
1123635
4389398
2205057
1857238
2171207
1506503
1297439
3703577
1565847
2395832
878567
713423
799141
1101690
1782964
2162056
1067383
1002167
1816142
5478012
3288863
1252967
805953
3668191
1510219
475778
1820932
889079
1484478
493877
1077486
1126621
807539
913396
1906753
2164713
3861775
1754659
1014843
2627189
1075045
3586703
1449556
1014820
1337544
817087
1677486
1945413
1144310
2125731
2299440
2804198
681618
2086956
723202
2028250
3896917
2293794
1209372
1192599
2315920
1951537
825223
1116582
1751931
1790339
1054531
807632
3621413
1422221
1235311
2386970
1268217
1800318
1393730
1102640
1297960
707162
1128432
1201208
3411424
1194686
1031390
1386035
720999
2327501
1346311
1687379
985791
2417016
813562
1151215
5119491
2880003
601780
1981048
3749513
1563352
4210281
2031077
1077015
1297515
581031
1683432
1476639
2220185
2052723
1014340
3522047
1359208
4635384
2448141
3346322
1523317
5854231
4162177
2026853
956315
2162910
1058426
1136189
1986510
1144615
642518
2238479
740757
1367337
1205723
897330
731013
825953
1407567
3381339
1092444
1679988
1379212
1020606
1985204
1386561
2307345
3486382
1338093
2041239
1289307
985729
1519160
2231532
1324804
1483951
1745084
606385
610780
1077759
2029338
2389734
1754053
2341128
1499148
2937904
795064
9308644
7584515
5444320
3734513
1574266
2374502
2208343
1349201
2754366
597264
2152045
717107
2039008
5105594
2953482
1989420
3272533
1047936
1825278
1945264
980623
2066757
2726983
1111631
863714
4956242
3121870
1087569
2365186
1125400
982841
1952727
570706
1811286
3235374
1087935
1704909
1705888
1630917
2035963
1049694
1263018
699378
1234845
2685744
880601
3438158
1528963
3674449
1899482
2937473
530811
1390840
3462440
1372585
695276
1486444
611006
1612172
1532681
1234296
773257
895894
816097
398159
777197
1323793
896111
3192979
1032940
778949
1026220
4243853
2316587
5997575
3810141
1985836
1823673
1484895
1087864
734472
822737
1458533
567194
3253515
1056215
1103677
1544172
803420
1634116
1093211
620593
973093
3035559
1244504
1366978
1524649
6766052
4897389
3057214
5738681
3571181
1530949
1121321
352470
2530444
2498861
3000658
1322251
817291
1048035
694772
1145945
1786111
1275417
1120250
2042424
1359851
3015181
812102
1378663
2243618
612985
1962030
2299477
2240751
1389587
3652481
1479967
1148021
886383
1324894
1438190
887870
1488421
1171744
960613
1404014
1064865
1529994
1329399
402015
591214
1227460
2180424
2101996
688330
2055228
1804054
1493338
1069858
1009447
566967
1321620
1026844
5724307
3591061
1533150
792074
1884609
1140787
1067835
1117967
2717428
2318694
756995
1553514
1490516
365954
871745
943745
1679982
1049264
1054686
3497675
1855636
2422467
357587
1323629
1036839
2296213
1928684
3588134
1434950
1723963
1735012
1802789
1877611
1392315
619231
1952653
777448
1333275
1895971
3892082
1744299
3087648
3719753
1645756
1394665
1078939
1176253
674360
1323671
2995562
1277750
3872485
1316219
1569263
520052
1399242
1300757
1265615
1142738
663167
1581693
1592296
1895687
3292004
1148595
2200410
795605
1210942
1379442
1496038
2826658
761185
2894905
962291
3431049
1335698
2077625
816949
731448
874112
6411035
4253114
2349508
536944
1767061
1137352
2475041
5298396
3143623
2260086
1516518
483516
1197608
604478
501170
1411219
851021
1526170
832081
836340
1385144
621219
2382299
2167708
623323
497428
850891
982007
733337
680932
2969517
1041644
1583778
493479
1404144
2306275
819039
1149724
1235851
6415940
4232804
2163638
1277846
957111
889144
1905604
1479395
523475
1047869
581460
1020152
715378
4373853
2225280
1770116
4595784
2437167
1449125
689443
723078
2095451
1713451
1169750
522610
626286
862377
1334899
1767579
1550967
1344330
889403
711579
1886444
653162
875334
778944
2240592
3572509
1439072
710126
1355332
2970758
804885
1720729
1254088
2711519
575691
2115137
1613931
1229727
429205
3196797
811992
5688893
3775890
1614590
1310461
1436285
1457099
592170
1580219
763352
5192270
3003921
836248
4093762
4008856
4547571
2385929
3905443
1897826
1548486
2427924
836958
3302790
1472816
1850298
1083364
1633912
1225439
1106702
1587826
1840487
2187872
654844
1705703
4408918
2226518
3831663
1952135
2137574
2603651
1007094
625258
1037249
1622264
4708227
2549158
1716690
1078186
2042161
2189811
1642393
1004886
434317
1676365
1369378
1186043
1108938
2592540
1337085
2537609
578129
2030464
3765876
1631928
1555437
1999342
1462253
2913301
881715
1133514
858811
1438169
1400246
544756
5099182
2985049
1365772
2032213
2192619
409328
1899690
3477873
1314709
2448582
1034227
1262498
2336910
1477817
740979
3593910
1362548
3969702
1837251
7406813
5230905
3388442
1465413
1545813
2181229
1185839
583220
1007375
469319
894834
3692275
1516753
3034969
1144103
1885871
4403378
2220114
4206855
2047536
5855682
3701781
2153156
3187981
995049
860428
1656414
3579444
1949715
454204
3038632
886326
1296287
7180294
5149320
2976351
4614660
2650181
7313125
5149733
3352124
1203426
2102809
2563019
822889
733454
3313499
1236485
1792558
1795793
4897230
3520240
1969388
15388985
13218930
11211906
9163628
6985771
4910112
2821904
1590268
2478629
2172924
1963784
1044964
532744
561923
745574
859100
1435616
1744111
4489350
2665182
1910807
842593
1211880
2889701
750739
1382153
2341235
3660830
1503853
1340700
804129
1218953
1963730
1029994
1178414
1518723
1696517
1697418
1239420
2841789
667794
497125
1640590
5032386
2612070
1765642
3392868
1816659
1386377
946582
2484270
2588250
1862438
1285094
2728075
1951405
2938862
1360751
2210201
6246138
4098058
2070060
8238966
6291882
4048952
2063376
4440699
2281701
1867802
2007231
1431622
888716
1748119
1760273
1601923
8334098
6158461
4042958
1964591
1100897
671527
1053135
1645787
2504382
2309430
1323513
1298313
1572306
1971614
1208666
3191491
1334472
3368583
1213487
2070178
2428085
1870665
941577
811839
2401659
1456239
1445305
1520919
1401782
1930993
4683861
2488164
728420
3368727
1442268
2719150
795276
1858406
1643937
2061307
2444753
3894496
1955671
525220
1986584
975098
1137482
3957344
1782289
4865423
2708874
1376097
3727425
1572236
2070069
1926618
5751784
3590591
1546431
778884
4005007
1833583
1446261
2128273
1336003
3723209
2120203
1459844
1497564
1480665
1351730
1178567
1422547
1489992
735208
508045
1516338
1821204
1358736
1778892
629810
1012191
1186566
599240
2519235
3827082
1680694
1756482
1272010
897746
3068659
1352121
1984789
2866912
1121185
3364014
1209692
2371697
1795069
1246348
2221972
1363102
1062969
1826199
1045305
575040
1302940
1016870
2008066
1369536
1887442
1968023
2981677
3038151
889111
2395444
8681379
6483588
4469822
1747223
2029638
3448751
1441726
3210594
996843
3854670
1704616
1691490
2723990
2980215
833921
2131968
1478918
2505081
1976735
2592594
895574
948024
5440730
2931900
845839
1034830
1795645
5881253
3591508
1529002
1529233
901451
1641330
2078306
816558
1317487
982230
1487435
925455
1734236
4661818
2807886
929233
1047473
690451
2431430
4835961
2686377
3512643
1240237
1044006
839564
1699582
1801915
666693
1727563
1924398
3233755
1058018
639336
2227572
599556
1269342
1272861
713312
927000
2336424
3508433
1172482
942613
802075
6332151
4275267
2124387
2177374
1041617
1877977
4007515
2130603
3335292
1148456
7900368
5743687
3895546
4607243
2442592
4241539
1958287
1852819
4216966
2314144
3193786
1616315
6692226
4354540
2239464
1537765
1443218
3838919
1634613
10281589
8078367
7851504
5683740
3720890
1640776
2014525
1651460
537617
817330
2798699
544921
4481358
2275151
733674
2677584
3000405
950750
2157395
888840
1666325
974039
4563315
2635990
3694176
1111506
4061643
1754514
1435089
1403639
5526267
2090843
3709494
2001146
714798
1330777
6751199
4590225
2536215
3542589
1476896
2080664
3347884
1195633
1887090
1255283
1052003
1951121
1853752
1681296
3315925
1178538
2152227
1422835
1438569
3210345
992264
2841076
894885
2138931
4723360
2560397
850031
1165774
1669450
2415479
2062061
1027762
1552293
1294386
945451
534600
1809787
2211081
1318465
2963284
788800
2024034
1025914
665370
537883
767164
2416133
1188068
3112930
1052117
7904625
6093599
2036520
1378410
1284102
1927231
2801271
1390654
1365014
1897331
1371222
565147
8276718
6119170
4165310
2049092
5736863
3584213
1513501
2123628
4815952
2650109
1259737
1409208
1190690
1461800
3987734
1851623
1228600
6716270
4534988
2475499
689367
5226312
3699986
1545750
1911113
1704126
1059764
3226488
1067717
2558910
2465575
3321186
1166012
1404443
1603359
3130646
4700749
2781847
2148437
1465013
1956292
552757
2178369
897026
1382864
1053839
1226648
932353
1475388
1580840
4350546
2367262
3895452
1588326
3014317
855778
848878
1903527
9774163
7507889
4978690
2991696
2412888
2735964
1674473
1311679
2025497
3452498
1293461
1135918
747021
1552354
809881
2208412
1640004
901113
797401
600004
4916803
2420155
1846162
2442375
8339566
6219717
4103453
4903285
3393878
2008982
3340879
1242423
715220
722585
2041422
2011180
637838
2430272
3161739
1900013
488549
2804041
4015170
2785196
765240
1698176
3202932
617374
5854489
3654817
1902453
5697257
4238447
2028664
1057522
3599028
1421420
3495577
1324951
6256562
2613329
2811420
23381739
21207651
19437082
18043801
16116296
13967580
11776782
9727284
7582838
5627635
3675339
2075646
2197478
837274
1048140
7062506
4878723
2798416
2822762
673556
3319455
1105730
817160
554160
5756221
3571492
1508906
2164392
15889205
13715059
11598993
9502839
7314730
5190735
3046124
948182
1210528
1612728
1544699
1845820
1878002
1330671
2782913
1948434
2310208
319606
859395
5374880
3543479
1380164
874141
383049
1764208
760423
1418977
1737434
2220753
865537
2005465
1978845
600399
1229362
969059
1055496
953786
2192312
2222690
383032
1401256
844247
2791895
613100
1472729
952852
1203586
2429473
3786739
1432701
5349189
3172684
1123400
1380981
1662841
1355620
1263557
3914387
1709600
3882083
1736708
1517823
847503
1021903
1451291
803481
1135554
769020
1711684
1719423
529062
2682503
1861460
2376892
25911996
23690974
21590147
19740532
17588901
15546286
13848131
11584634
9523616
7722148
5515299
3465414
2229699
618408
1366053
958204
2220467
1817286
1413147
1708279
1175316
1936923
2221414
1434065
2582797
3654014
1477294
3442505
1597933
1492829
934411
2319921
2047884
6102506
3920376
1889954
2558908
3867281
2096133
3119051
802933
1573999
1577724
1367401
1902480
2704475
479507
2368492
3178158
1064576
1924595
1565824
626468
2386530
1022818
1897111
1156489
1327432
1643897
1691596
19766704
18565872
16655480
14481053
12408113
10358254
8152657
5902541
4674720
3087628
984616
1570316
2803376
1398080
902048
3946818
1794690
2212662
6610903
4451850
2656648
819452
1396257
2053112
4377689
2235551
1192912
6979647
6574492
4437107
2478529
2729102
1949198
1123760
1270971
527485
728596
1055217
2732550
4290423
2259968
4404253
2348670
2424365
1260985
1424670
3615484
1969110
1677836
627750
470606
406578
938227
592887
607545
2138333
1301129
1097148
1027804
4225930
1902807
22037606
19554074
17585053
15449625
13313987
11223022
9088590
7012959
4931083
3018366
5919235
3793320
1686851
2195538
1161202
845547
4281021
2427005
2268792
1178652
1347579
946968
882475
1428526
827587
1619008
1995611
1961075
1937176
2191785
1253536
4403708
2233236
1266777
1105168
962303
1029548
900215
748726
1397447
711998
692919
1668154
611364
3185518
983338
499768
1464445
1661267
2656091
2277426
1374651
2117073
1501644
787805
1358505
1023308
1576848
851367
629291
1501131
1937386
1865891
2164357
1437785
1434947
1454712
10101996
7914430
5859723
3838203
1681073
4772070
2859263
1050855
2308871
1799096
429829
1147148
1951358
1776575
2426383
383826
769910
1196626
1228738
1474983
1386314
1017825
1250617
1350458
723165
419336
1022181
878190
3012890
991514
3414393
1272096
4045685
1787903
1096172
1871627
906373
3112218
734115
3189018
1055668
6217593
3632821
2876979
547671
930588
759864
776443
2056270
2468969
1059010
534302
1910496
1832499
1200839
1416846
2239847
2920005
779306
1065279
3431264
1572610
2318197
892032
7501584
5358339
3321262
2469065
1491549
698124
1476715
1574613
741188
680034
744112
574501
780912
1114854
399344
428686
2209430
1848334
773985
2132492
1180220
971031
547243
1238447
1776603
512638
3416932
1527394
3463517
1349508
4403394
2258179
1807883
1998953
693541
1293622
982912
1796344
1634567
1230211
2271111
1183568
3423516
1518984
1009789
1144742
1560183
1434870
3653791
1856889
1906907
511882
1866384
946397
933961
1277606
3440261
1293777
2184422
1076306
889880
4613457
3341941
1155116
1758938
886994
2684014
1716938
1329376
486821
770083
2915014
707449
1064014
559024
2126337
1242126
519011
1244147
2029260
2199201
1502559
833072
735491
1134639
681251
1056976
788829
1342338
666038
459833
1300425
975552
1731542
956916
2135526
1421197
1967172
1013579
463159
888303
1628653
952808
704341
928111
794275
861401
1284533
1809170
1248378
2083587
1676408
1699650
892133
1862615
1477106
1054199
1736602
712338
635292
1554422
1373503
1664167
1428977
799402
775279
849887
415059
1634571
753015
781625
967712
449238
537431
1237622
1440864
866558
1098873
447491
503164
343780
501521
1425925
1219093
392442
886562
1271408
770018
886050
796548
778042
1028917
673842
495187
678252
670154
970509
1013323
807508
901047
513700
744884
630159
1103641
391761
750014
450731
1049160
798384
2279341
1228677
1175547
387751
1441446
1121365
813102
580708
387579
392196
809044
340716
1609120
337291
1204782
586512
886737
732607
496182
1065247
321121
744577
739957
1407854
963174
640463
880506
2020991
597242
680499
997494
510658
800787
1085760
530416
1187634
462036
455179
499387
532915
718630
560013
488602
314120
794402
851386
781859
676835
633747
565508
510624
1364641
1076746
539041
745525
422546
603141
1329474
353351
635131
549018
343214
523804
862067
547339
743076
1008317
618472
1295731
796250
491889
732806
656426
546181
775808
504307
603163
701129
621321
889504
789099
1481006
451472
362527
550307
860988
907876
518615
1674094
366579
1318607
496365
1199116
351197
342435
550131
1584167
631351
457946
739243
345450
932967
601050
524033
951886
1172765
598983
481934
1179390
634074
1118351
1032844
399291
327711
1103621
450848
670099
1212274
1070008
720027
560475
1247136
446511
780353
554242
598772
545629
627814
766775
422808
698255
1277828
878465
1184057
621744
364695
372540
600113
775099
634095
655024
823343
524129
744090
1240601
818909
565904
587449
417138
629744
567188
809407
955580
541213
743496
1155542
1117582
819157
796296
1005858
622686
691526
427478
611996
313518
1370848
1369394
512439
635625
456516
590551
580706
528972
667145
658543
361931
1448357
1402972
1053418
488380
513261
1051383
360502
428075
913101
673292
889185
496965
891439
576470
748459
364089
324904
667651
431181
816286
656385
665655
412333
1206849
1305609
496545
1054303
471218
934185
370795
426060
426525
1556725
649469
1043491
524088
616743
401644
506589
1073156
1113172
376332
817266
585009
613550
319824
383096
633570
1259318
847818
348443
365504
860699
402115
582324
660632
393919
527799
485330
913251
435083
415730
765503
652829
432270
332667
496719
531997
599376
903914
533433
537414
636818
1095947
837508
354336
525491
555968
509889
456817
1104712
437257
884081
342840
440093
1471102
806467
753927
392010
330814
522249
498134
376191
984189
332516
369175
1314916
1136230
1182147
306687
834736
554815
512659
612180
700099
389433
603614
700354
911369
1676304
821855
528545
651086
467752
830985
745340
564776
832261
391993
1225326
2539054
828873
688782
854535
1170003
519267
433976
639979
635822
655797
788037
1052494
562245
1031893
371735
303936
437132
448687
394532
1069652
525842
558777
849121
1636024
674355
770557
317874
348976
314173
677720
492366
573334
364703
595134
729053
501844
1340913
1061677
723406
606776
425485
517983
664688
509211
530324
591198
499283
910580
627258
450065
739692
671063
452152
1005503
786185
834052
447929
393044
899384
889399
913822
427936
1292936
853047
473289
553700
609643
999370
382564
539635
563286
342627
535665
1463666
579192
457263
635280
675078
449451
1022074
340942
581577
685558
506413
616805
430460
442219
856221
572737
755697
841097
474333
683499
1040569
552916
390109
556430
712023
378007
513077
434385
684403
534213
1076253
1622605
978548
348511
371398
571892
806661
522311
593628
656499
778209
1094451
1262411
1282042
722073
653375
743627
916765
1007984
366578
824272
963821
344180
1622158
395414
693799
726037
707225
668366
410813
541041
598343
751761
642042
1916928
1131275
504227
412388
453389
569585
493926
668539
1046755
412447
411223
659884
602190
1103048
525223
1547400
699774
327217
705772
497389
620013
348744
497999
594447
925076
852052
1259557
1141807
580979
848730
479948
574267
425153
477118
998786
597371
448143
914900
760693
807515
477796
646206
1140642
864374
538273
584898
500721
829898
1229230
1604671
1512676
738951
414888
914810
929375
532335
1016023
466604
556795
1338509
603170
937031
824902
1353975
745205
522683
804590
550947
635568
426357
401649
1211724
1070934
880419
1324023
418640
586947
783555
675349
1509163
516733
373810
717301
363376
883653
1014613
909114
619223
701765
572073
816383
353820
796868
501128
1041379
1088179
576262
1614701
595960
618442
1417950
401164
616716
732753
508695
707237
519356
503230
1040100
545364
555770
849308
394680
317856
998986
583938
848486
643665
375743
1427918
1376428
597885
780536
962914
408633
1039016
577649
740630
907204
401265
911863
1547293
920621
968406
441012
837403
734027
609213
690210
427017
754159
1820613
439933
705237
1670938
877436
1070800
550279
602569
791362
582329
487242
664697
576105
399724
1311142
485166
1533836
479563
921821
388955
1240267
572444
587854
692508
547624
491293
3571068
1427358
907642
1139113
661734
914525
1076548
893681
781956
380920
521081
477653
669355
664450
2054318
799485
897048
686492
333740
1274930
1428486
665854
757570
697779
2106706
361806
1247142
515044
761128
610089
522480
388468
612916
569555
654595
372653
519739
760988
610702
652054
426311
414955
395456
397109
899366
1184184
724282
530398
1755020
1023383
668272
500086
942316
907681
1161506
469298
878991
677198
402394
602819
1081001
972918
645378
647233
500613
409484
466266
3334780
1777112
833430
1079830
1945897
1713084
653135
806968
536186
1966254
633281
861838
585927
776009
709404
837218
1883618
558205
1337576
1609867
694764
445942
562373
1166909
776458
1058241
812715
327822
1057957
528875
931691
531527
591838
551615
861072
734656
987510
391770
494179
799362
999694
813770
2005187
1579275
468517
711697
952364
659425
974884
747740
671577
478607
836188
515157
573449
474602
422742
819196
513299
887505
312409
643220
714057
728293
2011793
1131440
560968
389391
512092
933874
433330
611730
490086
845219
788862
555459
1890838
974767
765668
438368
778765
834262
522995
1312068
604424
344085
646847
531777
1678196
1468500
432340
465998
572610
364398
689855
1010018
712091
766030
735705
1401605
1162834
950510
840938
470753
1172474
425356
853623
672389
360725
460209
817172
3413031
1356766
642875
819994
569494
584901
587942
409352
742599
429502
1045117
554187
2227774
1636187
1940358
512729
494952
965385
327559
823504
693880
427754
498406
510910
704398
382880
619296
603502
532314
384516
401085
499535
758243
862573
424062
995921
1073641
1207974
694829
466083
499102
344600
583647
850191
819653
807592
338413
366826
410155
719131
992282
916485
640795
690552
673910
700364
832524
666275
417410
737855
1284626
589604
1208566
667977
726912
476579
509722
579955
1146478
397123
845549
440744
716090
649772
813681
916874
390741
630759
652044
846938
879193
707341
605190
1312768
1025394
951414
770705
365422
472306
675322
820020
446644
711905
908825
535380
831187
1251129
907465
1065154
684989
358837
1661776
1435453
1513967
756177
1010210
734857
1689586
973710
551126
759551
831009
528702
1987763
992574
1426146
1447233
693463
1481261
1550474
1255645
972133
413741
775327
557736
1415919
754395
1084473
1048008
672036
611537
1737382
3265030
1107472
660559
806383
775661
681596
902654
627493
464363
878855
1621027
1141214
409522
369539
511506
425057
689542
874235
413688
540522
771107
393195
1407196
1015669
526811
721148
1074163
693648
527638
777526
1442827
809374
335720
620376
1079087
1121110
723661
506568
682918
1318008
1152169
982805
1301978
488710
509765
1327413
668064
866495
688911
560125
514931
374792
947102
636109
722723
1132577
600428
1067240
690972
2023086
504234
583294
685407
494293
892356
754865
598346
566849
868268
926875
1394263
1531748
611716
537807
535362
888922
484552
832259
411318
487730
1272488
776767
778129
409265
1219250
392771
408991
481875
948114
531358
1040097
889039
1116668
1170826
841620
819873
394421
445891
537230
434448
960107
400546
718594
716601
992327
738060
1070450
826462
589634
559556
865510
807030
904365
1234490
939485
732845
1450904
938333
780429
729007
456437
701176
496232
1397562
955681
1010336
422764
600888
871150
444636
436758
1150833
515942
751744
618342
685531
611923
852364
773598
595595
1406127
1207379
1750890
647921
588802
390312
493144
1254161
671895
358023
494065
651959
1011613
581631
843822
784135
802877
319769
1652779
2255770
550818
688427
435950
633879
1851551
1146991
524616
649386
471197
766428
588329
1080330
560276
707168
360344
1009323
728961
1309117
1436266
804060
451398
537290
998869
1290102
456004
1293177
912548
979497
723179
1218961
685801
797075
734354
1577557
1184262
594109
1227814
1905182
1108197
1170063
1267343
1888360
465413
522770
641547
461649
625140
462279
957418
806665
499437
960211
863968
573711
1246641
564559
763732
466996
770775
697021
458521
1087034
1393462
2370531
939449
1596406
581263
370941
1036733
1588446
533952
833853
574515
916903
659261
630033
928289
450420
857477
730358
625334
491373
906387
800166
833373
512011
757728
1051983
628021
1479276
462268
628406
2658237
1458521
1155375
737174
895560
1115900
603565
2411796
637284
859688
543180
418658
1169910
339274
919345
1092277
585392
1144622
724352
456296
1072438
1281406
653770
909014
1030257
708225
442861
974149
747382
1656096
1016153
771550
394597
489755
816943
863506
633342
1707542
1042226
934282
848895
590884
935081
432924
720841
1099632
497517
735518
927568
482102
389308
496563
947858
1160007
893243
725488
502101
1615564
614968
552915
907448
1781655
728027
2895730
845396
642942
691209
742870
501432
799189
845280
649312
387662
833025
977729
653601
1374807
824465
2101652
827905
1202300
403809
372922
508470
544953
491074
534919
955130
1132191
466901
1000845
527153
535059
1601285
550644
860654
740109
840203
818047
781225
428800
399616
1280617
584845
1096532
1001617
944730
1536413
560883
1252738
458915
890032
717367
460272
888862
688533
762816
452792
1170684
998126
1113544
1482723
1267626
869869
959721
648828
1030089
590133
759486
518293
888711
910466
1096722
904773
634449
966997
717759
504831
636124
384229
676027
450173
619495
1169222
842254
428139
491662
1053321
718866
743677
731372
600174
1460065
859658
1498891
612138
635272
1669423
1124015
421723
1172937
683961
658180
633951
576535
938449
1419198
853233
2051580
884973
1433638
1752869
1224799
1295349
1397980
534855
1389685
722875
2035212
826743
1044968
420054
1052504
1076405
1391271
689524
1500995
590401
1089591
490265
1143812
1669747
387813
625834
875855
949737
652725
671504
1268669
1039965
468903
684296
1046933
559489
673352
773774
632061
1854019
529422
880328
628645
543269
581829
1570739
484834
833569
781903
1317119
1230128
577442
598227
387588
423634
477024
752501
362280
861807
759155
602778
1382457
1236531
1108517
821257
749552
491577
644811
382567
1045821
1276137
1302996
1129677
487497
460388
1042238
1122815
1910719
1439768
849140
575098
1310782
958239
946603
817398
562979
711868
893130
1480765
1450031
574247
702589
412525
632254
668294
742146
650161
529534
882080
959362
1758706
895818
1237242
381435
995447
1620598
570064
787011
452152
591650
1139609
633473
823508
349539
612193
608651
925279
542004
376352
670615
1013722
669752
1122188
713480
790625
759836
1863617
1281029
578635
550486
513469
618167
1361010
1322145
1368917
550576
901641
591994
459597
1238938
1301466
2448947
1260232
741358
609796
659356
881902
1335805
618920
388967
1263348
811082
747453
1079884
740615
592763
984183
810370
959610
1988187
1106280
1144478
910572
1343409
513044
538154
585014
793640
705154
1206800
556631
694233
1539530
853516
614880
455358
594666
976267
621473
419968
2308026
829366
718024
468977
1043103
570530
772093
507485
905308
592584
673520
524909
1459776
1019899
420651
645572
604216
361962
613673
826520
441919
1567387
512116
728280
922402
962080
1231889
444321
938767
1023458
1063202
1082013
562391
809455
627911
2179844
569887
5970374
3825457
1839932
1042510
356775
644561
791225
1151526
805498
774114
1588955
1759365
1000155
1166731
1443116
545935
778563
1793232
1805540
1050418
418549
1873894
1284565
998185
1911513
1571321
681629
660973
1192748
576277
1605776
1487847
1998407
2198799
2354549
1156587
859110
739854
978228
862102
427782
806800
548386
1566328
1094435
975173
1289173
769383
896441
569098
1148096
1822565
3502627
1365469
985876
829564
1438851
847117
1772233
2328774
1550361
839911
896241
745891
1394943
1238572
1308351
1111495
1802943
910750
1256022
1235474
1158247
912791
1176854
617274
630845
1391799
637719
707752
1682335
1876032
1675039
369932
389998
1206236
642687
441935
561964
915433
1311797
1135296
788536
1648262
1714276
1009406
3310208
1168442
772246
1945632
801567
758001
880354
644288
454096
635214
1237375
773542
604447
2399206
1757213
1056286
728986
516102
1653392
446877
937880
1185123
1143107
1023287
1558589
1972905
451934
499229
554428
953859
1150316
1866020
762865
556840
552691
1602299
1247504
1166132
687083
705427
1117870
1025561
1285053
523229
789592
761861
549180
462346
1801614
586039
367982
600680
416817
419099
578420
811714
1081499
995850
1933181
2272297
1351411
1221259
809954
778625
1248315
1291442
1229999
697369
633182
855434
1192408
1141672
1382971
1340694
521026
710846
931819
790935
910096
3362475
1685648
1280519
668790
299523
361965
776114
668457
536688
909365
1223466
800186
941447
951475
1253414
988521
1155083
455835
785927
849058
863249
1511259
1475747
848909
1269773
977825
1601767
1125769
1674534
646706
1452115
838581
532042
1183878
621368
439132
628933
1088557
780747
1208558
1261996
830883
402504
769730
564926
568617
574658
2727167
608101
630196
437455
3620537
1937784
1228405
1596326
738644
451060
1323952
694588
1137727
757089
718966
1208117
890682
1295717
765085
444945
1294476
907985
1499464
746230
798125
487772
1681972
877294
1133426
609738
1201899
756002
524603
302651
791107
472088
653204
695697
648453
1643338
418927
579268
975138
843288
1304431
1486275
816604
664510
1518292
1139656
1090930
863161
904586
739315
599450
1432357
760628
518616
383078
678766
601746
461510
541334
1389936
459030
884548
989540
758743
606557
876253
1506259
816701
791740
1415082
458579
756329
483237
697098
560722
875337
1724269
1088454
819564
1360507
521497
483161
584730
874598
492128
472303
1060900
805288
1544856
1146939
826845
626695
1047409
702793
745710
1191645
952879
804728
559399
519558
2157206
1259751
733833
1682650
1200183
911582
440412
883743
1767876
438659
650763
411874
1329021
456423
638030
967996
508293
947250
627287
639233
776961
660152
743428
845294
583545
792016
618120
633337
1010456
797456
412535
710155
599180
758320
342091
880805
1066025
1084001
501678
646829
995198
467593
738969
551649
488324
989527
1230167
878863
556000
868539
598459
557311
370740
1088495
647333
447365
580755
576198
1531007
585731
785279
836359
477430
362160
990174
769475
686312
615113
1527394
955450
1115557
669516
1044304
497846
600429
980584
335600
697645
860113
675484
911950
666872
430831
1324513
1136413
981762
375525
768733
767194
788741
343742
468295
436527
710218
610701
729234
784215
544441
804385
569779
633583
1227616
880839
644056
444084
1234262
383249
1068839
1146755
451491
969407
1221966
627204
403358
386812
1196920
494396
654851
465035
652450
484278
591780
565902
520423
714073
567731
527080
616276
398894
380995
875161
584090
414423
521049
727437
790336
460912
879625
675191
755684
608941
765024
702553
874528
583426
625032
910888
751305
712204
657938
412253
645471
677612
1053731
635229
365068
371193
620512
401501
454042
514839
742767
501008
584364
344360
834407
1540393
380233
524555
713262
1111789
1721857
370977
605616
419093
720950
383236
971367
623119
1135729
928072
450231
630378
606514
483424
372968
432144
518462
495300
781267
960206
430005
479934
557776
554975
621271
835204
570551
530869
630450
715059
605221
617768
600796
510180
923517
1111421
622250
440760
481191
505651
587492
547813
634992
452123
588653
541517
500905
414950
387155
580188
434875
669414
534785
864608
836355
1290005
896168
834341
1350477
637328
881365
654437
681253
346769
729185
571442
376060
1133664
1050033
749941
616840
468707
1009087
428943
296759
564271
898930
936601
1544768
544546
954917
651154
916288
671232
502240
395363
494719
350126
503147
866343
401312
553558
455496
408488
1575223
503370
610121
900625
559449
1105514
360594
567346
776138
715135
770618
447599
370693
901628
421028
506498
761768
482217
636880
1121723
936386
905003
498082
730846
800178
638159
467744
670259
1264207
757265
751349
490457
521367
409698
835252
764131
343038
736196
445280
435063
506990
347296
768166
589034
481052
686597
567949
1085190
751329
346919
400093
576859
619165
627811
783011
1020087
508894
497327
563179
626180
654496
744648
562656
978684
684890
1436242
992562
599462
450618
629008
685538
383777
625556
781255
634213
723682
951921
569947
1236171
784047
356500
517297
471427
556305
970225
938023
698801
397702
1338254
637043
1651747
1605392
547156
764026
498728
914554
1023602
611417
624457
531856
593061
647485
925071
618213
497383
497109
818052
983863
616954
424564
477810
770775
440521
738300
1007954
977201
1042665
480342
451481
821126
760773
621034
696156
802840
729436
629950
521799
1031260
793808
441640
398190
507277
442155
425732
633326
461864
355743
588973
410354
686370
485181
602164
616625
536722
869175
440257
869732
1026404
1604525
800658
800184
723421
617112
876342
439820
446873
454092
413273
429672
1295456
823687
518944
1385779
582110
406111
575569
818658
597248
508818
659996
573024
683754
630242
979552
856902
465804
612422
500705
572624
548902
471345
725629
498162
781425
484722
549239
420937
699506
455531
480285
635690
494215
988203
610306
512711
647976
897119
674898
966122
502537
734986
880189
843322
434608
467492
526159
625535
523509
775814
1000955
406491
763059
413311
606013
387088
726127
349126
525099
715717
598840
459862
1210494
519830
693791
941877
559587
509053
747275
499808
364322
551321
980256
731322
398319
400670
866877
683569
897654
476111
666962
748192
592805
1367374
685354
482522
1151644
439281
553752
653147
751325
1510062
675855
687504
620983
845748
929539
524291
785391
938113
837062
798386
439793
361748
574039
729242
507717
585528
772294
461415
843140
761600
657737
352503
635232
475799
515900
386454
493581
844622
616972
937950
503312
521315
344457
812045
1061120
736436
505476
753500
984574
986730
548998
673340
512247
381727
519356
626367
746584
418288
726130
477465
1158040
556054
594670
762127
745788
436503
534127
663517
831055
544644
518076
414971
465969
583878
412492
481133
970164
779316
380475
796678
373181
412858
749176
533744
929995
772410
1136472
583477
414194
546611
411224
1204809
972706
776761
380918
601347
564725
543178
1188068
409390
673319
1219457
996142
753941
853780
423421
560266
919949
547720
852735
592116
593641
1300808
550451
533526
1058505
670152
854909
481090
1189671
517399
452580
2504126
726104
632689
617032
489558
465200
537614
377790
584332
974741
612806
657463
579213
592837
675921
950807
513109
631448
559198
575949
800978
582103
604906
510824
656174
476396
504982
841566
625192
584550
856582
572203
535230
585106
560563
381173
1071765
643457
504983
432801
419585
428628
511658
733630
686423
831901
565409
465685
407412
1025516
590804
682322
696422
478870
497862
522893
514409
536847
585082
362975
745089
585387
641821
555887
726562
651762
612740
834058
791172
734860
716912
456491
513899
683850
624292
513715
434758
527518
558889
487620
692462
563767
595172
443706
541670
536663
798493
673626
492135
477233
754010
1038632
691966
563360
782719
550470
495044
547848
530600
580236
621255
695480
731426
498413
425323
517045
448338
703484
764381
465876
746797
569077
580277
538198
461144
471672
491032
468010
721805
655647
626026
1212693
462797
493831
509049
523333
485314
1272182
737368
859957
513388
1028803
706072
526514
1064602
383906
585693
25686088
23180299
19621336
16380093
13706509
11923755
9707172
7702847
5672074
3495892
2727195
1650734
522733
475963
608521
957087
860292
793956
1239351
1089109
785288
1344898
1176182
1347216
755584
507336
1424403
591842
679894
566958
1518786
925119
503043
600440
810483
809134
613053
1493968
745344
1279813
1431121
658042
417957
526121
896079
949315
521179
565058
703701
1233926
690156
565755
469039
857012
824155
515432
697916
564497
545660
476223
498850
1032291
421767
492164
677785
415927
588340
519898
531246
427008
492663
717587
707009
499405
475727
954333
695390
1175006
607374
681311
901338
643813
634815
1118643
800933
615115
769545
628736
389269
559966
821390
552290
616156
378672
466952
404252
631965
880065
757110
1081843
850097
778756
1100424
480692
691553
379915
545263
898296
633750
503107
562008
603797
545830
719341
390709
584127
345661
514127
598844
347752
333959
535710
483996
556170
502525
497564
458175
887515
339649
494334
1124570
433204
710089
430437
470696
466883
434335
665252
725040
536900
602780
531222
908607
556937
874682
627678
524326
729405
469673
621659
505325
829468
732436
575755
738662
556960
599674
739795
799506
800325
1317278
1334198
1028374
462395
483939
594238
1306710
529081
644060
681041
579624
790714
794578
419039
670418
765108
527871
559663
744146
1189179
1085486
462698
525539
529014
885138
661362
587032
500467
463732
639689
547805
399037
633066
613444
934127
775206
555744
783021
853569
505647
448147
472898
803636
629211
366854
382855
538425
589262
898608
763579
403647
413724
754681
680963
706104
512191
851550
600841
919830
560683
407209
475034
505210
536131
414027
447905
468228
447308
661279
463198
486078
503854
504752
477947
952495
508997
469589
944940
446198
704289
794264
767231
536434
723735
712135
393966
732859
454776
359788
534171
399678
421451
733177
878199
1055560
477379
869676
485557
431991
531652
714654
648270
576933
553076
418841
547743
655572
506023
457875
445241
611333
630603
635467
1836129
489092
514735
480826
898856
617276
949631
376838
833614
448708
442350
1004819
579000
444291
690699
501683
652812
644861
435323
665897
361090
406465
811679
1026508
561955
405810
423281
505872
518175
525170
547345
503161
560180
567640
660654
445150
673608
420893
599752
724751
729328
556452
554498
803049
526323
503131
470079
946169
614955
472979
407192
1134592
526054
545842
573010
490646
430523
353804
722265
921177
595376
431181
490027
468395
501905
791387
436721
406632
371275
581114
364288
595372
504707
513980
732675
599044
401773
463898
379003
704227
465969
741920
572442
469328
675885
569576
377394
567837
433028
1042424
534479
381658
469805
447576
323799
380651
646398
384722
470949
679563
619950
511795
669874
468923
438082
653998
445083
546647
411144
863764
705550
1022702
1692660
379360
818102
474595
453234
417442
423525
1017831
494833
554078
592954
454335
417897
494035
628609
589309
553681
730626
326493
933125
437341
368199
485747
496848
486061
478816
533291
517682
413239
550044
531862
781001
858613
465667
685579
1007929
805454
898211
495929
429495
373918
635683
467516
614987
628363
562255
566591
632571
437630
466354
376066
396263
419212
419683
648349
472604
831114
575813
446921
867728
1164002
399555
583751
610183
408685
473360
477070
430577
653324
429372
659402
484214
365135
493103
556585
523805
447681
482867
1107321
623892
646271
594645
386698
434297
714045
446767
643609
416114
542328
610932
677770
769399
476845
866142
504329
739115
541484
371756
357664
677207
524250
783077
495421
417172
407258
449710
518640
443575
522859
426610
539316
628693
495856
618643
650005
666831
723316
484990
894752
659456
861219
536402
545692
445213
415173
651646
664317
445427
672380
622150
812661
756413
418233
530499
692753
754123
504717
1137403
375749
641095
379119
512133
478861
598023
884429
395909
406948
1047111
1222524
384721
559690
523825
441645
591499
390901
474997
961907
499011
442756
491603
473562
409909
461134
672024
748253
546980
733304
461569
667476
429216
469092
578998
650529
684211
587369
396026
501185
452991
707490
581571
440304
776506
379134
486122
683429
770571
784990
1044012
387397
964432
566247
554958
796437
499234
828862
634951
571221
582613
394563
604941
759928
584290
549990
882195
418555
461793
557491
448865
408882
855922
540069
508612
681247
484689
739327
612717
466733
595179
366316
565128
815178
637164
475900
877007
759351
569041
752385
591682
645804
437093
527790
487742
462339
672131
751693
418793
1243587
492520
414650
700178
624379
470799
930470
427585
591964
707114
668500
488076
525171
519663
552778
585850
489934
593420
644296
569463
493646
754277
346194
700028
589647
361075
629771
383602
465988
476793
437731
877888
612319
887238
577129
489415
588837
841259
514466
500490
387720
731961
642785
1055335
642275
681817
971524
792904
461286
605932
698778
464584
423766
809118
517417
526027
530922
497810
435469
427570
511378
490858
665116
376471
500520
575925
867379
640885
1035723
419102
909047
517908
396858
534418
431848
349007
465311
418537
500237
608929
382941
560716
709864
551647
812421
435501
537245
438692
524346
542528
469119
404396
608874
495402
706842
690329
534191
450941
691640
430589
431041
686524
542322
747803
867859
485600
473043
614080
637155
370296
464696
664320
846924
803549
439139
375784
510158
931962
698824
576006
481978
570095
938410
653566
533600
864085
495768
424334
471844
443553
496640
1333934
541375
698785
411018
466899
443203
394869
747146
403569
852576
701865
553219
626196
536797
799302
489428
594478
580927
516161
599024
545510
414291
629869
785621
511963
535873
388453
696817
524819
635911
646626
636629
402304
1145108
361967
679020
370693
553357
553188
389378
602026
422356
655327
365102
580872
579832
518837
508906
550059
458223
480802
566915
472544
498334
727316
724221
532644
773411
615008
505201
684961
526326
481047
412543
825395
478007
664458
414124
870254
531395
652921
399162
553507
576398
500803
951343
562567
547124
464568
583990
484587
695784
618750
1082121
354199
747312
547440
741137
525239
715477
830262
365085
868826
675086
510609
748871
425650
423542
716302
481072
638018
611277
845164
521184
362797
681126
991830
1128402
379640
605607
661027
379324
596080
484898
468369
326528
621690
510484
567047
835750
557881
397783
353973
451880
728265
460593
858936
560747
660753
559758
571164
604673
514563
403528
556703
708451
769521
405942
927224
525939
499622
427105
675162
662778
865538
465465
507702
530249
760549
606539
522677
519748
639863
978429
520640
434380
500869
477464
537652
718077
600956
671440
1006651
538374
529505
736972
650747
394679
543902
705958
547306
713471
748288
426739
695483
413251
461684
599819
1077177
590382
610908
446568
654916
476716
499138
524754
855520
731379
733486
488805
933294
648013
566815
549411
597923
588212
731598
559674
615082
550705
725754
552843
594133
871318
438817
879244
431720
451385
1110550
744965
710303
516967
694685
699565
824604
687044
853491
562613
1204175
404916
396666
608608
520924
544265
894576
795352
391589
659556
576131
397545
900949
471137
573779
423127
918180
455422
628703
502140
492685
526911
514759
688391
851201
730953
504185
561369
1104839
640750
640267
543648
457478
569727
577003
567876
874929
505744
433161
555452
570423
549382
525070
426732
701236
727453
488800
577369
514980
407179
620768
732498
609220
837330
775134
572959
506238
814767
688362
721643
535896
513837
715144
797197
561311
751530
581903
641438
705290
472343
419526
592631
895286
595596
620418
584635
447493
631971
661672
485067
494265
476099
760895
531841
482193
489761
659831
644529
557133
473453
510164
517328
730758
540847
600546
609654
558962
744866
612048
638434
890997
503289
597738
608482
719977
505914
914241
640701
766848
568336
570373
486113
1016354
440789
728131
516375
422354
446138
515128
481881
900026
562314
569478
497253
562878
614355
426181
514102
395067
513761
744439
852829
940293
728984
962579
764509
543630
720023
597388
346719
524955
359327
521452
725437
485773
553545
620251
896390
1107748
371897
566888
567893
437711
465885
492185
827557
356018
610290
409733
411550
602960
408293
455507
693025
490441
493993
668181
872612
789076
774679
617579
703235
587688
501245
452407
730541
536158
602276
581331
459844
908412
832741
512649
653873
929973
673043
479634
379776
670795
518948
564358
598066
509802
729947
565532
714202
378348
770411
419998
504482
613233
478931
920949
532506
965814
629088
639468
471445
403119
489580
415449
663649
662246
667693
597215
737018
608613
523840
583233
968203
585977
676757
601760
552839
1146537
468150
382856
488830
433239
443998
585240
665579
477102
648136
537744
512680
666528
754270
831350
766278
623285
686878
638697
639401
450641
464534
572326
505392
562017
732483
601028
562747
523698
550182
612071
457272
510971
661510
702424
493336
488176
482320
446412
841951
777422
815624
554577
557788
851219
547309
510409
484285
831370
598561
693118
1217115
482996
734933
619228
613465
458097
496586
690949
515560
1008786
588736
1224542
846365
621249
659182
483072
458298
640054
451794
391264
622549
522812
703591
810823
453021
585910
659300
462019
726409
547625
662007
662956
470645
505990
658939
476917
554075
725734
529017
455781
522835
624446
561825
558924
668229
469380
686092
660393
845115
479194
486668
742886
587688
512413
641018
432750
643826
510962
788523
681464
429430
445335
614777
673082
563467
475538
633144
610861
557105
526794
457640
803167
671183
654904
494234
461848
623335
533571
419269
589654
491375
475445
907477
618744
746382
454490
472295
407775
402137
957194
1008339
530151
658153
550457
959436
1046387
517487
458621
984257
491052
536917
664965
805616
1057690
830127
849908
619743
534025
656589
718567
904392
436240
511433
608816
423000
592433
1082225
1109856
1088621
621557
790851
530820
690317
991559
627219
796287
858157
712930
372040
718324
396819
839716
538178
645441
643530
435805
437941
378117
863271
492856
669996
560573
661989
481398
1062410
501724
904764
594194
588583
1252700
583476
660833
583628
529047
493050
695364
794056
497290
521372
451141
859365
838030
475451
718975
1283361
558134
1467564
559319
940762
376595
587585
570247
704500
526032
416735
857564
760463
431497
725790
437983
451134
519826
420285
507181
440095
407852
538436
526793
531032
425563
854221
637307
467481
352403
353436
835477
584984
493346
634713
644417
650497
676944
643196
628838
614877
774343
507509
668895
520056
614963
368984
747392
512226
491961
384058
650096
530369
332000
642487
464193
359336
863028
547885
418417
527610
1021932
602031
691549
400774
522446
802695
751360
388870
498816
452974
543960
575433
552890
651169
596102
465958
390892
415913
574758
455203
679281
607736
437100
449444
436157
501049
579584
863321
457766
523998
615311
388222
624999
779919
452150
1007394
384963
609084
388548
599960
556744
447511
638557
519747
635637
933825
541994
471346
667049
666731
577746
502853
607013
461369
537162
469043
468483
565539
717724
540981
397244
681861
521665
1002896
440429
671231
616301
401213
619039
507062
843189
765249
511998
628727
440991
464293
485819
752783
354210
747214
443193
698414
611404
564295
420160
519157
469114
677531
540682
342926
779918
548818
547344
518491
713646
488145
400130
530894
458104
650395
600962
480775
351950
651468
635147
457260
459362
742739
467582
561702
809704
398778
424561
502168
542671
404168
606430
755418
675083
477379
595012
856398
845404
1224489
582675
632556
674799
522326
692779
660634
714045
686011
869690
614855
571092
550082
444989
742066
517947
1005286
398080
579659
659637
610310
553980
1090928
603045
921008
540998
570321
480475
463912
363838
665092
396473
527242
687093
482727
527391
519859
390479
481382
1049141
758383
842581
460411
678870
352247
391548
449424
412633
728697
465219
553227
509415
382293
611568
1012890
526188
673721
447597
867560
639725
557738
425771
1123678
495857
563481
478458
827702
610165
879812
425494
605966
474896
501706
342333
781242
518849
672497
481990
1009179
685587
688428
572920
511343
564864
535716
751835
1317207
668636
713865
671794
663711
457998
608814
2038351
1021595
657344
522099
542147
1011014
613937
471676
589840
682285
806669
976567
618256
612669
585808
491389
1659904
572307
517586
625371
970173
572008
694130
628048
439209
517113
895574
614333
616292
697410
829831
563896
1035503
780363
707751
562154
705049
575331
585117
566336
374371
731508
865946
669981
336067
473396
781668
811240
761725
406429
476948
693192
642373
892951
897308
842686
481237
509087
471704
527413
450157
1025784
515352
682571
612641
548224
548483
768609
715976
442479
389389
1045863
1614243
436701
703834
751133
1802075
658468
496237
539138
1242543
504390
580083
937208
636446
1051569
1319615
680624
483261
1006857
832600
1249143
530590
490065
427220
787959
504389
360939
591431
942472
559952
484253
1038882
821339
535684
554009
677129
401803
682728
727003
415572
639906
622813
623081
589398
541939
375781
473569
700708
424395
557764
768070
401219
1188356
926713
507832
481796
935862
779059
573824
682792
458309
721855
849935
704802
579767
1204037
859965
498099
694960
534224
537641
473951
587708
605579
872751
700906
786424
534881
586754
775992
998277
703257
529039
466881
802269
556064
667525
413885
510583
752626
711826
1113921
1058495
554728
620698
631235
604155
899687
711475
554567
494802
530124
575369
468435
894671
508909
864186
974014
691775
480683
456296
539004
1187453
543789
842466
420105
479334
650876
708598
636896
670483
444770
727009
893087
715771
526481
515585
484503
613362
687454
435654
599580
661572
597494
545161
536749
518544
476027
432509
449978
453942
530829
620876
401190
674254
407632
711618
715531
375935
840597
387653
693884
1161869
439724
511313
722148
481909
391005
450726
370320
427836
380598
477960
510971
423752
379757
473485
569378
336050
477063
531467
639641
719439
414770
389255
385835
676589
483378
483577
504139
474813
561265
553734
487789
521788
490928
716034
541493
405627
528629
531793
433900
577682
587623
506969
584517
786162
504287
688406
859446
455189
351692
702026
534527
485828
775473
659787
415846
658848
1096987
522574
460826
739438
505562
511056
390441
690376
382900
565029
535994
758145
555348
513385
664015
612810
674122
738250
437826
515136
479440
454927
443039
634696
525453
386849
502643
475010
444762
558655
562390
406781
513364
733509
514456
452208
645114
610885
564994
809828
413683
575604
682921
491199
609886
565006
398049
822375
820982
514884
549166
512504
560465
795244
660997
437703
452201
515303
525603
423188
739961
500661
532820
986777
730174
620134
568907
813713
419986
556708
481194
566903
521132
608548
804925
352056
356815
581038
535027
454152
594219
458559
811533
412899
702269
429749
628605
407428
632402
609644
403186
812264
346309
522006
386934
513300
659391
528292
496085
944573
497356
822010
610858
797729
595475
592684
465257
1027265
435801
799102
477092
440621
804699
422318
636265
641709
859649
752721
653209
815741
808440
472616
767443
764005
553232
449990
608147
527253
536814
444498
413886
547180
516442
496886
1152780
475066
707104
526462
476983
543370
582119
995984
399887
779337
503545
480577
817474
710165
474669
551326
533327
620967
529863
584420
672519
368459
649056
486464
439026
682082
480799
554542
368263
673538
384591
586190
624178
417672
522250
532902
366217
441411
356786
360803
554617
458057
501943
393161
969850
444227
571802
450323
675585
349725
639503
1168015
524337
391089
557095
374938
386465
497955
450171
395830
327773
444006
806867
895782
531810
537294
518315
412808
369964
643690
363582
596614
646808
505917
566151
451604
472160
571997
574290
619465
369922
351998
571258
588490
475540
440650
668451
754506
603715
389252
502955
559027
385175
337523
437124
516649
610029
785422
521615
448498
601415
450207
437156
707521
473097
640220
425676
459417
481956
854703
555945
397846
609948
583414
580221
612873
534925
564873
441026
670515
592520
364140
484741
1029663
457462
588981
365599
589669
535517
742388
441743
751015
386910
640291
989895
548301
600879
643573
839191
502304
377826
518600
554871
607778
508959
691128
593173
672491
545368
648969
748340
541940
521069
751299
803397
655813
449806
525610
487720
506672
424216
464333
319051
709328
362369
602834
513379
595748
459369
490866
474560
636075
455563
481734
455518
704877
326965
512645
640303
463857
424794
685395
477710
611836
597271
537313
730813
574460
522298
534528
493916
545097
463483
658077
498930
508926
543300
556443
670717
612941
572808
387319
590817
465671
418281
347381
313810
602401
550005
769154
467778
629937
632730
718881
459656
627982
446186
753460
509381
500755
464592
620282
562275
614952
525453
460741
458806
478013
700637
467489
579587
532788
494235
907485
551485
489157
672626
584473
323288
595517
596768
688304
351655
510225
538486
671099
567493
477544
471554
574370
300891
434309
590154
480072
704196
640193
617883
502921
520949
382556
566266
446840
357886
496189
486474
613214
535064
481696
570893
554541
438753
301027
403461
494084
499195
575844
514412
626910
757333
505228
497006
378778
559219
574657
572203
589181
371627
519139
531497
590871
510105
612216
565960
537485
433272
532398
467296
403987
519715
509581
723863
448874
415264
355533
637977
541488
342855
461534
428192
619745
443222
434820
517185
472098
517673
460557
681279
337435
426969
499156
430938
901051
407936
644352
731196
505339
543438
588813
478357
666239
400519
543741
462784
534277
445457
394390
970545
521424
578782
480772
396145
502361
761489
577829
477252
532126
685100
507943
563463
394884
579723
427591
497019
420191
603213
563190
553482
527991
394912
472589
641578
646875
596646
489388
553331
423146
545088
461428
514748
513156
453240
785957
418743
489162
525027
588553
701441
444456
771843
341085
562472
612900
488803
645280
592763
468996
455983
644591
439137
482631
468515
436168
516256
707995
571396
576121
644080
374697
383884
503721
670785
765769
413909
474259
417240
509153
757947
418086
372831
672499
476095
361540
395710
493021
423692
533894
423500
527598
483686
535216
662993
407660
479268
477693
516198
356881
522952
453912
765011
481894
466418
570159
496658
508843
678767
468964
449326
724502
340285
582534
514666
504969
525524
801952
445426
605471
410526
376080
457876
500939
373983
477697
473404
473975
599840
476619
609592
537083
512483
392872
500607
555845
529546
1097204
586602
596179
649701
603187
504089
414420
475548
521596
602674
463101
478766
515873
500538
585923
572511
519044
725884
418250
391167
521338
457317
508208
549847
766173
539405
392836
540862
844184
467845
380586
491528
741698
513027
715653
439503
672199
470471
445471
516832
493238
594798
650307
508897
615363
454874
468324
483565
463636
808152
527072
313314
622087
741949
355768
558511
311400
445497
496068
470559
472829
486783
448714
349264
492794
439360
359280
362341
321979
516968
428924
514978
612852
321688
356497
434719
576068
462672
401036
591842
404374
368600
430419
594017
567118
424486
450118
465825
326797
493519
390085
321953
439170
634753
380089
555239
337489
454505
476341
549391
408766
389657
436504
439756
352360
509594
533680
554396
574384
407406
513206
380218
726203
428115
440326
423262
403245
353628
465853
398318
517222
481162
456278
377924
408728
416659
530552
356268
499738
370433
465515
461279
322381
656854
309553
584272
345311
526105
331160
452613
435943
443411
472530
375845
552006
431416
418118
484437
457187
396114
449651
362528
358424
364042
478099
456744
454928
448859
589093
339073
366226
519725
458949
533758
368876
498109
411501
465086
466298
435805
356888
347704
379138
412302
456429
333221
331755
395466
523650
309587
318978
317135
306400
302714
324121
295860
416322
338360
367386
435153
680026
299648
325058
315378
355278
274553
295533
354920
308953
306466
375848
286131
310855
266576
317347
312020
309725
362663
281560
298960
275552
369357
247160
336529
322724
260317
300010
348487
274060
293649
274627
259882
266660
282616
309058
309448
294651
311185
325883
265565
275386
301194
285093
262337
329004
322628
302363
377095
252129
287841
278292
276911
401344
354240
403523
382990
436662
381376
355957
359515
359912
463560
402664
381878
373711
345391
370851
384017
426520
425613
370337
339904
321352
341677
364208
355036
428114
379274
365980
428648
324266
445717
392524
403536
385961
354398
407291
441234
341199
367943
356249
318602
354120
396384
365102
407750
301947
356638
387386
404823
365810
417324
368204
436804
382747
412641
392657
414547
347794
444134
415597
380543
393425
383433
390185
387302
348217
377970
373332
354643
406453
356525
336241
435816
420061
383586
332552
361370
339957
407343
382354
338922
354048
440118
361478
474424
418878
395370
365385
410273
390353
417585
404028
340742
309971
335152
459859
397404
368090
388260
352032
411980
437666
361711
400378
413939
411706
421571
425467
389626
375587
379369
329534
448180
406222
404184
345780
405288
395746
436574
427225
394907
444892
375651
339829
370316
437555
391756
373816
350451
383908
342163
382803
370463
451422
428858
368572
346069
402834
349721
331614
316697
343744
426273
360524
391343
432784
429429
341536
357541
327709
352799
362006
318291
376747
326136
461654
455546
437651
407532
364786
353800
378016
359163
320567
418795
390058
452201
391463
379442
382160
390990
377760
503871
340308
326121
393005
375107
433191
352435
370711
391499
367448
332284
385034
400194
404324
378361
381897
395407
427489
418123
461782
371610
352606
343078
383088
344227
380384
363921
503200
430336
418132
352297
364023
388107
402294
392453
336338
353318
445997
336315
428568
416425
411025
395792
428566
363472
328470
326928
346961
375067
313701
420562
347012
483138
374627
412608
349961
364350
340842
355343
546741
393802
359404
560101
375498
383699
389187
393371
388769
360613
397852
501876
422133
351030
406984
380422
427428
416025
483696
360966
341927
361961
374011
313511
527876
387633
383897
428851
374075
417459
380186
362336
368210
326634
473655
373062
362989
314296
372046
449537
403238
515575
382719
362709
356017
373678
383145
461933
335932
418206
408196
471334
497412
398962
385419
408889
384423
432101
436499
426985
371946
427087
362457
432561
385491
410919
376882
320442
360223
360101
340598
391026
442413
408623
373827
430801
400681
386272
378656
378673
337137
412347
340634
331631
418955
377979
412613
448717
447077
411742
365412
395110
403500
422724
546475
502675
356986
416749
457027
491051
482455
466589
491193
318549
446263
390701
505979
330012
445376
369153
392810
432398
403475
368015
364772
384319
482413
406937
460458
431152
403349
538793
444493
390830
382295
417839
419313
487387
334983
344317
353175
342101
392339
435270
399416
446823
535312
371351
376315
356746
410986
359324
457255
374264
408618
576123
445577
430127
361817
395938
350018
511176
514563
441083
441171
453878
492292
538477
394163
377160
407421
412898
381306
426309
423309
420307
399224
412221
625156
431276
431550
434324
459482
355942
453042
398206
411256
429010
416278
419194
501248
451452
464583
367956
414620
368041
350324
397539
412290
431767
415484
461864
402675
468226
417929
455984
390370
391304
326258
409252
309789
353183
435113
423515
476502
448579
395023
461467
431794
375941
425058
476965
363079
402326
485184
582082
435182
392818
476996
377797
350231
401575
446839
439356
674050
471234
354970
412704
411268
459643
587156
448589
355973
421271
333398
489675
457887
410480
400211
433851
388981
428622
426306
413513
354583
470838
382894
397118
399935
407000
415330
406897
374718
347225
416055
403960
337301
388774
435908
422535
406439
422886
368323
441664
323464
416151
467156
422580
400520
393511
489252
382349
442593
436693
439414
393464
410021
372242
388539
379049
414253
416071
469825
523478
386965
424087
416103
377430
411378
431675
407375
406050
400260
453890
452868
447439
349502
435846
431437
371658
477645
428626
388516
392307
403010
440918
488665
411335
488146
457877
396997
406560
462391
381778
440193
382937
441161
465168
511989
364422
422365
437297
438853
399020
340425
391925
376389
556607
440837
389955
406081
453199
388145
437906
440380
459597
454715
448169
458129
502897
403047
380161
438145
418425
420575
413436
397777
405851
404418
429405
321095
519193
419410
362164
348454
427318
456489
492763
427130
440177
477978
395284
445739
397682
410533
417894
448288
446122
454426
490629
455893
412307
398784
426551
351018
487116
374565
761288
371830
391231
417344
420178
469486
419009
344490
374161
570422
415682
388362
438662
446249
438684
402901
403977
384449
388163
395139
417454
382088
421088
429615
393680
526093
415064
520922
456665
446208
834441
414737
459910
524051
546426
423632
434100
453050
492598
457215
411049
376469
381096
374250
431527
446537
541648
399195
386206
423636
418624
421538
424351
426876
376626
416793
402187
417857
461452
424662
376239
388839
361009
453490
380641
418814
451511
340344
458599
327430
423067
408027
364665
418122
496816
380276
377654
422961
400394
377392
353755
366230
351926
357099
349380
427125
465812
362598
398540
409557
366177
399705
394472
374386
444360
368463
431398
392281
398388
383575
365459
405603
378620
341660
336481
397055
407292
415823
414274
444084
343811
312621
387635
364692
360013
485954
454647
460795
429923
445029
441303
351070
437372
441708
462396
345730
381241
398311
313634
431512
422786
393556
434627
598951
365481
472622
408289
298976
310207
444758
411249
453880
442451
417899
445786
412535
384409
405580
344908
410539
442431
384138
454573
436115
422079
420147
431839
436476
359191
354999
338956
416498
405470
435091
413009
438443
578438
418866
356440
398785
477964
426495
431926
446148
381088
473660
386151
450563
344266
436302
489300
445921
397409
386927
438778
427977
384578
390509
400150
397408
376519
412564
433248
396353
386368
406439
361793
470448
337299
436194
614206
528697
449435
407796
393103
428185
511313
441521
424736
389256
391505
439147
394607
421575
516578
373308
437120
403167
402192
423450
420158
420579
463064
376578
478020
432137
453176
432960
377841
513413
436301
415415
485310
462958
518376
489484
392739
406171
428715
431279
404358
439416
434000
423355
346329
498775
425915
437306
415298
423093
505105
393141
377806
479494
575996
410967
488998
395349
442091
440282
487997
533929
385116
468658
393752
456406
401667
396393
427441
370258
531267
447641
370825
464217
495779
383153
395044
444993
399314
396748
359256
408714
539966
401440
471157
380942
428987
304041
488193
378761
419589
409887
372501
407493
437590
459225
611841
399635
423833
361116
564113
336160
377377
372262
391213
344481
390163
394227
423675
394599
375444
420509
415477
422172
440303
393290
431096
405480
455325
338019
494195
443543
458587
464615
442923
380367
417972
329012
595798
484959
434510
391658
390303
462595
373856
402307
387995
416347
428071
405639
436054
383227
376436
403078
415893
393657
418218
475890
410398
426469
429657
422778
479119
373751
370975
525350
341487
397416
443501
450988
398373
486041
385219
407487
349742
428803
425738
406593
432653
389122
512347
377108
316272
376926
326605
324976
391288
481412
411667
329467
362916
335937
443938
371213
456125
403292
335987
353915
377906
433133
363128
473950
389127
415803
489070
355435
360980
364078
360215
460933
371795
390452
385370
379122
464439
365224
354399
329634
311127
386912
354858
383316
406627
385742
391236
403854
398198
419573
409557
371405
488493
402034
380599
350187
385914
359692
436898
397156
410134
441905
1267410
344764
395511
546534
416334
424072
414307
389997
494276
337350
367842
403403
347951
385356
324800
496559
437559
415381
452409
454176
431918
342058
376160
365384
415306
350830
394905
411260
422355
443136
432974
350111
500780
453261
407009
420540
341508
509463
361150
373794
386069
435481
430342
370124
318015
405699
385481
371642
385993
407554
385879
388630
376222
375479
460960
344905
465110
475427
379706
367903
399068
432046
434530
402808
402725
353077
397028
398663
361738
351225
443684
389164
347419
348396
364045
338585
339497
463968
489834
410768
376922
349070
451422
352446
314593
412098
334896
401977
411505
401616
429744
413145
354326
451525
373039
428650
369926
398520
314171
457843
438334
392988
413453
370791
448729
402027
434598
440303
402510
582089
460473
433881
437139
372037
545862
389659
449017
397408
456727
420388
411455
375723
405491
443940
384370
473938
674216
384467
446555
420660
449135
402925
474826
451357
372502
467493
425788
420652
510940
470245
413322
370276
394417
390741
442826
355501
400819
432043
431684
324281
411296
411454
428169
450476
441896
382241
398749
334340
388488
438409
411790
394204
425186
405082
428138
411106
404863
465535
480409
469687
396228
416625
435870
489021
415551
434706
488523
409789
492693
420120
377574
542797
415718
391032
502703
459694
381681
480586
458350
394285
408473
457614
501322
398999
416177
415088
473419
388087
377694
575514
308407
382948
389563
408540
404662
514940
429274
527752
532727
314540
274520
366529
383514
297461
484943
350297
361155
348823
405131
353661
339419
389324
477682
486380
466064
396318
404695
452753
376731
426199
405550
432721
448625
375873
382358
416446
402877
425124
441816
416110
401738
395079
483541
414691
458248
407833
417905
473253
418654
396881
476880
432377
411331
359942
494167
359782
444013
459477
575482
459072
431664
460642
428552
406380
295939
421083
543802
469530
426541
412928
386212
444763
420808
472042
462550
392475
430450
502597
426534
431125
461667
391368
421080
460648
380261
392376
472314
403422
413632
435457
402361
387585
400700
374265
410625
425004
434167
394236
358360
415671
484633
505540
425731
406599
423957
374644
418808
392513
420644
367062
390473
411861
399005
436027
395514
412726
426107
421505
403285
442293
417141
490503
443754
445651
460478
424636
427714
380405
421010
371344
424502
445627
460714
422315
583257
447240
429898
439516
502825
407911
443000
380860
456151
343106
428327
398321
446799
423367
412245
403120
380824
333608
386442
486934
434172
432326
466201
484346
430626
359640
429161
388919
422867
408644
447172
444117
417732
451679
443021
517722
387822
429561
435935
370569
347610
471768
438812
421716
398448
390042
433773
486942
418569
425630
550088
475579
432397
475605
495392
430233
391895
365172
394830
447628
362668
392224
362741
471456
354729
378511
401903
455280
377938
391443
368420
430448
455149
390166
420097
456129
379620
443218
380655
433660
384862
428510
331450
460286
470710
424760
490472
386282
372543
353708
441668
374930
353504
404936
406260
375251
382979
399880
368088
376812
429834
403768
395383
401474
356702
359550
369101
420099
394264
378175
383872
414890
374418
393432
409347
396688
423580
431438
437902
446039
397134
391965
380514
350544
454699
398787
401692
425173
509668
428781
432126
382734
506109
432197
400337
406128
428967
436405
355736
957643
467306
451018
468882
428484
374828
450902
438063
403191
430350
397373
416709
468663
410081
434712
355643
416121
398405
411283
494798
434222
444800
485684
436846
495030
392791
434689
454554
436175
401542
425067
419235
472193
417883
358761
446172
437493
469618
385682
431629
349111
421309
361867
461592
432442
404527
642645
399976
392953
438818
464142
397089
402490
415598
400759
423081
360281
371279
355731
390955
392623
431064
373318
343880
392304
423839
356993
470714
350515
375133
303959
387365
431822
371970
396595
387976
355473
458932
390746
453684
388595
374409
365196
371681
373789
364736
440105
372872
418216
366944
393692
455223
420071
344315
435669
463045
388646
570380
446728
494976
388196
375741
372262
483357
413114
420705
431603
498938
475572
448710
413268
395842
384178
448236
359706
390619
360122
504596
357219
314800
453640
413410
402626
381227
431927
355554
493548
426702
410072
350621
484945
408608
376295
478182
401858
403822
388058
478062
415723
468240
391030
566154
394110
431460
432896
422010
556561
480227
343317
417388
366991
388161
417008
469414
435832
416039
428069
384259
382372
425088
409112
388093
426866
397540
351190
492717
335850
532214
568021
454244
444721
378360
437661
437087
406457
430281
464535
522732
431825
424135
428269
392549
412332
385873
451163
410452
459729
402107
399886
348459
550038
385187
519364
421818
448924
386365
420048
428292
504378
351674
534349
311245
412212
429629
444138
413452
494896
439829
460492
405183
400973
362693
492223
470187
397110
425334
457308
415675
485285
397554
300297
437245
445995
435951
375155
417185
410802
447972
362076
505243
473099
399703
522510
438229
389633
330130
412217
398593
442297
455494
468631
493444
350614
352564
384391
399968
485219
398456
442759
515072
337075
450240
409613
425752
436163
377016
387327
409947
387603
381443
437814
545717
428864
384204
629775
500719
378561
378717
447575
465385
387115
383225
536312
458862
412275
445289
440940
429366
391707
426503
425993
413543
516355
434051
385297
444357
408564
441378
338494
435461
432661
414078
402055
385655
400989
367752
469612
422299
479494
550687
425053
481147
365983
489500
456601
403454
401080
447564
458527
423304
421007
459495
392778
396875
369495
422076
428425
341018
417399
401382
411186
423100
421990
545997
497636
417363
489967
403187
395804
448644
365437
426864
473161
377071
388688
379621
313635
405762
357479
448489
377592
444726
396089
403463
447996
398646
444937
310860
415394
387041
315131
373450
414371
397481
536202
432821
352802
458172
478482
355465
406846
325949
440586
384726
364603
387397
520531
430406
459274
444810
554444
412694
376551
387687
402855
400908
461912
468578
390059
412416
372912
446782
463120
396222
401685
431802
445119
413716
488817
375703
437400
599441
446104
452167
500191
417971
447975
460032
441015
428552
373295
426285
669000
396372
384562
371103
481600
433736
439606
379523
418606
424430
433830
385594
517967
439221
429888
390474
385101
436291
367191
356701
405405
374465
388606
412779
539727
436637
370189
387664
403619
373890
440331
431980
432234
507495
398887
360837
426831
408498
371421
404172
452535
444032
471383
358358
480673
395016
415826
387703
486843
457979
396927
409774
397601
395364
461825
405324
414158
391771
425481
457692
455905
472002
508713
350478
348686
357508
421552
327050
346396
433880
451771
416056
379840
406203
407448
528231
450598
352888
370105
459119
463502
428699
410635
444956
377488
426306
396749
413416
349617
415570
368550
422820
474651
456508
441487
376150
400234
402484
482125
407142
430538
385858
490413
382665
444409
398939
403860
392476
365090
439063
383917
447954
342113
388363
483178
349877
393081
382765
424565
358962
508029
410373
315658
382755
366885
574154
376686
347630
357476
480543
588494
472194
335367
413214
422681
348201
452004
469405
406892
317208
393252
423705
390335
396416
482966
392866
413986
423986
376129
1594854
549203
427446
411693
375127
414654
345227
638215
403157
432797
451931
444684
379652
431461
441575
390658
489930
379975
536714
491257
411823
524027
415137
479291
349999
418150
433787
420947
434274
404480
427517
454864
410760
427594
386607
578391
394341
404894
481365
464702
396978
494545
383291
445912
487826
423472
389378
346702
352402
421119
371942
433433
489746
391776
329293
439883
374547
385479
371763
357733
416150
349626
519368
399390
382220
411920
378497
423153
355724
382157
438997
385231
375838
415665
636213
478971
430068
410378
382081
365201
339138
383601
363371
405561
331621
451762
413865
425452
403832
436329
432833
428136
390499
458232
499916
405612
429269
390999
436876
453086
438896
400302
444540
466107
401994
433493
398136
438003
429071
431677
448183
401754
377344
435027
390664
397291
529288
425400
472404
389674
424918
419228
385348
420818
391592
449755
415339
353272
454768
704216
391496
441656
428956
416786
386376
380596
566699
374103
408199
373819
442249
375506
412526
438986
407757
419184
395484
371066
529553
405747
416544
618494
470460
436358
415624
395868
421738
482175
466388
395562
423226
327195
395672
525916
430779
388896
401566
419779
430552
578127
381009
397763
435906
419953
449447
351844
352414
381963
404920
530357
470684
474404
408994
382190
395920
372784
358854
414561
376787
457351
510015
418828
343471
621749
412638
469819
440445
403746
417322
367934
342478
459758
367409
413835
463493
474229
372439
487596
474869
321670
365886
343886
359363
346800
335520
366450
466240
601284
360373
501180
454334
365838
383177
405887
363758
448448
390682
365681
615535
388978
409101
399862
369885
437926
486249
421782
402803
472136
424613
370856
451133
377487
391347
409324
378327
350830
426214
358304
521884
460591
402377
330424
438414
394548
453775
391852
413219
446206
428745
469356
475003
536359
444609
406769
451366
459293
421520
411446
386519
396709
401369
467513
438290
429640
406114
587968
476580
487934
476028
458605
364787
428584
425321
440898
411898
523562
382341
363901
452995
467595
360122
398069
410656
381036
318912
368993
374769
392453
495460
413276
468576
436543
378304
342597
371344
366040
379294
352471
379574
371174
431301
558538
402535
463375
357254
334741
408418
369555
358862
429999
374822
390729
344873
444453
412669
373566
363977
356026
378509
327127
413010
375743
357833
404583
435627
467794
394074
413455
446248
377238
537348
387791
488071
434981
393518
362262
419838
391554
374981
449402
445555
465355
400626
418619
458863
425222
436466
497056
351509
366262
367513
439790
390620
380927
395533
462921
367870
439241
378121
463398
428634
371202
605106
453928
376392
350068
426625
416798
443879
373561
418296
369995
388135
375116
400456
354599
416020
413913
401093
442790
480690
372120
383670
434910
382464
352586
463734
370524
424391
427075
415998
420549
369075
459743
406366
403515
341508
362523
417186
359432
356255
432286
349146
412643
392693
523813
344643
378743
333133
440091
372190
370244
465441
459007
371781
412351
361907
419605
360381
399584
369572
342118
447712
358822
338028
550637
385875
456366
376889
377409
346559
361172
396846
574351
401940
443141
344584
417308
380050
384961
425798
448921
419874
408281
441551
460248
411171
424878
393268
412971
421665
343275
364142
413412
440449
340066
403886
464733
430086
408087
410013
454856
432876
416503
403416
424483
359574
375427
447534
373137
378387
408878
590075
394954
405541
384647
373948
561828
371721
373607
442427
413837
381630
418410
381467
404277
397640
397224
322764
425717
382381
331377
541967
354080
364260
388204
370523
311822
489753
405319
478000
370839
374059
388346
402233
454617
385180
343943
404800
349613
487029
392676
397746
330383
345949
567229
389622
414912
480103
439853
615550
417556
531493
348792
749254
363098
321082
418236
430846
390445
521866
471895
411385
365292
604293
416308
351452
386179
442386
484772
441478
368745
544923
495179
358692
341591
417461
395728
478688
351495
449868
454978
417482
426158
376885
362105
376934
422412
731839
462702
359381
350931
373514
322361
361337
319657
321530
381227
333231
321381
562378
379917
401947
423088
401127
420734
377496
397590
441461
385330
430127
417683
404090
458526
426653
341209
475950
435986
462010
446461
418333
392593
338967
582941
369766
396419
396769
395906
434546
439406
409756
447516
419040
515686
437770
363876
358699
455776
359693
460139
489547
332045
319315
386322
402712
361642
363752
356655
490802
353952
345519
416412
352449
397592
402526
373282
407605
382212
374339
352468
464629
382595
327387
395835
459792
427469
374395
413622
357882
327759
413282
481605
501359
360828
422388
433968
390035
410408
369381
433651
403878
418322
563579
435592
406705
319699
360082
389632
470362
424825
380542
495869
354844
339998
402798
501475
404132
403062
338101
385411
387882
351649
441862
360855
379751
350658
351561
321121
386855
371820
362808
453834
342021
417945
478815
335947
395328
518222
403921
382041
432557
627598
453188
402741
388577
499958
436977
375634
463721
419281
464935
357204
434718
364737
453122
412967
341421
386467
365174
349200
368181
394034
404991
413270
347124
346413
403637
300857
432704
399164
454610
436010
334214
389180
472967
441990
366523
499413
394616
384483
411873
402520
392517
357606
390513
397727
404277
367697
370557
472784
400730
328240
348436
459886
433129
478596
403383
382203
408400
385276
505466
497427
432477
439030
406856
402017
329946
367333
386626
452716
368083
430619
458172
369039
454529
386079
542286
392736
346773
406499
368409
436023
374692
475769
436380
378445
368809
546013
430089
444546
433699
374308
377492
410716
475036
433842
434679
369202
468519
361298
422299
388525
340178
380895
470859
331629
420419
357004
456775
417928
487046
363735
381479
520662
420179
394938
372765
496272
421301
394468
381451
403404
413052
383865
394521
378418
396738
352168
407931
334478
372262
387774
369461
340921
393275
433768
427564
452028
403068
386671
536712
432481
427434
442402
406924
439507
370828
352087
404548
464287
472087
421980
468104
409134
401080
395234
361150
361160
360700
391240
444057
424311
386970
321447
521787
364577
432140
438066
408490
390463
377686
398986
505573
393459
331279
431829
438653
393900
357466
403699
353292
412712
337876
400932
396873
403679
391776
543626
348065
356115
385049
408575
378332
387429
347775
369659
480503
424586
367369
397395
354468
327358
543979
416771
415055
372724
372395
359845
411348
457621
380808
357378
443345
484102
399087
408471
405201
409891
408674
372964
393101
358074
428294
346981
359081
464985
534258
408788
477438
355225
413838
504575
370934
450107
419577
511724
395267
345587
484307
422664
347741
325441
396540
341555
353527
391105
405614
403102
386121
484575
349167
425959
395380
370358
393056
396465
385267
365465
511897
332768
389363
389542
399423
359668
349096
384364
365710
330564
333869
475147
356922
414297
394512
354170
337852
388103
359812
382707
411602
357501
377209
481097
452439
358553
408615
358853
404732
468986
328565
344069
375588
369660
461438
425537
381685
341487
459555
524007
354832
429640
378888
355349
435888
429017
450432
420890
400612
386073
506095
334117
415356
373864
390598
444787
447445
377053
383368
386357
396015
385674
375419
353783
450689
376014
351509
412460
341122
356437
439105
451363
365355
377330
359981
356830
397338
310176
378211
420070
363327
344513
395588
362703
400294
437260
503865
392459
539292
331922
433691
364292
467654
400456
358014
357196
397297
365456
363168
426710
417478
441993
352287
433476
404390
437969
419748
437245
376307
440710
351540
411456
386991
421632
572141
361699
365987
389533
370138
384049
499911
384189
361027
415558
355340
382132
436753
306992
452360
411345
435764
402352
420887
374611
423050
451896
341336
403078
381037
387368
400153
338628
348486
338105
398263
398242
402933
500738
400810
329361
345373
354701
377386
379604
379739
359914
399579
377324
331792
457460
356206
388934
366059
376701
352459
380910
404406
338844
445299
302010
494335
348423
352805
411133
435588
423876
356701
407647
450172
567524
356994
479007
460575
333960
349394
394050
387355
451350
364431
368973
349851
353622
431018
350026
357841
357706
423371
361162
349574
424423
438825
380756
394601
472999
440987
335892
332050
462472
343783
418362
386303
370435
410483
334482
388153
436852
435117
429225
412237
354639
416267
407189
312790
392244
409733
339625
363486
404225
384980
399045
446781
406499
413730
390664
469890
436468
434303
391188
444540
420761
521400
403541
413516
424445
366449
416888
456346
416208
394072
458464
434563
428151
487819
489041
411605
451267
333478
431737
331855
501674
364055
470790
402795
438643
465305
423570
504822
654718
414382
430843
421122
432457
345028
473646
448809
389220
359401
405500
384888
435683
364638
383023
469605
346026
401034
392353
414968
451613
372278
341616
415674
414399
390804
338559
367184
431793
401475
353546
437838
343473
339997
338406
332158
411176
375374
495862
369054
391809
354594
324185
334891
450833
321521
387440
336824
380960
360134
389832
401144
348475
355190
446156
387037
360039
335467
430333
340210
460219
303360
512399
345720
436628
332074
383542
324760
431378
436686
419919
384173
657336
343883
364188
353850
338705
392594
346588
364143
384845
413327
430218
356563
361918
412099
418215
416910
380688
364470
430331
386423
352188
328967
360264
335882
444931
505713
353817
345616
371664
399199
450561
400739
368313
349465
446455
372376
454598
365386
448064
370719
456708
422625
417768
408026
410443
414845
397324
380155
341054
372922
336344
353652
420660
405992
403678
389479
373174
342419
468580
382259
371777
398389
343087
360362
349993
380368
376200
343342
431263
363181
354567
396586
421501
400902
455687
359442
378623
389402
328740
318108
343193
440765
362143
381232
393343
430442
434853
420525
381913
387234
407456
331078
407813
354225
528383
356864
440483
406332
399657
395065
324203
466208
390916
383948
517967
343391
382753
340879
427934
356900
408412
444454
417940
328219
382914
378693
418642
353207
436683
372609
362161
325317
445146
394398
441313
416202
324983
461209
400879
477134
374847
358038
506421
483467
474035
352868
457017
420948
391048
316536
495209
363067
424856
349641
403994
396940
400021
310207
369653
369672
398764
430680
450225
461278
362999
424269
371410
393173
432065
425391
374589
336648
345737
387579
343106
423234
425077
406383
430518
392933
471736
346628
328926
398742
484858
443244
377698
396504
454973
402112
371775
503717
366609
374845
402034
406719
474942
437590
370596
344434
368533
338499
432297
475017
363749
448931
357643
406660
461972
510228
619437
459676
374444
414310
401098
362651
373290
527992
330037
390919
421072
432631
338870
432452
426335
481163
433213
402241
390369
453186
348907
446320
377922
377301
402916
381699
348268
336683
427579
373454
367054
464293
420225
379080
420603
413418
459203
432156
367354
453657
449290
363286
320391
395270
361899
498285
415323
337029
396967
359467
363482
397258
430767
352735
422388
362866
378929
392801
424954
378662
360008
406397
374350
398485
429930
351013
406645
356927
410582
437055
353246
357158
349984
333356
416309
342901
373946
371175
372254
358703
374318
425431
441916
345115
528984
374200
453361
411683
395709
346265
417724
347576
392968
410144
427719
385105
370784
454073
403151
410667
377436
330251
340607
320449
334534
413031
423979
325521
391023
330842
412744
357317
367919
345275
360583
414696
430252
444988
408909
460761
388851
387949
475615
413667
401223
358252
366171
377723
329112
361947
335223
418859
449942
427430
489879
383771
381523
393532
410455
361573
408872
400392
407440
478983
464212
474417
418963
356132
461378
394779
406672
394224
497207
391568
401870
428526
395932
422207
364943
320008
425544
341703
561902
323310
441216
418759
360130
443920
426241
504124
370279
359581
356303
452759
328591
417291
401626
441081
374091
420446
439802
370314
420186
390419
368781
319413
365182
417610
393196
353872
355834
394820
438768
395984
395297
441682
377984
443627
444382
415005
376504
3482872
461296
461992
445444
428894
407185
452404
385739
362761
406771
557763
436348
479201
466889
435195
457998
349113
327655
362251
412326
372612
409401
483590
390862
433182
465647
420172
435081
440763
371295
408447
383377
463443
465795
442804
434203
513149
622534
464969
371171
418857
397695
981729
339109
347109
466215
405870
376656
376021
353854
407463
352078
431541
370587
369418
370754
357060
428458
342061
562487
480926
351601
335943
397265
528178
434111
441863
309511
384334
432076
423218
452987
452386
397624
499124
405516
379671
380651
354846
302785
392231
417433
335944
368564
422157
415482
415497
333133
397911
449424
334202
364825
329591
318839
335045
454621
437590
354952
396444
402490
380442
338151
369033
394932
434524
390923
423842
412867
373636
340241
312460
401740
328206
335901
378827
353252
395130
390733
304142
361928
369720
412116
388794
382060
373186
345187
415237
444633
410691
362294
397946
381458
369913
347209
433514
401154
318662
352975
365274
389159
427074
339143
345715
389008
455311
370753
430392
435160
370463
375375
403077
419150
416828
385464
425626
417418
369287
373676
392995
387184
401963
434431
424407
377859
363650
429796
491143
470323
416442
408685
401979
372309
370149
378601
388199
665135
423213
403419
494396
436459
495469
446285
500219
437952
450085
406858
390082
443925
342148
442678
441781
401441
444731
380114
422145
620355
392498
455045
420111
408614
570985
373958
429727
402634
435297
447538
372694
444021
442487
403221
376305
380104
331260
377980
433387
430794
412867
397344
422310
370600
357943
431413
437220
395266
390159
470199
431969
401379
465343
618107
396646
346322
433526
429223
465229
361902
390659
350791
414621
428878
404068
412385
378881
357741
396152
391628
444505
340618
425375
376851
434712
455385
415881
421441
373331
413453
358830
336774
386391
305697
418107
552177
386934
484331
435964
385317
385583
387600
349907
360367
369713
346029
442823
372713
437870
449736
404303
388233
381750
416242
395716
370896
450453
346280
442879
430646
387633
344119
358582
353389
375639
378989
333029
459405
412652
354159
318339
408202
741313
356586
372722
412225
353526
352765
332715
417135
331618
363061
346745
381568
426845
410179
1047863
461875
380495
446086
385455
396878
356635
437005
384505
352028
412099
417642
376469
348658
344511
405334
375442
325728
304407
367678
446961
480028
416825
442544
433791
372784
420681
330297
515785
355025
558951
404381
338594
398820
405140
390210
389563
391403
490643
339819
366520
326050
460520
339906
620780
383731
415663
355203
919487
431847
412810
350513
370279
322425
382649
391973
382379
401796
580423
479732
433473
437856
447210
336896
365482
341152
419356
377785
404589
394379
331919
411523
396618
386999
363866
447899
372286
331882
386875
425028
420035
402385
408095
425688
416061
416179
431568
421638
386405
319015
351434
401441
407548
427195
421594
455381
370780
360451
335640
417268
431034
426967
425830
436401
376853
453990
438624
380970
463581
431033
387577
439630
348549
344124
431360
437420
440713
449673
452983
446899
514320
424247
455329
456906
358206
628419
396026
381499
410569
472326
385902
452802
361829
430042
721312
475652
452925
439311
418318
414555
401705
450785
475372
501105
436838
394772
437095
417118
428471
409521
501741
505055
574328
438631
474744
528895
415018
460851
426494
589808
492057
418071
567140
461305
405471
331447
379453
492207
456474
479110
348237
444681
472204
464291
445427
395984
381124
392507
435901
361856
419336
360337
407896
305256
444243
460227
440917
408850
427543
417780
511230
390660
421823
433576
378186
408536
478129
472952
446013
438946
405026
419316
470716
481730
469626
403042
419082
434643
463646
424942
427835
407338
428652
525732
399348
439295
406465
424148
415392
483815
472069
489812
362458
455632
490475
440299
443348
413114
476945
444888
497731
440498
416694
384118
445178
423698
472439
357357
478955
404748
476388
470222
431598
438731
457361
455025
490838
433811
425668
476675
449921
429854
429704
327971
423134
420761
473017
452330
429624
487017
444257
493994
437870
435561
380697
423317
431060
387493
459900
477913
446483
423200
403334
491380
395800
412976
432910
325034
456027
443437
461760
467419
442293
442537
454780
402782
386026
426949
328215
435312
433892
486116
406366
410026
439023
417893
405852
393190
358359
371092
445372
481948
384565
381999
454272
455192
377732
442959
412119
376108
444099
381985
449376
499559
420616
520349
573457
455807
446550
465865
357297
434684
357504
385844
508831
413237
475448
521152
453422
422828
409809
470095
378305
782510
1405904
382921
518886
429778
463272
471212
377318
428622
444919
415522
442159
497043
490813
442617
449579
407143
412686
465727
437486
407193
417403
545144
427983
445227
399496
463863
368010
445344
406041
551194
434401
436571
349514
360274
421625
364214
406864
435305
400041
436361
385214
479108
480785
425539
394562
409776
424639
413289
379895
480479
448563
451489
486003
411656
433888
324903
418996
346933
358279
478187
338173
378320
395660
366003
436537
407279
416323
412460
324253
415500
458620
407753
415713
431180
380070
349591
429997
379201
439018
432474
355118
412810
480628
399865
418321
364357
644375
387924
405805
372384
411671
328308
357258
377095
334538
309572
375312
342458
400195
293412
344426
408408
358508
348499
368495
434179
471215
420212
395509
386612
379072
386139
444866
468633
413880
365003
436403
387390
431462
377830
462087
388566
417676
494454
438273
358556
468733
401823
374114
343657
371041
333417
359845
348441
393274
358031
416471
365864
347707
381418
394592
462322
338155
370509
388329
369225
412129
331826
451212
375992
388379
545839
373689
365936
328226
407520
436740
401513
401957
434750
400570
422167
418370
435044
412276
373283
394933
561271
339483
393683
376217
341187
357790
468564
342434
426510
317597
535158
397914
351931
462715
598045
390864
692425
351778
411311
369375
371485
378148
398816
361095
366703
439759
339749
363526
399786
492846
384573
347746
380666
360355
376059
367553
398749
354760
357269
465856
419000
375360
447657
397520
413557
454517
418800
453007
410361
446324
413647
374944
396378
426097
373131
403298
355922
348714
408392
500109
355395
368651
438682
492098
501015
432968
418522
380999
370879
551355
428299
497009
395092
472956
432819
378956
