923750307
1038053
486885
830250
407800
507691
749254
422262
433676
440458
470677
458782
383355
510898
459250
615874
539446
465696
354908
475957
652529
597117
368067
501440
886650
324623
586526
447461
446940
497514
447361
473200
529575
578953
554024
385262
379588
547521
679221
412461
463677
444609
397403
528297
449564
413642
461350
348012
509487
458778
377905
415867
364753
410654
392135
379629
393888
331373
557541
536912
325252
331642
602707
444532
424260
387989
487798
414879
603249
401852
415036
675886
490022
508137
628143
578516
421509
473170
361473
493495
357376
685369
432187
562883
483334
507416
587853
426301
469996
414034
410227
435014
444341
745074
459957
514865
404218
398131
557058
546823
392733
434924
489428
688255
549855
371074
432370
497508
503176
441743
741670
369162
400800
424424
461752
444715
510284
487685
476617
465787
506109
489134
486213
495519
455994
629435
729120
508878
419917
510931
517977
668209
515015
516170
486563
627422
562963
409769
457565
594694
334776
911110
658239
440418
634369
447958
396328
506737
475557
464467
459967
413658
507145
362377
466491
724806
399174
515072
817936
495754
411855
477823
444671
402840
556889
376486
387113
540422
456406
467191
499044
430070
503361
511262
438560
1152848
347352
708181
539701
918003
507669
843770
430810
1390598
477961
524823
518436
645949
803312
659303
549581
586454
436975
451360
527569
531826
621802
448275
548478
553416
537557
576228
441742
569541
505851
568113
585487
500679
1502275
566899
638666
473788
909149
553288
838324
493512
423981
1400120
517290
438123
507584
879043
439547
771536
549784
420971
569465
748321
506366
393741
428710
691386
433750
748549
464899
652017
554388
449750
661056
399707
426314
410694
631364
491343
756082
596174
462097
632705
429749
939254
646207
382036
425529
4203153
796328
438808
410904
697036
390058
507596
595487
739238
650901
419726
338665
488757
503009
445310
563489
473193
637430
525989
649941
909120
973102
753498
756751
515728
500703
542761
384777
471634
903588
708092
742999
1084884
578364
734695
1046841
1489475
728442
750324
682322
608982
1073715
582511
442024
470211
535002
784715
1086201
442418
632982
538255
388951
624127
382265
509506
466772
636141
498960
570338
508486
738008
629245
496850
596232
540570
631128
456190
581132
506155
876930
428338
578869
386566
487314
420069
564838
544286
498052
570413
310064
589532
507601
452238
458851
559349
330597
506921
570016
666533
590452
532265
518948
442003
670333
718600
710830
385701
548790
403016
1199932
485311
374276
513954
631996
597516
519224
479032
419505
734041
464602
634491
514671
486250
493313
496056
459266
416376
582997
489164
479150
767504
482817
404577
501381
454675
760844
448492
548016
493973
413032
538020
447607
495638
534331
458368
569793
443619
634580
576844
405738
626107
546410
482399
543916
539076
585950
387529
450424
514528
475075
767524
478567
486980
691826
421653
457264
415641
478815
521845
676471
444345
588320
620668
438573
1050891
411750
502064
413112
476215
457617
390989
473086
424567
508974
465374
724316
383117
504454
365257
536454
446058
465795
556172
438207
501235
462916
420798
424835
524622
601393
491266
519210
480778
392800
437931
439028
425585
685556
439636
473670
487211
450571
426813
484652
518889
511193
479385
529893
449299
525327
565258
407927
442497
597060
500106
384068
665221
701051
595972
603213
366794
521435
501612
570773
647767
663504
476752
458223
453960
712602
465705
616114
405909
438773
593564
663013
360653
448624
560225
400847
589673
483999
657400
725122
428812
362058
513361
650676
489957
661972
1060736
551453
1331061
790775
689855
401259
432718
1284165
1135724
830170
669902
503398
616183
403838
704517
700088
487267
441100
402640
934902
500124
450218
1008971
744879
1870055
993002
450268
481851
610618
429176
1943542
1428885
532661
584376
701308
706067
527570
696287
485133
529837
648312
448584
528709
489621
417678
507953
648898
467834
461077
606642
612062
567015
577209
478332
488854
738993
492829
521356
422954
470742
496326
810552
646202
372448
520026
455042
524520
523517
469016
577771
676261
488900
509757
558175
502248
644186
434775
350371
546129
450639
454892
508696
706861
581590
515822
550272
584583
521780
377389
591796
616622
455266
514817
530311
516634
545224
497194
588355
358010
445975
520179
512523
539047
808303
496686
617157
388829
517694
784327
668046
497206
924014
993216
605076
688165
734624
857472
362945
478489
499553
465821
556032
556372
527956
450933
394097
961845
462424
471401
505389
659304
493890
615688
892955
398535
470519
437645
770309
879598
388803
679574
613286
496937
874326
595546
629097
469012
513212
457151
693457
581765
479964
697407
535272
925571
551389
607568
705751
627069
684682
712617
573562
740259
496665
476484
482026
814310
544066
613072
489236
426641
407217
815502
437229
507668
394903
607963
456508
497997
403937
320945
523996
485055
450020
545846
374121
827457
501223
362073
647551
520009
593321
484789
417274
410880
540343
533796
484468
390009
494068
630175
576190
407908
364503
438768
416096
572115
460270
376548
478111
446740
543834
580473
512499
460683
449225
363224
494677
626030
549592
526124
434868
522635
515639
425683
541721
538621
479055
369866
460859
580270
534502
488320
517299
467531
429649
523042
650472
725348
529906
414665
487202
509261
526286
477194
357226
543939
616099
738776
370461
530921
441816
467025
618072
493064
465862
414026
686244
506052
472626
490197
421201
541247
624674
344828
474867
556423
498533
401777
605911
551047
624116
438310
401571
554795
597568
526196
366986
476160
330478
625256
966482
567085
404079
594123
502083
831739
396785
484221
519846
485261
407767
418213
437325
446808
468068
523990
385223
607063
579748
438463
468431
497951
780364
522260
444769
509415
511640
826008
533457
1005294
1153482
648638
509545
844060
520921
614865
758555
469790
471429
529588
416927
477754
511021
590408
517713
510858
651639
516133
509298
460616
491517
495919
388117
517691
1274422
407081
429160
545597
871238
487633
550257
737381
468174
395863
323701
503623
411197
514090
428584
554001
1231950
574859
521197
540935
893598
658718
466855
849258
533368
420513
888845
478781
647345
589587
488640
488385
1378558
533667
504805
558712
508004
418717
555936
471671
464404
439752
470697
366256
460299
1101462
533647
656476
394175
714866
455865
440894
550925
557108
544577
532772
432184
586558
452349
480658
627883
555649
854431
561520
469853
482574
401970
593710
414211
495983
463766
543369
567203
485174
439273
537997
414558
1600346
654837
467167
492709
640440
530738
629088
925826
435474
581986
507344
523054
679348
398238
409187
401147
451948
1107925
522849
434460
556117
513962
463796
719925
542155
861667
707249
365067
382478
517961
1040234
483953
521655
768470
407518
517630
587283
644879
489686
790819
696134
668411
542443
494477
931566
522903
776423
467246
546620
614588
685769
597309
787524
423588
443430
382648
585622
538405
392683
383982
414612
497540
383418
520986
881201
415637
553171
553400
359591
421227
608959
591394
357048
448073
425662
399584
563400
640040
470424
524460
589451
449418
468197
450923
491291
477521
657484
560809
439097
585804
552513
543058
443036
570582
377114
433591
422481
462919
488731
470417
557153
491518
416520
597696
705496
505750
506268
820897
462417
566637
417201
475624
421266
524827
552612
552801
467199
443998
520225
612568
549637
756334
477102
832163
554330
354340
514697
407788
467240
581405
679090
677387
445471
534344
356318
489487
402676
476022
492910
501190
417242
367900
735035
1000648
568390
491515
496546
481884
448889
637046
582868
528879
482875
499910
564906
437172
502451
432024
481109
518905
525063
426066
485203
500591
369489
437387
514567
520577
1505682
595297
458433
497050
611162
452289
483623
516681
648136
394886
539798
607103
564986
437390
448328
584127
729386
471591
546725
643150
402681
543449
513310
392517
502846
612554
409901
582785
466776
744466
464137
495109
505933
420646
859861
805202
686989
485174
670363
643295
617343
527156
544531
1030915
651200
448440
517271
501512
447252
576460
430341
598660
753528
662453
569300
413458
532559
560451
694747
527709
411230
606465
1085739
498811
492625
487344
408461
569720
365233
451042
424890
641390
586795
463822
522254
492308
314454
460120
473334
517615
667197
415586
594861
777526
477560
522795
3396351
834774
519033
530677
600412
528127
535235
495199
561630
763633
541461
1018420
608839
539687
823246
1225387
473882
553149
1022171
556766
1305870
680354
532822
393678
1009964
645464
489051
608089
522678
915141
732338
415979
372414
463973
852926
454522
764108
748881
471284
615310
759138
522871
529791
794101
775003
459451
652417
514186
689016
560636
430583
443234
565712
443277
748873
427526
734909
669456
522783
791109
527885
519460
487531
444062
778997
441908
546533
513777
808040
471658
518729
704562
718280
472506
705966
505150
512784
614939
861984
753188
637825
688786
436853
605547
558534
518795
517375
710660
534682
623366
507146
456948
454635
527240
656372
483486
521941
638562
478805
641154
553021
585812
915775
478657
921268
1233008
693733
571623
355679
437584
569464
656776
531879
640524
507111
619180
778002
705361
562802
1103293
470558
487938
423985
443079
516280
735063
517323
416677
500354
539985
843699
474343
536343
743286
442589
875696
431323
477327
558638
438802
615028
533873
420103
583142
660167
545213
602988
397973
438687
716776
565252
486479
381448
723939
336923
638624
565014
761617
498940
530935
524244
380323
499183
347394
461642
518894
446170
589313
480541
394856
411650
402414
485274
587446
508227
485681
622769
482861
603536
456456
584241
772856
594806
640043
589651
553566
763588
471688
366005
627165
493866
541594
405612
698515
441320
509318
482672
695054
561548
543146
632186
611761
390843
619283
511546
379133
465925
500392
470410
481051
421668
435159
595990
1145642
767994
1209052
576181
586305
428306
634126
535827
544381
485252
424076
641172
548882
668283
674969
506698
394696
533060
472141
527846
641754
592356
459809
508201
574096
513769
742145
526064
668781
440530
1381333
469207
451318
706827
751551
406411
635149
853532
632412
691192
643653
382275
419456
452620
863282
408653
525158
431144
513578
488623
1326042
438191
656867
435525
1034617
443922
452463
498021
454049
503104
584299
1017689
483787
568148
837202
826729
697296
575623
532450
618205
524318
515466
494736
486984
477225
554330
995074
490526
955683
893909
419567
631906
947379
703358
614359
445145
398919
518081
629432
434636
620672
441644
671481
438860
572574
392578
440568
754735
557019
686717
455926
562312
505550
531004
596392
516999
395402
513193
488988
424274
400056
1683439
689544
571503
552381
1203657
554182
747078
510412
421678
681094
598262
1354057
705332
475131
846859
490178
446212
492140
609659
818866
722009
549405
591749
636029
566174
977353
701432
632184
881589
530864
602495
673834
714720
956229
696890
1073129
397404
622483
397534
508741
548402
523275
506747
997490
535360
431702
525522
373053
395446
646414
532823
526876
555952
676116
832897
525281
531867
705181
725948
428182
442002
515696
354775
1084086
537660
480839
454881
468014
543250
405989
604197
593079
567145
516321
518004
489008
425647
519713
398209
445779
493352
506477
579178
455750
488413
616903
400621
626008
546358
480106
578740
588630
639359
458929
723966
506005
501114
588511
702334
665277
621646
372161
526046
716233
534975
593434
818133
540094
512559
695286
426211
514420
995383
402652
946012
527689
652852
559085
621006
579776
420093
571368
453945
419898
481754
503110
565124
544067
622333
532969
397353
610310
450536
655447
422344
493564
436568
459257
525834
423090
495626
491096
418177
422475
360793
403563
482806
560647
448042
435725
413805
535515
511934
520330
789112
427617
620768
546328
429424
402217
476556
402095
630604
526442
471185
534991
440290
376236
755355
640891
461777
535633
831041
510690
800575
556779
470989
471784
399793
416673
510199
570615
400753
492019
530029
632719
580442
506534
700685
509476
590060
539469
590599
499922
547226
506863
447319
575299
490409
411142
341091
743021
450749
453241
439894
493694
460105
464181
556181
522429
535870
584970
664531
455993
534504
567483
526369
587549
399308
415014
510988
482525
416368
477438
480214
425383
466393
603540
403089
522502
493301
634134
470293
663711
382959
422429
416162
486152
470421
451990
601960
411992
395001
587139
496851
428463
670824
473728
487538
488621
586341
569347
602503
430012
622640
776403
435571
571479
590571
529549
509666
478829
461904
547334
1060453
955035
565518
569304
763355
391648
912218
931914
556331
540901
496610
527056
830909
537494
569751
654218
862535
431782
625610
436779
1280387
551837
794795
445852
804844
550996
658729
575908
567724
452000
495576
568629
502065
610303
552409
564495
575988
592771
919254
486910
538553
766687
583231
645811
451329
534946
675339
609875
583202
592677
619753
671545
570589
570369
1126832
2337883
470061
599675
437884
656729
552126
645497
1349578
857886
522956
1292108
703599
503436
589896
637777
458119
705320
767727
609750
528502
627322
590748
531590
560486
376618
431178
393030
495635
761324
464919
575470
476540
473580
427653
423488
435318
488037
426589
560660
500789
427641
378478
589818
633172
506610
594984
466100
523492
502679
617582
687005
420508
469664
480717
545021
550544
549877
508476
528234
692790
472391
403581
804609
487587
654080
387946
697501
665764
527240
573916
723252
503704
542897
410027
525186
620337
432099
588283
470189
640769
445554
477237
442930
636294
574110
442123
535878
464760
513487
708935
553181
541047
466593
632338
779887
422963
573303
659060
556992
552544
893895
581935
492028
453280
617270
601120
639334
513669
547755
438058
434797
446047
548914
718722
471289
407088
457095
456744
614268
580626
482858
615982
563628
563104
465703
494560
446083
570056
548956
518145
571319
459658
340956
483657
481033
402848
652763
437078
830250
438745
385698
845711
610190
656929
559874
509283
610250
381527
473560
531270
595369
424350
870068
1389926
976164
374096
328121
486151
423350
572970
592362
408033
550060
608646
547752
344236
574687
414321
460730
530593
766324
679517
676656
407843
538173
366745
437651
548964
666011
1161495
453014
911048
651511
462244
591054
668157
581622
541525
479046
526572
471757
555830
521412
627225
435920
444063
417774
516251
707671
454885
513297
484473
480072
538349
511990
413572
601275
744139
495980
549249
627480
577785
505370
863898
481558
437663
413242
436291
2042276
866970
612539
502772
802763
633664
473713
713793
573285
806390
732620
440014
565650
452632
661166
872317
455963
440667
590130
746050
463493
523743
388659
606011
488523
335215
495888
583859
635099
3790968
1625973
627246
545708
373635
507406
478350
491341
537987
719145
460516
519335
458131
473963
486996
472266
560851
495823
504698
399778
567465
406196
763668
458461
514605
401446
462512
572964
658354
461352
521028
494137
456112
379381
476891
510796
615563
656763
533981
495553
460481
426203
468313
475591
483857
402002
655896
517841
596953
446545
708576
593982
677171
461649
616942
450635
599037
1169610
504466
632894
724914
506308
533798
554283
551886
589805
606406
634983
551848
450379
631809
739502
841548
395375
571248
766352
439925
439470
347516
466350
393926
470185
342181
510404
510217
528512
664969
526696
418518
628315
636161
424605
675649
413120
500153
443208
421321
651351
522001
669640
700234
446089
530415
331371
443666
628276
421091
430576
454802
469651
571142
428344
466662
477675
422081
670927
400030
697257
658585
497780
848781
616550
520885
448021
666247
497579
488429
604485
533691
449440
410645
527398
682182
536137
769405
508032
367247
746318
625424
755447
592558
667338
713334
604029
981561
1146251
983589
678317
502820
1080583
633909
679715
2698208
2041032
1378794
1382320
1466136
681835
1034236
661951
445759
1407167
1054305
803023
514826
553027
573193
665599
769813
493437
550220
516925
604738
462199
462599
439924
491534
412455
437388
473154
408605
478361
550688
473070
538964
409932
540031
501755
475839
429524
495908
514203
375149
395694
528574
655828
367878
374313
367820
441450
447429
403704
439005
483420
472202
457255
641875
589777
591841
739234
688981
428270
558279
541701
491422
407332
538725
492497
432607
474342
642886
499834
4284003
704968
683815
952909
414468
481224
835985
618050
516410
594430
628847
622613
505635
487441
546324
472498
499184
583045
614920
608429
577726
484929
392307
754041
426495
429121
707999
469600
382153
378789
436752
594048
456133
442751
501299
422138
471638
479483
423201
494024
600950
508185
491881
871702
492826
524422
586442
595809
674965
558824
455571
511260
475569
569568
633481
610954
674316
621385
450397
891852
495229
610133
421820
473196
556482
441680
651420
445192
1105555
673298
692775
580374
564916
615233
638835
456882
584386
420054
415660
452709
469218
582891
662173
469988
399146
454816
477585
513758
403379
510913
524618
466537
499187
507598
539137
536339
495432
386247
469029
519631
493987
758701
594534
641060
365545
508680
584360
1615548
608391
519567
780661
485655
489631
565294
835998
603691
629800
488555
496729
480916
524831
476903
554778
582644
519241
706655
476061
597425
629716
574273
461625
448309
424365
492607
665831
439802
448390
479802
438794
586501
472686
554118
623387
376458
1248665
696499
540393
1094679
372333
527569
534358
882087
416913
591247
439674
757819
597560
646595
558105
364030
730291
508586
487598
991896
438649
540517
509063
468803
607127
443501
453220
392030
527210
543921
434084
638359
705116
481904
434639
552369
433147
736153
768416
585306
519015
544349
564694
477835
548351
586196
1333006
424913
577651
439143
519329
498680
533709
441677
581083
534372
512084
633617
520989
502072
509610
510722
481951
368248
504755
479753
358542
613998
691102
760641
551231
657832
434799
374888
576427
1173924
777186
446063
457216
440104
438820
846455
556823
545675
540644
619594
984777
768982
333017
578673
520318
489570
490552
430841
514306
432197
607408
442095
2484813
1160198
1350057
546392
560945
563570
490145
984554
556477
340169
771296
609511
1183777
535530
473935
528592
604771
456662
946537
772108
487694
574766
1088617
2367978
500165
693478
503469
541717
673941
921554
696308
454786
1148556
531144
420439
463807
621417
517694
3754555
1849530
537139
597694
921453
440704
600540
533611
512716
477328
635644
1068009
689097
629164
637735
569474
825054
420617
574440
855735
707763
844289
456183
597380
392981
594199
633981
584706
559295
518843
443708
391369
466216
578518
593024
703201
591299
558039
746361
1503852
418730
642022
440414
608643
471229
545337
463383
688355
509562
392767
628278
379689
445121
647692
428202
623793
536022
667894
402172
521761
680094
451571
471210
486102
508057
414146
656242
496006
797890
458047
523289
451051
583783
402288
431827
628893
441002
600540
714286
501835
390368
751403
1229732
472409
681776
580920
431167
442826
502488
411057
586986
512304
596083
560429
494127
901508
538192
435666
443458
871637
516036
521958
499944
579642
410246
637033
413258
685272
481352
485290
505366
588178
666131
431512
436774
447162
498604
1034620
514449
597795
484060
567932
817545
416457
424364
771949
455326
524318
652875
798031
469092
407721
445125
658056
488236
456943
486906
517166
626512
448083
920134
634236
710103
407097
461257
449772
514834
867907
527437
443118
538538
652784
483555
496657
675830
756283
390842
844353
587661
491116
730280
485871
392846
441090
572951
559339
506951
572840
437064
619427
503036
422444
592982
524811
529986
1118315
398670
492136
646842
499368
738792
540679
677457
391523
725171
396584
460566
454759
588068
492204
497233
429885
480701
459893
516799
478680
638419
703901
511893
399877
483616
510796
556969
939240
441830
428115
625878
847738
511525
488623
523710
442120
420992
444688
450110
483177
491369
509607
549646
459039
448013
493710
464548
336826
572656
547512
650266
744672
552843
551646
482101
472067
453988
465057
547764
743189
511871
718889
438769
485564
442376
511705
387769
705703
396620
622617
491949
724280
421927
641937
669019
640661
438979
656948
543270
428652
579523
451397
383412
498732
630871
520706
501114
504136
518832
587920
428314
523391
449262
447667
500136
497046
363680
762424
544145
542703
574868
514441
517777
531277
683839
493530
656010
465158
525218
1763184
739893
456203
483305
612806
1070979
517250
472224
768368
1373279
400533
1351471
1137609
842370
602263
754570
532402
526129
848341
604456
817870
700780
492433
384475
732908
534648
677204
450669
585916
539645
627244
446078
1406239
907012
660833
407382
653775
398807
1613183
518312
535317
480695
459091
498580
557569
390047
559853
429168
461137
467762
527381
498580
406737
447080
538370
606285
504077
604262
623708
422755
376544
433789
417244
493787
359549
450228
451570
466265
610714
568789
1261049
545964
501552
694313
398329
633343
621657
541246
467190
503358
902950
583060
524282
636124
912846
666637
402684
3668472
1206450
540754
1657787
1571239
605445
432276
632529
599792
430486
514088
785121
475319
455931
907912
496047
521058
506787
568799
496380
347281
377203
453399
414934
584099
517651
523836
397931
747246
443536
830643
450468
494836
950105
512013
496160
553088
446407
349639
493715
499944
823729
562354
626610
940784
442106
698422
652867
419528
450067
1090239
518388
481107
539285
736521
352812
468512
356803
448073
473200
438498
481907
491069
545504
552224
377308
575381
364292
454245
415716
403462
572561
544600
607783
1031205
415741
625314
683536
569664
561496
1198591
627608
521521
548392
669554
610320
822960
439026
473801
445047
645593
698242
790941
672553
459475
539681
1064316
480321
679476
776485
527817
550805
754888
759313
568128
787478
560015
682900
418220
506206
333151
462856
457771
755740
601313
594585
541744
482461
439468
522912
582554
512956
428134
565360
416004
434486
556510
494695
542128
421678
468182
489748
382699
402413
492108
507106
578172
444309
1152325
720130
525562
485724
701366
589901
616949
477681
509084
434572
851224
413142
768184
515651
428932
472653
635577
537290
464288
836256
453164
849065
569794
475951
763375
449930
508604
418963
846132
537398
556853
637530
558785
395958
1035386
612441
474715
497229
463621
681800
482032
666685
639380
409581
440860
430688
471356
432668
478534
452125
346505
354520
444710
468960
401332
458372
445037
551112
345293
479733
480792
473057
442111
534293
441952
420950
420008
456210
418498
420549
486745
451019
513701
424116
437171
419136
479285
494063
479112
664622
509376
535089
400164
500155
469177
392828
841093
1152751
425892
910469
730302
506202
519484
688320
621328
808836
666290
766000
502673
549230
616194
488706
738669
462093
445771
487723
891414
837976
910174
852287
397720
524115
1132428
593475
556449
491101
917272
483929
470548
540517
491078
1460663
534711
1026347
920008
670445
1190295
1037974
410873
413248
417543
433413
636171
561477
638000
606345
523266
441049
673891
463965
620669
459212
513247
513467
502667
677098
414170
536929
482400
465005
630119
568084
478842
340561
485740
449435
501113
622432
614928
394755
551542
592703
468435
422283
732542
443504
490787
608973
390671
453850
667539
421735
398629
528210
587238
410308
448436
735643
417422
602204
521181
534307
445415
788144
533428
442652
495922
333132
361331
403594
661029
582543
1155639
476288
748834
442286
668525
380906
572277
698499
604777
638838
834098
1346573
677685
1187396
678588
574808
598454
511203
483627
449193
441776
486838
456319
765167
539470
428260
606378
647946
354034
512002
410599
550763
516261
727811
471338
449821
411681
381372
573749
373128
417808
684846
338320
481357
377598
480560
480595
493383
454664
468199
978043
725921
515506
493264
386518
528596
628310
493822
402663
479169
348688
495059
418720
422680
387807
393779
646997
355987
367376
524461
490570
503451
480541
498679
400113
519386
511185
584518
652743
764192
606887
535131
671687
558228
566454
407353
437380
551575
579800
677938
600663
509940
454810
842199
566386
562147
425677
432615
421647
517232
499243
562780
475237
419837
474973
520153
536341
533470
405375
366673
759294
637947
494961
977054
410959
723703
502209
477133
426463
461118
576423
538220
412271
513759
627361
843607
566986
550054
511926
484723
498382
444960
512344
476247
776954
580571
680072
538268
645255
638691
731422
639158
440544
623585
460895
444694
428823
665234
527529
439678
376120
425228
483125
509657
454904
517688
490035
684805
577700
405378
381478
462019
526430
599450
414263
377996
604063
417720
565267
430729
527156
472796
767623
670281
475550
488748
461741
592276
403802
392359
504914
412592
502534
544963
433839
496742
461729
478651
676464
636106
573864
504532
425674
471524
485625
468356
529895
664950
577871
471672
477675
442936
441080
543020
455628
672407
516097
2123564
391143
716771
540995
476617
847566
1200829
406118
451692
1042915
758577
508047
672155
485379
551645
513735
523031
544506
504578
466945
736437
433950
485077
847552
858951
573478
624814
819444
634435
1114445
1133110
479877
1203854
454668
858643
644540
485056
582449
437378
1058174
544591
572994
1145624
576438
887207
694172
1024604
674548
1290145
688032
620225
684713
495825
560875
655073
785375
581113
430445
583092
554122
865722
650776
529939
1235082
662857
985017
543209
564328
593503
444118
560095
696615
398872
563446
428208
556421
831144
477798
439395
472067
540100
566034
727447
453602
544932
454666
663325
636019
422819
424637
488678
609118
444789
508133
549868
596433
675564
574870
713587
570987
908330
428305
595791
493582
555580
484344
565739
570497
412181
591186
469890
625679
466592
558098
722186
512293
470601
426980
462623
430368
546973
577583
869486
456780
404330
796047
874285
413657
532703
394689
641679
624977
494014
413618
927170
436115
428626
543014
536703
576146
684095
556122
417727
431669
536960
466276
396569
418492
411200
478018
393100
515358
365990
481179
363337
448909
585218
441105
496394
987970
390977
562572
457419
366897
434445
523227
460869
534561
796213
554455
522273
589706
449596
449599
513033
507690
528538
515423
369522
436835
443601
507233
460645
495743
446216
445854
391844
583373
593911
707659
551353
579359
607463
553092
592173
534576
503742
616133
548793
488449
415532
385683
528477
1229552
674717
646414
916114
521552
708187
550430
488240
486361
1054661
713714
4121705
555575
1454561
937643
496519
480619
529817
649607
1201728
639172
700410
346012
456732
1121955
480370
540876
475243
557083
486911
499122
525905
386430
522422
371414
720132
490858
503686
516671
382368
439913
606354
477596
552269
416779
739572
578870
675859
379756
398357
426740
490299
607591
333952
440398
558360
472844
559186
380699
544490
453282
585304
419590
408084
539446
424259
500720
565959
643110
450074
442851
441882
434098
501621
401989
425707
458532
501252
411105
476974
526592
452776
496282
502249
395455
422165
473097
469337
513844
440511
730857
609996
487175
619876
631701
501649
519531
549535
586418
412629
643377
465355
679430
475092
647211
500083
392110
535206
456345
499784
503629
409686
351709
774333
596951
563876
459157
564040
597340
398503
908832
542766
504972
612041
455933
434492
437735
394205
420603
744864
470140
589852
965484
736598
756425
474454
431874
551051
503592
378227
377866
549780
464195
489991
436625
434483
410532
679765
702943
578600
447385
701112
1010004
4442930
559740
732360
507334
648292
362709
525846
499018
516194
714458
703100
1000621
563149
586471
1119560
488426
829052
792550
618238
1563032
627606
728863
546410
841510
582633
484503
640384
1195911
653594
1063981
836825
803521
481892
1117024
633993
581209
630087
433178
662079
1326477
440479
509419
679366
512864
581443
580418
507567
693410
411324
476770
495986
466878
530737
425754
423444
451513
385339
399718
764827
511540
449117
617977
486283
422894
1203590
627582
599143
505105
501412
621172
498650
441969
604549
495849
476154
753112
423461
598194
395808
387192
530072
408357
460129
451786
413249
418195
392838
559835
464510
736148
486893
440388
552105
722675
411921
428276
561449
437267
440298
483736
747752
589044
513210
680843
405988
658477
485174
547330
639999
381786
603079
607018
690159
525896
566624
383559
410817
643112
554840
498742
463650
430006
500237
444553
449138
461343
473033
658920
465454
500136
417164
625051
567290
489239
353757
398346
419157
379991
912330
551881
424147
347124
493865
426552
446181
750846
809217
671513
643160
340957
540033
486144
581955
488305
458535
450585
449905
530802
541211
404481
432620
458535
683460
443990
494614
593859
378309
559019
723507
693684
620391
726298
550443
981490
404684
535627
562939
502295
1086392
478585
621134
549491
490740
437157
399588
548604
459091
633120
537084
735950
398190
461318
598329
389316
492128
438829
458269
764082
609875
452007
491264
1150054
706016
633892
643534
1766342
671533
315908
406897
460952
431418
408095
475526
540025
489340
452886
661358
505477
334276
397320
566077
542619
601778
400661
647993
571427
511720
814816
738919
566144
475480
407086
530754
470603
492745
761700
495553
463729
419535
639184
464524
575710
461948
609390
405905
503644
461253
825788
555975
631152
458439
499128
527515
664580
474684
423879
510095
475164
469327
416085
549781
401271
412586
479230
460998
561885
568248
434121
421978
458011
466027
440543
415680
494047
452907
353320
470426
517498
493435
364371
410575
418328
423712
453599
355584
416245
629786
543503
465863
422040
404775
404800
433785
368201
552144
375057
634649
720449
441912
443253
512490
666750
927443
404719
917607
596864
492297
569207
416449
974324
501585
474731
517121
524375
717401
332445
422779
347099
672865
519885
773235
451156
414207
548818
576789
357819
638580
460308
448440
526139
391414
1194378
547634
801373
446878
521463
497026
451494
519252
524399
465569
467915
414174
463771
535238
463184
834817
458244
452838
758630
505691
465161
450198
445270
562196
403674
622172
458529
393081
615881
561997
479885
440284
449096
699420
555255
421147
367591
391873
429859
492569
389049
709874
488841
573798
513151
466395
524692
411908
345638
434885
458483
361488
425015
449829
396877
471569
399477
714251
448198
428846
387945
454665
550210
545125
533066
466359
479919
543650
532722
443099
391506
592620
451720
409899
467854
554843
589348
548180
406801
390141
487599
431014
439297
578024
464940
504989
471049
308164
379307
556389
436417
443730
483492
491606
392968
401097
426239
329948
652781
398433
516601
497707
514405
727257
593486
553176
490533
418277
659588
414694
373485
496336
423536
664048
708443
408958
485259
410405
528509
513835
394844
417032
522108
447103
547610
889609
423223
440775
496561
559290
406547
789381
501804
662303
584045
435423
425550
637116
335824
886695
418006
1221399
419899
706969
860623
349289
1033877
547850
454817
508653
336885
857291
987619
738210
595292
894311
507833
823325
502534
732723
406065
853022
674575
764162
388983
452858
402406
910521
1260717
555346
481900
654318
491745
726922
949843
598670
933447
508956
486488
433292
366612
676342
594241
431347
371214
549904
358487
429085
458932
471334
547542
333118
321082
1005528
441164
493658
368123
345641
465734
457152
355423
494614
386449
395645
420427
513781
521876
798051
338326
513308
395139
575765
615064
480000
533478
309615
473168
473492
435735
930637
501896
407235
403267
425789
439909
556731
460050
484212
482630
420531
515774
381084
420305
524690
334251
517009
464201
507308
595130
688507
436571
468325
520103
800713
427044
654392
489226
895393
649735
470639
450603
425082
420097
475106
845584
452123
465611
424817
354875
578563
648505
483241
564440
465898
620940
488494
705336
702355
664646
520396
507543
525396
446829
425674
813851
439695
414001
502797
510489
397781
430770
484179
456667
679561
425843
434319
566759
550727
558473
663434
517209
403349
742098
645601
630998
410729
371382
586458
615253
607213
433408
467573
531614
396097
461441
433253
388454
547222
655569
569962
495188
380757
393629
654366
449464
636956
468249
1381834
350870
468569
657142
505492
527418
720144
598852
3506528
644962
483412
526323
497530
374737
507655
413142
408913
546414
467698
409221
379110
466735
417914
420674
490175
609622
759317
460176
510581
617544
552102
392071
974162
324084
529849
418394
390510
545702
329885
633776
448673
507593
361172
437425
575093
635467
1263696
436337
481100
428430
414375
652678
618059
493439
622713
390118
463110
468912
397595
712881
529589
698276
866344
616924
931426
457687
546645
461149
667935
515335
316286
735598
416586
546020
759996
510498
452519
382706
416741
464809
633699
391635
504268
942541
744953
394532
453721
475455
535325
486696
471105
349162
637340
561064
376922
766410
443849
408322
444116
416684
426863
575932
653361
451044
623656
835708
695634
787098
441885
498976
551467
1268546
594096
696417
593276
453788
499745
508629
377879
614032
418440
636934
611179
5792051
597089
373656
453687
712753
500784
916274
1106255
950745
577455
1458526
2424146
1245008
1721510
925518
1721675
460986
810597
1201174
430115
728572
545175
388927
1374990
469729
1507397
424366
499158
868329
796871
413097
568520
770790
421674
622021
1461363
1287476
715012
481321
810270
1033644
416541
468152
484729
427448
439818
345985
369510
895565
500165
414643
439492
467598
486890
467833
523583
424769
438482
442355
546539
465327
468891
521079
531829
373806
616612
522107
516355
547519
387192
378396
352679
548254
397428
393817
521875
449816
386985
422906
371709
497587
408178
496973
429593
382177
441321
730074
447536
429144
393838
641156
420748
478505
401855
391022
363158
572624
531030
443895
593570
491433
448084
690900
383816
419774
336893
423891
702551
511667
371020
555960
735624
560639
806854
488242
491138
1307676
1207147
584382
469904
589637
965898
716969
696827
634845
850668
514328
745879
484391
368345
715259
532356
1732430
400558
524662
496561
678706
456021
914759
476756
487214
428396
442385
904427
408347
548125
784399
454491
496767
523280
928112
493207
591359
431666
452776
544583
381306
629940
477391
524793
622302
501612
509444
492553
482507
488042
503222
565149
415240
597333
973502
459778
717445
1034851
437137
459195
501651
601263
466049
416924
593489
439134
576022
685597
476748
487027
613389
948119
615474
605317
549152
517591
515596
616859
462007
529870
520832
639452
359407
414772
558785
459886
512861
690408
569223
413531
448255
686718
495824
576048
437206
407233
659612
673417
556275
1023135
1141225
541618
532920
506377
413141
618688
440514
425366
584546
505720
420493
483316
576716
516485
474695
439570
499262
397456
358641
561633
446012
431822
429477
382398
405469
467763
489826
444383
466487
498752
491032
370572
444783
505364
547360
431799
489113
405937
581300
757902
443910
325976
450325
399443
792265
372887
515321
430077
349152
608026
795046
587829
553751
455437
476193
493560
504791
558015
710149
476063
357357
634061
398306
460390
562113
645119
443198
509770
518719
2811780
855925
639360
936029
555752
781894
550478
684743
698562
447807
792673
535239
397673
508113
455253
499620
516216
407314
370293
524715
407187
364753
612147
598093
596820
366143
591826
436995
598648
649160
691521
483269
633119
532113
490989
644216
610535
426653
424794
415731
373619
588040
464628
622915
393911
469915
411407
489911
452528
546387
445069
493158
360718
373875
424699
555102
410713
595896
474746
496805
455475
384313
404057
859171
436192
760376
532830
405782
858193
597177
419295
710031
465933
437407
435491
539252
663199
491646
422493
581099
330877
484919
486725
438042
565649
426051
484653
389984
355159
439816
450068
425571
473687
438393
400412
494444
416287
414773
395493
471652
557948
370602
505297
371357
535148
466948
453680
605312
617523
555856
444647
492734
356694
418840
394852
486185
525216
428337
479859
786048
501719
489400
693452
525243
619904
424270
479842
434542
443448
698861
448596
756189
639133
438084
563896
454838
942901
921260
418145
476581
575513
614159
442840
514890
576914
505150
583726
558553
639488
442562
567856
449554
920376
576537
620437
556949
414437
575963
826952
594647
515853
530767
489771
522646
434015
436390
412788
478703
383536
552701
539651
720498
470371
649183
559506
452494
548490
557102
532790
473979
385739
420524
578790
487850
691688
684405
455898
465413
437917
382699
417872
479121
479148
620803
556186
664887
460959
412960
418397
598407
444761
440718
702492
338072
421889
613034
373484
474233
493922
491449
547622
418275
609047
367048
430566
815571
532765
503680
384725
506142
428861
542056
560584
512160
449417
604018
525263
456378
530230
527809
529471
485941
618072
403749
533494
518196
564543
633504
406168
498475
517395
693764
523623
451658
655247
489088
433877
609002
567488
422393
397587
415625
440861
557373
497441
512365
500255
684564
535968
548842
551349
487492
483497
524215
421902
464641
520554
573913
521718
511185
374843
438723
577059
520453
521075
490035
531977
511285
660319
413917
371441
381882
733323
438423
601174
844087
441289
721953
462940
589711
640270
538877
495988
507044
575688
543734
665345
691230
630820
510695
621333
690982
416560
548889
1149935
900955
503489
370964
577160
440122
560375
389725
2014200
977172
399375
571171
376924
632879
601339
815082
381181
600453
466046
531204
432797
539190
760244
373220
668460
386729
534498
491793
352637
458693
488397
527039
429878
506269
491778
519568
593329
580096
519382
560051
429164
593182
451222
432357
468149
513862
548703
387950
457532
685703
566252
419182
522518
464039
797770
573025
477332
462228
425799
460279
463011
416860
507780
467908
397273
570004
447702
447118
437178
489997
612908
479643
426697
431686
506913
460928
487580
472795
403048
607919
693103
563451
408903
575117
460001
490716
507889
460041
443357
504034
462913
451272
394868
425463
482928
468254
652636
444768
529922
340524
770243
440652
353267
427264
567751
472537
409716
410053
428869
414703
378676
547680
694820
747092
569420
654202
516157
365672
531268
859800
531418
526975
508253
610394
466193
464996
479356
659382
528703
509994
425614
398307
580285
519483
519300
1155981
370610
359634
556755
516602
370987
718304
536003
542219
425547
531244
641668
427487
524562
514770
561963
467271
406054
465896
547489
601834
444413
509679
566444
465597
460957
453065
404685
388735
945971
773382
459101
541301
439618
507637
692556
591525
396230
395550
466139
469590
650828
464504
453646
527072
496740
466341
537613
537444
533440
471244
488079
331973
410279
624467
490108
538706
662968
440960
553453
776545
530934
627880
487116
726935
532917
537802
463115
370950
425572
424420
791499
384800
522357
488209
407604
447189
437894
479706
440133
514145
543066
379337
753515
523096
535168
522448
451406
571257
447972
466696
475662
396039
452306
473017
574640
390206
436810
361958
401774
442972
376187
345790
402583
555002
398889
587079
556087
423327
508590
461678
402786
365304
408010
522501
593341
580843
480748
619318
517099
657203
527439
445549
436653
473162
688694
419587
581132
395681
456956
511566
549394
842631
423999
427750
514883
473971
412730
416128
607666
420603
500982
536860
622535
503633
523959
529194
460945
659284
511730
651673
430625
469152
422952
434730
434261
480217
521804
519656
651771
726880
467329
731061
879509
506797
697306
378696
382015
587977
608137
427145
503893
425793
1033401
451278
360875
729937
459677
512621
478631
903324
773421
508207
484986
404375
471149
1097092
1521825
413996
492872
797707
889603
626600
442239
475373
494548
820650
494145
567131
497137
474424
417238
597470
673135
382998
427575
528164
591343
587484
483017
409914
423847
720975
1154451
434495
517645
512196
464957
487621
560103
492073
523821
477434
470842
406106
518908
456696
460508
478581
477275
555276
419812
434679
514224
474790
381217
357946
328064
564194
512212
410028
416834
488739
554128
498302
311147
416745
915961
393483
401918
303409
361594
574563
498502
417652
558703
425569
338929
837428
517110
446079
396968
565536
366486
565290
445361
434546
360659
471117
924575
432587
414623
587172
459854
657868
509761
527737
485756
509223
463026
461204
498050
397322
439478
1163538
505816
519126
986569
548976
518830
363056
474048
568579
451224
509593
430877
404310
700142
457661
469360
503063
652779
455978
629299
598114
417986
561103
416249
429581
506531
545418
527198
362219
474458
451410
923117
387911
549099
494792
635547
557223
535913
526736
452755
795055
410804
473350
512991
444871
422996
499517
709688
1016276
560293
485904
722247
477498
408705
407959
539038
387250
398917
456286
389373
400133
839021
412223
427042
441627
486714
411085
411442
456281
522777
676708
509035
530628
430339
442910
423727
796492
591584
331118
505606
677706
676328
460844
448681
380199
445293
523042
490545
459837
474545
406191
438226
482132
462903
612660
409510
477354
412954
498320
621186
560575
495317
633083
444882
397802
448003
535308
531099
421221
332470
382527
424458
621742
406463
455355
416772
586031
423693
448389
570560
475576
502892
577750
423387
370707
555153
578274
870430
417129
429138
479874
488442
505292
471943
548064
464540
456901
521302
456578
464327
432035
536868
504195
461239
464562
489939
549510
620313
558452
560546
367613
632014
418132
11871194
706152
2460526
1130303
1332623
581704
528436
425994
533621
559634
452342
539082
487010
544474
467054
494715
567360
595206
513789
617951
435576
354566
432172
395669
600653
459394
461348
374511
543279
423012
582473
686746
551667
370939
451387
444059
512381
510456
453163
585601
682987
771333
521934
811711
424913
746212
641550
482757
449082
499310
992999
427652
1144940
516398
565333
715893
1291613
415373
603909
762828
694443
457252
444698
484866
593488
402033
610837
743544
471727
846863
484038
759639
749719
766065
731476
434619
1308548
445501
439055
529595
561632
808252
436517
589286
345030
541578
492350
655948
597227
508866
508452
518984
607019
439907
440737
820017
529838
499196
657357
414775
495853
413185
455843
435374
416272
452243
444491
632844
451352
470279
437221
549512
399512
403328
431494
441823
614560
486543
349301
399861
372719
334223
363631
610863
390275
487277
490592
387217
510542
445558
1125515
640594
491685
513324
460818
532028
483700
376235
488957
452147
437884
614218
442402
414761
491554
561868
584145
792562
511839
746743
662363
443923
466293
366020
589185
505478
392570
636474
551093
556375
514253
544195
476747
1130647
460443
698498
514952
1216073
545381
1073902
368331
535546
723587
1833881
746176
558438
660288
476129
586472
520041
528966
598340
511607
372226
794892
462670
426182
469351
496358
647534
412078
428944
493098
599573
483611
458285
455713
553853
426769
865344
430509
431729
437757
615199
418933
463373
498423
486642
360921
547074
1073268
428519
527030
508633
469898
428917
443246
1952108
376326
431155
522040
517866
455959
406512
418933
740187
453755
515485
536693
527066
498800
454971
502427
520232
378923
455572
422170
461714
556269
609860
480730
483095
476081
421091
601641
654114
393218
461461
459537
558524
580663
389716
935234
439758
402000
442360
529501
465356
2063246
433573
367860
464337
420499
647547
458782
543508
620472
524982
502054
424387
427406
429091
473233
501413
581134
511964
485310
471644
473391
493739
578340
403036
496538
456844
688091
458724
538533
519689
370835
699417
554061
829505
480811
471006
634520
506203
498900
509940
469596
644927
395236
801156
562762
401470
534725
509136
401384
582029
496799
611842
585197
381778
605452
525563
640655
484185
640782
458195
387856
520348
456967
612150
481942
513213
464931
428853
398980
575105
371440
370446
404171
406804
493669
581082
490570
452527
637791
638242
554927
439437
443311
484009
755212
521140
588445
798802
478649
559196
493896
361520
459337
312406
416193
350220
350129
589728
503873
574587
823842
582948
563142
593875
486076
443170
444492
550636
455913
764345
440266
448751
678232
347271
557183
524598
754387
531110
1415559
467561
960536
411886
759981
506151
808426
518379
429337
874855
526291
580550
654358
427822
438010
602176
365966
653299
512037
487714
424373
424457
474721
520017
557942
390505
556599
565926
723957
407115
616971
504479
523459
549427
425532
496851
409282
482919
668325
595040
412815
421336
517871
728058
386316
396090
418488
595252
475035
1010753
855939
458919
454747
631633
414950
587912
498444
361806
451102
497153
712834
399935
1074761
439059
440970
416080
464789
445656
827917
881846
624499
877726
567692
457071
385739
363530
466157
645092
475023
673731
396031
461142
518263
650252
521668
741878
546002
454616
425852
575297
451732
484833
796604
672455
1165935
548867
698050
714761
503283
402348
775120
628058
642596
475311
675983
619357
549307
526282
431235
513630
548442
582632
440887
555022
543526
530095
547077
555277
377490
529582
500922
416106
508012
385845
383692
464550
560956
550340
414627
575415
406506
361376
473310
414037
549900
438577
468507
488704
386324
513589
482660
451688
417871
423802
436085
381886
646667
441417
430152
403527
428442
474803
539359
371209
311833
384175
405362
411361
350953
471623
409000
405456
393437
420132
524038
492630
397817
388298
380365
340595
363069
362409
459798
450292
478221
477050
517153
482808
391066
540918
471757
869336
380692
474593
562456
747732
451376
570987
359708
651061
762385
403903
704619
1105031
633767
471992
660027
528839
429192
406592
345199
408597
488031
726357
399014
452345
436901
356940
507331
452190
481610
432967
590473
601727
483921
547828
441894
835222
641747
501814
607506
443756
658490
501602
470232
471554
492400
612175
498293
371840
555489
507997
542671
665070
485105
558077
436295
432632
378337
566371
532488
543233
362052
450819
475266
483780
453506
426185
446900
665772
742033
422092
475365
643264
440723
402856
485532
398573
427410
453148
470186
428820
455814
512348
467971
481449
564399
474351
378972
402799
485964
486803
428106
465137
374664
587992
536655
583775
705413
618687
868235
385037
511053
486282
394949
582463
439240
476919
535682
590964
480964
481919
509632
957932
651508
786099
448785
634672
391589
3901809
2113400
929280
535652
2264402
706979
817605
480995
327520
1101844
505755
1612605
460511
414903
425928
418619
1334726
460587
509369
466742
616234
399040
430196
533296
483070
477545
727777
453890
453887
545975
739826
528397
402686
527559
404058
601881
418774
521350
460945
466836
419437
527579
430664
549218
469702
445145
563537
384060
370969
425803
552713
474549
552518
408494
443158
505695
497218
545229
547874
453673
510522
369788
557235
584908
405045
477137
493345
392464
775236
452721
726556
433160
692901
494236
389300
494309
496831
493601
496743
639956
592027
393915
596831
374070
412551
469014
329583
824484
538147
458558
541453
627593
353062
518162
548909
328426
398946
441372
432126
569466
464019
667055
491303
689722
461784
431389
577171
378488
464336
463203
450987
513777
604176
619941
463371
344867
364095
656110
456322
488040
620134
478892
458018
471775
776617
577929
491300
556582
541616
507866
489061
569045
475942
459614
464758
452400
494714
326326
687887
389987
426403
428266
470604
663285
477723
412941
522965
510509
459925
426260
485237
440787
620965
440794
553083
526633
403618
374776
343443
585131
348154
372978
418806
565393
449865
544058
790633
456127
568047
632892
436772
528201
402755
575320
581936
448034
599200
470809
441853
546824
583709
642546
515427
525908
651362
397414
419571
476472
378172
744399
337539
614378
505171
391787
418058
648239
644307
463298
428904
471997
421307
676081
556621
453107
437668
537460
427048
417614
493619
563718
564572
361991
430449
377822
533885
440372
545922
424467
423692
439311
396517
501842
405535
381193
361518
397354
437499
613109
424691
522837
359870
451205
498497
481597
554092
482004
755197
497865
499621
421299
554894
636630
490941
400973
385267
411675
422300
471486
412104
499426
437956
639040
524923
847489
470835
409827
525996
389195
480929
436717
466233
463021
422623
531257
643391
522952
473163
522145
505175
507327
603638
489912
533457
586371
513496
370844
684897
1320593
468285
565514
534935
663671
389324
535861
519063
579527
797499
509960
379280
464894
533191
457996
468710
465641
559926
479786
1028199
373422
679896
518802
631433
619451
582431
442721
463041
540383
496940
659042
454622
379891
425174
483488
390301
685709
454785
1174302
470310
517055
423975
416727
484961
833724
560625
803854
595358
591948
630979
454443
444373
590170
377870
454645
474000
432896
486057
507214
391016
405853
379684
362701
384312
528376
942706
440710
465578
516129
500085
407726
581482
640957
444747
437631
635238
402837
553587
493497
478361
522486
700307
559818
557156
441946
494197
530274
422603
529557
447040
470998
387136
1192448
591809
494099
636588
353379
502950
795249
478233
502627
573604
586241
452086
519118
482055
424526
528159
529138
424495
440233
618352
465030
522464
489033
607785
446312
463663
498801
422613
486061
580542
434758
439478
388860
361269
491592
596472
482919
481615
613892
465087
1015710
462004
536786
629119
424225
360687
405417
528009
447488
731352
511238
481779
370151
522643
544075
562449
491137
729522
578628
460878
587130
624875
410646
453321
474529
625432
603074
453418
455081
537983
578871
629533
568681
498562
398411
411858
457090
496584
392641
341918
442304
877372
536175
492825
607599
477097
361232
475035
566123
374045
519359
633202
329375
355955
725430
463957
558872
472257
555716
833182
532518
455746
495001
908204
571329
460788
518071
581209
489104
368418
445570
578971
456091
570548
540742
403418
581801
477533
924442
383791
424596
585207
522690
490190
513799
567173
607972
436976
367651
637482
425593
445372
425479
377390
418757
472162
520671
457089
524008
467117
447790
352137
540279
506247
388034
586124
707567
480021
450065
486262
694118
407936
423167
516723
595567
470319
451498
514550
479173
539188
502163
615572
496448
423310
464360
432493
494246
496186
727945
394713
527207
502052
817095
391517
650413
472123
448957
536157
474149
688617
479808
542120
456481
795826
499706
357510
505670
802945
458533
477480
578621
457862
515894
513756
443074
606294
645534
677742
399432
465289
422547
489915
436896
482430
481298
1014555
541581
575033
367016
516814
484795
396786
548631
423713
584655
548764
379774
460936
519038
563673
545710
493844
588036
403205
1175193
544603
509320
529578
528541
602109
454988
720553
410961
693506
681576
537301
533784
443488
495651
404600
629677
552347
669354
540525
481766
504124
673013
502797
1260553
396415
551811
466174
406903
371053
1245621
427578
352943
504915
853398
647056
470011
652752
549869
450225
424854
382752
331636
537180
389546
514087
587831
625263
509840
622316
463367
592380
609247
501256
531226
538295
570846
678637
391300
412727
627272
583304
543412
335393
530176
921020
749272
465647
783009
526033
385746
440580
397097
515803
592568
509177
504739
408489
359234
498524
561350
654374
380176
401057
437772
541564
517978
457080
357616
437464
620273
530256
484615
740515
431134
399473
484916
414561
600598
474693
785345
375314
492757
477434
470404
424966
423681
457644
448531
446637
452358
432855
448972
509082
428567
658321
491037
544483
496947
406988
481244
513298
435601
420870
404379
542466
673283
588176
436070
599106
522004
549889
667633
633936
475055
492323
466479
786682
758010
1226489
400420
1024041
540370
548346
441559
489686
420515
487702
600761
714487
573688
669293
861363
521006
580374
450660
734146
458863
426213
506954
489769
587155
488897
493508
538246
466587
396559
510228
382689
421012
589586
464747
675256
470095
385109
436932
398738
534335
469359
1168821
365995
650578
542002
587655
447026
493213
673751
407413
464010
498930
482990
400147
637561
711517
530894
502906
597491
413710
488214
470271
501706
442552
471441
448925
386218
472652
428469
846330
855944
421728
388655
543688
572527
877026
699639
783669
481286
448168
380177
368075
522852
432743
451406
487099
433748
554693
501425
547152
499993
573500
463716
519111
411858
437488
542565
520166
439797
411816
410331
424351
507503
499894
578634
460630
694184
460500
583402
509538
490933
661530
362598
459260
628912
449664
537113
559921
637155
569004
770044
339963
651437
583329
577385
541068
457575
574592
573050
477164
512052
554575
641242
895803
643314
584161
518648
554691
340587
407753
433209
403130
429100
486845
432903
506433
534576
815733
726244
503257
498767
482630
532411
468855
567722
1028165
715415
596700
421559
357017
482400
414339
462339
366655
621433
465990
465243
436962
402514
1068556
345468
1155461
497341
1142477
390943
517070
502496
555009
431273
563210
381481
490475
800004
488201
582952
414251
522006
510235
519768
440583
504469
418514
470375
482034
398161
398419
554164
569633
382890
685517
595792
427777
400546
501485
652176
763290
649105
473677
617650
502687
593102
542541
488530
793053
535681
551576
655712
612909
468227
719683
521810
582411
616487
944080
557178
423444
427634
528998
404306
924580
389311
541094
426318
555505
397282
511093
457338
458905
451143
398476
390287
693222
451386
434900
379432
362277
746113
456958
482425
394921
458444
458213
498057
443771
643667
530878
527799
524126
462578
438657
583075
614763
594855
434084
576137
576875
524038
457422
442892
363272
620830
445373
421844
510656
451216
474875
393311
807148
548801
475048
562812
611147
530040
535196
379252
445906
517914
561700
402533
592027
770032
370148
435600
593660
554155
522763
398292
556562
491217
921972
469335
379959
433003
498370
666012
436595
401811
583424
680327
655411
459752
546684
520945
790539
705809
448610
393996
580028
542256
585057
543397
444741
597504
1116342
628233
603247
656554
429261
475128
654302
533758
474339
400381
446820
379933
611833
619776
503522
598316
455215
835536
430486
565029
591106
509389
697286
604027
668047
578442
587155
478071
431365
510452
383639
444218
705244
415696
586415
752783
513240
785735
459530
466611
564598
417686
665662
416573
369426
423339
505895
418179
361580
403494
371374
487327
363158
524371
455838
378760
420697
495466
487175
534016
427849
587831
505015
414589
404770
544902
667858
443135
485156
640331
556931
603062
386700
431355
597538
388840
1023761
569379
485621
500140
428192
776474
592155
687816
618713
419841
386316
451962
775981
538139
463872
541256
884047
546121
513864
763753
379445
828489
571426
444094
471978
584402
562419
637439
522804
408841
492015
594088
440906
816260
472470
650514
461227
860943
599632
524808
481434
642283
402359
918192
545276
447978
457346
522000
668751
685788
713044
1312374
454014
416878
1196144
485530
378018
421437
466486
632764
605476
1017440
841788
462371
434415
430903
530534
541473
418420
914651
416587
548614
513445
457661
493974
514472
860237
470677
423573
374926
710595
369832
411097
439634
518759
416173
452845
381316
549474
415830
363038
366757
461001
481131
404222
462304
708577
418768
461755
491326
583481
486383
553843
618360
434631
470870
517320
407296
562749
542374
779842
463624
364289
393680
531779
436899
449534
439031
444559
491410
569780
394868
553510
893420
393563
924006
405741
437449
509840
530846
437680
758266
706898
678321
542129
345457
756913
507160
466958
557853
539295
761814
507548
577595
728850
547098
379161
527044
647460
612986
613901
492751
634712
625436
708940
405366
466608
514623
538167
548162
570934
659254
932303
514440
596957
986271
629194
438677
472589
411985
375052
559191
490794
758849
356389
403081
452787
591687
683075
480571
4689099
862284
370287
596495
571388
709563
369634
574649
424575
1142276
486946
544430
550527
454175
571334
664463
583574
656187
953793
437317
348846
437031
648946
484816
486491
737636
488855
458653
604631
507001
538786
837088
1026875
425263
373017
503592
480649
444353
691587
346514
945465
4387967
1100297
631246
610137
473906
536636
562119
543037
712407
1136703
922179
526352
450289
429241
399322
428321
558817
482999
403407
393566
442779
652677
638556
553185
617470
446936
618696
426164
667190
424616
404317
573411
489516
497633
602028
771491
578796
573374
643483
523321
454493
468845
440296
324626
388780
596348
632224
535189
521833
396751
561534
456962
768737
407532
429433
775782
420617
595387
459452
420455
653643
467152
401323
546686
424694
503724
454159
435812
429308
535226
587864
761944
478274
617316
638528
868261
516202
412625
343885
496886
522227
586650
550901
413513
447409
391321
577764
440495
474041
382638
352417
534083
558465
477104
441040
355509
426724
495058
464902
538239
337327
526900
718970
473787
479767
392180
359444
513746
706069
529033
362733
575768
540148
453981
841563
542396
374319
330500
440171
535974
510302
719411
573798
435257
437016
427797
364761
531490
631224
638119
690026
587051
555698
389415
308695
516796
515029
572252
1439119
572726
480301
500443
485990
496847
413984
1013743
421018
625837
444934
712343
609894
561756
637876
468924
423178
357927
516775
534377
483300
453297
847253
382885
400743
677339
461401
410837
475524
596198
405532
391547
401732
414125
381057
571772
413854
428572
378709
539647
414296
450551
428674
675010
500768
406257
441251
496563
754925
928289
467469
442753
396328
419443
565358
473947
827266
431577
463323
496159
770664
469650
541057
604492
368773
481307
423329
829817
527624
460213
483112
699293
677625
553017
439131
503946
633535
560023
502287
479951
571044
662902
430751
475451
531333
439453
420552
396602
483223
453149
725889
530941
503239
450658
349868
432286
628235
473706
541341
527489
476247
568474
433503
606575
595627
508451
392286
600588
383708
479662
415170
537892
604013
448100
901069
542688
558603
454707
489528
478239
477527
452826
568604
361820
409238
738995
637032
448116
459054
620341
531077
455693
360284
604814
826462
556548
445557
366035
729349
349123
425970
827527
1269982
991287
988991
1031435
624931
403582
452080
1115216
396896
719294
703840
950784
504471
578227
764970
467662
939739
644279
594003
895611
688705
541957
574358
546433
461067
466197
741393
826718
756583
1323787
461585
554155
1287940
1097089
615435
837495
714050
525166
551334
513376
392065
473525
716271
564474
399518
474367
707951
709707
390330
507852
613069
710355
896468
738583
454882
615947
456282
428218
443620
983141
467031
543047
550334
371274
578609
364881
550749
653653
539512
487679
517193
676878
831629
350185
449714
753999
556717
855588
486241
652947
403157
488785
747359
457609
411058
657667
540847
582304
387049
751005
626584
481471
374015
676913
751731
572024
492139
498499
488480
479124
461877
417201
440364
414466
469711
665537
578396
568984
365751
358626
445407
458274
485625
592135
507825
486445
667635
644051
432661
430517
574891
548870
477239
495725
391265
389376
934403
441586
518578
425685
816551
382446
719168
392737
440354
392076
707978
431544
415089
508699
694004
471147
932107
639969
440628
469825
429883
1238541
666502
384133
607295
528569
514967
469292
393791
966023
615414
422169
534726
564654
647444
448515
604383
484714
668984
600691
572875
529197
588280
425077
419391
539215
765174
395900
373846
433253
526467
469075
450199
519131
436086
606862
480243
499551
497745
491095
444046
671650
412280
363407
511622
446388
485841
597974
506143
493111
427201
519653
417633
464781
465845
443465
517973
630735
544472
454884
501042
501427
456563
337984
476533
468408
586674
414301
458059
618141
543603
693991
1023627
490079
535904
447252
441190
1161182
541109
386153
378120
419879
519422
699800
490068
576080
525623
801128
639626
923449
891937
425839
546205
437991
421706
736260
605902
545878
598998
447535
632239
494630
502486
666650
458795
421296
868955
494064
375975
397025
475164
335619
557436
412588
512804
1087891
728256
577731
697923
423861
439364
712062
463303
398974
464614
459571
511160
474926
836941
524166
419065
548238
426619
595327
395041
626275
527525
629854
479833
614558
512358
506477
866162
405567
483190
454968
670185
873114
532065
489928
958656
449449
1216170
499965
580427
513265
678511
502389
510899
986541
688544
373369
1492688
752318
402214
865510
458901
585558
434259
442717
410518
616724
710862
575544
429890
476493
388844
517844
526293
595103
381418
530472
488986
477058
934784
452031
451549
338459
424101
484258
479380
695729
458832
368129
354224
697456
1544317
716731
402098
400677
504756
420173
412016
423558
521320
817279
639146
507958
412168
507078
612728
426382
657992
583606
435505
574431
872767
438819
774258
590759
542055
861820
439615
470858
1279904
371569
379715
535180
379981
521852
829536
539860
842387
495846
361691
627574
452130
506655
481344
450908
401403
517390
491496
441550
446648
439063
416366
475917
435066
461969
382963
760711
395875
465357
366148
421016
458878
382804
363692
406263
375231
383386
493189
513098
1138214
476665
829250
451022
487419
450490
611049
372504
487178
445601
468511
686620
412295
595190
524361
495564
603608
546739
492136
880111
580189
721146
535178
573649
690930
558980
351738
490083
422829
571526
386294
437325
387980
562590
474536
447410
629624
1070843
553213
1147171
1240183
440457
572302
590926
398389
447744
363001
457068
529156
433460
356057
364065
532110
460335
622332
855297
538776
1372412
457350
505961
546446
434995
361873
510193
580711
458360
687857
652876
528349
469263
578599
422342
461031
451536
375399
426765
583086
695445
470064
389498
548491
476875
456501
545747
503961
511787
517474
391784
470539
575326
644836
368499
442044
508559
715247
499005
456094
688361
410721
999028
814542
610131
568544
551337
541184
597462
569650
360284
870728
459263
494058
423918
534873
408457
762538
390651
626451
559338
437657
419645
507115
840212
389834
417656
521660
478647
458227
432929
520106
402131
442335
505779
529471
404782
428636
383225
1063551
771270
419984
440968
655026
438876
405360
490157
789240
576050
522560
471074
440008
483090
713121
439127
584930
453070
521344
554501
596681
498819
424838
470885
640403
387242
526501
510775
429406
462591
396654
388855
1182731
384359
495296
503684
626880
746160
420212
494773
457382
475710
485443
629652
402996
819772
397266
507048
589554
423258
474622
854813
464103
399543
744486
475472
739600
562437
1066882
830538
608701
470354
394348
888063
589716
581716
375604
586870
429834
507918
568076
800693
405957
472841
395824
494710
1478503
534508
547071
614388
738792
348743
537273
584294
627051
506616
1053900
531370
867765
924353
401520
486744
510871
566855
631973
386597
305220
390020
448022
381232
335595
432451
810707
432135
1057297
675360
578954
608070
448206
625953
627794
424268
597730
373868
481302
338476
414477
465375
483359
409858
461598
379216
491416
736499
514598
468488
510478
381080
459323
463441
374551
442612
529929
527413
428042
414964
714955
426891
597119
455192
596114
475652
500041
763725
363365
416322
634250
430055
443549
863910
384320
574001
433349
545559
444172
497610
517015
801357
437138
496448
437691
428345
720817
445076
593479
359216
502416
463586
465675
494352
357684
536183
399662
356213
525585
442496
420897
333742
676894
882831
572778
696554
479829
801786
1591627
571588
483830
683865
635621
680175
635042
425887
469902
446076
423175
600586
365445
353775
717910
430248
413184
441812
417363
397245
513236
735723
511286
414244
400433
406117
496248
414116
577863
456478
485732
994186
624286
321330
857097
520509
456023
668559
504705
419024
390047
493882
572949
427838
894833
468197
431236
388550
873172
406821
394551
456515
654237
383237
336243
427591
554647
371861
732897
636986
381321
328428
448510
662027
539033
631758
556207
495147
470305
418513
451894
426519
490958
369999
672707
829825
666478
439158
725022
548118
522259
461784
490515
396913
441561
1865246
488528
621696
457302
818371
420851
470593
487055
374607
641720
483826
404573
502637
486642
561495
526885
392753
581263
527858
475416
629511
773094
877289
568464
473736
654845
410927
578241
594304
580871
527053
487293
489624
434897
474102
504696
489207
430498
522233
385082
376700
540403
570748
475396
363633
690558
577437
451806
572664
925880
482839
629251
484075
467149
455305
427060
909000
639951
449831
424667
451334
384025
481892
413074
358359
553196
515474
608896
529479
619562
620474
529534
430273
464950
660219
953557
462541
429371
439891
718628
417575
356133
552050
534936
551552
328013
576314
595929
429861
662964
441602
445117
621439
447929
385996
583974
957530
742878
354567
819060
989981
518854
499884
1376436
552818
589967
1214659
406817
1139635
435902
430200
525936
400875
896112
550266
784580
616730
423167
438977
505319
717775
1129646
502450
545126
662429
896055
690186
838930
1265546
644181
497768
398488
461855
673274
573765
571985
533801
417193
609231
479982
362111
451131
439560
607939
702932
378614
473570
451308
408392
478878
510123
466830
508494
472761
662556
482287
519714
545493
536993
449385
581308
687871
454192
565491
473358
575035
833298
469527
426247
621264
483698
537105
350099
477754
612873
370059
652975
552908
459738
626120
515625
1188437
522312
802139
467555
592554
410514
417367
396968
459152
526986
463111
446476
546067
412131
392422
753076
489448
443265
556117
493813
611743
817159
426423
622020
571323
916689
1158480
443437
505534
424631
541923
588290
438568
588333
512141
564996
423549
444021
598121
433985
477987
477213
652598
398058
465870
531360
468440
548778
387747
710229
399056
422235
424139
529758
332374
586737
612131
504546
475755
461556
446160
443355
407922
363628
790458
598808
399214
385374
548503
422782
543163
658103
522152
508170
546465
438348
491197
410856
534459
557879
476886
613237
515159
656883
570672
582555
728582
1172099
305785
456452
662594
464052
436033
415038
497107
515352
476905
426423
504951
420300
544614
346652
457716
527257
473493
413919
442907
678085
493544
596277
474934
459828
633637
509313
429075
431417
539015
455456
457137
543684
639595
438499
578342
420142
620208
437499
396410
533992
752960
868708
760009
838279
727463
554405
824154
863392
416063
435128
601538
940359
405034
619937
477393
628091
503491
542606
568403
578770
393530
3129055
514323
543118
419507
735482
748634
409389
523963
488048
812741
467926
508804
456533
617766
610248
547072
484646
646820
539757
450015
533762
352341
446025
761933
433936
511309
733287
528396
724452
470169
687547
716784
446308
576320
595604
855302
552161
546811
596710
418570
423149
435526
490007
622619
439938
552917
515059
678233
1010166
419506
934301
631429
542775
806621
840598
588583
410067
500229
450956
1033081
302750
512178
703236
1054588
791587
986348
491911
775374
536506
1172635
583553
612435
977989
1559045
481979
595110
540696
730390
648287
427865
331820
473859
711268
430687
373398
612545
450810
636037
405949
478328
829031
609291
996859
589586
465767
582964
563061
453707
655334
483808
577725
448938
492979
669677
337531
469188
465615
472935
411379
422003
616303
490314
400621
575635
394924
377577
390073
441144
432675
417278
380167
475545
454887
528887
464214
595990
367661
373352
435202
446189
445599
1002057
548927
441817
525569
590730
542791
450737
773130
589301
984832
443943
997872
545958
481281
478699
976312
469493
560998
844096
1085486
495684
542138
504541
407351
575550
363638
840696
520814
519619
500399
565718
676059
1109712
585091
561801
398814
990174
343797
418641
676745
793643
469006
619874
440547
532021
706905
426585
500177
402745
744406
532133
415763
380021
602470
485638
397806
474227
625349
547706
441790
703868
534481
440731
997518
2180833
484074
743659
386967
462662
447755
418724
415630
432571
455895
554136
403714
548963
889424
428613
447819
436483
454031
605178
747647
388482
655370
638435
607304
516605
394548
455988
493192
494204
602783
495045
517494
414113
552511
591235
454058
432081
569843
554179
526806
419262
595531
474570
1038503
463544
664223
425369
540410
550394
392029
460018
430799
763254
499037
451175
372444
501353
431303
517905
417549
325019
593050
619796
409060
770595
468069
403698
490603
343753
648579
629210
678297
399393
494889
457937
425551
693325
589238
468017
475811
423034
530702
960803
382621
547380
557220
516128
414370
422968
397026
656714
402832
666842
764888
647751
690830
844209
1014044
455810
507213
447030
472126
483352
460287
400687
437907
578478
470963
490300
586365
443999
659030
431316
507674
404412
453577
594472
451423
441676
745343
919326
897683
436374
504964
353624
590330
447373
1381520
928556
473090
591528
1043753
483341
505430
849665
407497
739376
1009395
514026
466579
794356
663639
707023
496394
631732
733406
479116
541326
494858
389146
869839
843025
552472
532271
768520
409412
367377
502725
580737
429578
441948
888464
628890
590796
455410
454222
409793
460886
432805
449280
397712
476586
632114
861656
711721
514900
569598
584781
425169
513261
468162
876968
412539
423080
550318
616589
518163
472613
686233
893346
506816
594634
528653
468064
429892
534237
402917
769148
456130
590526
468219
410503
697939
423159
443645
388603
411095
365431
542924
530019
458588
444087
501340
352333
349552
451503
487777
392307
703489
507216
442448
507269
424284
452141
784559
780072
438348
397001
379941
426628
484999
601283
573104
754678
487721
569724
415990
484582
468504
490641
705409
611367
620676
884998
601218
494282
533506
409835
361653
517157
457708
392355
499339
666249
369547
582972
611857
549129
482451
446533
671341
702512
517164
538875
376017
379372
631929
381630
456905
497768
706640
653508
474728
433552
473201
891596
334465
624107
522813
517664
675050
659942
607841
501606
541945
383762
556087
382888
517946
477333
617392
657812
626264
543779
487489
531948
817406
676253
656752
421701
410162
400501
503124
396919
505013
396734
490237
684849
696228
1089390
770938
1293264
582617
512890
429349
712350
472648
545048
433996
529480
409139
500399
445190
402466
690405
464432
538798
443524
365807
531920
542985
687599
420572
468662
530353
512561
499590
464880
967162
525083
538256
582344
510843
433055
421914
580759
379523
406628
507236
443319
509541
496346
1343287
821082
578124
485792
469482
371391
522598
385342
377717
497922
434888
563904
651835
427002
708199
437957
401163
487679
481782
561090
398428
938026
516482
727407
435605
492589
480825
531946
394130
569104
781887
479985
447576
392509
456463
701833
482491
474550
530656
545241
445120
562510
1007941
557330
418204
657965
434813
492454
545720
664644
518160
495743
394279
432783
508758
451519
421823
425742
467253
568620
621143
472855
861531
506969
774839
588066
538837
1017131
615392
1143115
675735
554163
826950
643432
622790
1013269
619112
981974
485337
798777
423234
527675
707682
465123
733949
482424
811559
1448570
698752
735798
587596
496079
534620
771840
474032
775035
838453
670349
653973
757603
440815
575638
384810
468128
608516
589051
517751
463157
650980
443418
327627
752752
604968
716394
540695
571706
591855
654039
400372
437681
576104
478435
546106
631780
533089
514424
555836
361348
450086
474672
454397
573324
513695
454755
402627
522590
382879
428676
626354
422981
596837
473416
555686
433669
615920
390667
712454
527672
437739
554105
815687
587851
463520
493171
583272
521562
446439
467079
455057
643254
624079
361569
705558
420307
468599
716034
451100
438735
505095
384293
561546
562634
515628
416497
528554
957547
479449
1033492
537801
374108
471642
415993
437965
411526
438860
719030
443203
499303
528197
529564
440794
650065
439253
545304
851312
507197
500399
765914
472816
574005
389527
403732
355923
499262
993752
687271
499907
442170
340119
476916
571859
556225
477245
548258
1035887
597233
687264
570381
778809
463733
797790
610149
544023
485667
390397
565695
644665
784844
384628
433901
618798
470005
438913
350776
494043
476544
444700
501306
1144142
463383
566450
609382
926359
595661
382919
639921
593494
546381
505060
464563
544520
842091
617168
547544
821797
3864228
712192
609246
521380
496920
519206
1050613
406299
478876
350522
484086
728707
613857
530622
645732
578619
487796
475126
592493
484137
397015
1302664
437357
569381
893551
490545
605564
490653
402314
569166
498361
455610
526694
348347
666103
399444
495029
658056
487579
625718
492948
472440
548672
479978
684241
468522
590308
612322
562980
448364
426875
475819
507783
406705
459934
474842
569157
423825
524764
452402
1841684
617327
541087
483201
425632
420344
582506
515994
583135
400706
557130
485487
964084
471112
726630
791810
639882
422979
440055
744922
373935
783755
669376
528531
477588
912923
520192
823421
725785
980859
542257
501960
524209
627632
1179767
471864
519249
438806
657114
382292
427631
391690
422264
542570
382443
724414
681538
450003
635617
651045
587805
1169465
1679803
1280602
961161
684249
785000
733469
479767
819236
766103
873552
839760
1138529
695068
570257
392535
369812
564418
449170
362638
430663
465611
979684
381165
495464
463252
532520
650680
478632
435673
473694
530184
521073
573665
408888
404989
366056
611111
613569
607706
553322
479782
461731
471659
661359
441815
465710
900477
626484
482485
462504
459287
511010
464143
1047896
614574
455945
623079
419260
381048
442584
414729
426257
499597
601639
636757
413656
609415
355457
537260
620695
380280
503269
410934
428643
527185
915760
439470
546737
413355
509249
552605
395045
510984
1309773
391743
418808
483263
483765
798328
449887
383995
622609
592428
460956
433468
376952
429765
490878
475604
650714
429494
774233
497223
469328
553712
628526
629671
2139545
1163287
513354
368936
462176
409291
510083
434379
714215
546893
725909
501039
563907
658550
530479
614423
372949
383388
447637
608949
530296
394034
591100
1072824
535321
451698
488679
542350
553748
402961
625738
656903
521973
457025
656001
673528
507142
386340
425366
600016
854855
487855
944175
461600
393877
331603
549949
541593
523092
415733
409144
389897
351524
523023
542794
524964
650681
526068
508722
514865
1173143
434376
641281
527963
482889
556692
586826
453113
564763
846560
594070
455283
487524
889939
513415
606348
374711
565675
449592
488288
488667
535513
497956
982539
384387
550772
612128
652977
504002
593566
540615
1285937
525059
455836
460928
626006
886670
652007
434367
444218
452438
324546
472583
475462
510775
397410
417157
486213
495287
622107
541883
478796
483163
392601
384206
524283
478054
494098
475218
486080
957717
428971
396003
580537
400474
393153
582976
515235
495576
512182
616168
444637
586409
430866
485021
482752
488990
393101
463010
552558
549169
465308
489439
588497
517225
628201
505410
681186
487920
565502
500195
443377
554232
642056
581663
472764
528686
591542
405312
731830
479518
765775
507073
763711
420156
683088
432160
393447
585438
563253
567531
470615
483272
616316
465152
459201
875847
571283
898891
490478
463770
655306
752620
492877
767138
571252
722046
662258
557405
521761
490762
587232
527086
556238
453703
802381
831197
3940268
1429330
475768
455897
398775
459005
791345
395396
390218
418951
370286
408777
636216
404325
765288
513343
615836
853956
404399
392957
599062
446206
484693
699494
548670
1300259
897213
729310
580978
712579
426862
456515
418073
519108
456023
457121
603131
349389
439200
398331
495112
579424
433762
561448
528952
466417
397694
561653
484775
462008
549797
498763
498069
352836
480728
742481
513433
462641
558359
417346
639496
586803
434670
458802
464867
403972
421054
693035
524894
457075
411357
404453
712127
488096
531810
472898
593404
417208
455952
601307
357121
442078
377459
399991
374386
426658
460122
455136
533872
654276
502005
451273
401142
553087
485196
491491
662448
543870
423333
395210
417779
336005
595551
498788
700392
421261
459035
894620
859207
571373
415790
487341
532451
983448
556193
659085
471495
471154
1087992
643995
505628
408190
437260
429112
669236
456231
433120
498899
537498
488705
490256
501924
559343
428654
417563
423802
384132
407944
551220
438531
789948
441145
406705
357459
597016
499216
493733
668265
559245
567246
542000
694859
987152
487358
498929
375510
458091
513082
511238
543484
488060
677455
642101
760443
467007
415103
509495
515146
464257
701440
840568
485649
471218
420472
658132
470019
339850
706761
492666
403806
398075
540095
388932
412027
461779
342730
662497
489201
409828
580975
432524
471185
451031
594815
421512
666197
492969
480384
463199
478077
948159
757657
517048
512970
386508
438842
601689
380197
667154
545031
471020
847795
388860
405842
754021
404957
509582
503744
561837
621027
388291
409227
433290
418778
348225
462592
379779
537288
636048
391907
427236
563789
420572
494584
383795
474061
473842
493069
407503
681938
438465
923852
404578
452913
534261
455520
755877
920808
486987
1550757
499074
414909
443806
526885
498080
419742
481139
527869
438897
862620
501785
366112
899926
484162
788995
504149
760518
518163
597729
439234
640904
517292
595755
504117
654831
923464
537090
509145
518400
556052
476053
568171
1310172
369041
597090
394489
1089608
507642
565675
396533
480068
406670
592794
550335
396276
452144
382865
807252
340058
487489
963148
395111
451383
396708
441018
476089
478563
622886
471136
479722
389649
400972
351306
505849
515707
743698
538171
618827
401515
480328
376891
459820
425603
443020
437681
520092
460210
370254
425726
488209
543514
436626
412865
481925
428961
397986
488081
427118
477085
664431
389184
449243
751310
728112
386775
498262
437965
538962
542697
714511
415732
426746
557513
549567
466988
458061
392673
589504
541176
447498
603720
425880
688230
417556
614724
435531
401346
394963
785002
479998
546028
562172
348017
404143
654934
496086
453895
615095
434487
435812
1358479
465066
679220
744756
451815
436917
466839
459591
392495
508826
450466
411643
497467
449713
588676
450716
489430
507936
495639
393808
534096
450809
454526
382009
442845
414045
434200
521830
576514
500045
435881
386171
386441
456032
480452
426434
409967
449048
732727
403729
491461
384820
373241
495802
514086
509026
596704
593073
492624
405436
448858
434732
753273
392008
427611
452381
716873
481147
431889
585876
946538
401722
541251
392108
438279
405479
414495
409524
393867
445976
461101
453812
673481
406359
406083
627401
496773
520032
540064
359230
463797
837773
410413
528414
412683
400475
534789
482234
454385
377110
451297
770933
359967
476250
644481
516552
425844
636258
398975
456955
451228
431066
755179
304421
516489
981089
506351
549369
914012
938555
491576
630313
785407
515606
426753
420448
464670
1132556
837003
520420
541355
637154
417588
488403
394321
583358
410880
710690
554541
632645
551282
647145
687125
506768
895664
518648
561951
518967
638003
493606
603163
626032
508366
514636
682139
401225
420137
583539
528545
506957
647851
471338
557361
592618
678170
587105
625907
933728
815964
736155
381933
478881
426973
553307
566261
520440
769972
620798
529819
414570
576283
400456
399484
473004
451545
670404
518740
451982
521200
443719
469876
445959
530785
367543
466649
516519
531853
550874
412977
497405
764230
434455
484370
369197
402642
453235
382344
875551
612430
514249
405670
477729
443598
636068
705611
893530
445812
440122
742033
457373
431302
548485
737623
589410
447298
677976
602715
455375
558894
609400
427921
512480
518076
490666
520362
437731
503357
499318
448825
472239
584307
435601
535137
419899
482317
672356
415774
458082
451899
471503
750055
394584
566289
559442
488456
459961
476167
768562
425586
474911
429676
566314
547031
425941
384982
412056
746169
641641
496752
420213
526873
564067
514741
397484
637981
419149
748717
369139
530152
480786
600130
522667
933161
452537
588224
754924
455948
407180
484460
692399
508949
562673
583550
423395
465443
413543
634309
432868
409645
608031
463741
449407
579795
447309
440782
384373
428906
711480
364890
684467
418788
452339
487383
432965
596648
787561
536132
705405
541749
768397
1090652
472008
716322
462423
577268
580653
492524
531228
448246
418952
495615
491751
486629
536712
477847
654064
511796
501323
408551
581130
327837
490529
424349
459726
477731
481317
930047
488086
498976
557898
450603
395166
372245
427748
463130
396597
752000
512694
453836
576581
585705
630151
437089
519944
393769
534692
423733
528692
418970
410634
418412
494487
733711
477697
457221
493649
491999
631485
435632
638323
448087
963060
495743
530924
477541
529553
649439
404421
487106
577115
456598
555291
501710
486596
504549
386647
453405
407941
436522
360934
444655
685072
553669
393121
511882
501184
546108
430908
555848
502656
416468
510976
688607
485262
475773
457071
498822
516152
594455
423490
422556
496613
395932
575285
647575
583430
634931
511382
408888
408549
488002
601265
408783
450276
488483
457518
559072
457641
488058
488030
551122
446440
922071
465357
559101
345590
497180
415341
353963
750937
773332
747368
413459
758815
629230
699537
401231
588229
405234
848745
1371501
412719
495740
443805
425763
1225429
537142
719047
530976
666726
587533
1063364
741098
554395
681492
417732
499801
432641
390460
569541
467068
818276
652424
589056
444463
455704
1346603
629868
441458
492680
482089
423238
521496
576603
477732
505982
619880
662117
483731
436712
489605
523170
702444
583932
456540
385509
477812
449018
492721
385885
543406
404807
758596
414386
549346
737352
410341
756386
368949
416557
697966
457498
424378
411575
491778
413075
514905
679562
448223
650794
420024
479184
502594
1389327
552268
578262
536214
544908
440811
483446
418889
415460
560641
542004
655039
721875
547149
415788
383594
660700
640694
443792
511732
527682
434758
420416
934000
340583
983582
493575
433596
924769
392269
375118
384561
456035
529215
521190
450063
528653
427314
436760
528717
558806
551729
421742
473846
394287
481072
433971
405116
389873
437913
440785
468217
479331
454528
488980
431981
616672
846742
567721
801297
531838
459834
473270
478117
569929
565861
519269
652464
382935
503466
433897
566963
610497
458700
487824
584068
398735
515224
399365
389951
534019
520708
602439
552707
756505
739923
461023
441843
776570
559998
501148
431921
467103
422417
636617
465830
462920
450242
592272
417757
577771
428597
465146
407440
674069
831461
431911
529650
419892
553461
477447
661956
562585
543206
423744
804947
422573
454100
526907
467740
827677
414460
741686
472947
566886
572942
584281
521384
716775
606545
626281
470056
493619
494714
760789
547122
594831
598282
452490
645508
404373
463442
420863
678737
690631
839643
516227
506486
456304
582535
738904
442411
540100
436220
497006
671822
680870
586499
486343
617923
550458
486088
378278
475812
585007
611048
402547
515530
440017
607936
377100
388375
484708
548095
472250
805692
498316
436376
475904
497796
450628
630959
417724
378083
346191
536857
449327
597561
567576
409447
390412
405652
655073
489789
554458
524903
472812
528577
479206
422383
606860
571266
593197
532029
3193809
793267
586969
458327
554222
768379
442433
506371
1187091
606866
586842
831000
700730
526378
719414
469682
401866
473084
697289
576388
440586
507504
458911
525404
435365
929628
740457
417423
574024
641895
724641
737269
834154
445102
548796
574575
535815
752205
504457
575019
458874
438336
633975
641950
398016
699955
722722
477163
512195
415453
496330
448711
416606
562786
547757
1054740
715304
1684723
527332
413145
628219
534176
499558
546288
774541
815973
385049
469321
505939
367563
462545
530977
519240
593121
579989
480918
933298
574000
402601
525011
651472
370892
504847
554088
437050
392130
431106
614846
406510
390575
369171
644220
365095
500829
444857
620944
376152
467984
432293
337939
392592
454482
627030
418303
368104
486965
534492
446888
496400
726685
367528
555069
436070
455074
520204
927247
461121
452972
466737
551819
442715
389429
810808
430740
420676
403151
419352
448265
444585
975822
530035
929268
511440
561742
403463
462908
432367
809207
715142
512117
757239
1292573
651146
330566
383486
563558
547578
540805
508332
560293
481564
508337
529003
618578
854333
675462
471592
427491
475827
523048
506757
444868
993219
616130
396033
577093
428920
546780
799093
493285
670036
452139
658069
505701
611186
667143
1272347
389908
497522
620621
642352
363981
440118
538188
318302
405479
611468
586203
497574
708747
557064
600591
415933
514090
649323
714839
692710
610647
573485
431042
616445
613792
385996
688620
466454
693088
493571
368838
506218
590030
435363
579798
505103
377815
551353
486119
603190
383011
378117
505740
594442
485105
469074
473942
417615
507779
445672
676596
526510
639806
490668
450373
629730
579246
513623
494049
755991
420334
537103
510112
501698
430594
422153
407950
376187
3788230
521717
785879
674019
422177
571041
767287
416871
355709
436498
391844
461058
398221
436948
464100
470366
449050
474195
441880
605542
485924
507221
454989
728392
501255
451569
397047
988203
779643
569767
466965
391117
527226
476398
794355
469323
411082
453011
592979
473227
958902
489174
446438
596648
517779
378794
550646
409988
421572
878766
472725
917508
482260
723340
787908
934317
546215
500650
991720
378763
637734
392820
406843
407012
956883
564095
525671
436745
799028
474778
409405
499737
772590
553189
441427
418097
507539
411755
466047
518026
419845
451288
469049
476892
434906
711106
593996
644229
416081
575064
598400
498552
405439
804226
523496
583353
661941
422799
450237
471485
435786
598610
582852
454836
455244
510794
503573
413290
460479
498122
434994
675455
389740
571564
480757
543611
369132
883089
493370
625866
393194
452431
406036
993091
426139
588674
541063
525995
493581
544657
473929
431941
457657
419480
445565
460906
426609
550425
496190
680351
393359
459076
384486
547997
334619
481196
556643
437637
365735
483033
401918
414833
506489
440235
517000
442051
421131
509467
451914
654950
605902
371666
480674
452563
378073
453969
514160
491828
574255
484550
442379
511504
469164
487843
836215
378143
393772
427522
465357
518885
524968
779846
454505
516569
645315
437658
591811
594517
369321
649931
476986
2229643
750018
1361363
625048
471816
741742
339372
649114
480575
418305
938541
692576
943431
779457
754219
471745
567157
444596
375434
381934
954052
518262
366130
622346
657574
524783
370079
429481
452258
463202
469142
527993
562009
391698
536447
687795
445673
606501
438884
368344
445280
624229
467425
395038
585298
638062
384113
409828
856233
471990
487553
386734
479242
711150
532954
861966
473517
364710
380309
400855
449093
526627
589039
519797
469272
730093
373080
448084
362535
459820
501032
385199
402213
397733
548099
487446
477911
447383
354028
835119
542860
427047
449676
445704
485264
460535
399263
660554
434402
463572
1046692
367942
669880
632762
615960
495627
512816
443323
353432
398837
571144
591416
386764
641504
518820
1032788
439227
781216
469021
370419
350527
512129
507792
603401
722473
437274
994575
594122
452341
466387
649933
469111
571444
413651
605232
471899
442241
413432
427944
372884
709527
516059
442571
374254
417000
427438
687084
494578
410492
478963
740350
559175
650249
564546
623811
434315
634899
520063
424983
853969
753600
435530
745227
386467
535325
465558
523082
652196
455767
431612
501709
403686
671921
424364
467839
578819
495357
409492
482637
576211
515318
502947
588537
618051
581814
448606
543980
446456
1036945
524261
405550
617106
443887
536710
495295
751310
920378
399884
540842
424964
984452
775142
742212
397800
421680
520087
574060
629978
395533
391105
401118
570318
368738
616072
530079
867120
604637
411818
420966
516107
793379
427969
527499
733499
409168
406338
930918
449204
366489
461620
697774
633102
435924
548421
487358
403623
387143
419698
406566
432313
584405
559051
470210
566633
547175
415425
570452
562931
439141
472554
523474
474361
641241
398747
382709
350468
525389
425846
878983
467221
695362
605141
599479
508275
679649
436508
673513
610328
693052
405626
369379
577175
5773460
1378960
579906
892764
420483
559705
446817
898605
605083
547593
454309
626439
503060
537350
750779
713635
1389835
504833
669552
448282
390953
431196
644812
610549
586799
601083
458541
380557
507624
511187
561797
563761
395677
454355
512489
444276
418472
444362
478390
469978
575920
663228
1144739
504591
754402
728737
693523
394894
550105
548290
467625
468529
418358
464782
588828
586141
591051
421690
465884
730975
400763
544609
500768
683952
413541
828543
438467
463895
908643
948034
586607
589165
499747
418455
640528
429083
446999
413261
591530
942618
534907
409948
508774
522678
1135375
395837
491671
477764
524614
422051
391174
906298
584968
648869
550605
390741
689359
568669
660047
817659
406969
385250
556491
368665
403772
816700
828563
564211
440654
592918
446637
494404
550953
468090
463666
438170
413202
355612
1041857
717556
442506
460049
686274
380252
516139
530069
442760
563025
574004
398806
382426
530311
642804
379847
397740
493360
391502
467974
408109
479007
437510
475493
451971
579119
454819
424786
532428
521256
451417
451457
438296
405054
458798
500579
350971
438760
426249
655968
421337
365964
375670
397301
399278
489979
439570
489854
438486
487232
467805
523145
564480
393619
614587
449323
750976
429667
522902
419494
494379
483691
405280
520381
573572
494362
553678
383467
478317
431781
421432
695471
414760
609457
420824
677163
379538
641818
481669
656189
742792
505622
537351
403425
513992
499012
491302
538954
576266
491032
435304
684326
397825
673637
530319
401042
469931
556740
416133
511907
946154
326770
409760
432612
497308
513774
754640
470103
510990
580128
350836
583458
496239
550918
461637
661536
441432
344283
449994
394421
486181
490045
528385
498625
495154
399506
512742
519314
378626
452606
491551
880430
560287
589750
606199
589189
370313
467182
499280
563366
448069
772036
580062
565468
446188
949179
452999
392404
938057
471986
485665
705430
411899
444282
898793
456902
468513
505112
483759
424893
541170
654873
504514
653624
486703
556846
438271
517387
420310
757775
1048959
922068
491633
936745
376550
732610
1154311
527276
446353
493422
411888
747697
413925
449670
434350
631752
455423
367808
432783
597501
406850
324660
410071
551061
551780
409440
779155
424896
561716
597197
506262
496552
823194
528216
631201
563870
572812
459124
617075
533751
492198
482312
479318
577103
519869
407816
374816
413784
473985
987577
425370
669023
444087
574009
424914
599688
719390
437551
388332
613391
396675
449264
411137
412564
420864
439850
674806
433267
1189085
495576
462946
754222
480890
706069
479607
450241
490558
439075
666776
426383
473814
585080
701389
468988
486101
373054
492766
409553
472980
326053
696107
694820
379867
850276
654499
438710
377734
546325
324007
381015
368310
442363
398632
661273
808103
378020
403347
574827
489405
400712
446042
561106
531929
510995
523138
532093
409584
436178
413672
354011
501900
394966
519002
406842
718652
402078
659002
371893
2827776
558326
473585
758920
504330
637795
847296
455556
626379
657271
494690
618202
412712
387241
410567
375536
556592
537939
379287
553971
385023
439238
344768
489093
634338
388204
563453
712702
830306
405715
521961
395731
686939
703278
790293
406851
373492
445400
467382
532024
499558
453826
522407
512237
395589
673344
508287
413606
540162
481845
584643
507895
407580
423902
397510
520050
694867
393216
601357
816338
759690
440404
439789
673013
436862
537814
456352
668771
416244
397437
443078
346296
316346
430529
491859
511336
432312
1074070
377785
454378
496695
351919
458967
762684
426680
441941
539505
366282
432936
407371
501819
869824
535633
444427
488441
493587
378999
488293
503982
503206
387378
394828
588669
384600
385456
350303
449174
402732
515681
513233
431712
532022
589946
460149
448044
455289
454537
398743
441967
383037
460351
414229
430771
404722
564138
413261
456747
650277
496593
628494
649881
933663
672679
409492
378940
418464
518543
513234
393407
482421
819946
513521
730102
445544
531710
346431
617346
594569
430719
441357
495909
562067
820736
1699736
387332
651100
617306
822835
515174
5138018
1403014
906739
485409
540574
624665
502250
579965
495299
525071
521975
563048
490863
473293
492587
805522
522029
423960
414592
812075
472377
806971
1717112
1145314
581791
465775
682014
490770
392938
550484
505872
621192
431772
435627
458403
755816
444169
439861
699525
769672
472194
498753
438574
334030
476652
426839
883666
666583
965173
519541
587333
817763
613395
483796
568506
661482
347432
448493
690726
489685
408275
486439
462823
492101
354021
500254
648983
766613
594713
530429
480522
408493
530564
456396
423163
416881
445957
469771
467231
317903
510399
594526
398344
473451
456581
502969
690059
643234
496785
723159
534125
537722
439459
541361
471087
541337
552117
534389
937333
622904
393625
548800
581403
351813
400312
366451
339185
453197
617878
463545
439042
415430
662203
483654
463306
496369
542615
532794
487592
427942
652541
423859
482677
565693
536578
618554
409510
733388
669868
478137
1048265
424762
694113
400429
588593
486019
806645
657902
386316
827368
478727
683988
1681022
464153
782336
496821
714762
494941
500523
670495
516420
357008
469043
505483
566235
434332
470951
479713
558461
395071
523890
366926
441139
494145
407323
693124
419820
326140
688751
426423
464995
455354
447940
421740
449073
496464
430947
438949
387377
444685
448000
359512
477939
439679
394857
459326
393481
548298
524886
381212
525550
429415
345683
