1393837740
372844
266322
288723
274754
246815
247776
216294
329913
281003
236034
204375
230766
215211
203252
269360
225028
399036
213146
213053
278765
235439
217977
227325
236276
253831
229975
255833
229258
257172
308270
255064
317295
263946
273324
256348
239300
244927
284564
328156
310047
276755
222112
283837
230511
257112
407607
218511
261579
233160
265998
231212
246800
283024
257925
234629
288088
285228
304296
318305
214815
221406
229861
295459
214640
236544
261852
229490
251505
218175
348751
291745
243212
226900
217101
259296
257894
230664
206428
206711
278538
200415
239604
218025
298173
241657
220011
235705
195616
232767
294259
340610
216034
249178
206570
294032
217415
194336
273991
225512
214956
282981
208238
240169
246561
246802
272870
221511
315279
251229
302725
301172
313766
401448
259412
252843
229731
204168
281884
1047555
1093313
1259776
632576
499567
310003
270967
296459
266443
258148
212905
216386
282987
226315
220963
208891
215779
218617
240271
249039
249829
383585
270159
222616
321254
211089
294320
250747
234828
280179
382771
200698
326497
285717
220075
210556
242158
243486
241502
296028
248272
217549
215564
247579
228999
258958
228932
246876
242447
363593
357687
527132
350299
255636
222087
211612
214242
254343
230041
265396
225643
196304
238426
251046
229078
230752
234020
247161
196612
217177
306728
283906
182813
266598
355196
280470
256262
247752
272774
192494
252429
233220
246938
335772
12675083
10536242
8501972
6423952
4287231
2256106
1485234
1605955
627014
323637
362204
212232
246010
244967
294728
186399
234053
257082
246016
318527
238755
366567
250134
266629
236417
301311
266155
264993
252397
269856
266183
277024
302409
219629
228187
297748
231970
228301
228058
227470
232812
193929
218810
231798
228162
260309
231567
262582
218379
197133
219482
186080
203014
257822
203829
203726
207978
199075
207066
218278
253442
237393
250741
225523
230480
312528
217512
210629
291592
186268
195609
192247
203212
199039
249480
172746
246287
208645
272731
204416
235823
196974
246247
223555
235838
232383
216853
281158
229222
247363
198443
260287
221797
216058
264502
295658
229527
171408
215912
226005
248231
274868
186650
223749
234539
246430
258280
215821
201249
219722
277387
231981
255132
306496
245014
234987
214738
202792
303474
273738
278504
301599
274316
230017
237507
207514
240539
254686
207527
188156
210911
196165
231773
207640
212281
211325
165849
227283
223790
242344
261502
191042
293813
309577
220333
227061
230848
193959
203536
200120
183551
244555
233347
218341
231482
201168
189876
271513
207653
209334
187258
172928
189875
229207
243731
200548
211269
270870
229650
217791
182068
223303
202350
244034
223764
218825
259270
282960
237920
228233
236514
257352
251589
278700
263757
213421
267353
244437
192627
243561
201122
215895
228952
230053
230817
230155
246855
280880
202174
218854
218544
246148
247842
258910
189323
176710
162958
224585
201369
188270
187717
191242
209702
177365
198943
248544
190948
274588
221569
272099
243867
208064
204374
194432
285756
242670
204487
209970
258128
194662
197292
210789
210660
256788
205977
231562
226906
211664
207911
212765
215085
193233
252101
283565
270866
283140
213713
284397
238535
233376
323947
252344
205784
174308
256029
205672
228090
213740
240425
228223
226976
203719
255754
223548
236865
217020
225344
236935
232998
232859
224917
204680
268044
212855
235275
231639
202166
278241
224710
189092
188799
280684
164257
193331
222616
193689
203487
198984
207545
212589
256196
282351
170787
183878
194915
224800
208903
211711
228388
258202
299630
282051
215021
228585
277550
266100
265594
220582
262299
213250
211450
336785
191298
224245
208473
291747
225445
296092
206709
245657
282694
242112
269986
242027
251431
211437
251532
255959
218617
196680
198591
178878
235999
232176
185083
198888
190191
248039
198579
215044
220838
209585
206073
191820
211271
259155
174795
217119
204506
196047
202634
243575
218192
219890
210307
190304
196464
243092
206823
227838
209405
211519
199710
225843
223324
219671
175068
200246
202453
226373
254111
271505
267566
206020
280737
243858
276549
220573
310621
188198
275222
257756
243117
209007
232624
242028
273252
253426
302242
211011
239632
205113
288544
215024
203355
186539
363611
236597
224957
171384
181809
208240
206550
222431
252405
230366
182823
187690
230653
211371
249082
190135
194647
225898
207235
201339
211076
209024
202651
248899
220255
208376
243683
277297
188961
176162
280650
290750
274158
214648
184595
192510
198504
221645
218395
210865
214930
205847
187644
306609
198316
224420
219021
199635
231189
245143
200420
226028
229355
185246
217373
198097
207638
233008
218213
221000
232747
268921
231982
233346
198230
207980
297255
309716
234067
302015
217687
249179
200130
317700
240808
188751
255416
214137
232146
272171
313629
317242
273043
224114
276198
238156
245873
347111
219944
227358
224625
293347
231433
226917
342155
228892
275183
205577
233361
218824
233239
265083
237200
245811
205855
232102
248503
248944
191131
229609
226876
227640
253061
281176
265526
352147
285511
327325
224869
266216
253337
268091
273243
271770
216421
250262
300716
232429
207410
235124
222811
212548
250663
211636
382074
272725
216898
223395
303040
204906
222717
12372513
10229588
8227436
6317524
4177709
2210757
3789410
1637376
1112543
440212
375308
237495
273372
248474
333282
310531
292343
230342
348682
247347
305878
224262
234185
210115
241187
237330
273013
269869
234877
286437
251387
283207
206488
218864
248177
295141
222696
333846
263094
233824
234150
266676
227161
282585
279721
207023
299376
242471
227141
283827
263687
274480
203201
231561
277421
315324
286957
231846
316276
276968
287612
258807
230969
242716
289619
259491
294007
202403
228486
243976
228768
242551
253304
265462
278913
227695
301675
229663
256856
241005
227844
235454
251657
242437
248285
258845
236054
237180
239406
260815
257176
235525
214690
196164
206885
222225
217305
229307
265780
261253
361103
216608
318981
204480
238427
219186
290990
219815
237668
213317
243553
253873
196484
208087
223840
230939
243705
287021
246620
233119
218041
298998
244120
215489
226713
215598
248068
223961
200034
196863
201196
200307
311778
247937
263093
259508
300311
299354
219629
318219
262151
328235
270233
222052
291763
300392
239011
292994
238266
220802
216351
335468
300762
286241
251863
253982
229541
221964
243784
261366
288759
259739
191517
207021
308021
242723
216575
259972
298535
307561
230779
283766
311086
247078
243677
236156
354091
296802
233668
250527
246930
288454
234982
284258
198461
279354
246376
292276
266801
245174
219060
307903
216558
223568
305691
235814
215866
356484
245945
255905
246630
247647
221896
203935
242699
279985
235837
246446
245536
274156
240715
217644
201333
289141
209743
274323
307786
273055
238370
259061
221150
372320
239332
237184
197623
233035
200928
197140
225876
248262
352187
220755
220957
241584
246254
285027
283386
262415
247938
297178
359518
262853
221299
263809
350442
261370
232250
217432
246885
209671
226873
245734
253713
263419
234965
213663
269110
217806
228568
219084
231458
225080
269110
259946
215841
205574
267273
249886
237822
226034
281112
237863
285523
273033
262463
277602
307008
275327
267450
236368
361402
209717
263370
246979
244679
225655
227307
242460
261582
267116
237625
248921
247450
211603
271903
233135
271992
240697
267826
226386
268875
273834
262207
211006
236712
288552
278048
210360
221956
186089
247095
245078
219326
197932
223399
259574
218250
259540
209232
191438
227921
227501
405722
228116
202670
237590
280066
234504
272687
227540
271167
252409
251445
238004
266057
284214
225381
210794
257850
226383
231633
210834
239078
247914
238454
224383
199465
235632
228134
217436
279980
247409
258041
251191
212092
283989
271994
275741
235069
226288
238578
227671
207723
206166
250296
210871
269772
393039
294664
227216
353440
265942
389289
223253
279950
256085
206424
215701
232837
276354
311506
314142
346893
216011
334398
314787
235429
225511
298088
250583
232280
226958
248945
272451
256631
282644
238063
233462
259922
277729
245648
233627
223542
240423
202018
317658
273398
233033
244653
216465
199651
217664
232880
214576
252566
275112
245761
197720
219829
239033
252268
196024
189210
205990
252466
177488
227637
302337
199718
250109
268435
228211
226353
225830
248679
280879
305882
269682
329731
184983
231569
330719
189853
245640
260677
214985
221888
236811
217136
217145
330096
212614
194524
279340
295124
258843
327577
265639
211670
279440
248316
255098
316335
250842
321187
239204
240729
213488
407674
232364
225258
292822
243435
250960
301012
242283
301429
178781
261841
266839
269900
226795
239113
221014
239019
201556
232198
260974
257137
273159
188384
226102
267937
224755
205803
248878
297557
249788
272367
230600
272672
309843
226551
215615
228551
252053
191040
249069
211787
209245
181003
240835
200186
214531
232410
202573
184528
214770
244145
187319
167175
258060
303262
209896
241504
260843
270431
190405
212646
290109
319773
326422
232841
383830
192947
255673
284385
219039
247060
277622
201245
204840
266345
7905273
5764199
3684912
1616522
5792676
3636805
1594586
1120692
277181
234375
327045
285886
273488
274162
210927
224605
294461
225968
231176
225001
262329
265297
206088
233303
247392
231702
199150
248765
214176
237061
214992
202176
273928
207516
202124
193145
261585
215408
257414
201125
265750
258172
223760
214314
204519
224570
209375
208766
210854
191112
201367
211878
207466
270908
214750
173251
191539
201103
226896
211743
201811
249703
204308
195612
269807
219251
221169
282175
281060
193724
278175
219926
275859
313597
230985
360094
235195
335833
212701
209992
230370
289862
273349
225901
216586
235977
293326
242060
323482
215772
227824
211919
220680
226302
246474
210352
245344
215637
315310
332235
250042
300427
283991
249843
279523
320376
244590
281912
232733
292272
284856
203436
279735
238693
243978
306080
283801
230725
259483
232017
211655
318744
227525
266230
253382
239319
202797
262825
266737
276122
315368
221731
236996
189853
223298
215629
209764
320970
296608
248898
291394
236431
240292
244483
232072
215167
243648
240109
240907
192785
198306
215244
233456
214797
252009
231207
280869
219769
234164
231069
220374
245749
248824
267262
268730
217395
242580
259255
234506
256691
335066
237778
211916
296765
183725
220997
215908
255897
250104
210035
211493
219508
356208
360586
205259
224184
263023
263075
272776
265874
296115
334494
283561
233352
191183
293666
328182
200278
240907
241661
217410
218368
220762
221977
244424
244030
271192
257263
270848
292293
282695
251318
269130
215498
206969
297858
274413
317405
288779
284405
230485
222777
246188
209370
249718
219826
252185
227716
204070
196448
224143
293039
280170
283068
211846
223147
312739
203983
266415
255039
232777
227278
258621
284651
220086
303638
193691
298277
295565
243879
222691
197819
300304
223878
290284
228351
212376
299321
305459
404812
236681
321941
215434
272389
203687
207758
245719
237857
235929
256253
217885
245900
279465
207021
224403
235195
231906
252224
273426
258307
291566
247114
320663
222043
260975
245107
214228
337264
201757
197226
226383
219502
236811
234938
201553
199271
232195
279731
254252
302184
282285
207617
252712
302914
212233
282506
273504
203925
310817
267932
246450
365849
271457
229398
217023
247031
236026
231137
224219
232343
251582
359768
229088
267224
268408
236213
243481
235402
346379
259563
256854
260006
228247
253979
216857
270586
241546
239521
321063
202263
238965
228759
208507
215529
208074
206952
269444
255105
236726
221381
308887
229624
318933
178306
284948
265866
320921
352194
228386
204455
211473
336712
176496
226894
236226
235326
233034
340544
177844
192845
217783
230065
222063
363545
267967
263731
312623
307802
277115
242287
232762
249737
281116
215165
250360
226536
272467
262013
345270
240700
228749
204222
332076
233522
233349
309929
276988
259842
285330
223938
294719
259526
297150
250275
248398
279902
220161
226158
213441
231535
210984
267097
204973
234420
192746
238193
263614
197653
200506
281140
265996
282680
248307
301393
273790
237163
231982
201086
216309
263409
204972
302730
251333
241722
257798
269832
225775
215358
218959
248192
323400
297738
288672
252951
236848
244571
269024
274175
288255
275992
340852
223025
350238
222734
259538
219897
273572
266209
327653
267699
265192
257631
254968
247328
204104
236774
273118
228895
255994
272108
244194
245227
224110
263080
225140
222416
260027
252311
221963
209463
286377
243344
259310
230176
238819
261277
295597
224636
231430
298490
265154
254539
250716
278054
265909
254853
296453
306470
224249
243969
293200
354970
248439
285726
259726
317724
257700
299334
336524
259881
301695
249280
288406
250313
253259
206905
237805
286149
232488
267265
239945
222892
263952
236842
274335
273242
270685
322826
360522
246204
245394
301721
289551
265707
257653
328501
290003
227156
287563
257823
233013
221623
9364172
7205847
5160178
3184182
1042797
3494142
1386274
392231
508625
261266
276099
261188
289949
262122
244852
246522
235042
252755
238219
243271
250038
226061
210171
266241
251431
288981
231427
310601
230704
273641
245894
267738
289144
242497
339031
202737
303454
281130
240047
232080
225290
279104
266487
284111
245809
260936
225643
271890
215362
268923
246466
301537
274196
234636
310027
287657
216789
239783
226453
237120
226409
222392
305460
213746
235361
253488
239188
282139
224792
231505
230719
207311
229561
237835
259292
308998
252009
230809
291408
227375
269805
325792
270938
316335
262465
249907
232247
364082
246850
275808
251270
340385
269957
331508
281210
255450
226287
245223
262190
238896
331356
250418
264009
260472
263082
311545
362936
281738
271225
236215
300535
330916
222901
304459
314424
266401
311888
217550
430585
392165
327588
246421
347581
246496
202962
212102
240469
232906
283563
238786
226845
263160
248378
283992
257356
238009
203989
245282
348277
239759
265773
246799
242733
230465
300360
212889
249839
247426
243116
261526
292429
227265
247242
240606
285112
280542
232551
264188
218031
213377
230158
326226
226092
242395
278548
230398
251168
229238
266529
232498
231754
211324
275698
258360
226893
292493
291101
254380
295787
268040
255860
251433
251553
235347
253153
222709
256546
228722
337353
291843
263859
218922
271679
270629
331873
322949
247818
288569
267895
283153
236572
294450
256959
232325
228045
225402
304405
282512
293389
286008
288801
279731
239504
373475
310678
456897
428152
215557
344185
225195
298765
207147
359658
235500
238334
294874
310514
242597
290644
233257
303130
283607
346658
299161
324981
243804
228921
255598
232665
259171
272731
242148
245570
293771
264904
241104
235177
270430
253150
280834
313511
268367
272784
245113
280850
250530
348364
261797
220980
292979
239183
273787
261876
278039
248550
229911
315165
355803
346046
313359
294495
261998
347079
410024
268512
372010
288349
239602
229059
255435
230371
259675
265232
274648
244317
244198
279782
251885
258375
255541
285158
234002
269568
236532
269538
296449
251465
281627
256971
371036
266315
324481
257928
242227
260661
222809
291447
254391
307055
245278
239214
406065
250340
292810
245082
222071
233247
270763
319400
383124
213531
294689
363652
325608
280256
341703
366580
277998
320158
251713
238230
246325
288284
259071
254827
254336
301382
247782
287728
227360
240260
253438
265448
273904
251044
247333
224632
275345
284057
279956
303466
261501
300107
267020
337503
270315
289832
329259
321708
365831
291246
262148
292132
283974
256677
292083
276445
238429
237611
236793
233936
265041
264281
351227
282090
244332
330542
229891
231861
213023
272977
237019
262705
240001
214087
275240
305289
253849
248442
276634
210443
276913
319569
300122
263738
240317
293503
233066
227431
236091
224793
209129
260743
261004
267427
248833
290430
282982
282512
2640530
364504
300070
328796
237272
237407
322837
266903
243472
259108
284998
232444
262153
251089
266919
210178
316957
236656
228659
252505
247638
210866
212682
271905
231464
293808
263650
260443
233969
259795
280687
237320
264962
226572
206700
219250
291220
215875
284544
225017
230939
255105
231941
254064
276653
255652
242968
274702
347278
223179
223349
213318
228937
244670
233336
287629
209991
242684
216203
242886
216898
342672
289695
345214
387307
204052
251368
232498
221997
215722
361709
214884
216601
252257
261353
307987
263625
284128
287557
305083
213522
326358
238964
270844
261233
270700
234578
312589
266565
276714
257930
284072
235582
248098
229026
320046
241081
309595
253910
266359
246778
310858
271844
378635
272303
244376
238402
321196
283005
196416
270167
266575
248505
356269
460492
261153
270110
320283
291949
240768
249161
269014
259689
238215
242918
236067
249256
246797
262492
370039
257141
253963
295506
8921101
6770656
4751183
2742824
849475
3485476
1355092
1035582
264457
243729
342010
250925
223241
302241
344001
260966
294889
249271
303597
221929
260915
224994
249234
254970
231656
271890
261951
215954
223944
270956
245628
217981
228177
245703
233396
264748
287149
266747
300144
331349
275388
263245
286354
215813
240816
288662
328932
337779
293020
246333
272036
250739
273624
249673
356534
221655
279945
364821
281704
286953
307249
356632
235563
273960
233606
338652
273658
226007
256789
229878
232378
408698
240817
288586
316459
236914
259574
264457
264909
312582
269745
254267
243380
262662
297389
274711
236837
212763
317046
351362
278711
269283
294559
303426
361681
274684
261612
302396
243744
288428
287457
317111
347997
268522
244248
314594
281363
355740
282012
259077
330317
341173
274702
205011
232000
255740
220362
260622
238467
245723
216889
263256
286972
327885
270763
231006
272706
239314
202187
282613
222682
253944
297274
223363
299779
223558
384972
239117
268544
258319
252326
250952
217701
314251
319387
250973
321509
255564
223204
291094
247533
222482
247478
368635
222521
238140
297083
283313
279036
206841
255737
286297
256443
261566
221034
253684
250970
269749
215301
266814
234284
232712
229519
258783
240388
272742
258644
430032
223045
231145
328635
193929
227626
232975
295252
210683
364024
369691
253752
255329
284155
243867
342391
231083
278939
320262
262444
274850
318097
344626
329696
275458
256373
255119
278780
239455
260988
232187
297164
240213
242853
283539
269848
270967
210309
260995
306635
267194
259129
254859
245064
255617
301983
296897
254476
246568
238569
249414
235506
226410
237984
236097
253378
206099
243981
250672
230314
232598
204619
194127
251205
245990
250272
244816
293587
230036
281247
207998
256439
278631
285329
250571
262025
262403
317595
217762
244910
292999
247913
284999
305553
229927
235761
260897
220261
259066
237480
256419
247683
279859
308670
278995
259176
226630
215968
250330
290477
305246
272047
256498
251549
208250
199275
286350
245506
272943
266465
252420
243454
280852
245177
203027
234176
326542
256729
331267
319082
313403
304565
365063
279031
246915
266250
210582
242617
312032
254863
335115
262952
246910
327703
275850
337682
260492
274787
330676
301163
335465
257743
247650
237902
235653
269979
249933
268675
257709
271561
382076
275120
219425
258543
235974
225555
263703
273359
258229
284735
217255
252674
290805
278066
364869
348880
233677
244571
215880
335105
289006
258487
293526
330634
263611
213929
310428
260853
271097
287985
340008
275343
256957
287219
257200
220924
195302
267894
246628
248720
246934
218145
291507
222338
252953
234137
232312
202846
201944
207806
221168
262429
273504
292095
218869
282208
286543
258064
234542
224840
229551
269900
251704
267648
243093
258648
271116
270501
299602
244000
301089
290010
250628
212919
258144
253878
307451
231208
221232
242330
257103
279610
253664
227079
427076
256492
240337
288812
263157
309636
223200
275405
210042
2990722
936905
1004463
251858
258693
244707
288059
256026
275054
323417
230201
256286
290191
316539
233730
287038
235682
262144
222099
315228
244724
204139
258881
233272
230910
257591
233596
262267
350466
273804
300422
291884
281999
293793
216247
285719
223360
233028
234628
220043
257042
276030
262401
322196
283074
258762
237953
225164
372071
226957
278236
291421
356323
191745
262818
227469
289641
242165
239229
305642
281409
253691
294676
257750
281015
292660
264485
257102
243724
273899
237030
246954
221273
212398
244686
313294
350636
242802
242860
257138
246467
244511
237805
242760
249815
305264
383549
252870
321401
303773
263884
239892
357932
327315
319634
250627
315037
214910
319262
227489
233031
243815
229279
210757
228902
266857
361089
304817
320292
338387
228704
245655
242164
315655
273903
275060
254311
255793
292861
279019
195150
248854
9130075
6988971
4925547
2839210
697849
4121264
1952143
1292573
453980
324337
203507
277039
248840
232945
246666
309725
302512
214904
297836
216556
269511
286880
245794
329840
206380
343162
364675
200884
336536
207140
282102
363341
251902
287080
298935
270755
383814
351750
292840
252547
277339
267961
260352
232190
231768
273180
248364
275642
306400
286315
276873
255044
281372
241870
248177
261433
222920
260565
241836
217071
225215
272185
272376
224490
253045
348321
319952
245229
291651
263689
277601
251712
281037
341192
286013
335258
275492
265277
276685
270437
281115
247960
274021
273700
271634
284068
281820
304297
274712
240770
259491
250220
381009
257783
267828
326883
271880
240068
281963
254698
315980
275012
271923
235877
299409
255414
266011
265922
266374
240028
245604
266569
295226
227958
299443
292411
255929
220014
344629
246270
238927
286953
256983
275772
277749
283891
322706
439109
293212
299937
277582
289970
265578
247579
293041
306909
260288
261895
322920
237991
253602
313814
250895
271220
233322
260652
221472
227152
240825
238618
243255
257254
248693
275537
285313
231472
324015
234744
258201
243593
336113
256301
285368
251137
282868
339724
251096
255139
226621
312115
419312
345325
269347
312867
260143
371346
332589
377099
264353
299617
231815
258741
245791
335685
291007
240203
306783
306056
263595
274955
243650
284464
228763
212779
301686
271025
256541
311287
248876
298520
242202
303159
264181
281121
291463
253883
368586
310659
279138
258127
232447
322920
293920
280632
260665
275048
245463
269653
233299
266432
255337
253097
260600
253946
231656
246675
247850
257087
275930
271746
280670
246986
269768
257758
267694
255196
241540
250416
221395
296057
255470
299510
219249
368460
270345
245238
306585
249967
270360
254887
290550
289426
347876
277955
239323
213087
252279
233872
241922
279495
340439
232021
251023
345883
282006
265626
260165
322008
287341
303601
263827
271639
262692
295885
242354
270630
236763
228959
291163
318722
289719
256628
261940
262043
254836
282913
272889
218014
248184
271881
273693
274760
251752
269921
407998
347534
322754
254976
231302
241742
236515
387165
291177
252814
304381
258509
358370
229358
318189
304835
280350
236962
229799
230572
303882
245428
310164
251172
268993
275039
278122
269931
252427
236580
265833
234125
266836
228481
285957
257304
242383
273343
235018
291141
323338
275543
316791
243933
307122
291868
311668
245470
212317
259466
254679
229805
233141
331591
326578
256683
256742
218782
276636
243238
297011
222141
280591
260981
236469
247326
273762
225345
227421
270204
274359
258962
271659
307465
296398
254319
286393
265572
294588
256778
266681
240101
244000
253413
300800
264162
281068
265218
273851
232330
259986
268712
259385
239171
252294
375002
284847
294636
227326
251132
254769
219548
261450
311874
314877
260116
273955
254741
266974
253510
265223
283423
260182
270238
247875
237554
314078
286180
229180
274783
285799
231981
285258
230213
262066
287196
268536
217051
262731
245484
240400
226267
230875
236658
213791
217164
275634
244610
276026
232625
267406
250405
299834
309887
247300
240655
241661
234155
268721
265813
258836
297996
285383
299845
275782
256544
243027
319360
267343
298899
229988
321509
318394
383398
235543
306490
270723
291019
269992
246191
283428
251760
228953
265342
257642
263281
244961
264451
262320
275743
257603
275652
245492
275094
244770
247949
223186
288062
242252
242858
264848
274024
271267
249463
246533
270026
233714
270291
212311
258690
258709
231508
241212
271491
241743
277034
257119
261865
264785
260472
238931
267194
305963
325557
325475
454793
266254
258927
334584
454080
272712
307825
277484
294184
296984
303033
283749
243345
311322
294588
308437
295890
255623
317553
304509
276108
299758
264413
266303
242112
312413
249359
264624
299161
286951
372731
258676
299183
10929101
8792327
6739761
4686517
2606473
4268109
2122441
1676053
674313
352733
238061
347735
227600
266020
260153
321526
254945
269318
228984
290321
284006
280496
240235
280061
230941
299401
323517
234096
258372
272792
303785
241801
263327
291087
306124
250602
226345
242965
251304
277246
206095
278319
273692
281375
245871
369559
354831
242606
237880
290266
381812
267388
251258
252204
274897
234043
242886
302456
295085
256901
267654
316744
278166
314267
274673
302016
275955
258130
218952
279791
266579
289271
299967
277331
269646
289719
331981
273372
255514
236498
268018
244990
347516
287154
242615
286422
318410
253975
327864
311796
300801
308376
270961
344340
292252
320794
276249
252043
348353
263280
300633
328708
347078
266405
302904
291209
290564
249949
262538
251693
231078
255137
259346
318594
287010
290765
244042
245488
258864
254199
241390
276357
251778
261920
267276
256844
316180
321475
270516
244062
263917
255622
318838
254396
256714
261037
245798
296007
361056
275071
271813
244471
261190
223375
237034
243422
330696
271503
257302
264764
257945
257387
269396
294598
251913
310595
263020
262956
244038
233430
227595
280794
275689
267511
333296
272865
247040
220808
298217
223645
225340
313883
297358
282077
301855
349502
271583
274945
280954
246489
250780
258382
247310
254766
246078
254177
242725
270734
320403
362882
237636
271952
232010
276259
268548
260573
314316
252547
328282
259434
257493
312634
258960
266349
244854
238969
240627
209658
237541
270892
273658
252870
260748
252624
258169
272171
255560
239782
265364
235615
236123
239296
238827
277889
288318
271053
239599
262583
265533
322672
257029
323262
248373
241848
272741
287010
248931
272783
311756
261443
219095
293151
290622
278051
280907
271458
248140
290950
272611
297240
237027
251456
279305
314041
279956
248467
308060
263467
260743
295575
307357
302749
250351
276759
317268
281137
261389
242377
288826
239364
237640
257704
250316
228378
273394
308696
235687
238261
244287
255713
269797
273022
271055
270090
271179
264624
320723
290467
261106
246082
279951
270362
244530
253506
288294
261029
281462
260950
327682
299661
250902
297863
311467
297651
292876
255074
278701
355513
250697
291786
273381
351244
282255
343847
300219
239731
279919
249208
293647
312139
269113
291076
278055
348917
300462
352131
222146
273757
252013
328702
261337
262205
327177
303885
269760
267662
256370
274006
250684
271667
237048
277291
290443
336109
289704
230785
291211
301253
280632
233340
277598
266773
306066
255844
327706
346726
315415
362077
318655
278606
308645
369722
269883
319712
257573
264275
267200
278159
304585
259056
292368
288380
270165
437068
258405
221853
319380
249084
292756
314879
296278
274205
333095
372987
284626
271720
376176
275824
287815
308941
292106
319191
269709
311399
263117
253335
276784
239580
281261
320684
245468
267640
253082
257513
253129
298861
298040
297245
266062
282078
264513
322096
336888
303933
248472
285647
333083
243084
236722
271438
304969
284788
258846
259535
230390
288299
272444
263776
204434
267466
248082
278980
238615
276981
263436
267282
249497
280366
267066
325749
247877
265346
278098
270040
305242
244124
233112
325801
284773
294455
284850
295569
226420
238252
425479
242917
245365
297764
296962
273254
293989
272559
252473
227898
259851
229952
227884
251173
264202
260167
273942
343901
268919
267301
306714
335412
388272
328213
286942
260730
267119
264647
258113
269037
297580
266685
308075
283773
286418
284334
270922
323307
278579
343822
234449
310495
236846
265714
241743
245562
252990
219229
232304
219292
280352
269037
257398
251771
275149
235058
298900
268495
285497
309882
275407
348443
265994
313373
256858
403624
282835
269677
292443
292341
266116
256735
278651
297143
265184
300404
244972
231379
268131
273876
254721
299839
244641
299002
251894
245916
246845
273679
12334104
10188010
8159834
6185784
4052122
2011799
1433303
1372234
1182918
512855
396062
349170
298824
377510
273394
262376
263364
277429
258617
248182
256217
353750
289834
313712
317807
394122
302771
295282
290900
316732
256983
261145
261184
279428
332713
332375
283656
237089
297110
293175
265050
288225
263350
272408
254876
277961
229170
260504
240735
284024
239139
282811
254509
275707
228462
393421
263442
267667
297816
283581
252465
254144
362029
285631
270796
275164
286316
309978
250863
265257
278099
320057
298543
268121
354837
234024
233388
218509
301162
248563
255428
261293
242564
251479
262275
290303
255648
233352
280478
217595
265084
267443
324961
266579
222787
274915
205464
262958
300493
282482
250570
234391
245763
307355
322890
278488
313643
258845
239109
272411
275573
257137
364284
239677
343220
251954
323464
308594
249472
250164
265557
270714
299766
270601
265980
287344
349566
262348
317033
340662
274856
256047
298544
343935
313294
261991
290182
258950
257362
319991
252839
282594
301745
266090
261629
251230
258202
292938
251902
251411
357400
271900
246929
261521
327293
268457
375399
275684
267219
281881
280296
274491
323809
332194
266222
361074
258025
266623
287442
256106
258505
297884
286675
265530
244145
266496
232427
261482
232594
288876
303455
336803
262704
248699
262657
259119
266807
269229
244413
251699
254627
282009
270844
246162
259470
237958
247909
247841
271814
261038
280431
254585
274123
283682
313430
267506
265467
272482
281213
278395
238866
259205
245583
266945
253806
331159
307970
325496
276110
237841
298640
271516
226879
422233
290147
256535
237800
345423
236324
278089
251093
306191
242496
242461
254043
234031
237413
283272
253453
239575
250553
260861
291456
292927
244139
268064
254102
226500
267982
308514
258465
243433
237618
306684
251268
294294
255815
267603
244212
235871
253729
254013
275802
279923
270818
267116
248738
250759
247571
251200
348559
274036
263948
270323
266184
307736
257607
216370
222768
295353
319418
258275
258821
365894
252834
356377
309644
269850
297318
281227
313698
261566
353796
336383
281962
418088
352395
333483
333321
253096
284245
312063
300478
300339
239488
277040
336272
301700
245647
315880
245968
312006
365512
294687
265752
257786
271228
382867
308978
284533
316665
326363
267171
331166
257788
253753
307654
332930
361011
254512
246048
336909
298651
350246
263384
263048
297184
339336
276380
311026
269741
236636
324918
272602
268571
273229
314244
270352
301301
284689
314748
293945
364312
271982
263921
271972
289483
285791
273030
278035
253966
286845
302613
281475
280570
267749
238477
274339
269990
283338
295873
238765
290926
280211
304803
249374
301342
280774
329253
323678
275899
327728
267326
295061
305332
296941
303006
274897
290762
332711
283285
280713
279265
241783
331623
286127
287755
287567
338349
284424
258779
270417
253379
268847
254798
249893
254328
287261
357642
263263
271808
331610
288375
239432
346744
250202
241994
282869
313608
369957
311682
293233
301398
294406
279791
258970
234978
257689
258711
269839
246440
247982
250147
284996
260667
303212
266377
265889
269384
321333
263167
297902
327005
276912
273695
262452
266304
367643
253731
274615
253154
318958
306198
339033
288732
272817
329557
297530
337086
235121
272896
281702
240588
263557
283563
259958
298258
288193
305559
271571
305770
262703
298332
293597
314043
319805
330475
299374
314137
262325
287150
298557
314872
303561
255944
266609
252888
304180
278446
303495
270554
294547
241985
343486
304674
318930
277776
282214
295746
272482
218655
358387
270619
287591
283040
269063
261599
262150
233784
413821
283002
296688
305777
354570
240482
268800
284940
313912
346181
331474
316313
264595
235843
234156
231025
270543
261419
247562
249325
289841
232793
226085
303941
269296
283128
232820
216540
321689
279377
267101
340263
266382
11888989
9748548
7720639
5660294
3528557
1490190
2165273
1153035
664679
331879
390879
276416
254173
272755
346640
276649
295409
279107
303076
296505
298104
234596
287792
277571
242433
323863
284265
278298
282100
244112
280081
281054
273826
271305
328178
285357
252132
283912
275407
264879
338585
274881
303007
262616
251618
292810
278913
235562
249487
246127
397130
238938
315841
259822
235651
238387
269047
235652
251914
224913
238492
275772
238374
266934
246182
253684
263784
241135
237795
275081
330324
227762
243394
269043
258949
320302
275040
274816
299602
309557
290613
308779
276569
280531
359376
256772
313795
260800
247602
280462
302527
246292
264945
303372
273140
397224
267681
346085
293477
261465
281931
269077
268216
353940
371321
349987
287796
253971
283494
270089
271109
267008
312371
305533
309332
249831
254549
254146
285588
282494
272922
299992
296461
290447
290046
283498
249664
302410
251599
295215
271450
277689
284505
252427
265953
234013
245171
267957
290743
261485
277858
278316
267425
278071
268973
281243
323242
272405
272347
367363
250348
254201
268036
295149
279014
270683
278365
247578
321267
260709
279099
279794
266789
269535
255745
232480
263139
269972
246637
249033
251502
288148
253480
267413
346612
251353
294810
268799
408399
269653
283603
338579
253964
269367
291249
284449
303438
252647
304823
256738
249181
281510
310726
285281
249787
232696
232725
272458
274414
263216
239382
262227
301123
276968
291618
260450
251836
365178
254161
257523
293071
276074
240519
277342
265164
366604
281145
237381
233864
260172
274705
273797
266514
257519
265475
243013
253902
255045
298254
268349
257605
271827
270130
264522
271211
255924
359267
289599
266788
293890
276319
294708
247354
268090
268279
225368
275247
287636
283361
347444
226326
280825
351555
312654
283138
394178
283377
298670
275468
268708
389168
293793
309752
343812
276123
252958
258991
271723
258049
268188
230847
270753
308189
273080
345460
249293
259085
280637
259110
254182
264054
318093
283259
261781
252527
291869
283685
303251
243977
229655
269372
298033
236876
282392
266071
246530
1132067
341163
267427
298477
226349
251058
251754
286377
235876
296768
308607
245319
266975
290211
220917
235416
270089
242497
215703
317942
274821
333283
305330
240901
297184
274323
353479
246037
250119
305972
314008
257007
276159
276702
284721
298460
299246
274318
220874
239412
338049
234294
255717
231698
243274
237257
231623
225649
235527
228819
243782
230661
235917
269539
219384
235184
255926
226098
221420
270066
220606
225338
225437
233315
238064
254880
317473
290482
289084
240197
346887
271489
348045
236333
280692
264625
280207
251352
245817
264085
227045
231700
242016
279703
271018
276413
355648
244301
270877
329455
275415
283168
269022
324266
346404
260769
327811
272522
385460
257554
328361
336890
273138
328319
304757
248214
297830
352137
293429
261454
276841
279272
260223
259102
279626
231918
298562
250779
261151
296462
274997
255858
240832
293134
272269
249619
228681
255319
214047
287278
299566
306224
283705
286090
225591
271126
253336
240045
278243
262647
255401
245640
257671
268213
237023
271022
307674
284734
245925
271933
261908
281269
299804
254861
287790
257667
289415
284383
229194
248653
268980
328022
262236
266274
230715
213333
264404
241105
250907
218921
252649
285821
300625
230359
237611
234202
269710
253771
242886
272978
253792
233303
237662
240069
224346
296992
296416
321561
254075
330021
231424
273552
310367
287115
238433
242794
328326
265366
318064
244243
237154
262959
263829
256267
322826
380064
281987
300675
272036
387415
257389
270289
242374
311793
253861
274342
287533
278474
245966
288751
333568
265316
231321
282662
307370
265455
231999
249504
247341
266186
447198
331662
256226
293038
340490
234914
253218
319346
323505
282082
243926
259354
251688
228220
222671
259262
234837
9698628
7557981
5484400
3423769
1259989
3229891
1091010
1250726
302469
320016
274431
328763
289711
281788
339186
263363
282258
298039
284344
286749
279043
314238
297673
291384
321069
284533
272514
251102
337907
331715
268662
353073
298101
289170
231433
356349
302176
389238
302892
293280
284748
249459
274324
246172
275953
254285
309223
306371
306696
272803
284080
256212
330774
389612
255042
248194
283338
250236
285644
290712
306890
243635
272596
321984
264785
286083
283355
313316
293257
321312
359120
234230
262142
268856
253425
297013
266168
294705
316147
271358
224962
271597
335322
280216
267254
277442
302013
228921
249823
236697
235504
251416
321430
253078
255990
264801
243885
283124
276715
312087
246685
295099
242381
304242
378377
299418
307662
377927
237188
276208
243550
315738
306503
250877
272782
235016
290821
285986
259207
341428
292086
242591
228662
231233
233387
254385
266350
244118
251738
294694
251018
233125
263474
268231
238723
271192
354430
243977
252372
234573
245600
216709
265630
269758
271646
276841
253798
253613
307104
312949
281787
282195
266886
280594
289756
282367
225885
281243
282950
272799
291843
341248
294249
372517
275338
291982
249497
223661
268073
247754
281659
309614
268205
255060
341148
264949
233977
221239
253089
404595
276279
278223
328298
349643
224497
271745
253923
259615
286760
255367
305475
407754
360886
320781
317201
373223
247818
294022
255747
257281
297606
325804
305748
338634
259054
287212
292374
406382
279573
359142
374502
346560
386135
282472
372730
314358
313976
264471
269808
363237
288261
312233
327727
309646
369531
281532
311989
271064
254858
354727
388165
263949
267497
228962
295317
247791
230816
280074
288262
251730
334975
243302
279454
370356
289653
263491
320422
343337
341905
262359
332807
274048
297310
257861
346649
294707
359426
285613
297988
339586
359947
284862
303199
286847
301688
348830
322971
283863
254907
283698
323443
292771
304360
267160
251231
361646
344518
328592
344944
280828
307582
269176
288101
288676
279697
234778
282136
281890
285369
291374
254995
313490
262420
283300
278220
306098
250987
341384
286915
248011
256393
262582
250655
298107
254423
249515
246138
279130
249322
270699
252485
268457
246515
303866
280045
268540
285073
287005
275360
260293
319016
330042
237180
265742
268889
337689
284644
290477
275279
265654
300297
345980
290302
280242
308611
292647
267262
247764
299857
288920
349156
261574
239253
295126
322079
242498
304890
235469
322595
291904
271033
345703
280411
275087
259406
262758
257951
316514
300166
304445
275807
263446
268435
251654
241214
237963
276232
250974
274664
247760
284062
292484
250010
270603
264784
242067
257736
245662
280891
272813
246966
322912
269045
287941
278773
287772
236687
305197
271717
228536
236138
251817
250349
260448
248671
250247
261032
252101
301091
314833
289173
299329
316162
371237
312546
299633
327928
365768
260963
279362
298657
287096
275682
325428
247224
255486
287982
255301
344014
289007
327263
247325
403098
345577
270390
352238
371601
274353
245145
255554
332427
287063
391395
355351
317756
313042
305538
249190
269493
344329
327868
329974
258172
248872
246801
279830
245069
298415
230854
267243
299962
307518
285927
267859
246545
261963
271073
307899
293468
264201
243206
329206
314985
275788
308523
249456
332865
316007
318333
318635
290924
297350
372043
266952
331325
328710
287413
296365
283294
411995
279113
309679
267978
284287
227919
300145
319335
335187
301615
355075
290721
306447
322300
360762
324874
415007
264022
337275
292188
274656
321812
313535
281764
302209
309381
245100
342154
300599
290761
288730
247946
315232
294608
358907
324570
278132
272911
341807
259746
266348
356198
344885
321119
276612
317825
254370
279473
336043
317431
268180
240636
315925
272251
271740
282540
266492
267317
261097
282319
328459
299691
10738082
8597094
6520927
4445469
2391123
3927095
1761100
1984881
634849
590880
282585
307753
302143
257745
293991
274907
353300
274835
259634
340791
247899
272892
258713
294273
264805
239121
299304
377230
287576
319157
263996
266736
292248
270547
330474
244446
277748
279898
260803
264812
271718
282354
266073
275299
257208
294784
270574
251616
296962
268731
291871
269909
266498
285130
275239
259552
291188
257596
272683
328962
300451
260303
315062
274795
331038
257663
264996
280765
248211
268750
268212
278379
273960
303727
265859
275458
277064
248093
311256
286332
304667
286299
283286
289155
244707
290547
307896
222374
271090
242666
242526
267408
301640
240873
322032
263618
242380
253699
280245
279678
256786
254429
280375
289024
252517
333346
270118
252860
257123
248798
275171
258247
291612
301125
256181
248326
325355
241031
260767
252626
256652
335581
249243
252696
359203
270264
260540
272573
250514
279677
262459
325858
266678
289896
315282
274898
265400
250833
282709
280902
306568
334257
281458
253988
292237
271860
313026
259188
265243
271370
337456
327974
250017
265309
278786
240388
248930
274009
280458
234947
277410
255149
254695
411091
250807
270665
255272
262760
263586
265785
261941
321724
302943
218322
321594
300620
313746
298382
272885
280411
317641
269428
316728
255454
283557
283948
250731
299573
316840
257081
283351
341341
298493
288413
308861
251744
295567
277189
270817
253177
296316
275915
247688
294780
290083
303201
341004
279407
286648
274198
271217
285673
249299
306521
315810
306623
308002
284340
271255
318540
366288
251822
301288
268953
233905
260780
281677
262076
253308
268129
262655
329873
267881
350871
328422
295610
302085
351121
275235
313503
287715
371284
302241
280377
263191
286204
328689
277583
281806
257601
276876
279787
275813
292771
284593
335108
350179
285331
285173
263311
333299
267571
244738
275601
266412
317631
279709
342138
276225
247551
268939
333155
280923
283161
389213
307431
306513
270268
259699
258997
251862
358234
259345
270514
232326
260524
281972
269727
238739
266344
310773
298038
307732
249764
267569
235670
307293
233940
273955
324267
277899
275740
276309
258454
319920
267210
287296
266132
252499
307528
275769
269291
261702
245164
268309
288741
264743
260444
322619
316741
261502
272868
251329
307412
281306
261245
284700
276682
251050
247995
285467
271555
269144
258432
293189
267565
272894
266455
263744
281199
262694
254895
300281
247476
308195
276869
307957
272522
250700
335216
292034
284556
241284
274539
309583
257432
311923
305495
260014
273698
315121
255353
261358
257133
251724
320339
252200
297705
308977
282809
255123
270952
296244
333875
297943
269986
315040
263813
273051
283923
289561
254862
267880
284285
374624
272096
281844
269222
307521
271192
314458
242545
314841
316966
258387
294129
282325
252976
273611
295630
258795
308867
326645
282129
264155
367907
333815
286979
286757
279433
297251
343176
255107
247206
244688
291357
265065
259846
252455
265280
261211
272313
240072
328074
267497
269113
294982
328664
280025
289466
242502
290150
253598
254353
300889
322448
267605
294230
282802
259236
248515
252126
266285
340638
253872
265843
243372
308470
267808
255120
265655
246350
312476
256007
295605
276980
346609
278484
267848
263510
282968
276413
308849
297414
291515
294123
294248
264769
358382
279827
361636
306880
314058
305041
290019
283841
280909
279457
287306
386907
288046
290507
356342
336424
265712
276023
301063
285934
285480
289651
278130
288091
336923
261574
276076
248065
282896
271291
337810
288424
305039
303024
300050
313338
275923
316994
348680
361852
286656
296368
301706
267805
289333
638093
1601723
306517
300746
360792
366133
389161
357023
344548
278042
263778
343200
285847
293312
288785
279409
287578
382127
256275
339007
323918
279290
261125
257926
267451
312009
229670
256176
314541
316877
12941247
10837935
8817445
6787482
4759875
2695241
2306607
1307686
919974
299826
307671
298086
323068
304330
279818
268856
266977
295818
288868
252216
314912
278286
296264
291466
311465
334364
315754
291760
369595
260552
358769
323470
437853
249506
283589
299540
310112
265667
253195
351811
334559
252230
286169
274373
281742
260244
260125
263250
304335
276287
265011
257857
314362
263404
296486
267021
267649
289941
354259
302991
310305
249091
252962
271773
261725
299697
253858
276433
259255
319443
254565
259450
246368
291364
263242
371581
266145
261431
252515
249330
299219
268570
264621
265400
255035
265936
263612
255499
250715
248289
259649
337757
341165
270956
270112
300084
263188
307241
286573
265103
336653
269884
281332
324141
342245
300573
265242
281580
287328
305967
307453
282651
295535
310221
308510
270338
287133
269375
224613
270664
262866
261461
267825
282330
295249
354784
253822
280564
297159
298117
265319
317334
293256
271090
256773
336798
289045
280304
314218
267082
363564
323698
295806
272323
294978
268612
240486
288145
256249
343717
390029
352150
263897
279458
336953
267980
246731
269993
268894
348815
286636
244064
331871
280212
250163
300651
287305
248610
271854
327636
252470
297379
266203
280467
265918
290333
300184
302545
269275
280224
301642
250055
343160
315565
296200
333187
267035
268983
333774
328585
255449
285578
286135
281133
239566
249445
295316
335007
289935
270023
275801
400519
352747
313918
316379
305660
328395
319203
295904
309648
311916
258546
325715
293293
241893
289898
264058
281493
316744
288476
273403
268781
278823
291147
265745
357153
328947
265478
284913
273907
246625
262690
237663
345515
278969
268451
316835
304843
263777
258188
275583
280085
271052
245827
267601
283313
256553
282091
252892
251933
300548
255359
267420
288511
243888
243716
253084
268952
240933
275357
327612
283450
263301
318296
325180
272021
292765
303179
290487
244634
323123
283444
259818
306910
295244
236785
311043
269921
286022
258080
307984
230555
313296
288341
301716
247170
260021
311408
295920
294261
269382
277316
248444
261825
240826
329821
277749
360390
302751
235299
422788
290914
292662
281816
260941
280596
322660
316190
395073
247826
274994
282736
261220
308291
260145
261983
256681
276956
231609
244050
242862
250996
292758
249368
231822
324431
260712
273656
269920
353045
245086
339368
329392
274213
283228
336436
274700
296028
263975
241737
252321
259605
284086
272245
267555
295460
296574
237754
265730
274204
231415
237310
253461
262491
286493
269848
254539
258436
272957
263642
358556
272107
283346
251039
270807
256568
223192
267877
288092
282909
274924
278408
286833
271308
259185
296597
267401
252525
263179
322604
301485
293973
308474
252092
276563
240344
270055
298027
279397
266992
286213
248561
254632
286740
271594
236778
279240
255751
273709
269433
249057
254081
262326
261801
286272
250236
261684
305146
261930
241674
305112
257170
408265
242762
253556
262774
322079
285976
320808
258655
291606
313234
290175
301520
284521
396020
310307
288885
267626
254909
257021
261199
262880
290118
273619
279760
292831
271592
236139
237168
282275
266703
247088
277313
290597
243491
241266
312681
269025
278246
273613
298071
257978
305997
242767
270572
312524
280548
291749
329723
361235
285609
286087
304925
303899
262433
258168
317709
270990
321895
271299
297299
288087
316105
282915
276434
324395
270953
296071
288652
325613
286413
385976
318167
328318
322395
349107
264807
260894
302796
295363
296038
272740
415901
317861
304123
306287
360552
270206
308838
297469
266756
274768
329492
260176
321898
277452
329073
274724
303655
272273
280634
297589
301016
296397
253642
269003
268213
285249
277050
290788
333979
283930
261021
298049
306059
238253
287178
291843
257866
279904
276106
248964
270109
367647
329294
288258
267652
292251
273192
270996
303718
277388
12984482
10842438
8837288
6798600
4647779
2594512
1824962
997264
359562
401954
387058
374803
296490
283287
271068
246143
251458
270712
267616
263311
285385
259653
453341
330882
328956
256984
245215
317942
285381
262978
353114
293271
333235
305016
252764
279522
251162
259884
247881
277119
322854
256158
290673
282677
284002
298822
352311
353135
273442
268584
302409
289193
316465
329075
362110
269631
317725
267379
276346
263937
285504
283104
254615
383347
314043
272156
336251
330518
274649
279599
319529
276930
290600
285494
280157
312398
344245
331759
266666
287550
280497
297178
263825
256535
265513
360087
330061
370508
309314
304491
313155
264089
257423
292886
306361
324055
286518
446060
294169
230173
331851
287491
308988
252891
272576
279173
256436
313244
287717
240750
322738
289088
268088
398190
334160
272924
301690
274514
351445
259269
271089
368596
321127
263407
350538
335512
278205
299032
252312
246589
275910
386974
319374
280701
284055
247686
274276
268630
308777
325758
249628
292159
270559
281706
266140
237877
260590
273998
345041
269888
273335
342963
317416
261857
271257
278301
237965
288155
249829
285076
281957
271814
325767
222291
229068
271235
258212
243956
268437
312533
300764
298727
306541
266722
325223
257606
255799
276734
330448
277759
269181
261025
242929
265334
378454
284027
303598
291971
329605
365063
329163
392141
315634
305418
300492
323169
286123
366370
353447
336160
244517
277725
314592
370790
281323
329966
388650
320657
356151
296844
283805
286162
284759
329133
232233
312268
295524
319801
254245
282092
247469
287003
334456
303761
273211
267674
283569
338416
333293
274576
315753
262801
283441
251058
260642
254529
295446
288193
264960
314377
275124
273325
287572
338682
249583
243546
269677
257101
282594
248845
262558
315252
255866
317636
269527
251434
263615
333852
268625
406450
314407
322310
256868
297371
291749
284572
272409
310849
258040
339164
317751
298669
336676
302040
244739
258400
292017
328588
259454
388742
267751
311573
291436
230933
317858
296815
277421
323642
302502
363617
293804
325398
285749
332475
287079
294023
280129
286433
286650
302487
340102
298572
281641
292559
295069
269940
298527
425349
304521
292615
300915
370937
299649
275870
277370
348105
244818
402596
335872
295352
257142
284550
230697
282651
281288
294098
358206
268996
256820
306080
338298
295332
263165
314232
318223
314887
311720
246487
264814
295965
232992
337483
265252
304010
284600
387728
328418
296262
261839
407330
251203
293154
272691
287114
311145
288535
300216
324590
317994
288167
281842
341549
323632
279099
363777
311031
255124
256697
265881
316166
248445
256956
264403
242884
320431
244808
309829
296772
338016
305191
382948
248387
377242
389590
240833
336660
313054
241170
254041
317009
302338
249398
268629
329790
272486
402585
249358
264569
270855
293673
283023
286524
315998
323708
330059
328082
278145
358397
286390
255000
329364
270425
276172
321896
313376
291214
372727
304625
288545
237219
374613
309486
289247
269543
326558
283335
252952
276702
240369
254236
266490
235097
243041
267248
269642
266579
278653
246087
288961
253708
280708
250338
241539
255595
283016
247800
306804
250918
337339
282626
275129
297673
247857
247141
272305
243605
253812
260676
333936
322210
266721
256034
278121
297024
295602
321062
300650
317333
261677
277058
270772
277359
339226
315493
274963
260727
276424
277255
316062
234158
315020
254680
298853
260703
289988
284468
287589
278946
259493
254730
235774
245574
304282
272109
250016
266249
267043
261330
270424
315394
265902
253665
277438
239693
261016
293567
300108
259344
307102
265708
267929
301283
259120
284717
323738
331732
361249
305482
317306
261973
307450
242154
304937
266057
406662
282674
274938
253531
247619
269152
239066
241732
287637
337970
237480
307870
296777
296610
259900
252618
279587
337689
294152
9019677
6877779
4784906
2656372
494474
3508716
1364182
1065074
553818
272630
359654
355218
264507
317859
266505
253772
262032
266319
274713
232500
341063
270313
281043
263640
351668
279893
384527
248774
307514
295461
299728
306665
273445
300956
328442
309636
387917
266197
273327
246217
258517
334241
280911
289234
267984
305732
268388
326234
240364
277429
277912
280902
293672
269572
298226
284673
279109
272527
255066
300353
264337
279057
302734
317265
375825
320277
332381
335939
320809
259669
267335
283183
282523
250806
244653
283494
265590
290900
303747
254824
319874
282297
251198
290342
260818
254361
330445
249702
250299
310506
378960
254074
379044
238773
306857
300124
289704
292521
341331
334691
295631
246867
326242
334172
283538
270495
271019
260219
286326
294206
306216
249173
327344
267137
261087
232167
329064
292621
283348
289368
290291
253688
246479
319389
265196
256365
344020
364723
290286
285543
287920
313500
311954
277751
369428
306934
280870
417929
281908
259411
272085
244399
277716
253589
272503
316986
249920
326611
256633
303291
265247
263888
328695
250394
307108
266914
260434
288565
281642
221082
316509
264552
311770
355873
306000
302856
317714
248760
256727
338818
271041
277035
265388
258298
259239
269928
333092
288639
1551502
306884
346035
285868
289135
347606
281199
272893
262899
249193
282907
268841
306854
311041
246255
243695
248935
337746
283136
321529
313346
266456
298383
249523
236933
264224
289317
281440
263094
245131
308641
277472
297842
232778
271565
249138
309352
356106
245385
255979
250846
363444
247676
347837
260350
274360
286017
280697
277028
272881
249004
316622
281671
238422
317275
289809
236622
241105
270069
258753
290856
267136
269394
275917
259560
244310
252424
237214
262381
263291
248698
258924
267766
249252
258118
256755
229569
244203
299602
297416
290307
278570
314337
257321
260378
236184
244191
242751
242888
248752
227961
291918
226188
247489
267242
293325
227909
232399
277110
261016
296197
282667
277071
289568
268854
256038
213541
343049
292365
260648
305826
259472
280885
267649
332186
362547
267743
279993
325843
380480
448777
290684
231877
322368
287014
266497
260015
214844
279481
309889
270349
341422
329625
275645
217768
319543
353130
275676
340617
312531
336740
256467
263661
297758
245407
247588
305421
270701
268858
274798
266724
290152
333699
341303
266145
279843
411083
263403
287657
249637
322688
239410
279950
264508
376135
312745
326685
293021
289898
324842
353979
256913
356153
256526
259766
330284
320317
314204
358218
266281
360125
286075
280548
286105
285755
271631
346119
248916
265526
264366
293776
246590
300304
317150
477544
279861
302588
225908
273548
310315
247185
279218
310455
321899
265079
268279
279670
455577
319640
278427
312803
324041
284194
260047
371928
259660
285648
371518
294342
294599
256541
371852
272009
316023
268322
356830
278873
298379
338183
253343
262157
256904
314217
320708
264361
297494
284995
305728
297378
273799
283752
301281
258788
310876
248190
268497
275604
278553
270720
310761
273037
274644
333028
359685
306169
284449
261945
259381
326629
273642
233995
267499
299523
272761
253067
295938
276592
265469
271860
278653
287757
280501
296072
251225
271806
256526
240269
390142
308694
265824
361849
287716
251150
287821
263018
333012
263579
323669
282232
422590
297567
267823
387418
243138
287965
337496
287566
296127
289580
261337
255384
275785
254945
293930
268897
286898
321291
319895
331412
355893
284826
317760
274184
322715
268514
318672
269916
284296
279370
265537
260291
262488
307266
287129
311267
289774
274671
286641
281691
303679
277239
316107
354097
278663
400661
285555
264368
345496
278286
306880
292730
286445
291989
256832
345599
274076
268467
339974
298845
293235
330453
257085
304063
264180
333147
293618
250128
267406
254489
258910
259637
285778
310825
11679480
9550298
7497208
5420845
3366976
1247853
2210252
1335924
747769
325343
289696
269230
293638
412919
331923
306636
273353
261553
274557
282021
264392
240402
279203
273976
254237
314894
251818
315262
290458
289779
274223
345437
267514
310895
281578
297856
303947
267220
277600
275441
255362
256999
271166
403930
267874
235556
317377
265588
278392
321862
303736
282891
376761
255992
268422
261762
298723
303887
272147
288487
266732
269072
310679
404613
279873
268834
312121
304588
292066
268059
254809
297191
243267
317451
240548
262823
281696
360807
317061
301238
323641
338969
364456
245230
297220
284091
324565
261988
254503
318864
358034
260127
306121
339745
298356
303483
278874
289510
379551
308958
290629
267979
291590
328724
322647
305219
314075
294396
322156
272896
379911
368481
332298
303362
298589
304446
307413
308590
290641
257702
320569
293386
314086
350161
294238
303192
266282
270868
306282
272746
347670
288054
320308
303568
285389
269990
271957
269034
241721
278268
291882
282912
272926
293707
244824
281574
274860
281218
269528
317853
318599
291483
315977
241777
318181
319685
327066
341817
272694
269724
270398
277518
287842
298942
304480
274464
290084
401219
351108
257485
278375
302306
291406
259130
259024
307649
364096
285046
364733
285204
240728
296821
276215
315519
263317
246493
252773
274924
375112
356052
290635
370910
347340
366104
332015
360139
342186
397553
301219
280620
264797
351074
284685
239482
283849
364247
254733
296310
273690
259808
241532
246479
263226
285046
263961
258144
347189
272598
277462
309506
268010
296737
312984
321692
294475
281866
322577
279307
289530
257091
278415
267202
279906
321140
279080
301991
301245
260762
278996
320563
261143
400948
309675
365122
280525
287823
292643
348204
329831
270484
289009
328912
292810
284586
296087
286084
274791
292432
350262
357004
284716
285274
301124
289282
347848
278271
319796
282706
307767
359077
350825
270809
302439
285929
275420
262460
306945
366292
303805
269896
280250
332888
303014
348118
455072
263995
277192
264199
323940
290908
285828
317969
303870
261050
278241
261234
258637
352979
288736
235425
269556
277580
248984
281715
272325
325646
268723
274477
245661
273341
246596
285266
313193
246243
286840
297978
305515
280965
296366
269560
278964
263421
298901
301355
249426
315160
271634
292741
280057
264799
249055
244016
255566
303917
411004
332971
297795
307738
257739
275576
316680
317291
284085
280702
245329
268590
266620
295380
301864
277862
308125
291732
281032
298357
270710
281044
346451
293368
294805
297886
288217
282217
282058
305088
248181
317707
247197
292865
304225
275224
295837
316467
308937
260184
247800
290380
326224
325234
265427
331891
277467
319138
279468
333862
351501
274037
259435
266208
304624
303071
299691
293540
307955
253034
276458
305764
328325
355371
289188
285458
288112
284708
283338
310298
295551
264258
310218
275208
326988
351935
323038
326478
353841
284394
307109
305076
390503
338819
333082
340228
339465
261719
307495
312069
287358
285658
238491
295012
293409
281369
303349
268712
333236
346756
260963
265386
268366
358260
391600
289949
344239
315642
325109
359333
304669
323009
423397
352576
328486
315809
364096
442337
306406
265882
422413
363879
289373
305176
273029
416036
351852
317542
353816
348472
271815
343969
324639
334256
293739
279046
304416
270673
275190
287676
311437
272099
262373
310350
303616
257913
274816
417028
306103
293224
282710
314507
261840
264480
264213
268257
260647
347774
282294
297751
284327
223439
283887
325634
279727
356360
246690
313734
361511
274767
242054
318521
335351
280571
264811
241754
247047
251824
278601
252081
247243
266737
245504
280950
404091
266877
251057
377565
290943
241306
295073
397681
305867
299741
345957
301474
327127
274480
325084
305250
296954
285401
280454
268178
296214
234714
242371
313927
313197
11675456
9542159
7495794
5475477
3337456
1311717
2729830
598332
428025
363715
328614
310578
379977
396984
432645
277921
309771
288708
284115
322491
310134
285125
303571
326482
390561
294458
315948
295004
313728
305765
346182
334225
280482
295522
256505
249152
232306
266269
262591
308171
300195
367372
248015
385695
315412
334638
354455
440832
324792
268318
291126
325716
273959
280232
329052
272092
299388
336715
252955
286725
255991
317959
287715
261338
271738
283208
273045
286869
286622
298175
291639
344532
330762
332372
319042
280068
309075
319615
337466
270029
299838
318829
328499
326969
287402
418399
332008
305136
330482
277565
390049
326113
308782
317289
311533
295036
364596
311706
364526
265719
370013
264270
280473
301403
281856
350251
317894
461735
240004
273150
264357
328135
292871
260591
279551
263014
271724
261691
259897
279511
310231
289628
242338
267471
248991
445522
253164
294738
259031
280631
275524
247555
261808
269064
273681
266874
259408
251898
261424
238264
255627
288395
247018
276811
302781
252864
291898
295608
296804
312588
307021
290331
251251
283994
293631
291021
274687
256158
307088
279755
342125
264428
256881
327104
280532
219854
260328
272831
251494
288861
240304
260404
276320
239504
247868
279045
276568
257024
235541
383718
259739
262444
255415
268228
268768
269411
273958
259958
278810
278431
324158
322435
259571
278598
282931
287889
271555
298995
339735
354332
320594
282291
321721
287031
323658
275661
257301
268411
261174
281637
271917
290661
268601
265150
313151
308438
320951
294971
283051
321164
273367
285345
315441
295267
296081
313111
285744
287114
295681
332857
330094
371625
297311
297361
283081
279867
327405
299198
298688
268785
387008
307101
282894
334021
356294
271278
276581
290271
295079
317665
266588
262365
279932
310668
262011
301301
281262
324228
307279
340908
317628
293685
259688
303598
282745
267352
278515
312798
253075
334312
265405
269732
363906
320459
280759
250759
281512
257498
298875
263448
241165
240962
254585
273899
342079
257197
284860
315993
302667
282799
393615
328191
266810
283460
354803
277792
270078
300478
295830
309203
354712
333616
297922
268897
416521
354017
297850
234528
263355
272255
327790
384467
277157
275622
318502
305445
337021
283653
342690
283306
277535
300952
264178
350090
289107
264806
276195
277702
287605
274864
272327
263916
275369
271128
262418
257260
286900
279376
271223
272262
293238
306871
257891
252437
274326
343840
261465
288525
291438
265034
272490
254710
251739
250575
319024
254327
320610
342583
288333
275725
258978
266807
338120
287273
276855
274852
280695
278058
284180
278313
271889
257724
258815
269771
254364
286449
267059
286315
292045
286054
261764
255166
304066
272342
295708
266668
285838
303983
280270
291345
307922
280034
293607
271993
282289
274443
241502
260338
268554
293707
279177
278553
264186
264465
263538
259857
275157
294479
270932
276495
250124
281947
252560
252319
278560
280825
245631
258251
267888
303267
263430
266219
233855
269371
275507
439178
263530
359516
354749
277051
388898
265017
278290
265279
294623
295435
296412
249444
353720
277530
298912
257955
418583
260504
390021
263403
300779
256179
278826
267358
359881
274447
284623
266826
264932
321305
268304
293147
268296
341089
273006
350399
348075
253843
277114
332207
253745
253052
338621
314598
294007
245353
290602
262375
246578
274783
284744
237019
293142
279741
271561
256406
292083
276996
307186
262148
287872
315737
289003
290476
283216
354769
300659
257540
265007
280636
291429
382539
301255
312368
336624
250387
318100
378283
300469
329565
272575
283114
333267
449343
308343
288402
243081
353598
254596
307553
339129
269171
282407
302171
295810
295913
284199
277922
352425
286090
258597
267422
296463
240105
290242
282091
250327
279253
300953
250579
280008
267214
278657
253100
265829
297915
12319067
10168599
8121359
6073668
3928760
1936351
846015
1404357
370225
316920
304213
278339
265728
259134
251597
405915
253593
272109
278599
268298
270578
293180
273960
310416
325029
289951
284055
356205
317153
379236
345313
286525
282225
289345
346617
265500
292180
284805
325166
308215
304614
270083
262119
376520
269692
287458
276924
260330
304453
308626
304285
288977
279034
279783
243326
346310
300726
301772
273578
246414
258284
301997
300959
301945
309018
255291
268103
290153
316132
283655
277651
277298
328054
280090
402093
293052
296559
259371
341021
263570
281936
369725
274902
300005
277787
277183
333723
294249
299648
284288
343585
362634
340840
334163
279545
318398
329198
300387
258763
275692
226889
372055
280717
328667
242986
289646
270995
327077
291620
283206
258369
281766
328415
278071
317661
323707
339030
279829
325322
326585
283351
282434
252333
294849
330585
305417
352951
303020
292216
278616
331779
488106
468045
320334
339677
346862
322796
339032
308198
380834
358384
331369
377052
288738
315298
320404
306303
331943
330976
293608
256230
328067
331780
396074
281449
300071
260718
281900
274636
289560
334659
236011
274591
280137
285444
292826
311199
249501
330601
293917
270254
283833
245076
301839
282972
361868
288023
316813
404740
320786
255285
272814
284587
285857
326677
273275
312049
303965
288855
247773
306613
302880
301926
327122
263468
272268
356774
352163
288655
303156
321238
394074
247747
285729
297909
328008
285967
270736
319362
283971
261189
312015
283897
275936
298995
269340
316596
339801
266090
411630
280091
277677
389930
334796
323408
304554
272682
261517
347891
323039
335845
268650
267305
345741
267593
255956
248257
252180
304039
268394
272717
260696
292364
277550
298653
297875
287261
299116
326272
287244
309100
312311
280577
323940
380962
340144
297723
291216
319497
270807
272978
301695
254453
253038
286111
383171
269799
341805
282280
268339
424281
280366
301776
296601
269587
317813
301746
279071
275616
271142
383135
327217
260896
266654
262549
329562
308488
256992
284295
298337
301907
294255
350108
309383
274632
263195
273623
292359
298375
345140
289210
309961
280233
257286
285568
372274
405859
278958
325591
306896
281245
256611
311733
284735
262780
341866
315505
262927
301566
277825
292614
302767
329768
272970
376807
274675
312827
259026
334025
248507
306960
315979
312631
313947
282665
287535
333227
305746
302642
350744
297410
309295
309937
358270
328859
296720
385860
359215
340851
298405
348192
433917
326559
273925
335534
316403
314999
292741
288476
296058
255400
343460
303068
312661
409584
277081
320624
295033
317715
336135
288171
271809
277542
255197
253599
294798
276944
295686
276211
269744
289226
276002
333360
253653
291232
305564
268076
330916
329591
321180
316425
312855
259373
274995
350962
275594
325816
369098
300854
306109
319308
293837
266009
323511
286030
287005
291052
292848
312573
274168
357021
316293
326169
243114
367066
296408
351031
373913
313195
397805
343433
290048
337774
311331
343036
323559
294968
376876
318286
286618
323233
350266
303195
299430
276992
307078
260856
404716
273534
312367
429213
352651
268900
286236
331701
274990
344560
313522
253730
266916
293435
315080
290876
291998
303777
315474
356659
291144
294050
311606
355252
395908
382117
298732
257737
303163
431663
326964
288000
355646
345678
281853
338076
266638
335073
276042
384902
269577
261193
287302
367984
305409
259318
258553
254429
268421
276647
315573
276422
311874
304712
311931
275896
307752
322895
301964
290619
341272
301274
283089
285228
253634
320250
309369
295957
282093
322779
294931
283746
269695
401871
305977
345043
274738
326267
307053
309222
265224
327020
337922
328007
319136
247594
295993
257959
297611
323911
298195
347825
241430
337760
275491
315904
272120
300148
275338
258390
288808
335945
255579
272868
268671
255606
10647300
8507919
6461941
4383744
6110748
3921803
1817746
793647
459110
287296
293661
252570
273589
276715
332590
338606
291014
239323
282878
264381
297957
316373
300591
287790
276642
256961
332437
279689
279445
303277
315427
261082
233397
269433
315409
327015
338366
271768
258397
293430
251702
271298
252093
280499
297462
267460
286960
304292
251154
406634
265755
285447
301906
276421
306410
296263
302009
273484
369746
248472
277444
276833
255839
286638
293217
268210
288628
314111
330419
248215
246357
352870
385448
257984
242242
289875
251637
345596
295558
287921
255509
246342
281291
253887
321869
340905
279090
334096
238704
290766
323835
323858
339640
340882
289337
360393
386876
340744
346350
341243
370062
237997
335010
279255
244864
319019
340282
247007
340613
257075
273410
277359
283865
241357
263509
308835
267316
314536
285418
246787
311296
269142
260254
290660
275678
269797
289936
261159
306598
285013
280418
306420
236195
252894
345514
283553
261955
273914
427013
1536988
272701
280193
319433
262367
263423
276832
243194
265143
296672
276807
279476
284899
299847
262223
246082
316434
258237
273159
269775
249537
269596
276782
247394
246979
257258
282153
265662
314385
319724
277823
284985
274417
240614
405712
243824
242631
297571
296861
250915
295845
248987
392505
332142
299614
268124
245144
264564
266144
293437
267397
277474
263398
289728
320454
254391
364468
321595
248571
265504
269754
251074
253967
272474
274638
222744
269860
253193
302281
281674
267234
277821
244314
359062
247417
325571
300361
324168
283280
415128
282654
303830
263703
324284
281970
252804
265740
274134
252897
285990
292308
328831
284527
303654
317587
252725
313338
270310
275034
292241
243170
264974
269997
251384
250820
233700
263730
245367
276770
278510
251714
247504
264448
314828
273328
268674
241520
270428
335578
278640
290991
263247
291254
299168
277868
304774
289418
284898
305377
348744
325094
294201
283078
246907
260384
285514
271090
310978
322804
310987
267434
304041
285174
254055
318924
273711
288951
326595
289925
275578
347608
329064
302004
297077
296014
320768
282912
306407
259510
319411
291715
329128
281718
283801
258525
306905
305798
260901
273008
250691
266424
259627
256781
273024
282921
288714
359755
260310
391021
304004
291931
333798
258655
285405
289818
286251
309845
277998
282244
326817
269041
300770
266961
319734
236447
260951
242671
374004
268534
254851
282434
282385
258007
278941
241875
273774
293134
309594
305431
321480
391445
341977
414524
352831
400534
257256
267241
301238
280887
312308
299307
341951
363238
310628
319061
283548
316741
306624
323315
318671
320212
337111
406088
364744
261527
314597
257147
246744
343195
254884
359405
304184
333288
296141
384934
296244
263217
269304
260758
303418
265591
290354
283665
258331
250031
304938
299295
341985
305225
249805
280884
265008
296594
298974
271173
277107
308115
257220
262670
267538
268717
248278
321841
250144
263148
367842
258848
277951
246128
293224
325261
288531
296174
270907
355215
342941
260628
283238
388888
370604
258131
365291
264417
303935
302095
268421
303515
280531
253634
259958
282162
268624
275935
262421
273578
257291
251667
282681
261125
241454
329138
301727
275221
317741
249514
260921
277774
271734
290594
294067
286681
242588
316185
310365
306011
291821
285401
316084
329407
260468
245774
287525
274531
298871
273781
274810
260001
250954
272230
251988
285721
247323
316284
311135
286278
237431
349045
305657
276771
279628
298338
264548
275474
255714
305678
296338
317228
296658
286324
269868
305347
271197
272684
297287
253577
281905
264007
267727
287628
249477
284561
275421
266460
299591
294664
278637
349968
316498
281044
287401
322287
286814
322491
327444
295708
291627
349705
284111
293881
274564
327405
306428
364138
279055
293498
287878
298931
278604
311231
250478
300064
262018
283442
13275875
11116537
9041236
6969472
4862065
2793361
2649683
510996
957448
454629
353369
282384
276495
249248
304641
353748
340669
288638
273189
314595
341002
297069
327058
314765
331732
338391
272088
280431
281134
372915
340712
245618
266618
275925
392318
302552
368249
311549
247829
321682
391876
286762
276732
311859
295955
279832
278025
266282
289809
275485
321046
292179
342650
287443
287189
318430
276986
380287
298690
262750
314776
425891
267977
314887
256766
277797
281711
355620
272418
284630
314705
290958
300755
284605
298005
654460
314096
343113
385594
279909
305970
330740
286544
397434
288674
427771
282347
282770
323181
253284
278257
310741
294861
362551
328124
367897
304844
312151
325677
261581
291774
263778
365918
365032
385438
368709
328188
342032
305396
310929
426366
314223
287050
269526
314239
295769
298389
244573
261259
287906
353023
346646
252030
389591
255213
326304
300174
297740
315525
271791
279791
264104
266878
283241
284077
328642
241338
263594
280345
312505
254762
297542
282336
336873
318329
273695
272750
258176
342533
249179
332306
267319
309836
284767
272850
294383
305241
280147
312864
286511
301932
337685
289441
284798
258029
395573
274049
280346
290005
297896
279219
274203
274376
283506
251280
270989
291173
286059
327003
279750
261476
270646
277530
275499
345894
282890
243994
311664
297973
253177
284304
264448
270974
291514
238812
329959
288965
292355
292195
269125
307382
321985
287282
298545
313186
353842
282549
371036
315530
321973
297547
335190
312980
313733
288483
313887
292690
309787
314911
334194
297324
354608
236403
311954
327954
288485
317081
326345
321258
309439
329742
378805
348582
349912
286925
274342
254831
365879
280652
323442
293609
248725
338949
313888
361469
270819
264182
280996
319866
346353
394794
283196
281390
290620
298067
271590
309560
250923
238929
284380
329680
266370
230830
297584
277740
316007
256340
282511
285478
289412
246278
276625
302918
260834
271977
287168
287905
272025
304528
295965
269748
298729
303975
268952
303692
273819
273270
303259
356436
260049
261239
267166
250859
258862
261223
273947
254512
275996
278730
252853
254009
255820
276817
259623
282850
247200
231980
237180
267230
317943
244647
299104
293457
284234
270144
312397
299574
304467
292124
249624
281634
275341
284342
286421
272728
263318
250668
269469
295742
278806
278981
330505
274905
275295
258632
282045
273446
304829
264163
302366
277782
273766
258112
286043
289489
317313
311133
327137
360294
295817
336177
318547
296477
329917
318787
335994
286394
358315
257848
273291
287888
436642
306796
362852
342979
325746
312458
318212
316649
315369
279608
353196
331329
329443
297733
291613
290643
305233
319577
252470
278983
257390
309370
277514
274897
318984
299705
310378
323330
337474
275444
259481
308468
299515
310602
265242
341053
262253
324839
327273
310699
246962
320050
284035
375086
306046
316412
279342
298506
343006
358514
394607
313574
319130
325747
285367
337334
332058
266417
334721
317777
273734
321387
377374
321980
266207
246177
354248
278907
272721
273298
375665
273665
317965
333839
347738
335182
314192
274805
312775
257512
332632
293672
283399
297969
357462
320555
301033
291713
347086
274637
304087
281384
298083
358733
284946
323410
296126
281760
293703
302167
303854
315014
277360
300877
270053
268413
256503
277320
289024
265028
295394
315258
362351
331470
326827
395924
295954
388358
315365
281731
290141
404102
271101
374699
336165
314142
337179
363876
375900
258376
272878
291486
354730
252399
294359
257626
259866
251796
249433
342313
265813
276047
256583
330854
260096
298341
266530
283670
291983
371299
267271
254419
272047
311810
302755
394014
293545
307504
301260
239754
335231
296109
300151
272993
280608
260548
315936
267872
267823
277896
263564
297746
270848
326711
355246
333454
308686
307191
286387
317829
306738
325110
10780015
8637104
6607830
4542140
2387763
3952508
1801707
1171067
525816
298366
261219
298204
298093
242068
255514
327540
310675
304580
265802
311755
286203
375581
313850
306149
326468
300983
284874
379944
337182
348094
302909
309679
378724
369762
282415
285133
292489
260007
283333
329289
280004
332109
316221
290239
289108
315930
362970
313541
295979
239875
319400
259999
324571
275300
287571
265741
286502
299148
288197
292748
316727
308723
317178
395863
269255
313040
280259
267727
275690
276499
268177
259989
335115
280610
262402
342602
289843
279029
267577
246459
262295
334197
335299
323700
290696
307448
302027
243018
320837
287433
291495
275594
280465
310754
261987
270698
306124
260412
288458
263300
228548
277117
266500
253945
291820
336839
321807
382910
289276
274160
325559
377435
316394
303065
341778
328426
370255
341941
301235
327127
331463
286971
296103
296095
272665
276660
279872
282931
256936
310519
384198
305039
312715
307650
287625
340441
319199
281008
308830
264358
278010
330699
306645
346254
293096
277288
359633
279588
288257
260379
290932
300256
288314
241470
298853
289651
280206
281375
325773
288695
291108
328280
319392
325287
341856
281028
268769
311102
291567
334910
289901
350404
303558
405508
326766
374045
288806
294086
264794
298033
300781
272804
285900
279172
293680
274649
273657
303303
296178
283517
278745
316047
345176
242165
393781
390839
280131
284273
264544
348764
303839
263601
278766
267705
267837
340856
275394
310980
251468
235254
241192
359962
266833
268742
323925
322696
318084
309497
303613
301251
324243
294525
270437
324760
305532
270200
297525
266011
295340
362782
269860
276835
263495
261166
289962
288507
261316
304325
303443
308902
318671
260893
268995
294416
303282
287697
259382
253418
292161
258778
313445
285663
306646
286011
301636
324252
290497
304626
292870
299969
256315
315534
243971
263024
247433
271771
290200
311318
271828
243966
278221
293107
325940
285731
426147
328802
257830
303088
298511
295800
372322
359727
313559
345528
340110
297884
380774
305999
358361
388691
326232
304341
333046
300428
404258
257039
335861
316766
274638
320257
289145
286274
253579
387015
272761
295469
375469
268050
263799
320730
354016
353372
362990
333879
332947
322087
284958
311520
297982
390211
276412
297804
280956
313415
297633
279200
286238
311873
287508
337401
291419
244341
310907
336283
320215
286326
289159
342284
296302
264011
327086
301195
283780
293349
310051
304770
312175
285777
283186
314522
305163
333222
305898
282829
292467
272716
306568
289504
316216
324771
321306
288425
329861
297790
340458
277370
302052
261937
251049
346939
370254
361926
246521
335897
349836
307384
283950
340348
284400
286663
284915
310113
315826
255358
340846
292485
276714
303030
317865
381877
399050
349554
285656
376582
314503
278065
274360
343793
318445
350080
328629
307690
376577
284345
290434
296772
296164
277583
303408
350494
372306
275654
260116
263052
468048
317162
299915
241759
366143
392858
357699
371719
311154
278642
327564
354597
332379
273827
324592
325418
340650
342135
282582
514618
292166
287704
281506
280965
302419
334988
295463
278381
299525
272601
297182
340815
351942
288631
317496
258197
290682
288918
307649
294341
276909
369198
348366
395628
361723
339818
249892
340464
348996
293807
262115
271451
295852
270034
274992
376987
258341
399410
330722
324381
335812
265307
302912
360394
304319
306986
320779
320374
282281
329120
348219
245230
320434
248989
262627
377610
287821
298006
293394
327799
274045
297896
364131
314590
306178
248629
278603
271512
312031
344642
275873
304945
305433
264014
243133
289935
274733
308828
285754
250018
287547
270308
258403
303798
299177
287514
271482
285664
298619
334714
341606
290027
285152
340381
338073
285094
248906
332488
279473
268281
290969
275530
304823
331421
299242
288067
273492
293910
268305
10892796
8755128
6748515
4685007
2567676
2965047
813659
1166303
685061
345318
303577
352512
309843
418532
293750
411535
294589
333708
284340
343972
273310
281118
304890
310291
320566
289688
279087
323891
263685
316597
286729
291061
286922
289184
281216
291507
298702
277318
336016
298637
301322
285121
311873
351924
342879
293294
280972
298974
347495
265694
304642
293317
299331
274736
302769
303116
328875
285807
288728
286662
261854
289409
253785
263957
261908
250569
278528
267682
270831
317626
262121
299600
274574
233702
271541
287499
282701
291543
296741
294256
260138
308005
282508
267132
351691
283626
240740
268048
233960
272332
291433
252841
296297
336122
275130
271092
253207
285715
286833
277381
309877
276732
353763
275152
254527
302028
304650
307341
259106
315564
298139
281334
312800
303660
321995
270780
333212
301117
275539
308387
321062
280264
278305
267730
285392
348427
360456
350323
293098
324171
284705
313293
264841
295470
332522
336763
348178
319480
266851
351883
368532
309936
274451
324656
274381
276029
258371
260821
349797
274882
249813
290682
311577
346553
285214
332823
285937
327449
318378
339462
275751
286368
306783
283968
295466
259781
355537
286867
262789
275354
258756
261754
271526
277068
243129
260797
372536
374731
357123
274428
319869
331494
360663
241213
268585
295120
301831
358420
290725
265936
295912
296657
347769
339677
306402
340287
245715
294130
299572
337817
247514
337570
293981
270289
304121
259032
260224
301686
311561
329520
265038
320356
262348
255630
313074
309906
339128
346013
296998
360182
355652
252899
314994
335099
331842
368683
329034
296346
323201
378893
363478
377949
303611
321516
310910
285936
271825
299509
316274
254759
365108
295056
288974
283005
286510
256295
287037
271686
279644
307502
251873
253882
344754
269788
293087
291552
360007
264872
266370
260918
318710
271532
288443
332128
262974
280982
287376
280922
272613
275378
297743
320047
286926
306115
292322
278391
289646
259258
297079
284764
288826
253554
295746
336781
280597
359802
300286
268038
284999
349998
271393
278780
289205
264447
266138
286341
287818
241974
300089
266457
268509
300228
263578
316401
294215
257630
321969
258887
258978
295080
315621
291756
341909
285150
263079
285133
326335
318431
346965
346054
357468
321910
337032
339673
277568
244429
262115
266210
298748
311306
319275
262849
252491
277479
345395
325673
263547
270532
295198
324906
305981
367402
328938
267932
327120
310019
319851
305822
357831
315065
305685
372677
268901
334367
301902
323391
289380
316002
293294
350086
261155
267806
251571
297587
323269
246024
273520
313939
318501
275533
258855
333957
312673
299198
261416
259142
278131
337934
316232
301813
276109
310681
274726
266768
278393
283206
263508
280147
294472
299331
344257
281312
307664
273053
297558
267046
296695
361271
266599
325088
328081
274032
359495
338430
284875
319107
365833
290241
313330
276849
244627
316370
328088
285448
308483
312615
338057
307009
309264
288410
291535
361558
275269
321202
294480
305236
309098
340180
367115
266147
344787
284644
302186
287599
294641
311625
287444
274580
266285
292801
335516
297058
319808
322349
378938
318067
319359
356898
387360
258858
349950
277915
345878
323992
347618
320164
340825
340421
289423
303199
286717
326826
267428
281887
270805
281214
284209
349825
331827
282111
341858
315819
317875
272933
298409
313861
323000
341389
349811
354846
419559
287677
337166
337820
325913
277668
249970
347236
362328
269135
281128
339680
351843
344081
343709
322408
298780
291122
349481
313366
266438
260907
251819
296371
299060
279755
280761
300006
338424
264949
240631
319337
284306
329362
281187
323276
291734
362487
258098
349411
379489
298229
276547
379913
274357
272666
260075
290649
297459
249961
275743
388413
288117
271443
253378
334501
288822
328768
267920
349879
268810
254689
12292855
10146274
8076011
5979046
3897685
1814278
2216602
954918
878213
410473
318822
370077
275116
438882
325030
312528
282047
265512
258764
247832
340976
274520
291436
253508
322901
270062
442668
298943
316172
304832
261656
320708
305330
367090
319401
324686
284058
333870
284329
328760
256400
250705
260084
284062
333982
387397
262938
249481
282743
251591
288957
282405
272821
278930
321191
245960
286699
279544
351462
273644
293643
317885
292921
296413
295338
329521
307836
356038
345170
323005
368251
374341
289625
239214
293042
315675
282983
276095
329844
302156
287184
260894
277363
281164
271493
287862
384311
349806
387175
292517
261282
306054
283209
272948
363263
331486
314071
290469
452709
288024
354819
301221
347817
311082
300595
277765
314228
285273
430999
356704
321423
382772
372090
336352
281348
391091
329295
315541
451507
422776
383958
270529
291635
388887
288858
407195
326719
334638
265460
256615
276803
253545
270408
269700
258445
277537
346666
336435
340904
356759
279604
271390
297795
388788
253365
277521
342853
269576
308277
279729
247445
333110
264972
289418
281916
286919
293607
286169
299589
310530
349572
304531
305366
260775
339690
262706
302338
333126
272882
237570
307032
302424
291383
288119
286891
367230
386256
332930
302303
260711
276436
314415
292471
281043
294281
270170
392653
314570
259066
312012
315575
308773
429998
282117
312232
244368
331903
298398
304316
265675
253767
430900
304651
260590
241574
429975
273539
296094
262944
337516
249721
246600
323129
271237
269206
274691
285867
241668
219840
310929
318828
337397
257828
229910
269279
317055
273586
370670
331828
305607
264239
314384
259015
372468
320200
278118
238951
328796
284065
432587
336186
291084
249523
270976
270414
297709
256415
246137
275682
263981
253836
274022
266213
288408
242394
291679
236038
290407
305185
286884
255099
373484
294420
298682
316674
276983
375982
268211
251616
265301
265173
280692
296304
337403
278465
282384
281486
252381
266690
261119
258815
262954
241763
303012
249984
351160
301866
283434
346627
257518
321637
306130
275762
307071
272082
400363
392215
328543
261691
337094
308669
266695
265521
301686
289561
253806
314770
248761
295640
338882
291348
242047
281246
317055
256439
267848
299198
296890
258336
228577
248193
290253
283435
264869
259758
305701
343733
270968
241454
309990
244498
277731
265816
259808
274817
256543
287472
289441
317153
259345
275968
297946
291284
234700
248606
235784
262907
263146
278971
262290
286693
271531
256037
280113
284131
253830
322600
312438
360417
271185
299764
338604
277943
292698
278894
368213
277272
259927
286263
245498
266294
323790
333226
294048
282029
258715
389947
319209
334848
377091
249315
336242
268549
340673
287667
267646
279825
252890
251693
256435
306894
384710
260852
270995
252423
375209
301684
274706
279028
344997
319186
317752
233580
309605
261681
250190
255526
244444
241520
279202
274638
260707
257392
356072
271689
257605
273317
263017
266135
243557
288636
244441
279951
267483
280481
255220
245099
312311
248737
237582
273712
291250
261686
248274
265237
308636
300591
286773
249032
301024
258697
238448
316611
352610
271358
339374
252479
316999
290014
268899
284325
284941
239872
266328
285478
278083
247717
263687
228136
336084
280514
273342
252228
246397
277972
236428
266043
253458
292494
276607
261478
246791
266754
272818
295091
276953
346059
258374
364433
282571
289000
271896
296595
302701
327486
291255
317994
335217
287642
326650
260542
252372
254254
289066
300048
289004
279272
298694
248846
311881
258020
311906
316565
308181
269209
256281
299404
257709
271321
260226
310926
285667
301463
270795
274831
271436
263915
242434
246982
265524
340411
319607
272232
286848
273796
319425
255000
320943
236492
281741
262053
379215
335350
262782
378488
282290
284965
284914
282520
260878
242014
292490
13645640
11482563
9440722
7332611
5223723
3163846
1012291
1871655
470057
409289
302101
347340
367925
300557
339027
279242
352001
296446
360682
308814
242676
278812
283524
248650
265525
225857
276205
309231
267243
377959
306281
298300
240018
351975
294837
256468
255135
297210
326923
338389
305400
317386
362588
306753
343449
296255
308730
286745
267838
276390
241029
239221
278837
303056
294695
291394
336319
284945
355603
290468
330178
273270
331655
330555
289649
282394
316437
382333
290564
307580
334839
248654
237469
280239
292194
260187
249502
312451
288663
252915
280035
271703
283575
299804
283640
281468
261530
351960
287325
277517
335583
258085
308251
308626
262525
255490
315582
276212
264904
306476
296128
319674
357683
260767
291569
295148
334404
298943
317368
328781
361460
329842
306264
277313
250639
354001
271669
379622
386475
259666
345259
376814
373536
298428
272484
323873
362659
368487
274573
365971
383290
324953
303015
332640
260289
303221
296843
279042
335630
254323
317495
282384
263416
313318
318263
346323
359022
283694
276009
246811
311471
300983
268714
280793
344669
310635
264524
350779
300987
290327
309471
310707
348526
386646
336127
384889
247572
298024
269553
283232
323097
277473
284385
265290
293589
276367
254493
354109
268048
313333
317659
270944
360130
274481
278118
298187
368275
358874
338553
338184
321527
229808
270914
365757
294278
308551
263149
304618
303727
288648
269090
282379
315139
349424
316990
242785
252120
299926
270078
280650
300583
283904
274970
270972
254645
322620
307502
330671
298563
288286
377791
330056
312679
309321
289386
255532
273860
265436
349982
370997
263426
271551
274064
265371
288274
249726
299125
282186
276986
262504
271810
324865
282481
273902
296909
263937
294033
444786
308267
310802
304484
282100
307409
304674
265393
298871
261803
301435
367031
322233
274758
276088
287903
270438
301151
295492
281815
326741
244835
285851
326776
260302
266497
285643
282831
314664
395330
311715
301134
266286
293205
282634
243402
339041
318183
350859
329047
299933
313329
323835
402366
294325
286750
257215
304658
357317
360466
303731
304086
326645
289382
276301
295395
287351
272870
336112
288588
284736
274358
280841
302186
284448
273834
265495
269338
261393
274508
339321
251426
404502
278785
257940
278411
303940
274732
318674
288953
276142
364692
299816
285831
275007
291506
366606
275401
281843
280578
315821
295783
317212
302384
272262
320438
295727
335629
310052
446464
311102
336338
296627
308086
376685
332853
297679
307504
269129
284348
340683
294576
260071
324467
304312
280427
318229
295085
296270
281489
294365
288243
267692
282708
295647
286908
257217
322869
279755
269954
316476
291090
358031
262846
297244
284747
341598
266964
379683
333036
318501
325176
288658
296760
332470
315439
301171
245783
339371
299347
291069
361419
325257
285619
304787
278320
307428
318841
333020
328756
399655
296107
265762
272748
281920
323406
336562
306070
265045
336904
291723
399292
335904
303432
334648
322060
294442
333498
302367
389076
305365
259417
302192
299791
266117
354518
296258
319083
284895
308743
292712
269964
350377
355615
317255
361750
356640
354741
293833
327622
298717
320783
282445
262751
272133
275568
268364
306100
271478
331416
340863
271631
367227
295225
301891
328576
283809
364541
405083
334339
340228
328187
310262
262160
279508
282268
283833
318399
310418
248010
289669
296234
336546
277815
293624
283856
295369
291198
296353
277695
281240
261786
295631
270950
336886
290374
281764
289972
381338
298714
304649
288408
324520
264875
287731
313907
288512
290671
321773
296092
252050
329395
261054
269757
293680
289472
269123
282079
308518
351350
316669
248261
722168
294010
365726
296541
280373
275498
327971
275446
326335
305348
306300
359979
271351
306822
351192
303280
331549
277535
288997
373853
311291
273313
290512
303095
10631847
8488183
6441909
4380498
2234731
4347463
2194802
1642918
664622
507250
393426
392934
360283
312775
353760
392260
362549
271286
262722
337311
276050
244012
271197
286723
302865
290184
340330
284227
260430
307042
290304
306553
245934
289903
354283
307635
272127
298510
299415
314187
376542
359331
357334
281779
257877
272322
302911
296650
303802
345115
266477
273019
294492
331684
285956
324158
272370
285585
270427
268870
288312
286734
324299
263588
268727
334426
289398
316954
316195
268651
281263
320218
303981
325216
289782
266970
264572
270538
261850
255298
292017
255629
281252
252240
297229
276588
297290
356043
337841
290650
261872
278161
246766
293508
267790
335339
279061
261167
270022
294781
258956
396473
309304
287663
265021
296354
380560
331295
351860
268433
328744
324810
327669
257787
259826
280948
277294
263241
268966
257528
297124
271719
312774
281869
297823
312253
340584
252539
283891
327430
274471
304450
244985
273551
286606
291684
290619
306728
256920
276294
319440
307838
253260
317891
320681
267159
276274
268495
298011
279776
285335
319737
316749
261377
292152
271407
335046
258701
329296
289138
228779
253818
298963
284221
262543
306578
289813
319428
313480
309846
273954
278589
256477
263540
255348
293097
329169
330583
317638
310333
289776
283083
282942
251513
241373
304694
255013
255682
278647
358059
270827
267416
288414
325756
335124
266633
330157
273893
315441
322263
312078
350387
262851
296191
274341
277841
343110
250104
349214
262111
304877
305681
291096
291309
273704
309489
299670
280799
294508
301276
336531
290110
391382
274924
269956
281900
286929
301041
263822
307198
280143
352229
294264
322518
327107
274499
404278
315942
270981
305386
289975
278780
304036
300834
376393
312105
325439
1410886
1395674
318492
250807
327002
272350
280535
285773
289729
272984
256926
271880
306213
252887
301970
262335
297054
291156
252177
280102
334931
259449
316084
296883
310145
237402
233215
235690
311565
287970
281936
279247
326260
296948
305440
285031
304043
298382
317951
296052
301087
254182
287084
303116
281657
292513
308802
280044
258948
281017
322439
250928
260895
251351
277086
265421
275233
266708
262616
259724
268740
248675
257973
274175
280567
289976
265034
242825
294832
294017
256448
299017
261966
252630
285152
302515
288996
305945
305970
321901
371173
