241286
177826
211503
176899
226948
214608
218762
229177
191449
229731
209200
9572497
16287783
12099401
7976481
3846655
186513
572859
11407311
12251567
8092806
3899369
413031
175661
245537
190726
208881
227405
250176
278435
326039
297641
284261
215203
203607
9037467
14082130
9917941
5789646
1634963
156591
10891488
15104493
11002111
6886002
2825693
188002
178827
178566
181597
214897
217578
180936
218986
216612
293419
257094
238563
1089338
10773509
13658327
9558861
5502631
1393611
214481
8845564
15342819
11254256
7149846
3022751
215482
135888
202042
137693
153579
176794
215422
235249
232236
241210
180522
161876
3934399
11455638
12605013
8435450
4251037
158171
207002
13083525
14070296
9896005
5727536
1621100
203962
206765
162822
204697
217652
224004
247852
259861
294770
265604
226338
215632
5980638
16602081
12439405
8352670
4183413
197433
8134374
17213055
13029109
8855977
4673676
495622
227636
246923
187147
183022
196256
210320
278514
317708
305312
280277
253334
231995
17558932
16549363
12465865
8368208
4227007
191971
4593776
16054101
11867289
7828703
3692524
189493
187025
232105
232327
226289
228062
226148
269015
223209
224911
216774
194706
218403
21440435
17310498
13191639
9046989
4947363
836357
14548416
17557845
13401450
9303079
5188089
1044071
166451
226924
211078
220425
261463
235681
224405
157378
218057
208509
220123
6725816
19135778
15056564
10887475
6760693
2628963
241015
21572198
17355262
13180703
9032263
4892205
742137
180843
202651
181490
177886
315927
299945
336707
293541
314940
261321
262332
8449626
15878394
11744039
7590679
3449187
155559
1441575
17047738
12869379
8692913
4503232
352959
188632
187112
175068
170324
205119
213885
214860
227233
262819
256958
208718
148585
6668823
14952453
10832339
6686822
2569809
170526
5758144
16183317
12031158
7847136
3710545
203889
173372
165305
174237
185997
196632
223204
231036
178794
202929
216906
209990
216616
52992761
48815968
44581639
40415274
36265901
32604559
28459775
24305974
42099201
37938921
33794086
29625861
25753145
21565230
17414308
13238844
9024593
4855436
673470
168092
181565
178852
183017
609278
15168803
13534303
9391677
5287126
1173675
189781
11699788
14709527
10548166
6369052
2164864
164029
169646
194265
190557
221174
228391
270211
258202
259636
251522
182082
230439
2031739
16576090
12448895
8298759
4153567
220872
239476
18509385
14434979
10299834
6146534
1984078
185011
178253
199995
160979
155887
143345
233028
196429
189892
185359
180412
190009
4468662
16508348
13301420
9159263
5012387
884666
269226
18485153
15043515
10902449
6778994
2673727
157688
180212
233365
209315
162614
226266
257915
271220
306493
300165
221158
336226
18098813
18785580
14606226
10502909
6372083
2228464
356932
17247995
13224425
9118069
4999691
850743
176412
190326
256044
171779
173159
197574
184615
186834
203135
224390
169444
163347
3550265
12150021
11398375
7240044
3104051
161203
1454161
11467293
12383715
8262040
4123501
175182
156663
192230
165512
155912
192385
192381
208564
186733
231498
156963
189937
277941
3845923
13898387
10813223
6642391
2482854
224441
4269837
12830176
11875647
7727529
3586335
207618
167827
224355
171395
180430
240871
222733
270722
273887
265028
268351
225548
162695
4490596
14092255
9967422
5843029
1725659
191509
3935141
15378520
11218783
7045520
2906579
182677
165699
178172
207508
184636
249181
258271
276164
267163
258118
229639
228859
196131
6176106
13495776
9401573
5315616
1230551
181051
6989269
14428474
10253874
6077518
1926131
184772
181261
201109
174002
202856
192928
205374
208360
221440
204727
236105
217988
382420
7000997
12577567
8427866
4282696
149037
161138
10917448
14409444
10324503
6295006
2199773
163276
186356
177644
163581
155705
183080
196420
253601
272739
182976
176199
169861
884320
7597614
12459058
8402103
4416269
289899
161408
10739472
13716217
9657317
5563456
1481831
132831
150331
150517
180372
182683
204388
193991
210902
205446
201968
201958
203508
1926977
11969548
11814267
7723497
3637791
190029
947799
8257348
13168963
9032875
4886457
759729
197390
137479
153250
193965
227920
223394
275081
247752
193700
159727
235876
186181
4832406
11237293
11004748
6840328
2683128
140501
2610622
12773472
12296139
8137120
3973892
187936
151353
139548
192918
179654
215251
278014
273297
266287
261862
183433
217500
170504
5014294
14399792
10253536
6097068
1983289
133266
4559850
15931848
11813320
7644089
3501919
171999
150576
229362
230833
210370
209764
177418
231316
279751
322870
233259
185919
154433
6012649
13739031
9551690
5384077
1242164
187429
6804992
14919002
10709418
6543569
2387799
154576
223527
198508
187138
173146
173126
162389
188082
216436
299110
310521
208033
173930
11893641
13779402
9667111
5521758
1408502
226614
11228307
14988346
10804656
6707092
2632824
215517
222053
177521
186950
210624
188983
254103
332305
331307
324127
272057
269807
512552
15830090
14496627
10323021
6196974
2009026
166621
17820246
13635609
9484824
5324336
1204985
186487
235502
184618
255950
258868
230178
265234
349784
299906
293627
287688
244413
3741071
14690255
11678142
7562845
3406920
217551
1978939
17012649
12874875
8695391
4535285
384778
180261
182277
170775
202974
235333
210325
290386
243681
302538
266778
269571
235542
4154882
11948457
11074585
6909335
2786619
201546
5672748
15699309
11527754
7332478
3151189
214560
163927
182305
199593
224741
242375
270303
310765
271703
298505
174696
257332
227592
8598053
13472960
9231140
5049335
867801
208411
13495674
15156723
10981009
6816723
2667750
164011
182521
209565
215240
159083
194888
206222
270008
256568
283618
279814
222962
686883
13779742
12735282
8689967
4556929
387438
179781
18390216
14273953
10095533
5947009
1791350
180141
182810
175266
213615
173539
250307
230359
283320
284064
264547
177538
150739
373707
16212361
12086713
7952114
3873806
208627
231874
12271653
13384387
9283014
5140097
977425
162475
171979
245639
203140
162316
223320
216136
265406
243245
203724
242260
213983
3574302
15954653
11838375
7770479
3618742
175152
163398
13344796
13489188
9306602
5168197
1197881
200743
235988
137290
155265
203010
208382
218823
228266
260590
271674
159140
179878
4576842
15182094
11057952
6957700
2898013
207626
2151696
15795141
12648878
8457433
4432514
365659
210546
195461
208145
196118
213722
268294
329932
317300
317739
252128
244964
161777
6534402
15132355
11001043
6917281
2779941
226266
4045919
16273618
12138782
8069156
4036145
191050
226909
227233
211684
171906
210450
177332
213106
205689
258535
249032
229554
167715
10045948
14591430
10443070
6307297
2239179
215588
2083472
13793100
11213661
7069014
2935573
189202
188287
185687
167064
217004
217348
258866
237696
252340
251384
244736
189899
183528
8271852
14410944
10252804
6250391
2132186
226693
8100138
14937269
10760256
6638671
2536157
237425
164175
256204
236834
173438
229025
204455
188903
207247
275522
218554
217827
223139
14192785
13392220
9314168
5212711
1093284
194616
10176973
14933446
10815902
6733992
2636453
163685
149824
172040
203185
178856
200026
251223
255694
325227
335581
300840
242295
1899339
18197268
14018057
9883095
5752269
1629079
222627
12012203
15407370
11234041
7137620
3095566
214728
192948
257706
187418
185324
198340
235629
237150
295012
198863
221056
196133
4823606
14526004
12946885
8811348
4767450
587601
228720
13707274
14026640
9877804
5755210
1648542
164819
174798
149145
185367
198496
212163
269429
274284
257973
217229
198792
204137
3510071
15721771
11992489
7917440
3789391
189689
997226
12392612
13096404
8921527
4747524
573621
189623
154163
142003
199611
191158
210947
219425
277691
279633
263414
228852
175684
5160323
11952767
11099096
7011350
2906110
248764
3865831
16384324
12363931
8193087
4050562
162126
154993
220091
185181
181219
171223
184683
213634
223763
308884
303985
285450
273451
5987022
15250734
11113976
6966742
2896062
225506
3012324
13964964
11913039
7772064
3614332
175721
167024
198126
188740
169508
199380
207212
295443
280029
287277
263686
236268
197468
6161689
14280119
10188724
6042222
1954035
206462
5224072
15817441
11664678
7475624
3354779
188221
150675
222883
200723
217499
216122
283782
265858
314679
315232
289366
321252
258370
8279794
13536554
9441610
5315920
1232903
193511
8316696
15097257
11024084
6907769
2748510
208198
266298
213715
179566
150893
206431
250892
199061
211413
367125
222584
236419
2415199
10060343
12657349
8548875
4382764
220266
166660
8201472
13922570
9822646
5697216
1603062
293544
247225
252108
232245
180833
212550
223410
236461
264015
236405
194023
263489
2654204
11516060
12107572
7997348
3910606
195002
618163
9706409
13250337
9142793
5022177
891701
197713
244178
226649
135634
225737
285009
281028
297168
291309
245844
221173
174806
4240864
15196299
11192772
7007671
2879805
204608
2774426
10498257
12817585
8763122
4818431
707710
272134
204056
216680
173876
210323
226350
268054
294155
263415
267199
239386
205546
8176364
14302247
10177320
6036764
1853273
154266
4978555
15740434
11652258
7565329
3397426
192403
185289
179718
151418
162348
213751
225179
261044
267435
250317
218588
212007
157659
8035070
13730702
9542953
5366409
1313404
174515
6265078
15074413
10952856
6780861
2714668
207330
246777
203296
163099
178458
189444
176465
207688
228778
298980
245502
245936
224892
7769989
13793034
9736813
5665569
1539080
185876
11077186
15292373
11223687
7096277
2985735
198617
186456
167764
178104
182589
196112
224986
338789
264938
305820
236326
215703
712681
8651308
13047057
9022480
4985304
962832
261910
12731781
14708886
10613806
6560522
2537559
265867
279196
244126
273544
160564
207713
183569
239676
227859
181725
227962
229231
1750503
11024305
12277772
8191890
4134366
206442
215598
10713938
13912065
9804563
5667544
1538837
202212
180976
208138
168969
185799
184537
194875
209676
232010
257570
271222
183348
2862487
9804876
11605526
7466221
3298923
193748
1084168
16831405
12730456
8580560
4402506
268228
203793
166035
194169
183413
218711
250219
304348
306765
312146
214417
196235
202663
4153143
13199070
10749411
6567703
2397014
173693
4465130
15869163
11731841
7660652
3555624
204853
234988
185597
155908
162342
163976
168770
207566
247900
257347
230874
244063
258023
4277857
13841916
10004726
5849437
1690724
203568
4985937
15273997
11113975
6948529
2777854
205178
233270
221192
225354
197545
234793
240857
312590
290084
305127
232805
271606
185118
7327758
13309619
9180342
5161064
1057703
174113
9257508
15007583
10885176
6836156
2774903
172833
187170
173561
223111
222979
218869
246937
284878
282530
276217
246587
186871
217060
6853842
12595148
8442151
4391734
293375
201786
12931895
13469460
9295504
5065709
898913
199178
213595
207806
177786
198227
270054
283173
236635
250117
245290
246095
178409
3462026
12956231
11467309
7323561
3212898
220854
564788
9686280
13395801
9290815
5470426
1352222
193780
174626
207490
191952
185473
191277
202202
198558
265076
201599
230120
152631
7637418
12902503
9516013
5360582
1249092
316327
9423167
15192666
11052110
6964077
2838507
188896
258308
194537
215317
203080
212284
211041
237983
267431
299884
262211
242705
899228
12008984
12989221
8832591
4658687
521440
174908
9226271
13815756
9652936
5496042
1350966
166622
183064
253885
180582
194820
187532
227571
256375
310125
270581
266388
307982
2359645
14162916
12422129
8251344
4165817
220362
2413984
15189662
13404337
9303716
5150219
1111366
156205
146340
191476
170370
193119
186295
233191
231266
297381
279451
268029
269478
649074
9452489
11490261
7324119
3212426
206589
923775
11015660
12452599
8317059
4168279
194056
176504
151925
185497
164299
190482
188763
150371
153056
206726
192711
227840
166826
5128518
15140489
11000154
6870877
2751163
221902
644703
10948174
12930014
8858545
4792657
786414
225444
249876
239610
182060
206341
198740
189118
192919
207972
271147
267115
195180
5607745
14594551
10435508
6302625
2170058
157012
3852679
15753019
11791385
7690289
3571202
195677
219047
198578
177835
177692
210106
213014
323145
322417
333852
294942
273538
321013
38147209
64223508
60076597
55902256
51762021
47598750
43429859
39828416
35681577
31520606
27381191
23213894
19071446
14930534
10729233
6570812
2380662
197358
145468
184517
175308
190060
184229
206572
8381049
13507442
9442522
5282681
1171617
188461
5942029
14709841
10556174
6503621
2379663
135229
164996
161873
185371
219988
258335
299839
252430
313545
334628
270743
204827
730824
7311213
13185681
9118907
4981584
775777
216827
8467213
14193416
10061103
5927746
1796692
171798
193305
214256
227602
203964
227247
218489
249466
225560
205330
255176
209802
1318797
10393627
12210889
8060420
3864266
222211
228246
6615548
13183048
9097339
4928299
745458
179705
196666
206463
269557
175713
204717
217235
224942
279099
277341
238432
179353
3418197
12577035
11434974
7346187
3352771
148416
1085051
16546698
12833649
8717698
4591944
466466
178623
209458
248575
161363
191559
185723
197848
198292
225756
246337
245768
192688
3478710
10285216
11203551
7068013
2969958
201527
3565013
16523619
12419756
8267383
4136762
188626
161289
220903
215852
193309
217363
245629
288057
245943
267854
211310
227573
229806
5019262
12716847
10079096
5948409
1851862
162823
6293117
15361099
11219950
7061017
2935329
177658
160824
182282
172130
139141
216242
270314
254566
259659
261802
231091
225665
182172
4808120
13406863
9324881
5235168
1065200
199436
6603838
15151823
10973097
6854997
2757453
218181
204026
197796
192816
180838
204736
235403
301832
295110
293220
240095
281160
194033
13667296
13862531
9790472
5636347
1456405
198734
5144012
14303927
10451052
6318295
2193480
163772
162581
171376
143574
243956
208680
202970
209092
205128
253181
242675
187336
291761
10282457
13321369
9184745
5098118
968904
202122
10497284
13825010
9679364
5554614
1434478
171868
167157
204324
188617
134247
208502
220556
314125
313850
214894
228684
168366
526585
11567281
12287822
8125901
3979866
190872
182186
13107810
13362200
9204105
5054416
814294
176874
151641
185916
161878
226734
171017
281795
295430
293883
241191
194857
206114
3442234
12828029
11411691
7252929
3145971
231655
485644
14957202
12646215
8473193
4315588
179312
168411
143784
176522
176729
194409
217386
269686
233154
227744
184425
191560
210847
6162100
12328966
11020393
6863656
2711530
211516
2568364
16122882
11991872
7836061
3685873
183499
169564
189020
212831
174299
205232
228288
272454
275509
285613
255372
211475
170591
5312549
13138427
10327313
6247182
2150895
184419
3425375
15218288
11441853
7312262
3205289
195167
164104
149397
184132
181899
163698
167615
224888
253226
287055
233742
247930
173561
17761459
14947008
10739518
6550918
2361297
212704
10826639
14820342
10695610
6560682
2459508
158976
168371
192899
181464
166911
191399
202827
195745
174020
205524
210385
215732
3896526
9297389
13359403
9191327
5035549
906611
243591
7625829
14320606
10235468
6102833
2002645
194237
204261
235766
247556
172099
216488
224973
344272
349890
337054
286017
266080
2072510
11276327
12964446
8843630
4730147
611495
161689
12139818
14196651
10070909
5912065
1836839
190897
172354
175279
173659
165018
172949
191115
196004
194197
170955
240909
231348
2069294
9076416
12368752
8251374
4138424
158655
196856
10929298
13540644
9392903
5262262
1110775
171987
206591
204838
150651
173406
204846
240975
228013
280204
233185
190281
213612
2229748
10070252
11996203
7857935
3767783
246330
1100845
8809764
12987114
8839486
4687054
515573
164897
187797
172023
190968
195851
186389
220554
264580
333883
272518
289044
187442
4477401
13171441
10746679
6621781
2479056
225032
1856644
8638686
12223451
8109967
4054627
176841
179174
224580
204369
221858
179711
197956
221005
241465
258568
203547
190114
226759
7473405
14334777
10254435
6153827
1983923
198997
2624053
13878885
12290870
8203765
4102870
211293
226537
177437
274306
188058
239251
267493
320441
350359
334594
275900
346957
287367
10877013
13446208
9293124
5177455
1074708
222459
6967987
14868211
10728285
6575759
2407018
195999
177542
177460
165476
161517
174975
221281
269965
275593
274137
250425
246638
307854
13149140
14006681
9986719
5898958
1772700
227291
6668652
14855475
10692156
6543184
2362212
167448
212311
170994
202642
192236
205924
248074
317076
323735
312753
262672
256494
1092357
7802780
12960201
8845328
4731207
560727
162925
8801628
13881813
9794091
5715123
1566366
197347
196801
255932
235906
173675
233159
225141
285646
259419
205824
248032
175232
2187507
9840085
12003450
7888058
3720981
209963
247269
6310860
13125876
8951765
4782465
709277
184083
184365
204336
205597
190698
212178
210079
253064
245158
188116
202583
240163
2879994
15883333
11780462
7692387
3549669
149648
1465209
11194370
12822724
8748700
4635969
551848
137154
148708
180729
163532
191162
167829
225219
242322
300576
269007
225830
197811
2862797
10607786
11195856
7080668
3006890
187388
2512380
11300773
12408739
8257589
4143771
180347
234368
163970
230483
168787
182617
194244
207138
221088
266004
212992
242993
177777
6898933
14230288
10118371
5964831
1836887
206269
2718228
11863921
11664262
7528777
3443294
175865
236598
200960
216444
181490
222145
241877
263148
262832
275963
262046
275491
196272
5408710
14005478
9915781
5826877
1760273
166761
5131065
14939072
10802181
6724871
2628430
169742
192121
218816
211793
240528
230989
256705
319209
231356
302272
262489
184132
257858
9864054
13395711
9375706
5224580
1005342
189071
8169258
14145029
10029789
5863351
1877495
150427
232948
201558
179395
214008
215305
234959
285626
219463
190660
163452
217705
3331776
14931171
11829353
7710846
3576621
197590
1803865
11015524
13059322
8951392
4780070
667864
173391
146364
204721
192434
253288
227279
277541
310696
311796
290658
258388
200272
5038491
15242050
11159402
7052495
2935085
182818
4513096
14286725
11846346
7757732
3679198
202135
228199
188650
201885
197481
234139
276678
268645
262998
258962
239279
228197
228764
8395948
13559875
9416098
5287936
1108207
226749
6588027
14914833
10787655
6721030
2640196
154792
183454
210468
176440
207054
237732
238896
259782
254637
244463
243165
190624
541834
4873184
12642312
8466271
4352805
228010
216048
7967697
14198770
10125343
5965872
1837659
169667
165784
173270
181379
202898
237141
214917
195153
192017
208141
180671
188280
2811794
13702092
11686632
7532112
3427685
158033
508989
8728592
13093813
8968013
4837887
701506
158751
177808
169837
183098
130646
210987
216593
260508
229425
308152
229513
255108
6403782
15614396
11483654
7368334
3336340
180293
2489363
16740958
12730420
8606399
4464683
309995
160860
143146
202729
183124
233378
227938
294858
220563
302702
269627
224697
180401
4276709
12073485
10676052
6585519
2449174
219210
3495968
15797116
11745729
7612221
3472786
193451
145069
172482
204884
208738
226640
236504
276540
272441
219232
230091
233524
200580
10101595
13438178
9266074
5102584
969061
174337
10705719
15722133
11664779
7586275
3528811
168561
223155
229262
182673
164424
321710
296304
285320
299856
326108
248491
276310
401114
7693686
12910714
8781016
4564232
371708
149035
8927342
13894932
9851081
5679416
1602516
169878
176812
193128
182559
164366
185753
222473
302083
298024
269257
275822
273774
3566095
13252098
12079652
7948003
3819164
199435
172373
10322129
12889678
8668935
4510475
340687
194596
204271
183448
199846
176543
208464
159127
188285
148532
156066
195488
149330
3715574
13727616
11942057
7824713
3775987
192656
3179841
9361565
12810539
8717215
4635741
553586
170267
264762
227531
172013
165611
191587
214376
274409
274440
237725
267855
171511
7222548
15262184
11150140
7051203
2897040
198555
2991232
13283981
12029320
7986432
3862395
213755
211306
220009
158775
166221
209050
251138
305303
289213
302135
252949
268151
235744
6155552
14179274
10027310
5841302
1692693
226218
4280071
14476241
11473876
7396721
3292348
182705
181140
183099
202604
181205
225142
208357
236580
197994
192960
202494
176563
166984
7516696
13379736
9189914
5070058
992895
197418
6903659
14513868
10453741
6331030
2210134
180141
151259
214740
162254
171855
208686
245325
246601
289636
263009
236908
201516
363159
13800436
12985280
8910232
4776123
592161
172744
11354622
14677049
10495873
6338458
2215882
182574
234977
248410
198874
198061
239437
240314
250465
162988
213485
263951
260617
1968841
10853178
12713526
8606643
4508510
445302
188020
6512543
13929254
9831573
5777011
1675055
184300
169635
170520
175800
199104
212205
250429
248908
236091
180962
221003
174337
4731389
15269217
11116693
7012671
2922637
207060
916040
11563517
13167872
9015398
4949935
883269
155561
151638
181302
174939
167032
224685
270251
341384
290398
301980
238774
255553
6815496
16183195
12012936
7837957
3692332
205617
2892954
12994326
12535306
8400519
4281955
210864
183179
166767
228195
182909
205064
225541
281978
308291
324339
325268
297500
221229
10325983
14713296
11223331
7126657
3035157
225237
2484229
11123439
12032165
7850158
3774535
196935
212354
278533
221901
176659
210790
209745
218502
263037
312216
256747
185415
264126
5952428
14556394
10486843
6350441
2331809
188029
6079845
14911301
10746131
6580219
2443000
169717
193742
169545
223570
208499
226079
241471
240323
233663
340888
215357
223805
185514
6779459
13285620
9191044
5051363
876600
189990
7219696
13628526
10408160
6251017
2066236
167644
165831
177528
176664
206427
190535
280693
266540
273030
223626
245141
192404
535439
6734295
12217074
8655231
4629142
476464
180176
9050055
14227859
10075401
5974606
1877226
195554
170040
216872
216559
204513
228952
241646
293968
309291
228222
222934
187636
616800
8238274
12353550
8180077
4042062
207421
175018
12292895
13928223
9788888
5663776
1541405
176813
150218
162094
203898
167188
231164
289008
276181
281817
280527
191010
194137
2406931
9809752
12175791
8025070
3896160
188732
187492
14204777
13530186
9437686
5285533
1142248
188890
208883
193721
191507
178613
202834
211455
195669
242875
276844
281209
231049
1290112
12083373
12263449
8109299
3966998
181396
2131948
15971230
13024217
8949518
4794584
682524
238325
291125
239352
175343
171411
234173
217811
246636
275666
275057
341294
223731
7188455
16880863
12788664
8702375
4546857
419178
2135039
15895924
12280998
8169113
3992401
216554
200414
248157
238230
195712
228730
280834
345114
329685
373650
279403
276012
220397
10690917
15225681
11113183
7022415
2930868
208261
707426
14210711
12050976
7877680
3758535
190187
167593
182769
191045
162763
209150
226855
294733
282457
298621
255566
259057
202072
5685982
13447259
10195843
6014437
1919041
189244
5422294
15795827
11658267
7502129
3362866
254481
244502
198839
208021
168947
220419
259111
261049
263484
271558
212650
243857
243798
5488786
13785359
9869275
5727987
1602014
208420
5526712
15758439
11579945
7434680
3289869
215041
213558
195315
184354
190252
207983
196814
227051
291046
317202
264053
172138
164933
32604467
61077452
56886843
53335388
49177545
45019275
40851244
36674205
32513993
28374136
24190425
20025820
15877001
11701135
7546803
3364003
183429
195095
240713
351706
338203
267455
257634
624554
9654690
13081009
8904306
4747037
595776
196575
9243188
14314217
10153014
5985946
1846996
194299
209373
224601
247544
212481
212564
268706
327590
287418
298028
169035
283915
1545689
9451644
12509742
8334913
4163598
243239
222287
7283107
13847082
9695505
5603426
1475990
196211
167233
178728
175621
153716
229515
255763
276739
352982
306024
240065
211501
1829922
12029893
11848137
7692950
3579573
226362
1351754
11064312
12921220
8747512
4566595
433260
166274
127884
117914
164886
210127
262526
251973
235761
236519
234560
228495
231088
4517907
11470944
10857612
6728753
2570889
189016
2025287
11599975
12261181
8137106
4035335
203821
188112
208457
182758
163046
243584
292993
285374
315645
292066
234463
225692
188109
7943252
11055149
9969615
5831314
1658523
197597
2402503
10448363
11510410
7402805
3294998
195587
222466
189906
179312
208787
199999
194288
212183
255029
253490
271794
304428
227153
9422813
14533197
10412862
6304623
2166801
184604
5493979
15105647
10987941
6852308
2701524
160906
156132
156966
202141
181224
223938
466408
322714
328646
309306
294417
271462
215499
8407164
12456859
8277194
4108154
216199
204322
8944955
14019631
9921511
5782028
1623179
180398
193547
231129
197156
179805
222543
239839
258511
223452
264234
195115
192120
2014544
10420192
11918942
7710715
3597869
171479
217066
10719022
13256821
9122144
4995699
871897
189011
162979
182121
183970
212599
227193
224947
292880
292934
262619
238860
169417
2647491
11156478
11280877
7189384
3076367
166921
1245286
16509488
12329235
8187583
4031778
214984
188605
197609
188804
187178
183966
209193
285875
306946
217239
254202
263209
220411
3958108
10246645
10369404
6255422
2009696
177328
5104155
15897552
11778116
7673182
3494151
218897
261974
220196
149890
192528
197227
219162
317833
351773
301756
242142
163423
168594
6769625
13852070
9740796
5563639
1378044
204478
8131296
15780879
11626058
7530357
3440787
190884
175640
129936
182881
193609
260745
324124
365146
344473
326933
247830
240391
256730
14874801
13746090
9628516
5552911
1457069
240170
13545790
13942898
9810729
5655364
1512670
170186
181452
141358
212712
151562
191984
186260
220189
205299
215435
193388
155468
2218228
12261725
12069140
7893370
3739817
185684
267134
17433038
13290660
9187059
5073160
969987
232203
224729
239925
199414
210243
234280
269308
267924
266231
292507
274429
379597
4309463
15723263
11564555
7482202
3369906
231392
10174324
16515224
12422496
8284997
4124111
223224
189222
213187
203906
234434
237935
254952
250783
257225
239010
219846
216366
178141
4497783
12935950
9614753
5540068
1372172
170596
6538191
15029054
10937081
6757512
2634052
153927
183853
170835
174114
167824
192527
221685
226997
285951
284565
268373
223320
593143
16953062
12764356
8600635
4474708
291651
175465
11613229
14392189
10247794
6106352
1970039
153542
183369
200343
174921
193965
245106
240420
240293
305830
320162
233486
234449
1904710
13628131
12229468
8144049
4047843
194096
179258
6995657
13274952
9103284
4932596
769454
171520
188124
177232
178231
194975
198975
233594
251280
321650
217829
231874
221798
5918665
16907678
12769761
8637042
4501598
358250
379742
14076408
12873305
8752546
4620141
433063
183969
204704
230506
192774
187238
211745
317183
309727
300037
247065
281193
363309
4755245
13365062
10410430
6320498
2171002
197548
4979442
15631670
11440618
7326288
3151461
197799
166087
152969
192056
184571
231457
290911
279142
312543
361681
244405
213473
192984
9485253
13359553
9296081
5156221
959338
238899
11920549
14750986
10579951
6510258
2425909
194860
188969
193247
186155
175011
237819
259916
317253
360640
248718
240360
226409
242720
10296478
13009567
8993085
4861399
680383
191888
11745420
13558836
9499431
5414580
1283346
173594
171473
196756
156917
160909
190946
189672
199780
219416
211075
154883
186985
3542437
15706123
11574709
7472854
3413090
203176
1085298
14616677
12678959
8549793
4465433
331916
204496
165628
163836
144391
157878
158171
173791
203104
241568
216829
303527
310484
6549430
15513570
11398692
7318690
3224754
180755
1493939
9679232
12268904
8115924
3994134
215090
176308
226599
191507
192617
224592
249820
261794
278611
299938
239263
271784
156259
6942857
14073119
9902093
5794790
1652636
167235
3223133
12371008
11083252
6953723
2890944
169176
166966
200457
181097
153990
186668
206108
213971
252805
252231
222117
179623
282029
7589667
12811432
8680159
4555284
444823
179786
6109275
13530957
10372998
6306773
2162491
192248
239024
150137
205509
170821
198275
221016
307674
268396
238061
214720
151233
1489555
8652813
12664253
8573869
4427016
347765
196854
9966002
13598682
9539516
5431966
1281795
175550
182203
189802
170649
224216
234920
278145
298831
273687
237629
245049
209399
2225297
11596390
12080118
7988679
3855918
233818
1012508
12027858
14047511
9902166
5858616
1719486
153483
153557
131248
141375
191604
209983
228794
279323
238530
190030
182614
302236
3694568
14761870
11465706
7320832
3225050
545339
1492601
10157490
12862921
8767287
4657857
587194
153000
175937
163498
163628
168222
209239
205338
211739
193148
193403
141286
174262
6359857
14780504
10636108
6519354
2427712
222189
797486
12157045
12120469
7999092
3820629
212310
234948
221908
257768
175318
159694
256100
309265
294415
328839
233501
275611
196970
5497844
14654224
10597082
6534587
2355797
245539
5062589
16223263
12091378
8045204
4032096
202840
205461
194245
229136
138643
214869
222129
314884
304398
320013
286769
198492
164213
5743424
13685028
9537974
5407925
1274173
230769
7020809
14758541
10553217
6473849
2339668
162745
203485
173340
193773
230923
202334
261472
307190
272458
331428
217816
181132
301173
12390723
13272799
9110362
5000215
887339
204336
11489064
14347587
10177450
6018214
1929378
212728
156334
150765
174502
210880
232946
252905
247990
298910
233721
196515
233436
1325925
11156806
12250691
8049646
3928665
188377
161428
6728031
13506963
9450881
5344306
1219584
209367
223884
175854
203922
184495
173811
222080
263882
282498
251692
215216
240924
3588313
15259576
11709200
7615443
3484162
213531
1051181
14120821
13163632
9022554
4911378
777421
260274
161153
230557
166949
165153
225497
262289
274325
240321
201836
180830
237908
6278062
15175135
11057518
6896901
2828083
186449
2781666
14943982
12451022
8350450
4248792
178104
153624
172575
170654
190262
211732
272084
281676
232127
266253
206010
205051
183932
6237714
14508132
10332955
6180558
2037024
214517
3435958
16416708
12289998
8155984
4053802
222158
193497
218561
179906
210643
231342
255190
207773
220907
239609
202554
293040
195023
7592242
14363542
10328392
6232920
2046249
438045
6524057
15806232
11657984
7690700
3545542
198282
196520
171487
215194
189319
235927
310905
282610
329930
246087
286628
228416
204610
7817770
13216385
9024571
4861916
770847
174525
7130279
14375565
10309741
6169753
2084838
164179
173253
177292
173209
149652
179514
195869
216276
305772
268641
244682
269333
550349
7707353
13239441
9089815
4948507
864499
234590
12885764
14344817
10222964
6070522
1918273
183142
189840
177294
193716
179288
183201
199052
235997
299495
305705
252084
185394
2081496
10721550
12330872
8195549
4045981
203070
170830
11484549
13413750
9296721
5159547
961515
181516
179133
172661
192319
163402
171520
220466
264391
285058
266663
278717
255414
5091377
14050675
11931114
7786234
3620675
189706
702639
13209418
13531190
9381045
5207663
1072297
144250
194215
201147
236534
214333
222639
206336
297059
263806
180125
225327
265951
264475
13926647
11159978
7019518
2890234
215557
1504678
12957163
12610701
8481558
4290836
182676
144290
183862
159591
167191
167911
180341
204826
204456
208004
176650
208004
207123
7044316
14688788
10568760
6450597
2331895
230692
4456449
15930643
11875677
7798686
3708195
217306
288469
233815
233829
173815
170353
158532
213319
208514
254188
238957
215274
186544
5828792
14074381
9892561
5769371
1672881
181171
1917670
15512749
11440967
7282522
3135153
173951
168810
214418
169037
223191
191923
227135
249974
264658
279538
236174
244403
162641
7885998
13481099
9316582
5222849
1049495
190519
7520176
14650740
10630597
6497186
2414042
182641
177480
175650
184270
144405
224875
238360
244359
239739
214242
209644
150885
823649
13355722
12767700
8675870
4525109
393682
201656
10883092
13995756
9892182
5773964
1657427
172815
159900
218933
169341
169284
227482
240548
239527
244655
242150
196198
171676
2286113
8312871
12547089
8456487
4338248
215521
182170
9947007
13778196
9655063
5493665
1388710
171079
157891
152008
175028
176104
165751
219254
224638
253417
226156
172999
192555
2187064
12297584
12337712
8211319
4108566
152987
166598
10813632
13217964
9100190
4974317
830033
157729
178326
181693
196260
172392
192468
224630
264202
295123
264629
260935
256678
4617815
15911598
11838322
7712191
3583059
178366
408414
7087737
12983508
8834730
4690842
566939
178765
170955
145549
191583
260019
274464
266818
323967
345561
295991
287728
183737
7328788
15041715
10904619
6783562
2642754
187379
2839949
14810410
12365322
8226205
4077964
180498
185936
148500
159902
165057
194866
224751
319857
312720
323881
255165
201287
229839
5603372
14989381
10872497
6740391
2648568
197869
2647115
12988596
11759756
7565923
3407145
198019
180453
183679
143977
185626
190799
200983
217091
261404
339423
286312
296802
252946
7949334
12584914
10498348
6392256
2308548
229575
3808714
12268488
11214252
7075058
2896570
196000
151872
188557
172773
199294
214162
204719
220537
214055
196086
192440
186475
223426
10096395
13407974
9259707
5115115
1004232
280373
7030804
14915924
10780936
6596494
2455748
205829
204997
204416
216681
179438
204447
243400
234103
234831
309771
279268
230341
257541
10041849
12989540
8841618
4701211
549850
153618
5007714
13989591
9848280
5677439
1538215
152140
196189
190273
178914
169250
224295
210441
267975
276332
279909
239484
233308
342011
12676478
12198449
8099714
3972487
196575
191978
9199187
13523632
9327199
5167662
1055964
189576
180512
188115
184192
185521
208238
235997
242172
240682
263351
190014
227082
3241015
11538403
11697034
7579543
3444564
186799
345932
15595001
12735116
8603880
4493184
349951
202251
173322
176488
185169
215184
302686
267644
299583
273245
265940
220611
174429
5211437
12944234
10803391
6754128
2673561
211097
2766912
15817275
12056420
7950632
3843358
191372
176498
199154
180891
178315
202730
230112
225103
245173
228293
251636
218367
161562
8194772
14995124
10872368
6744204
2641960
208195
4191988
16060517
12451429
8414962
4279294
216992
237315
257998
204227
184134
193657
236262
289270
285427
265796
261411
212815
207548
12812480
15337771
11217417
7110357
3067132
268698
4475880
10931127
11099669
6945268
2844860
178787
148256
202485
171545
203232
258344
237798
295314
331305
364976
276396
189425
560859
41006189
48056560
43903112
39709720
35555731
31423427
27329244
38168192
34008482
29863426
25717876
21581690
17407242
13224011
9046743
4854096
677536
188560
236653
244888
220093
263346
257625
1383511
10684344
12922912
8884434
4791976
673484
187407
7500515
13877878
9765455
5645134
1484044
188213
170781
166780
217180
236230
237419
248973
250115
305704
249682
202977
262192
8280794
18390035
14437574
10332643
6292673
2196708
1730668
10014972
12998420
8827178
4677369
524883
228449
161986
184975
219988
205029
227405
263288
212266
266408
272624
275123
266385
5105304
14516109
11411425
7264988
3173400
231444
2060018
13700134
12272123
8188806
3997745
231091
281536
260577
235085
209146
226297
236072
303466
305262
276821
299213
190443
171606
7115877
14684880
10563462
6490327
2418229
251606
2939734
10479249
11704181
7521506
3448002
139199
179553
217440
158472
144920
202057
217365
232561
241521
284915
228107
236597
190044
16584776
14580870
10442284
6321729
2206042
229419
5915537
14889663
10727909
6543276
2405280
186415
258545
258324
198464
217860
213690
217902
260004
255058
309845
251565
193334
278601
8894994
12945808
8777566
4613789
440238
184580
13855915
13909341
9779035
5613811
1433113
187714
200154
223250
209422
228246
197693
207666
209252
195637
191338
245528
161743
3980846
11529424
11401600
7251624
3100003
158842
1861162
11359348
12222715
8076687
3941183
186714
192817
224963
221484
189211
192412
201031
191813
235590
273022
285164
211116
228095
4149572
12677114
10370776
6206060
2035306
200237
4011966
13597753
11713245
7539749
3384257
184057
212461
244728
279656
197188
266348
340775
384890
364043
387979
335628
295089
241648
7640789
13260783
9079409
4917797
793582
204126
7103724
14363996
10223195
6072070
1956421
212632
196754
171159
211784
162201
209167
228463
306925
320639
326877
268981
219497
1541364
13692412
12644670
8616493
4485149
379860
187639
3176733
13696581
10175419
5991914
1921896
200143
215444
228265
186501
226667
221888
223056
326048
300904
275287
265945
249818
2441825
11203137
12074301
7897528
3757181
178281
411559
8987645
13130290
9047539
4956583
800566
203905
152800
173419
163508
201144
172368
188453
212921
245340
247264
240044
224495
3034779
10882061
11603261
7422087
3231814
220702
3076802
13095746
12408247
8250322
4077565
211304
168204
250267
248366
182954
200972
240973
304213
287001
289043
235123
238590
214301
3763770
8724012
10437170
6268861
2102103
252404
4414785
14570921
11568969
7397534
3278978
176656
203415
243181
240899
184349
198426
204737
219901
255800
335567
271080
216753
200453
6906068
14099630
9955287
5899015
1816444
194055
4946787
14967153
11100573
6996949
2881594
187398
158602
219001
175407
190097
204967
211117
203743
176432
229920
217158
227403
227815
6471435
13320061
9199707
5095314
1042038
214781
4586643
13096707
11028604
6860701
2739754
163986
165656
180912
199761
195985
213157
216157
284492
269279
292613
225182
244654
244613
9422375
13072317
8950413
4805026
656384
227795
7090970
15120908
10992900
6940995
2898194
217993
171897
191394
180755
183742
228511
232901
278513
269814
298946
251708
249082
391126
8273445
12717263
8584068
4379051
303574
199981
10024150
13941815
9801478
5669084
1518366
243564
251800
251612
186574
189762
198387
238208
187868
194165
173449
259365
349912
5118990
9651256
11657735
7485241
3306087
333706
1133203
16161305
12591024
8406450
4264236
165774
166767
195575
183211
193329
206141
237296
260520
302458
313675
297932
186632
365639
11365580
16050691
12026463
7919637
3738835
204417
4470429
16724101
12602004
8500983
4439036
380574
207943
178643
167216
162933
191791
222447
287491
319984
331789
227996
211063
166415
18419003
16571954
12419251
8255377
4146669
215422
5778066
16068975
11934740
7773841
3625700
171496
180364
206503
194105
205341
212118
218501
275415
276472
219508
202401
203604
201556
11005651
13578024
9464663
5362641
1225008
230109
9887751
14762255
10653613
6565272
2456136
186047
261123
251209
243298
234082
223296
235566
281126
286704
301573
206386
248035
736615
11774394
12578595
8489517
4336053
234256
204028
10091169
13610491
9481006
5372746
1248681
182913
194659
173518
204976
202023
218864
238775
264369
259565
264699
179255
265205
4474688
14419837
12053762
7940809
3787739
163241
427927
11138719
12967567
8818453
4677981
567263
180277
189208
204868
199747
208404
209553
222515
248797
284122
217290
239859
209791
6965008
17184447
13009247
8854077
4631826
491402
3690039
16712019
12577688
8533969
4474784
270603
199824
147745
231108
194926
197637
213315
247289
301158
324123
254657
241813
232386
7088150
14042857
9896516
5766356
1601530
182451
5265871
12325627
11041887
6884806
2794500
181061
203542
136070
172342
225870
272633
263119
249338
226513
270882
242984
244920
264249
10028089
13200411
9275499
5142151
1069019
213993
10814002
14447376
10277127
6128734
1984679
182713
176896
223687
171277
173104
173739
198504
236514
236584
310190
222004
248615
13684392
14152149
13617052
9466999
5332224
1147791
160148
18028119
13889864
9759107
5612066
1462148
188816
233144
272953
252270
194193
270218
276699
242516
278538
279052
215605
256177
3569145
14527192
12137745
8076892
4004675
185737
1731244
13389071
13176506
9042686
4938550
803887
167089
151827
218694
208547
229148
221485
184848
201947
226155
226869
239526
230361
4052348
12822817
11589109
7529594
3448781
173290
3706874
16514093
12419944
8233073
4043360
177079
215683
204179
211495
178232
163831
189862
210335
245059
279297
237193
181237
215037
4122604
11064552
11062182
6910578
2809584
166879
3048735
14881288
12049380
7902989
3737227
192470
254925
224412
172018
180585
181956
217326
327786
276851
299522
219813
213889
166179
5284881
14387386
10276781
6194788
2032580
174253
4551351
15741838
11600248
7450280
3339917
165442
197290
256184
247726
205925
251199
306811
283853
316677
284541
292002
251987
224866
5926715
14256589
10184900
6060639
1980987
177654
6719798
15175587
11102419
6971945
2835637
315689
176466
257795
182189
172372
206238
229077
229012
285178
243580
222778
199577
234337
7188841
13807557
9714637
5569929
1417197
194203
9572059
14731938
10610553
6467990
2295272
168877
175197
177589
172406
178779
177096
267304
257412
365529
350984
263862
284012
788515
10529212
14655074
10552115
6428978
2362470
246428
12565467
14647362
10500888
6334186
2229383
225780
173552
170726
207274
201978
224730
244342
335340
303552
238291
220913
273048
3160302
12335236
13045504
8943223
4775204
648935
182089
11734106
13646914
9513488
5385245
1250757
168666
161766
158899
198398
201208
201931
214177
236591
240215
217124
153352
185424
3132567
10224895
11995496
7851604
3741627
223864
607813
6516195
12971657
8844781
4676683
566683
190947
159434
221241
195306
205169
214232
231360
255349
324573
259870
204371
290213
2415233
11570296
11578151
7409899
3280081
215281
868131
12430230
12692735
8561891
4474360
352905
239646
178345
253009
210417
212361
223960
235603
295612
296654
223893
241495
198859
3652979
14580878
10942955
6845617
2740424
188933
2178093
14651943
11985344
7852174
3699044
190503
182365
181790
222912
181651
201085
274069
268571
244386
267943
187815
197017
225144
4585129
14345946
10216467
6103495
1962224
214904
3984856
14327984
11238374
7065632
2910027
213502
182459
187845
202473
198701
185331
200841
241542
331461
324125
260510
222737
241719
11535689
14080007
9959056
5784612
1626292
202595
5987045
15080374
10941921
6841501
2718367
171920
152605
141289
205918
217257
190616
293133
313915
315404
348061
242276
292231
206494
11229692
13451699
9354256
5235508
1119799
208246
5074539
12050670
10801293
6683514
2566332
200512
193648
190392
191723
236460
267335
296603
281713
330730
307825
257088
206979
1862355
17198234
13044699
8888837
4746252
587015
200548
10296749
14006911
9869920
5744876
1651893
193391
183007
166637
176225
210642
219654
294815
288869
265281
208331
206065
179964
1597487
11891346
12219267
8043031
3922710
236087
250241
13527413
13469067
9368621
5260844
1097779
206603
174036
217760
191984
206903
241147
307000
300509
277768
268655
198957
221476
4289099
11011808
11709924
7536685
3396826
242060
1124701
15932248
12597437
8464999
4339759
186089
188425
190739
255991
202662
198770
207222
201420
241430
283649
249024
279276
210453
8266883
15566572
11411706
7215126
3039527
224855
5805042
16089017
11895705
7741322
3625406
201668
223120
210477
217039
206433
184228
239678
240958
203578
255846
257241
198427
160550
7132867
14511781
10429748
6289285
2136807
152346
5925657
14465265
11218803
7120765
3017484
146124
336456
226953
222045
221462
239151
249315
303117
312090
268681
221036
247550
227209
11427225
14153646
10092942
5995502
1863810
210714
8198618
15561292
11458901
7416780
3260584
193828
200569
239692
199602
187285
266289
302831
293955
301532
267543
265395
227689
1935636
11899536
12726704
8583783
4411883
242236
203281
9157189
14222347
10140614
6031526
1922149
174953
192759
168414
222524
218262
169168
191166
202684
265972
310539
207248
224444
2253812
7679219
12474349
8336281
4206114
215691
151231
11880222
13526557
9396650
5314059
1210902
146388
206315
214232
218929
261944
217423
255226
307715
298890
242902
238340
236086
5876382
16939702
12814619
8705995
4606658
510175
3697187
14545837
12888862
8717013
4579645
502033
188947
226434
227376
239875
228220
211233
233455
267864
343175
254317
285421
255139
15775066
16356700
12193864
8097038
3934664
267808
4345135
15334709
11308827
7146767
2986100
191464
188612
181537
185450
201842
268226
308129
335682
318663
337814
285899
334255
246302
11627338
14832705
10720288
6698404
2621957
226573
3056695
13959054
11260624
7231920
3163061
201343
294430
241632
229926
173390
252926
291902
300717
294344
335503
298401
226101
1547229
7505243
13108093
9012078
4904723
830453
191025
5366267
14331176
10178707
6022512
1843609
184522
166311
182044
205402
217438
207952
250827
216656
297922
317738
230491
217139
1090572
10265453
12424290
8274105
4193888
207336
167687
8340463
13232558
9112466
4958971
826560
154212
170648
157047
168283
175275
171443
244512
246747
313708
301837
255950
294788
560952
13650417
11312442
7201083
3064021
246840
1572542
12806667
13247461
9134712
5073415
948769
174400
200380
197617
206703
192379
215566
223795
258177
319163
301978
206892
217183
7598690
14684757
10587240
6462210
2333573
229019
3194764
13026080
11670011
7579994
3483925
177518
189137
241645
239958
192245
185383
181094
203571
205474
252638
235049
197891
207669
4956645
14190067
10119053
6028585
2013040
165187
3113363
12168802
11800480
7657841
3495249
191563
204365
196150
215755
138651
185611
204963
226387
206940
211269
178151
186873
169365
10310115
13762680
9638945
5460929
1314236
204215
8497671
15526906
11474349
7394928
3237947
207820
171824
207797
180407
187576
225169
221492
229797
237311
309876
298882
271855
210114
6783633
13472016
9317321
5160785
1098312
172171
7305871
14480385
10344906
6158443
1992658
177123
213391
161659
165747
178909
231023
253871
279880
203218
265853
255991
220585
2851295
38932307
64460953
60275823
56093937
52570419
48386947
44222846
40074822
35897498
31739669
27574848
23404841
19254173
15106984
10942144
6781969
2633107
163439
230943
266728
267497
256710
249378
2235775
9932454
12250702
8090838
3931980
161697
184421
10727721
13765159
9642359
5553874
1419691
221120
148220
196514
178021
203177
228453
266298
259329
252252
252187
206119
187691
2632815
13854831
11840072
7714188
3528218
203796
524283
9498947
13452775
9334742
5192373
1079641
166292
170455
169962
175291
212672
165378
174692
196154
234358
238487
208252
239195
2999411
12364998
11580885
7433608
3320697
251079
1591466
14320253
12694214
8588843
4470888
312935
168907
152034
202812
176234
266712
265699
363067
314813
308377
219652
249573
174182
4766610
10513730
10791763
6669974
2481911
195204
4721007
15909708
11863148
7766507
3653166
191061
202212
257800
267199
200775
215071
220956
235887
252721
343417
278653
218933
229959
4977233
12184646
9154676
4993684
835318
218607
7932606
14822551
10719929
6640610
2521225
300785
254380
242986
192663
160370
186775
273538
294885
327271
278715
244791
210621
462852
9168365
12773415
8666843
4502178
379115
174503
9898250
14068169
9931973
5884655
1723075
184684
175020
207527
197786
231501
199974
268959
309325
295704
258118
253145
186458
3613714
15001303
12192683
8031155
3870736
223862
1161538
8867117
13431376
9280084
5200992
1084186
232824
178678
246710
181836
210545
208920
226686
233372
314892
272146
213394
186206
3531678
12855021
11528804
7346954
3246334
167805
1541748
11418265
12583702
8432943
4249017
181808
159503
197536
201798
189787
181310
170122
211958
259035
255446
279001
311632
238181
4740120
13966592
11318158
7177956
3015111
196859
2771526
16864936
12804621
8686498
4575237
419662
203665
181210
197929
158944
196893
177051
165322
157885
187848
222249
239538
236928
7997338
13959070
10522308
6395242
2293093
176318
4240045
16343086
12269444
8141392
3988461
142079
210919
218932
230554
186257
182683
161098
175435
299191
306620
263402
211165
194346
7759085
14039869
9932463
5791016
1650433
154715
3725815
13783200
10998423
6870256
2766955
158144
189690
150179
160973
160521
210561
217504
249609
319373
311177
239965
245098
505954
7494157
12852608
8708916
4542840
400589
195542
6436623
14312700
10253883
6106978
1973281
157503
157273
179076
187897
169754
194651
205625
181930
205988
181816
207536
215520
342777
7954435
12973279
8857477
4693455
598434
170245
12782823
14043689
9911859
5755152
1639916
117998
151316
177026
182725
193335
216508
206562
212127
245624
218459
228781
258353
531917
8508790
12505491
8422269
4333698
228715
255227
13274803
13631546
9524700
5392482
1259111
404644
169587
234793
207725
167116
196328
212831
286668
300834
234596
158955
216844
3913468
12982276
11666888
7501319
3380708
170505
3888810
16840136
12712984
8561440
4475584
300312
190679
238457
199519
182992
213458
226697
242238
272575
283903
262910
232150
175130
7077874
14845631
10721064
6629497
2602547
224438
4331396
16498086
12395744
8363564
4227170
143708
198385
161619
171844
209364
190304
194192
216430
270871
229665
212841
189356
183993
6557319
15013214
10947189
6807518
2725985
171427
7141480
15369532
11272907
7133023
2974741
186415
168322
200628
182209
224593
245551
294429
260027
262859
244819
225624
210437
150139
8270564
13226803
9084517
4927805
736362
215562
4665072
11528710
10414270
6327338
2248799
147803
169378
171016
173071
194955
197063
212468
245215
239297
295553
294990
177986
526473
12171502
13148203
9024085
4885930
817395
174303
5895247
14178998
10154123
6042561
1933041
138513
208065
232881
202832
163478
222230
256156
354360
252704
244809
216017
188785
1471273
9515118
12162782
8070860
3932736
188684
186044
9575210
13114162
9023734
4853237
730281
187339
167663
229863
184563
205886
245701
292373
338842
318660
252321
279762
198873
748857
9477988
11474626
7425248
3301865
180674
700518
10084265
12955835
8862778
4735848
593645
200145
163584
208163
172652
193237
152931
212772
259917
263674
235375
208291
218207
4535044
14017601
11027653
6907374
2795126
191166
1562029
11522001
12297571
8174819
4005388
178351
176952
142718
202471
171730
206528
178562
217810
261373
281470
251213
184209
233303
7315214
14758479
10624042
6553064
2480144
202827
4698629
11608337
11406790
7260499
3127817
170075
191214
171403
219665
201913
229646
235649
210516
201346
197502
221371
182829
207428
7268203
13541906
9404031
5287617
1196505
216769
5695098
14669265
10527992
6372281
2235420
223031
164358
246076
183476
229360
212587
295620
293609
286137
287331
290733
300569
540352
10572200
12416196
8266370
4140361
296259
196057
10369519
13629730
9501414
5386423
1257310
208782
241654
196977
173919
185399
209759
224621
278051
270583
211363
203989
242852
3400217
7511464
11649991
7569424
3489261
210739
1345130
11909531
13440961
9337025
5228444
1069952
196247
195220
216194
168480
187274
184216
224620
266772
308484
271325
183287
152262
4469496
14786591
11075049
6891233
2732918
209899
1964682
11237353
11891625
7716784
3585906
203143
187029
160045
179564
202974
159998
207995
197788
216836
234303
243454
263784
207543
6059302
14264740
10088927
5911429
1687778
175578
3749880
13280048
11222844
7059817
2879291
249927
231295
258214
177747
178936
201392
232374
253199
309700
623242
312264
214082
318489
9855419
12865244
8769689
4644370
493557
239438
12719658
14134505
9966903
5808224
1699529
167866
139430
188758
178558
154747
183918
220900
236255
314145
221408
292923
279634
1070778
11486586
12104985
7951209
3814153
203451
152218
11861586
14003294
9881545
5758299
1674080
204213
237620
213721
169455
179625
158439
182363
270157
296055
257189
253592
193915
3050437
7828754
11516533
7434594
3292047
177738
1248907
12467752
12657568
8555084
4399433
224756
160187
140152
267883
214280
237482
237938
213863
201663
244823
232259
285766
217871
7376293
14760722
10618273
6508140
2348117
210061
4145563
15800919
11623548
7452292
3316899
219194
165217
159183
179120
211587
225021
271290
264254
219200
240582
205003
205327
235815
5327609
13064957
9849067
5669754
1533202
240847
5694203
14999254
10821313
6687282
2541158
199510
172704
198398
198455
215977
203798
201851
208092
255722
301257
283590
284061
246716
6436041
13228198
9069325
4916663
743811
204912
3351920
11807922
10184090
6033303
1898583
150635
131969
159399
199607
166335
217493
233428
301522
280564
218464
272350
346316
621728
6905954
12787046
8732508
4595198
468309
178627
6700172
13988945
9822833
5680405
1552348
194297
246877
266594
176900
192491
196766
257104
323337
313472
265794
218551
224439
3109093
10928826
12635777
8503281
4367250
184833
183242
10275590
13646208
9523535
5368958
1232923
179463
170476
185261
179309
184959
206629
215620
305589
291495
219814
202401
172103
2261226
11043158
11542682
7378514
3199121
208311
588099
11157344
13623806
9514089
5390435
1237498
168809
180480
176027
180921
184444
189739
220305
198339
199751
207300
223534
185086
3534651
12859127
11146679
6959666
2804034
173336
2575651
13423584
11827389
7626210
3431128
170963
199323
243328
209718
162488
200665
177517
186128
209595
225242
260395
187595
217946
6128258
14336935
10214066
6175444
2086358
173558
4557982
11703906
11490906
7372889
3214966
175928
166847
188381
174784
198400
277953
221868
233384
277925
240904
208792
208155
206804
10662610
14156030
9979584
5855224
1708245
154030
6702374
15034319
10871899
6808722
2701552
179586
238513
252125
166721
197258
205044
200701
207938
206430
197755
209421
249213
174983
8187861
13436474
9280434
5147376
1040700
169521
6217179
14777297
10634568
6488547
2387166
170829
244830
239234
197098
200499
199780
205702
198958
210759
284328
235957
229102
859360
9214613
12762934
8718036
4594362
470284
206218
8040870
13822546
9741946
5652252
1559338
183189
194863
230881
199639
170493
224019
288610
303422
265444
307090
215803
279154
2992226
10845313
11916208
7775856
3684503
229359
980100
10194414
13365628
9268149
5230267
1139727
183600
148385
178695
162187
206086
203831
223115
213399
240752
236036
244782
222329
4522996
14923158
11429868
7293330
3201844
227092
2901441
10154656
12490080
8336954
4166819
186345
173571
136445
227693
217209
220228
275006
270346
315833
326178
267081
252473
226259
5473675
15218905
11149841
6991860
2883608
187177
3734979
14763462
11717109
7676286
3553727
195734
159187
230380
175496
174591
182625
238869
310342
328864
334240
270438
286646
229159
7443629
13729741
9635378
5513578
1354927
206965
5034811
14815450
10708658
6667114
2643730
145472
146570
177913
207967
161979
231549
262900
266590
334945
347659
295886
263204
240881
6047498
13059030
8895490
4763033
609151
249693
6496680
14107175
10024907
5902470
1817195
174118
171579
210814
175065
137718
221615
244058
311764
308746
246645
213040
195388
2157608
13808601
12219082
8070383
3968122
208345
193112
9638008
13630970
9468206
5342129
1162372
186794
198685
161770
192691
197246
235045
329737
346378
328084
225966
290967
196849
4511431
14447689
12111050
8023135
3947652
224509
671077
12517552
13163066
9052147
4928024
841527
211181
210771
197889
179616
183543
228931
232391
320320
254594
227724
251885
203368
6039168
15225626
11056485
6903677
2788221
147688
4388733
16564991
12440134
8297406
4126259
221537
172831
207296
187473
197310
163820
199815
223312
323117
316668
289923
289738
249273
6040117
12047239
10770041
6657474
2567366
230349
4584850
16545526
12430520
8243961
4157646
184823
176826
229066
258708
221709
201941
210407
237086
301041
289593
262891
228453
210482
4475949
14087509
9947571
5875295
1714293
199117
6570437
15013980
10850759
6710790
2590685
180386
152555
338110
216337
198279
198573
198479
244667
322374
306306
270337
279726
234176
10613945
13833513
9729556
5669380
1467353
264224
9564817
14957623
10857059
6687118
2547359
204396
259840
267096
211613
181703
205835
224036
219440
242171
276693
192008
241712
1953702
17483928
13383091
9274809
5191335
1070515
278226
15150436
13965656
9813183
5655009
1555473
160463
175096
154392
194471
213344
246634
269562
272675
253658
269529
277231
230622
3281473
14355788
12558356
8453591
4258394
182056
211597
17886861
13741752
9554177
5399813
1251677
195326
193555
206083
186899
184925
187938
234166
205571
214755
189208
177505
246168
4484889
14610141
11591790
7490536
3308690
198440
1895500
16908042
13393178
9244272
5063487
931804
171798
193325
169468
186793
173905
182912
191641
234552
236148
206665
197958
178509
5861784
10687480
11933867
7822092
3735180
215129
6176460
16918426
12737221
8569602
4443433
353022
173442
200782
201788
178648
202612
196673
192019
209152
233067
270285
281415
187956
6513073
14951982
10813874
6640006
2481312
172144
5709230
15772587
11604218
7466551
3286233
196036
205221
233181
195256
174015
188021
188682
219242
276861
276775
246593
188415
206836
8904707
14462334
10360755
6235315
2150362
182779
6751193
15951418
11812889
7748075
3637357
183650
212466
235893
253983
198689
219660
212599
229887
220923
332756
238257
308734
191539
34556600
45699760
41534449
37449441
33369041
29259067
25157030
36829061
32686046
28515933
24371035
20209067
16027992
11869124
7715139
3545817
185576
182262
185366
311572
220679
244015
270327
204919
7923475
13082964
8913083
4780490
679221
177959
8427320
14883846
10841769
6745090
2591674
190020
156114
223985
179123
178762
199185
220706
226951
244569
257634
244375
249980
554287
8553433
13682004
9571109
5432918
1337694
197685
9382551
14478167
10440044
6344198
2271776
180871
156455
178025
188639
219669
283502
277904
284825
288814
257698
210388
210794
3535346
15065430
12273725
8114172
4015675
364516
242577
8433135
13195202
9032038
4867422
729054
211727
234233
235332
185730
215054
234342
267127
306969
301675
284003
264038
225237
5224700
15488691
11581032
7418497
3200507
223288
1168732
10658474
12871224
8753571
4627518
468861
228122
204754
249543
202715
215872
216485
227398
229524
188710
218730
187083
221160
8044865
14779713
10705594
6684199
2602193
179612
2687820
10231264
11619640
7485166
3312173
215562
218354
226463
195040
188155
220759
207047
169721
226846
217530
219535
226770
172291
15924117
15385697
11202076
7050258
2909769
218532
5373378
14976772
10845362
6710349
2580891
213181
188300
248477
187393
227346
251298
274086
337027
334298
300978
210453
245737
750057
11010345
14196782
10059098
5945065
1902899
209052
8870211
14795678
10715781
6575634
2445191
169338
205805
171100
175713
165125
230431
278226
279663
282779
268551
287904
219861
244545
8231591
12633123
8527059
4437629
355766
171641
8105819
13589860
9476112
5316870
1166303
156057
169935
233735
207590
223447
224002
230372
256662
244315
160540
213332
200006
3256597
15191179
11924349
7788883
3672537
187688
1364245
10077504
13162380
9015775
4880494
731235
178531
176570
195197
185736
210823
177812
193357
196629
189788
237156
179294
203007
3183430
14692217
11386315
7265050
3170143
189776
1403453
10016567
12869829
8738836
4609057
518389
157725
153139
140377
179554
169074
221275
183351
263650
299723
330644
310325
276879
7406277
15512647
11346212
7194455
3054066
157844
2110699
15781764
12163995
8024084
3838935
134048
165400
142949
167582
146005
186602
176209
175002
220761
272554
252686
259509
214601
7128453
13896957
10854506
6779644
2712362
199111
2929430
13088599
11960231
7818645
3664091
191621
134302
171042
153335
187305
184163
176519
190148
241684
336742
277256
324673
234408
5847670
14334608
10214476
6073762
1991213
235057
5862436
15469810
11349856
7213542
3033440
217356
255874
243618
205447
182619
245164
314761
324172
339436
315248
238420
223024
431265
12983580
13278572
9151586
5038408
916030
189904
7921336
14684326
10559567
6450921
2285650
170069
159158
221482
164066
225004
221523
292975
273929
312943
272805
231745
241840
1604519
10024613
12748171
8693277
4551324
422121
186422
10244703
13808315
9711769
5596390
1475240
176588
168872
173158
167858
154899
216636
223969
244163
236271
201011
251093
223636
2714695
11882822
12086960
7950336
3823491
181495
798779
10347492
13289664
9142134
5015012
860795
174243
168008
158028
154633
209749
212615
206757
240655
225894
306829
253303
301393
6067238
12995895
11415409
7294241
3235383
201403
5126381
15392505
12687081
8529880
4330698
179562
176609
204829
139673
261370
221107
216907
211117
251939
322314
265575
223037
216482
5894000
11184676
9999216
5817404
1693487
232143
7423660
15801875
11573243
7460225
3322294
192392
208067
194161
198234
226869
240090
317199
325751
332274
301293
261647
276943
223022
7733499
13860830
9720772
5573392
1433553
202491
5905855
14692346
10585858
6496006
2398181
195552
182485
158969
255614
218533
227515
262413
272350
354422
295820
243303
197662
3233638
15949861
12495145
8378505
4241459
198396
166153
14097858
13299834
9153467
4995979
871489
155508
179264
169140
165302
163672
220244
242987
310146
352314
259513
271707
178541
4239808
14396736
11042598
6873340
2711378
205612
1790953
9941430
12192063
8049151
3913939
221245
335244
197234
194424
222244
198334
294278
299503
297910
304975
244803
239653
231649
7090224
14256181
10140138
6012921
1863165
191555
4855100
15668828
11508505
7367494
3184644
182439
152571
212810
179586
178030
201445
216798
251661
257565
274804
340275
262034
196661
7393173
13499014
9613830
5438776
1341221
252871
5279056
15183000
11073165
6963267
2818722
196500
227253
196241
197543
202668
204020
182996
200621
237135
238494
217822
198986
213047
6859821
13445696
9524841
5609856
1456129
265936
6248054
14726863
10626176
6514458
2355759
218099
205663
151143
195804
161072
194549
236277
227961
277350
223669
247237
185275
975561
9927185
12635462
8533507
4402257
222024
207114
11724229
13604082
9438447
5260271
1110189
194905
178556
206971
191322
152885
211684
225603
226159
230457
207575
205156
202276
2139387
12405631
11872860
7693164
3512812
212496
954108
8418772
13346399
9161269
5024122
916429
201720
192428
246156
192885
201676
194355
204742
242655
260673
205788
208390
212994
4992710
13560748
11054119
6937187
2777399
214929
2148756
15232805
12098712
7908857
3754885
192794
187291
201152
177864
187413
212818
213487
225057
226809
285405
250628
302158
272588
10156050
14678069
10542651
6387666
2267514
185942
6765051
15920399
11829360
7724758
3653882
462763
224688
246491
203729
200288
208720
246532
290829
255893
332784
256291
242814
263716
4537015
13131519
10037600
5824540
1699147
501724
7725849
15176282
11086447
6978802
2869876
180736
170597
142346
191976
200530
208760
254239
225911
267673
318875
251399
255592
5228852
18371300
14172396
10039548
5994886
1886421
201989
14033057
14491650
10382280
6335264
2227613
210890
244883
232636
162066
202188
198769
255839
343669
340052
273927
300732
277283
8262561
15579648
13808794
9700768
5604600
1514028
222446
10931675
13650199
9653021
5561530
1504125
175502
188642
153343
187681
187608
196523
210571
225997
224390
284482
243100
214496
2837075
12967115
11679302
7502968
3383780
193789
466573
16278036
12989515
8840244
4725587
632266
146193
170926
152291
213907
136980
236760
290965
304623
265035
315215
279828
254570
4267510
14703069
11026791
6973996
2858620
184392
4382437
16195718
12087945
7916525
3793187
214809
157329
231016
218549
157070
218328
215048
283958
291286
287015
280339
208634
205988
2494049
11065856
10408358
6273049
2099840
182383
4793624
15641930
11540746
7458338
3295648
206710
206948
235282
196354
169725
219222
256561
308722
287147
329541
264271
277522
253771
6071073
13399100
9234078
5117752
958659
158136
9295709
14643521
10475961
6308469
2106755
185150
181160
207709
238715
235319
239132
230107
225476
217450
244384
225723
186216
1411895
10019435
12781805
8619111
4411576
286970
172553
10278868
13637686
9551673
5393176
1280495
164935
203512
198574
211722
213806
204588
239551
206893
274565
244548
205320
280084
3954922
15300033
11836382
7743155
3610977
211335
2731222
18095160
13924364
9795329
5672783
1556107
183586
200961
201850
192911
210631
241029
251620
248415
250156
279690
280519
195957
4823920
14599087
10495319
6340267
2218927
264028
5707388
15690473
11512804
7387853
3261021
240473
371108
218219
255463
191160
236746
240641
227249
249397
325783
245607
209384
288670
6481122
14062991
9902259
5796763
1658595
187407
15116852
16844061
12704381
8577704
4506961
399238
176678
245882
266340
188304
237886
462380
244296
309413
340140
249827
214700
542656
13192675
13118915
9063094
4921499
780396
155974
13856127
14865288
10822795
6708917
2668141
177490
203403
232751
208258
181171
199534
226300
280405
277079
313178
257316
248039
2321892
14285083
12480534
8293989
4140818
189733
186343
11709648
13814243
9686570
5567888
1442175
168653
196901
219609
218179
202936
185805
235458
265639
295317
213590
179037
207357
2281102
16704044
12673597
8578794
4442433
324759
196974
9070646
13305230
9208468
5127406
1045492
178298
144022
190570
167811
162766
234404
297319
299008
261906
194652
222462
374112
6781926
16140495
12022392
7884181
3708384
197335
3440901
16632791
12532748
8393857
4243553
186437
169416
186192
215090
173859
215899
314956
269929
238224
243449
238627
265744
238566
7924972
14128295
10210735
6062201
1880066
171131
6009959
15496503
11357275
7215006
3060540
186135
200429
173019
161572
176431
191228
212525
254635
259528
276037
255473
211100
480735
7463594
13275241
9174755
5009465
859248
224750
6064905
14301999
10171866
6116612
1963027
175046
231757
239897
246886
206577
217622
258423
221131
234961
282448
271111
282274
4084177
13861545
12828556
8830652
4773506
654015
193720
12980639
13603054
9444042
5299714
1141499
173343
163230
212519
164847
189736
182952
227575
306829
303709
310008
294310
301380
6281394
16916462
12822906
8760751
4671433
527874
1625280
7253890
13040986
8880777
4739222
605094
189263
164823
208043
181807
264919
334747
311964
311133
306612
252437
237885
205476
5398650
14705516
10628450
6557592
2462508
194927
4632100
15391153
11640078
7473665
3330449
184684
171165
352422
245076
196411
234060
255232
307674
332349
253035
266599
253327
184716
10370740
13694160
9547863
5420177
1221750
186409
7448268
14785659
10653175
6471020
2299877
188067
180302
188699
184906
176675
229689
219239
230237
327069
252542
227597
206494
544754
9495044
12872784
8684703
4515556
390856
160643
12346286
14212610
10095435
5916870
1814313
212326
246984
213256
207424
215537
224331
216625
217824
278079
295795
289652
266268
4253327
16684280
12529002
8375161
4345791
230758
254120
17611904
13476109
9391607
5260831
1129180
191975
238304
168729
169751
211343
219949
217148
308106
316462
296111
230014
243485
4124021
14183800
11799630
7726398
3622924
182351
1895610
11201834
13519815
9353513
5198729
1064483
147492
153246
177169
155485
207085
234870
278023
283534
282844
218619
236054
164525
7791500
15250888
11162155
6991867
2807119
183320
1959416
16136470
12166528
8051937
3989187
178419
218109
211692
201808
168258
184353
157272
246468
253658
250292
188435
231005
253146
4648795
14242784
10317875
6206034
2102139
208008
5196281
15852763
11717906
7631514
3518435
193141
194315
220813
215678
169170
147485
191100
199280
249007
291659
235847
228896
174817
6664729
14207344
10189110
6071127
1969590
193711
4209921
15314589
11178616
7027653
2849019
172351
218679
245093
234580
220379
211015
204513
223654
289646
262543
241027
203615
222655
11590813
14001873
9869631
5725126
1548124
203235
7567083
14700082
10556734
6463565
2272796
153574
154361
155526
191380
211691
228399
269874
308962
301184
320639
287848
290790
1863114
13301911
12893472
8764859
4594107
411290
193608
10072727
14983976
10856830
6782470
2647089
183963
222606
186408
194079
141044
222686
204622
198476
197103
201113
199455
163235
8160641
17029647
12878621
8739597
4642654
484094
218496
18874030
14815850
10701718
6580841
2436699
214207
253077
247637
180820
171622
205234
194008
251878
338820
255636
310998
225808
2552185
9991930
10907952
6728779
2529052
187063
5713181
16450697
12329779
8212021
4141374
227806
202083
162147
151138
144614
200388
238126
294679
301617
300711
257690
210926
222413
34442186
65969048
61802505
57605414
53448337
49261910
45071958
40911912
36731445
32552407
28746787
24578245
20424907
16221860
12001634
7806094
3625370
167346
171939
276537
309487
237972
275706
209773
8940567
13324842
9218799
5079151
887837
197388
5223780
13086371
10627209
6518130
2455138
211492
168533
237425
175672
207817
233303
242786
261645
271722
272083
248160
224817
373851
10685528
12915963
8848166
4716208
557645
165258
7890679
14305846
10228085
6178841
2101934
186158
174624
216756
179768
190140
216516
265214
256118
278309
169377
165684
188912
368224
9814178
12268835
8109224
3975123
177847
325974
7277299
13749810
9627050
5468463
1305744
173028
160599
201276
177872
179054
156949
163136
189784
200117
169902
191883
215020
1224300
9626803
12049317
7900468
3759683
179256
182766
10561134
14333989
10246280
6152027
2012964
154899
178852
201514
257562
187528
163589
167116
167698
185547
180829
192110
201742
2129577
15240340
11991858
7815995
3656575
212562
250212
9650109
13304336
9170510
5008649
880530
167782
188531
182355
183595
178133
181223
236811
279436
315123
227446
267964
196709
4969708
15301155
11160083
6995524
2851940
171845
1150793
11849452
12305503
8145703
4026946
172119
226762
229631
223618
217926
190275
214595
293509
301082
298799
298120
297265
192694
6373491
14978691
10811145
6656030
2503437
199258
2515632
12939251
11892039
7754770
3584906
173111
153627
181579
172155
168191
212606
237338
283276
287204
269613
254122
196674
203812
7574644
13949114
9786749
5650278
1522936
171645
4517883
14904944
10750084
6657815
2484396
180880
173784
210817
169460
205132
201734
235577
261427
294950
289463
254704
218275
335730
8180894
13021277
8874683
4718453
603082
198664
7579580
14205574
10145666
5955824
1827907
192099
204690
174785
218899
229067
245075
214768
238586
313458
272630
238052
257587
1853540
9370119
13018455
8866038
4720333
611538
167177
11550329
13500680
9312566
5160190
1076592
164075
172521
167036
159040
167630
187405
204576
236076
266577
240916
186037
203260
3499576
12753622
11546106
7389502
3205467
234380
620194
12925472
12941125
8798043
4657280
499041
197890
180662
165496
161778
208507
208253
245911
268502
247629
249400
268643
218433
5981936
16307323
12180144
8034034
3902529
179159
1274792
12155037
12337748
8210381
4108173
201733
175917
174375
193635
156455
161507
246473
337617
339276
291906
253320
266095
211475
6089684
14661924
10603786
6413031
2290541
205941
1434538
14441639
11740330
7635178
3568019
181553
235591
186753
151429
253146
269104
298468
237450
290593
282281
220074
236659
177336
5040825
13960222
9998680
5850073
1721550
172484
4087228
15541303
11412707
7261279
3115282
199178
210227
215636
165062
187869
177306
193511
201267
250402
254603
212515
195005
221075
5106898
11788391
9721970
5573515
1430608
182159
5234439
15277927
11219930
7097646
2975197
177437
158228
250870
238172
229052
155224
184085
169524
186932
195978
216214
166539
273767
7845170
13539684
9346146
5152936
986226
206194
5679858
14746019
10626286
6520073
2434661
185143
179680
152601
179037
196902
239945
291650
313715
252601
218453
196800
192797
419529
10373500
14045885
9948155
5940214
1758117
164842
7459227
14322005
10155286
6020312
1867261
168950
162442
176152
203369
159563
215421
236767
232230
315487
310540
283346
284923
3127692
14176569
11976125
7820246
3667141
195558
157870
6633996
13226299
9047893
4954458
847803
164464
163148
213963
177779
186107
221302
255613
238290
347033
278237
265388
274871
3693252
13734479
11362537
7262778
3126089
225598
2323749
16566503
13023230
8894572
4736642
580305
172692
210224
223978
211322
188179
222237
252436
250546
329848
298768
175556
186686
5435720
14849404
10690766
6600159
2488863
189009
3535978
15276427
12249012
8133234
3991387
156492
169462
176214
152239
173795
208266
222095
279939
277787
324751
199077
202251
164548
2366482
10348367
10324433
6214978
2034165
181445
5011296
16153829
12094683
8023295
3936370
212377
222271
199321
199864
180720
152895
237538
214037
259703
231462
214142
186536
197633
4542721
13829231
9960198
5884041
1789439
184550
6074083
15545365
11400108
7320093
3232162
176994
177513
173327
193516
213757
222511
271306
247488
202524
207266
173489
212546
218434
5119820
12871479
9099034
4942877
755403
145408
4660827
10822884
10687348
6536914
2471200
172133
179006
226752
208215
171600
161078
165244
206455
248371
246942
236572
174082
198218
7438402
13275998
9170111
4993412
843329
205024
7306614
14322736
10556090
6442179
2364929
162117
178898
168567
194527
159716
234591
205807
264460
217318
237696
243000
188998
1422334
11090051
12971180
8836412
4748639
727190
169118
8374434
14397340
10260027
6108555
2014806
203397
241071
202194
169793
196401
221312
234469
282387
297891
273155
188770
214170
2365281
10735387
11831971
7728061
3558044
202724
143838
6728198
13558309
9431065
5580988
1465647
155032
156486
160459
180474
194296
207801
209930
281970
310870
257043
220492
203918
4908552
14202168
11460267
7365076
3303102
148712
1251543
9823703
12936363
8861273
4787762
678023
182100
172852
158725
162545
212427
218602
239208
211772
264124
227870
233658
211326
6268948
15384541
11256888
7118012
3004002
182726
2018142
9828016
12466814
8279537
4146631
142418
181391
215077
215573
160384
166876
183977
254432
206722
293308
248376
184432
204231
7429189
14860401
10808865
6729149
2658152
161234
3089241
13979248
11702785
7549430
3394745
140906
151184
160230
189409
211728
189453
179683
244066
240701
280081
235712
166403
193786
6038816
14285954
10127532
5962685
1911380
163966
4520847
15487989
11324388
7202302
3021628
189804
199575
216151
189455
125660
189629
182777
186441
309901
296261
259700
278010
228730
10414621
14868778
10816466
6669387
2498647
184365
6677330
15218600
11005528
6812430
2661456
179425
166944
163480
183244
204763
212712
221852
229908
283462
226723
240889
195860
216909
9315515
13614278
9559239
5497216
1404375
194706
7350656
14491269
10375707
6215441
2073570
143590
146781
154317
171738
166825
169777
170101
186138
213186
201420
275064
246449
2258724
13358926
13117217
9007250
4927586
785745
182534
8910585
13999529
9866568
5752620
1640141
175365
190142
199825
193841
206820
226193
242831
333842
244724
207826
306131
309605
2530466
11365282
12915325
8717334
4630636
537855
3842792
14893269
13158977
8978961
4802522
641371
180295
219146
201869
183025
146101
182769
214423
215899
244110
199813
203691
232497
5266739
12368724
10605749
6478345
2327054
213797
4149035
13649626
11963792
7834341
3687083
233370
224842
231298
164887
188664
255205
278954
287573
308932
284875
212833
224823
209449
14857825
14384079
10159264
6040482
1930998
212668
7123494
14866462
10749082
6566901
2574229
171024
250188
204944
244680
186373
185946
212493
262927
255205
208062
186182
172329
603604
9372242
12493245
8344129
4169089
181239
202275
6402452
13816922
9651781
5502377
1353757
180188
203114
211872
214157
209580
170878
210455
266225
262796
259853
217978
231828
4083947
11259700
11630214
7462241
3338794
199527
1148628
10214467
14322095
10176525
6012216
1971960
158342
213309
200494
185227
178624
230916
278759
253700
265495
288928
221173
209196
4215938
13295218
11610956
7462247
3379137
223395
1008997
6956555
12887731
8770288
4645250
515266
183701
163945
184945
164308
214573
177095
217452
248730
322758
276394
193950
215097
5928985
13043460
10835909
6690890
2547825
231023
2364469
11745424
11798295
7653653
3507010
155928
197762
192460
172953
196640
183713
203944
194520
245698
341641
306744
279033
238699
8179987
14193183
10037750
5860829
1771973
154243
8275818
15015321
10882099
6805535
2719841
192049
183690
209152
217407
211901
237073
261614
267274
326989
277121
253282
255252
227621
10641661
14420059
10240996
6109649
1947004
211954
11140328
14398471
10267197
6156944
2064419
190728
181628
175561
156395
191547
284448
315345
321121
282827
197178
196482
198107
2034855
14687803
12278092
8113567
3911237
176179
174607
13767997
13210460
9080421
4951815
764497
173539
154915
128354
179001
163146
155956
225624
225494
284509
286535
282609
200683
21646438
18706942
14579466
10460324
6396610
2614351
5552025
16389879
13958654
9794637
5662761
1527565
158059
166992
123257
191140
179738
219836
292615
300998
286413
224032
253914
217525
6078393
14408802
10233911
6069119
1920386
190237
9754361
15670322
11459562
7288263
3100392
165836
158960
162806
162599
171179
218219
239193
207950
193780
212169
217656
230902
363685
9319200
13073175
8928134
4729722
567108
228712
9510595
14555428
10420070
6297022
2207077
180050
185620
205377
174029
168373
217534
266332
255265
233879
227496
257058
267380
284270
6841325
12367056
8246540
4125836
175522
175809
12714674
13363449
9197757
5103474
1014256
171843
177316
162328
165649
165847
160513
208180
210741
267769
242557
186034
163657
4432301
15934427
11835249
7691732
3573343
181701
162713
18250308
14102679
9958932
5839667
1705405
180513
166382
158995
208076
187472
184630
221283
275262
270149
282960
215945
201588
3010283
12431840
12050262
7973506
3830310
159391
1082559
10790222
13153764
9043118
4892271
792546
205741
154785
172933
161645
225442
198206
223807
283178
229758
246510
272908
253539
4576561
13814381
11221770
7105307
2955502
178691
1516728
10302661
12399843
8250578
4141713
174114
168590
196331
179999
198180
195853
215284
213777
257089
303797
227024
207688
202265
5325422
14603318
10541544
6410798
2295267
206921
3989131
14311953
11606588
7426011
3355406
143242
155177
147042
179608
191812
188731
170752
190891
195667
245661
202721
222309
165506
3858235
13745181
9589028
5454866
1328195
248793
5962104
15138910
11021536
6920553
2806567
173170
147366
164782
189684
192232
202119
260229
247699
244531
285107
264623
207124
493931
10833972
12751066
8579600
4489004
306469
181416
7446669
14614529
10538389
6622722
2482934
181185
202492
179139
233035
173529
202239
229599
235367
281288
231016
258952
202091
2126792
11405810
11924855
7821437
3706487
189135
213821
10028830
13606558
9500777
5358476
1294513
310136
141395
219638
163150
175387
206881
194239
215347
232677
194039
187953
197790
2691971
11472738
11524411
7350357
3244948
189700
1518094
12715943
12629458
8527375
4408255
227041
152995
182006
175301
162759
166954
227595
304676
297284
258024
258240
231486
217811
6408693
15248998
11190798
7050617
2930755
174608
1952586
12031100
12420490
8271922
4119641
199614
179627
270263
214922
179930
204300
193844
238206
231609
287261
253368
221279
158362
6585545
12749185
10051314
5908121
1809465
209466
3513494
13437506
11687771
7518160
3373940
198356
147268
154509
184846
166692
188300
248856
209025
222832
210850
233377
170295
151857
5639343
13155017
8981844
4831162
699999
396331
5666227
14751694
10755721
6625161
2506857
212560
267481
199976
216459
179778
268849
292106
299059
309560
269139
259824
190108
1359996
12031663
12355313
8237859
4088981
210912
173415
9801247
13923601
9805008
5684744
1540739
166994
161080
183121
180295
198556
194182
196594
225278
289061
266055
272912
270909
2279277
28447464
28265328
24079699
19940030
15803959
13018354
22368054
25264449
21115412
16958409
12781395
8656813
4516213
317228
187213
164197
210621
186033
201607
250519
278025
203884
232293
4356810
12288104
10775418
6600460
2430230
186061
1435347
10683157
12092975
7983500
3846311
161168
201911
176042
181960
177460
224003
199098
279430
283219
285834
253506
256689
216626
5321910
10004160
9936324
5753214
1617442
157522
3408746
13336821
11080773
6984417
2837316
166226
183385
186606
175944
182224
202493
219706
251787
262127
260404
248035
250776
297750
15399962
15117243
11016776
6891190
2766518
169215
7178658
14976991
10806174
6594233
2440146
182753
192635
212880
221622
185812
195812
237294
226865
242903
231327
237614
139068
456232
12555396
13047239
8914514
4825873
738219
190284
8596267
14618576
10462929
6313350
2188409
232380
165246
259941
206951
234886
189454
229716
303765
303982
283853
200209
211161
3884148
15376826
11510044
7353442
3177883
166080
290807
7608401
12913792
8748278
4621666
460449
223115
200781
246495
197466
215239
229060
264692
273952
261795
220991
272820
248855
5798881
15512406
11354837
7202508
3096110
228791
2122545
11284478
12101244
7971122
3837420
158011
136443
168420
208725
171903
216825
220637
229540
242900
235774
163989
223624
212663
14323546
15599951
11528999
7466511
3355111
163021
5160609
14761455
11362452
7235980
3135129
181044
173581
132408
160633
210561
227104
244981
223410
277045
275918
243822
195850
231033
4797874
13598989
9444653
5291623
1162635
197819
8493018
14586487
10402228
6252764
2141836
391295
265484
233476
259979
194999
247371
251251
292269
344029
277955
271537
191645
1431717
10703502
12718814
8579181
4440746
323011
173191
10786935
13668550
9498328
5343481
1259812
197997
171163
174890
191416
199145
196189
227631
318941
328370
328505
279697
289304
4573814
14684936
11783011
7609059
3423451
172638
1628746
11501057
13078544
8935240
4772593
684719
191149
243611
183809
216260
176583
227932
244729
321573
324929
285118
292921
210886
8927776
15651995
11468621
7336384
3168525
200607
4065051
16424646
12313768
8174226
4045572
194747
209266
243462
238607
196307
221496
255085
307193
306215
332005
277681
220700
214082
5721117
13991908
9877333
5699317
1568468
214872
7351651
15227659
11119937
7133216
3043240
184096
235821
159812
170383
173787
207625
263368
285349
279615
236073
239696
182469
241686
17704314
14463539
10394171
6311717
2179277
204462
20320877
16202889
12044317
7969473
3846544
198111
249512
253018
180965
196794
185276
220561
238121
290083
295972
245789
253402
2272087
13732920
12523213
8329417
4226768
199297
137641
8171707
14049046
9948597
5754330
1656383
164129
173999
164573
172099
170631
163301
166596
194345
219975
305855
254963
313912
994920
12642663
12159703
8081557
3910535
224629
2275107
11240518
13368574
9213288
5129758
1055067
176248
135346
138862
185573
255075
197108
225695
225998
245137
255836
249038
173255
5235330
15055976
10871611
6701077
2537200
191050
1358060
12171424
12105350
7915672
3748431
202666
179838
235985
224143
189999
192960
167279
178282
162411
168312
168395
181558
176356
3726457
10805769
10256207
6165787
2081833
199266
3392477
13583378
11128099
6962430
2818830
258023
151685
172707
180578
194708
168704
168485
187005
194122
236478
224518
211200
204416
4549038
14054915
9944113
5801728
1678681
184021
5669724
14985037
11327004
7262945
3134733
177834
172408
129453
171844
152219
177330
211722
237916
293079
276985
285573
269427
212095
9859644
13694458
9635278
5551251
1451484
319748
5560087
13667231
10258082
6122666
1933099
221392
181060
234444
248578
238863
194329
237722
254193
328568
374591
261858
266154
367625
15440053
13221393
9071841
4930874
804036
202394
13043143
13842435
9712213
5589799
1435430
172587
163120
142749
159832
189119
179850
201281
212013
320038
238121
234027
178555
3403163
11361068
12141977
7998240
3851218
198187
202971
10628237
13530920
9402206
5265243
1152403
227656
203255
207911
158439
180824
173882
220229
248461
281335
274965
262145
267395
4038371
12867399
11431680
7301363
3177341
197599
1350371
11383504
13210438
9182441
5103437
942525
149243
183651
168404
153482
206926
228532
279437
280647
209761
191220
144621
208403
3468320
8401224
11201191
7075886
2923557
189129
2447090
17754251
13641184
9551577
5558120
1480567
235048
204094
223929
170044
171652
189787
218345
275160
235458
236092
202566
160584
4779150
13287645
11608602
7531309
3437192
225355
2583449
15797232
11870040
7631262
3444179
168412
179389
154636
179218
220269
176904
224518
231625
307286
294636
220746
210893
187114
7552557
14394838
10221814
6060279
1939271
186948
4066243
15665405
11511494
7373149
3221815
149756
167525
154646
150172
174993
191403
203425
204260
220163
252924
265023
241008
241384
7087923
14109629
9961880
5738689
1649275
174209
588970
12931556
11389980
7263883
3119818
159082
158691
159994
190725
179374
207818
216950
211912
209130
207559
211801
262370
208651
11875852
14002203
9810699
5653076
1618748
194628
5397541
14326543
10256072
6100360
1968885
162466
164828
157713
147263
203660
200997
174539
252100
273816
278346
220516
203763
567077
11166186
12597414
8455187
4403121
329627
185674
8331791
14097040
9999872
5851483
1772871
155668
202344
178655
155390
193206
252599
222843
219195
273189
230698
268198
174985
2270194
10031406
11833085
7762260
3606882
197372
616144
15915422
12844243
8685957
4521668
374733
161957
160530
142444
175834
222082
218896
247642
229919
294953
240139
214579
144174
7431425
14925019
10811823
6654897
2526581
206270
5834392
18399643
14347399
10172136
6128533
2012231
198353
255304
235474
178069
235408
311569
283112
287878
320472
265375
252504
182524
5766062
14885999
10798428
6679001
2574536
232927
2824016
11605021
11857703
7716916
3573368
164706
200009
200254
198649
198202
224201
269280
305046
318897
335073
300349
196413
210264
9381985
13527026
9383050
5238323
1098045
169128
8035148
14987771
10849681
6713796
2603205
185065
178943
251226
243886
198224
202119
217636
237641
294308
238124
182852
262260
822417
11254321
12909177
8749568
4602835
458850
219513
16578558
15647189
11599584
7441788
3329712
170749
168968
197599
196782
204541
241676
272148
309078
224589
193100
214694
231649
3212812
14069142
11353312
7141372
2912977
174673
1108643
14007052
12590208
8410896
4319739
242565
162189
227930
242717
197644
219652
212015
246615
307882
291138
248683
245259
182271
5368512
14563344
10375441
6286529
2219089
162563
9869205
16443882
12318697
8167246
4060265
186889
245353
218415
177913
125952
185362
209746
204758
283498
295799
259101
190763
242450
8281859
14084302
9901868
5767806
1641176
182735
8717933
15666693
11541095
7395157
3276422
193528
178261
232512
183412
193677
196512
217802
225621
237571
239788
235699
187268
191440
8707969
13469660
9342471
5206239
1100980
288489
6005028
14857759
10746420
6662876
2562149
225210
154424
250334
186959
189522
225315
248039
241943
302315
237947
200638
170419
605353
9039365
12736306
8596661
4408537
273300
210150
11174960
13969497
9814407
5694945
1522553
201990
242523
252446
205149
210220
148641
246800
268117
264610
215851
208526
204032
6340292
15876226
11626751
7432224
3208338
248933
2091128
14358968
12425716
8260192
4100521
187124
229769
175535
173218
175593
207288
154583
201642
258800
315034
254705
153737
234845
7660277
14121945
9954182
5785474
1683817
172356
4393714
15158791
11402780
7329878
3114316
149251
174659
183626
220879
146245
240747
304074
333826
274995
330577
281557
283502
202317
10388715
14117051
9923825
5722787
1592266
204407
7416169
13062000
10802868
6703859
2576436
209321
288404
233932
175927
173304
223997
275068
278237
283667
287405
195657
207602
6284500
14032204
13116017
8986219
4854891
695132
210662
17980192
13881840
9773449
5659082
1620704
167812
189352
196984
157635
174899
223988
283608
285711
275309
197656
190982
411048
4245834
12597565
12292320
8137803
4001862
174375
1282052
15263236
12795782
8662623
4556041
544992
200727
178739
194695
164145
158293
178390
255027
226789
271551
262513
301433
195717
5105422
12437733
11262054
7125629
2998249
185900
1835314
17003932
12849669
8700711
4575557
413238
169129
207722
225075
170844
169428
216567
213619
282061
236533
188953
223238
219163
6022285
15343484
11292763
7258144
3113040
206185
3879586
16293818
12109443
7979178
3860712
179349
183855
141962
164166
140391
184678
200900
254852
258913
267476
232868
230311
194960
7270017
14815102
10819125
6757190
2638437
185738
3515974
13424254
11872870
7729724
3561945
214700
157450
250607
186770
204044
190098
229486
308901
280900
335162
245879
254352
247122
9308079
14747306
10565976
6424499
2342985
212024
8380530
15280472
11151127
7046222
2911407
168720
180019
193752
182152
160744
218874
215526
267656
314445
256145
256291
210010
227264
10555450
14014674
9865396
5710832
1584073
185682
9015670
14645625
10501261
6372030
2193870
195126
184480
165686
168187
190423
183445
186957
217298
186664
333950
303256
264628
1824090
7466732
12473109
8368175
4269551
209617
185434
7606101
14052941
9944357
5779345
1641873
173549
132569
153066
209540
235236
206581
187560
270424
273212
278570
265694
258346
4248675
15217417
12119756
7929756
3816491
171511
146747
10891289
13305370
9167166
5010409
928970
167495
241781
223281
185449
181111
179202
242137
278297
257523
256912
171135
184734
4661206
14216597
11206487
7051934
2878692
203266
1543448
11324308
12649843
8452372
4254030
189919
198678
178076
195138
161893
167317
185930
206954
242039
353121
268580
288697
314929
6262520
14320987
10194838
6097148
1965780
210691
544834
9796387
11530980
7354426
3197508
184010
132914
183968
176296
189676
162027
184583
220473
224209
236096
188241
201579
196641
11111149
14088557
9929224
5751069
1626393
196011
7088085
14876866
10763329
6670082
2521701
205352
253797
246021
189907
170843
211970
248552
245981
261354
277602
216712
264659
2164190
8657431
13475123
9314219
5162231
1037014
187931
9054559
14519063
10403033
6240613
2130016
235873
246644
240913
220221
172087
173385
233505
218910
281584
270742
263498
204067
429252
9810889
12347287
8171905
4073744
167945
181802
8057077
13779268
9618576
5476247
1306385
151632
173778
200227
214601
207078
222545
235632
213552
209753
242749
214635
195257
5519631
15383343
11487002
7346628
3163922
201178
1570982
12326587
12766175
8688666
4550271
368788
156888
166843
195389
139976
151133
208227
233177
280738
302628
239319
203018
172532
5659824
13935055
11187811
7082283
3009351
336011
2410354
8804608
12370180
8306133
4223705
182660
184870
171275
172215
198501
228351
233116
278910
276238
286313
218922
232428
225425
4815892
12515620
9862700
5653450
1481114
208449
5106904
14333071
11149745
7006159
2877550
182281
198145
176459
188682
181366
155536
252023
206885
270621
288774
268301
234333
187023
6021977
11326417
9308342
5211415
1146643
216582
8303748
15000838
10821632
6717178
2631404
185844
185874
247620
236040
196881
212045
172434
193130
221013
252195
227413
240020
3041845
48804995
44769451
40634809
36506240
32374731
28269519
24135223
40283348
36557186
32344787
28147384
23945393
19715517
15503409
11303932
7091950
2895607
223060
204327
218144
259651
237720
228419
3576132
14164946
11640199
7541769
3410698
151263
3320816
15897723
13380578
9336351
5209515
1106495
182207
135104
425259
212316
230293
184251
260914
198301
212073
169655
179407
251099
6168617
14838401
10703221
6586182
2475595
207683
3383319
10968226
11911542
7769518
3611988
158094
198345
231751
202964
191715
247731
273644
258343
272897
252506
203216
168251
199552
8631399
14207750
10116303
5987932
1825324
218312
8102008
14611433
10461324
6309313
2173643
207710
246934
240282
176592
193672
208754
185734
217598
235547
299568
209179
162601
1448452
11343244
13141833
9092010
4975257
865620
190879
8904286
14433681
10293426
6132972
2010515
220486
195495
225651
230304
173525
200175
183845
186353
192397
216468
228400
200574
1935262
13444340
12565358
8434380
4298984
206642
219900
10005685
14160134
10068580
5941077
1835732
209801
236841
203858
194834
193278
187787
210419
207869
207450
192837
209768
178183
2268524
11506285
12092436
7983486
3826611
217781
163339
10224318
13982008
9872771
5783796
1700026
215295
225906
224454
169843
128768
232555
308389
276799
283773
240783
225408
237447
5354636
13328032
11909817
7812281
3641714
216302
1094649
11800411
13078827
8962742
4831490
713733
180170
208298
174604
194485
177590
269079
241726
291905
294273
228761
224023
173429
3325891
12743643
11146693
6957679
2822889
179748
1766276
13149662
12191861
8101341
3975264
145420
142400
161562
182606
184211
186418
219880
242670
305278
293779
251428
252153
193993
7265208
12618827
9476869
5346061
1205206
242062
6369859
15431550
11248275
7140091
3020191
200316
181826
242265
204696
180678
198694
194763
203137
155923
276266
231115
260829
333658
8925758
13250288
9085909
4932225
863530
147758
6744093
14123788
9986242
5790581
1647921
169662
166418
164372
151483
188975
203280
245595
244098
238651
307341
263287
296168
2979119
11121653
11968626
7842964
3729632
228208
186812
7658965
13474413
9367166
5274033
1135020
216234
252440
229671
168896
170714
187290
220437
215317
267810
228759
245384
266099
2930175
9935031
11782843
7670964
3498609
183338
855685
14501103
13126942
8987831
4967639
822867
254701
335153
250540
236248
186771
233865
320510
289443
291051
222573
301771
221888
3630606
14809018
10704307
6577119
2413044
177411
1610485
9278294
12009959
7952040
3835816
178295
185258
194859
233302
219970
168701
211203
220733
271207
259057
227579
243062
165819
6554502
15425446
11417540
7338307
3201936
163847
6938293
16067838
11954403
7839063
3734711
218266
222057
185663
162143
201723
184728
203410
253222
308641
298107
252583
247800
216169
5223309
13255794
9054946
4868462
681644
194149
8035544
14499342
10388231
6234455
2127484
231013
167518
197841
210661
231545
205365
196043
233172
283368
285625
238288
238204
2197239
17374709
13200903
9077573
4953570
851162
244681
9902611
14130424
9952437
5870540
1756824
187476
215674
199550
208501
200666
180820
211617
248576
275042
236431
181827
206578
2220454
14676213
12219566
8162772
4026956
180881
199834
7204871
13674067
9653319
5510802
1382072
191041
202265
190056
182031
185571
196273
239766
238757
319568
223154
201514
167932
4471950
12797313
11376145
7190918
3045582
200120
2413296
10997394
12717976
8544576
4495655
453647
166611
196411
197162
206856
217695
196607
278177
214189
222634
233812
187138
211950
5100698
14659677
10642242
6455207
2348675
152470
4636431
15957602
11827655
7749704
3678595
199715
233176
202535
194213
192127
214416
297487
298067
322691
324068
262866
188301
188821
3677331
12764019
9558112
5328311
1124485
167141
5934519
14429666
11056115
6894680
2746465
206000
234898
269338
195912
214826
212777
215493
220122
257855
338307
314198
230735
726073
13185188
13048214
8891949
4785256
614853
184585
11287423
13939385
9768299
5603075
1408077
175641
166093
202810
179117
212867
208385
242363
288640
311448
231175
238031
228884
2038582
10747841
12534001
8406763
4263279
196845
1068549
12329215
13047234
8865706
4728967
587022
245576
153465
257472
214375
180069
231502
274845
302209
294968
185142
194224
218793
9709851
15513583
11354459
7297616
3201009
184409
4365562
13556638
12299537
8149239
3973096
220631
276702
234313
263112
205068
181247
216946
257690
237079
312743
253475
269280
217404
18934350
14824036
10711914
6513819
2413883
223133
8615580
15828163
11745861
7687483
3619369
218921
194341
237563
178685
167672
206492
196602
220037
230512
307613
200245
151010
363780
6852147
13187757
9021532
4846129
694796
185729
8557248
14408009
10261561
6099450
1941469
196587
257805
239384
177816
131159
183089
179701
209192
205310
296824
238688
239812
2310740
14034736
12854689
8682019
4497137
375121
187609
16049667
14539749
10434662
6343247
2238400
157671
175102
175254
183006
194714
175554
229606
228644
314819
231736
187718
189300
2505964
11652673
12412466
8293113
4197282
205369
1207028
10816714
13175787
9011922
4855133
711213
167467
173683
165604
174561
202756
185488
221802
228449
285344
276428
287950
275218
3747598
13161284
11828211
7617089
3480385
218322
1620379
9106074
12721691
8630587
4508547
499229
176661
239107
262875
176358
226530
241132
278206
246376
329135
263516
225050
214529
4761523
14977468
10774332
6682439
2553414
159390
1913713
14594299
12194074
8041222
3896575
207767
152714
181418
207038
160434
200486
269185
276046
213245
206316
357562
196041
242901
7361100
13605409
10530003
6409269
2241739
203129
3494177
15922800
11793700
7709790
3637634
180278
233186
182626
152597
226574
270348
278598
280738
265815
308487
247255
280621
178968
4779939
13835241
9689422
5608920
1498381
162981
5013453
15241973
11107057
6965489
2805674
166522
229827
235272
234468
186251
196158
238508
241958
227406
329531
263205
204820
951711
18768072
15277745
11146188
7014302
2900926
250821
7487219
15036444
10900660
6790214
2669705
301775
137102
262661
174734
161448
172837
192316
212898
195571
181438
197590
151079
436764
10284658
12711185
8575482
4394411
219448
255577
7231789
13583259
9857266
5723478
1583715
122679
230226
253049
244972
168973
172595
232637
282137
287927
281813
248714
280333
2451414
10098423
12056069
7869274
3727668
300476
896353
10173472
13026457
8886852
4745050
649453
176769
243075
215620
170395
158485
205870
210625
222916
231984
183050
229604
210881
2251791
10507037
11082474
6871330
2691218
199561
3675774
13826700
12907939
8808754
4707033
621970
232952
239617
226904
208065
158355
206137
208041
255692
223067
245652
278901
291201
6178983
14518112
10377638
6223040
2035163
241526
4396168
13465389
11162875
6972015
2806901
209253
188337
189131
157234
193868
179725
239954
274301
293741
304082
258713
155787
241776
11373744
13312335
9151548
4940988
791000
170505
4880654
14557657
10380389
6165886
2071490
152498
187721
159834
177192
207486
206690
169762
204541
192713
182665
184947
174427
1040473
13386087
12996371
8856959
4708408
576484
161494
8971089
14052066
9884126
5733011
1610779
161618
198612
168627
164535
178489
200106
225082
249559
239338
190680
167846
180167
8914611
16019743
13234184
9046387
4901445
733000
182412
20011038
15883812
11726085
7594884
3469254
193305
190970
231093
171972
203710
158099
155713
194718
188051
235182
249656
210674
3888931
16323306
12193662
8071763
3957233
191494
205708
17562321
13449592
9307288
5226625
1104526
156939
155818
169970
158145
192324
176945
200839
248829
263445
195154
204434
186973
4165695
15380231
12037085
7912302
3771822
213081
190838
15070768
13190286
9055673
4912003
806237
143427
160514
138327
186526
197586
226192
210755
181738
169001
196022
266029
224595
4317246
13443333
12659297
8536053
4418998
339588
448609
16958384
12811863
8701326
4544502
430502
175813
159706
167685
156894
233313
269185
261821
277013
268694
254259
224070
212424
5623396
16155761
12001552
7885064
3730470
154422
3768705
18483176
14319973
10185352
6052739
1896793
200917
155185
192115
152543
152202
186807
147006
174882
194294
184357
170052
214984
5872507
15323843
11169958
6964020
2818428
216209
1137689
11946163
11963906
7830942
3676059
191365
514088
204997
213845
193222
197417
219349
255249
290851
335970
274173
228761
237254
7603390
15075269
10907388
6761078
2610521
160661
4947711
16150894
12032635
7846772
3674577
161856
184423
179753
165712
145940
201702
227695
208522
212282
201168
185109
171266
198439
6967241
13640649
9492168
5295254
1143380
197141
3954670
15099724
11476046
7397507
3285552
146223
193873
166230
167440
196425
193475
246410
275523
298920
268801
241031
192538
140909
15763062
13068334
8936128
4803887
712230
142146
7234193
14652675
10535508
6386184
2232267
185162
146395
187115
172791
211875
233158
265742
233191
255045
229146
234301
206384
334301
14914708
14337682
10216513
6059765
1906623
180161
7691150
14032394
9894430
5758320
1615058
184821
190798
230942
186848
159962
191893
200202
245643
199545
237431
249621
162362
1321206
13753640
12401770
8271543
4126559
190510
218981
8952976
13674789
9562421
5512663
1359475
177343
189990
186437
218615
181369
179075
185734
246054
232965
244030
231338
247632
4752801
13585739
12674725
8560921
4443002
327747
190310
17407844
13902911
9813263
5733391
1642971
180519
217221
238166
241237
203782
186319
177195
189346
191694
289558
240722
151646
3398816
12355608
11817848
7707844
3583312
180929
1385452
15820561
13604079
9478623
5372975
1246805
157547
189341
170701
175342
203269
163992
230602
227070
216380
193380
220613
230033
7802187
15917986
11782483
7667112
3614706
221876
2813724
15201988
12325271
8198162
4084963
205490
178897
164083
163748
150017
156632
153061
194746
241211
267754
260798
233561
196977
5130832
14842301
10700686
6621947
2551362
189000
2215003
11996269
12169019
8051175
3966939
146482
171390
241823
207504
177736
209555
204415
292669
255512
246302
238924
237419
163406
10290801
15197013
11104092
6964634
2819887
179141
3086785
12950437
11412753
7297047
3150631
156237
218485
174411
167661
189382
201342
188313
250288
330021
351149
287162
308587
246227
10318663
13633100
9446285
5334138
1234798
138281
8073155
14886045
10826893
6753959
2634478
205366
215483
228345
255880
220548
234340
250074
296312
300259
298671
203518
229682
1240617
7471868
13203177
9104892
5014809
802104
234690
9011801
14976901
10863998
6732266
2590008
216452
183016
194670
195896
175075
221781
195785
213657
200769
204557
219932
209490
1275726
13261147
12687386
8544936
4413970
319075
258785
10080244
13668977
9543046
5492587
1412762
215930
232210
242278
189987
196348
195642
286432
218850
294813
260932
220657
156100
4880696
15305453
11227549
7092125
2985281
171931
2441961
14225979
12170365
8062047
3898081
332517
236382
214404
146632
175412
231892
201327
304668
246296
298016
282412
290288
291336
5456693
14564302
10497447
6358010
2175244
189986
2696172
15140561
11671582
7549948
3541187
177781
173953
146253
185974
188907
228905
270322
331808
303955
282932
277694
286184
300553
38923590
63981688
59820474
55638951
51427539
47816261
43632055
39515377
35356561
31166638
27006475
22827544
18671020
14495669
10309710
6148850
1930689
184816
194022
228881
294535
266061
232863
383557
