181854
551147
146530
109379
471810
112079
1905787
116193
225603
108604
105635
935242
134456
377092
126230
128447
108099
121086
1716605
136567
984827
103931
132667
729675
182117
982892
127539
129941
110772
131797
1549204
149626
852728
122320
179188
690144
121654
2178940
117236
157592
118583
112392
1303430
131650
668442
116478
150885
334425
126125
2225788
115719
125738
141881
145885
1306581
136949
651866
146444
120232
185624
121260
1846594
106280
440538
110464
137242
981006
117445
381625
133444
123751
120654
113861
1744428
125268
1022769
109083
159238
954609
157980
1733011
113397
106716
122191
129808
1473743
125822
890465
99934
127298
585092
130586
2228649
106636
195632
107650
115964
1448552
115751
747543
123554
95647
406728
114887
1273800
109772
126628
120937
118318
1334031
141102
879130
119189
126072
489921
101141
2177672
103423
122026
122939
105186
1342036
115978
730000
157296
113268
828578
102648
2022304
103620
102710
105758
120581
1142014
121166
740689
124915
145956
250033
102644
1996439
98161
262987
106247
136595
1164672
126686
555670
123789
119599
212789
96129
1885881
101310
325016
98506
119639
1053599
411451
468093
123151
149202
142139
119258
1584875
117255
982272
120470
162835
627982
128120
2202709
123480
126220
110115
136829
1445735
132281
933310
105668
144565
535198
118209
2278382
134997
130469
118579
127798
1403775
111527
865098
145903
159465
653959
107199
1911279
126408
145217
115271
129582
1238702
128211
737054
123475
98945
341173
109809
2048251
127852
122923
101725
99489
1184210
117858
743133
103983
134574
401047
126833
2020325
119002
126627
120512
134388
1278881
118435
572768
123071
143531
465538
92774
1912904
116283
134772
110718
145495
1222257
117077
593114
104326
140591
96508
98716
1840978
127178
366727
111039
115530
872649
109499
466148
109809
109545
107064
112654
1756955
102935
282722
103415
138308
1208712
105233
506920
120248
131088
164906
102573
1887695
103041
268778
102799
126696
1066428
122946
361217
109554
120754
107758
110949
1964905
118528
360416
116759
152955
1022663
111439
366922
122711
171095
156507
138174
1664695
125559
260560
127903
128466
915684
103885
336398
117619
127781
102957
101911
1546240
123251
294873
106972
102916
914931
109544
2215015
112775
167059
110051
116009
1602241
107053
1086872
104590
137414
661159
139745
1266658
129865
124453
124611
117093
1392417
150221
1023708
109558
113062
581797
108850
1890689
105113
103346
133894
127422
1347700
105897
669176
171202
143398
438457
108278
1925441
120918
185636
129950
92300
1082447
115371
980679
122422
127545
104997
97660
1770957
106910
294061
109225
132403
791324
110071
2185430
113814
197942
100403
140615
1374322
110361
742644
122824
136883
163335
102162
1897452
115405
300632
126616
153145
658772
150587
1812023
108281
101579
108522
132538
1425175
107083
725011
124390
114409
259533
117256
1970649
131297
111595
114764
148989
1700197
109626
657885
125171
106325
148382
103238
1939634
103269
730510
122406
110483
988329
108540
504176
128654
139598
139642
104563
1682737
123489
1051594
115334
148503
687280
118460
1359713
131421
117536
106828
129254
1331849
134507
927089
155069
125172
276848
120290
2018920
115556
146919
130602
120484
1068187
111871
609264
136471
131725
116519
109329
1775191
123956
422550
122749
124582
1014376
109991
489462
105781
113102
105303
94468
1769087
99726
376998
216526
138457
1074111
168757
1849443
151589
158721
102946
136618
1670112
120481
311230
98937
119303
769826
128408
1661994
155059
132075
109743
138005
1523464
118698
1024339
102802
166020
614695
112565
2006677
119424
125112
99035
102494
1321266
120838
810446
128855
111142
384774
111149
2080613
101581
147853
106691
99730
1150516
105859
592184
125715
105473
418434
122624
1884376
98822
143661
126014
117898
1008071
115392
434023
125914
128192
112307
97952
1793129
114828
205013
97009
128324
919617
122901
361408
111892
120885
101761
97014
1680971
99458
346817
124971
123223
822756
121603
214413
136598
151930
102371
113679
1574289
112134
1071306
107936
114362
604478
104221
1298300
117732
146824
132264
127503
1424634
116284
1133205
115687
116854
626059
112472
1703880
131012
101558
129254
107901
1418601
113307
927614
96797
121331
565575
130557
2173410
140827
99985
112000
121993
1385895
131157
948638
114070
106473
524543
114019
1299605
115053
149064
130708
103918
17182618
13019856
8860367
7099403
2983793
2887669
113472
1903339
119240
93492
115263
109823
1186131
107700
791122
97218
127114
325104
110025
2071408
114395
119334
107139
110733
1146386
114135
599044
105747
134097
278961
112019
2016579
109626
115004
109470
113355
1214078
106688
718489
110625
136523
117051
130678
1879465
129974
159112
113228
116421
1176775
126162
501107
112966
118236
170847
114727
1777646
110657
204766
107438
104153
966877
122386
446581
122992
131285
129859
106503
1763541
122372
283039
114877
111236
934639
103903
710909
125637
112494
109090
109847
1716045
104788
254413
102632
133332
901054
96074
350571
119934
121748
190390
142568
1640083
102461
1109265
105241
119293
827886
113077
204509
126153
119283
113538
99297
1636190
117403
321663
140374
105380
811784
142486
328478
112411
117830
108435
116036
1564580
105458
261098
114240
180666
964081
113443
311186
135851
109784
101923
113593
1623574
105761
984077
100148
138877
869334
101299
214926
122355
124364
97845
124286
1524763
126657
386520
100629
124073
716959
130438
1279431
111637
154337
111724
111729
1540946
110172
1014238
103677
131775
716534
126235
350418
118967
107379
97024
107185
1449962
102791
987733
122217
140780
595495
115784
1584511
145842
163299
122444
135603
1417396
145921
812870
95171
114188
421729
107659
2093010
144962
157186
118014
133238
1834499
126748
854330
121015
121593
344419
122361
2146782
135246
132048
116932
157008
1453250
125169
760362
109481
113067
530895
114709
2207459
117944
122049
110675
131564
1272926
126723
767263
117588
99318
295432
130153
1948198
104677
142734
107484
119318
998525
118651
552403
101067
121471
176229
102129
1050327
106951
171179
127469
118951
1043446
108621
597335
167361
96519
100545
102994
1809654
101696
168758
118132
139067
944658
117210
469270
104462
137258
173900
137696
1765875
103270
314641
131223
146452
1022893
132537
354242
136723
122709
235834
118494
1751534
110254
766409
106833
109547
923386
116098
419567
124363
145521
100949
105790
1708784
97969
288225
119931
135302
874787
106492
2408211
116735
147086
133288
101511
1612100
138769
1174184
111661
117008
701005
116794
334667
121367
128173
112140
118949
1516391
109893
1176993
98850
129076
707156
104904
1261725
132247
166077
111655
159974
1617576
110640
1071508
171772
119678
778533
104106
1174619
105302
136418
105195
109322
1498798
124681
1006116
102880
120416
578511
116391
1798283
111914
117617
117901
106443
1266341
123322
856328
106762
141774
438456
107175
1957006
113747
136343
128485
224645
1520082
156359
884302
115672
147310
524897
120650
2074325
106338
118926
96366
115056
1338526
124245
826977
108173
139689
535557
110891
2093737
116871
123015
102314
108866
1264009
115527
772510
149294
111587
253854
115376
2183865
114557
132555
101455
135529
1172845
143133
679806
126309
114152
298079
125165
1930856
110852
101918
116727
111477
1231614
121860
663141
109482
140724
166399
103711
1863317
115531
141331
94184
126351
1083883
117344
591319
130756
104294
95614
117658
1739721
108688
378405
123031
134964
803676
104443
260142
117926
112237
100215
125994
1561598
119026
958051
144182
120332
880935
111640
996665
133766
124577
122897
136803
1452095
127687
985010
111872
127881
694034
110458
1877974
130381
133194
135415
124324
1505638
144236
907967
118935
132396
568000
122908
2075964
112705
130691
105383
124815
1139819
128547
821755
153982
105337
310392
107792
675370
121146
123559
123248
136289
1371488
121070
757698
140483
117987
265159
129969
1995723
105629
275303
99979
124058
983507
136074
676759
119294
134840
691914
132565
1711443
107655
388301
124087
115064
913586
123576
564226
111767
171275
105590
123883
1686215
110883
396618
119810
124578
722398
129704
1019380
138907
123805
101253
100552
1520985
122854
1103536
96180
111754
617401
279647
1076553
133442
134630
116155
118089
1404281
133875
985326
143468
146201
487259
118153
2157954
117023
151934
361794
128366
1382468
111496
918166
104906
184449
402612
132012
2164207
135406
155475
117193
124608
1232195
109344
1095929
146342
128064
300460
138890
1970769
129762
100727
111015
112033
1116974
100144
639206
122135
104671
315080
151160
1852319
118803
193882
105380
116676
1111810
116742
618664
123423
127706
330014
102533
2034558
107738
138058
114470
123781
1043947
118620
563349
148812
107615
183264
102960
1951147
108547
299001
132070
106072
996896
130517
544755
127054
140012
103339
110129
1901267
107199
252863
137505
123929
995319
104418
452611
117707
111606
273105
101578
1904684
126973
289312
110914
106241
1067707
135415
451639
111959
120513
112723
99159
1806892
104531
158526
108839
170891
1051429
104289
524001
114027
165416
125578
124129
1756949
97860
314705
98411
114952
802282
117507
480408
220744
132261
121393
106121
1653898
108194
329816
111635
141691
906645
135002
389574
131477
124171
142682
107257
2068975
136334
1061541
139220
118969
686169
103238
2365815
135222
127535
114546
118661
1513204
123792
978241
110265
126703
579042
100801
1803595
118089
146392
125589
130168
1452071
116234
969303
101723
186505
425145
111517
2094369
115742
130288
106360
101183
1254483
126662
899054
99811
103946
369095
111075
2141689
116151
105662
103860
115873
1245391
112396
774483
145105
123707
442884
148167
2073475
108210
101825
112218
117018
1305172
138053
873424
111685
98952
550833
118291
1996024
108338
113909
90907
125893
1196192
108715
627927
110764
129381
366649
121209
2089862
117792
111906
107882
115682
1106004
116611
560540
124297
102901
294999
105492
1853150
125277
186643
132037
129418
1020380
244811
551943
113490
111076
152802
101201
1918705
105322
134930
120021
131533
1110939
101432
503969
109490
141078
544102
137079
1848748
106769
220763
100076
181491
926483
119606
403258
118091
135294
117691
138793
1544411
105332
1362388
106794
131363
703858
126019
2215060
111976
112152
125624
137567
1457222
124075
906792
111190
108577
392050
106526
2132457
115867
144190
107478
145148
1369312
128784
772698
129952
110683
274192
104707
1613136
94239
116862
140830
133467
1188343
113325
608714
105389
103472
247026
106710
1924346
132160
116968
867627
162820
346647
118961
2039623
142282
160361
114952
124934
1106675
104147
560496
111924
123705
153942
124063
1935985
122804
139466
131405
137364
1120672
104674
519514
107396
130514
114150
116908
1797275
121645
333229
110361
151315
946259
118152
257412
124128
117434
135311
106807
1634327
113328
171649
113654
144794
825659
113430
1315364
126756
109568
127063
120534
1505849
103142
1026143
115689
161376
691413
125147
1683894
143586
110006
122076
119430
1276649
117067
982763
124010
144590
597986
100570
1246869
117010
132323
107473
141718
1279797
114510
797680
128879
145483
451082
103479
1955087
121203
145161
107481
117106
1263989
129715
650999
113343
114730
359930
101687
2019750
133090
154901
105289
109269
1284563
121409
610091
119142
98259
144319
130371
1830047
112188
353425
110000
134099
943432
108904
479173
130940
134267
107743
103949
1620716
113937
563321
106402
129182
652481
143246
864400
127114
121486
126774
107473
1208721
122705
748516
116799
114427
132348
119201
1924812
112714
155107
142431
110955
1051084
118353
495952
115657
150887
123806
103801
1779552
120765
482693
121925
163513
1082159
116202
441696
139409
143121
113717
117994
1720629
151595
379452
108458
103677
706165
114858
256958
125971
132813
145614
103199
1613082
116693
338166
104193
134964
653417
136992
327572
135615
128126
121652
108057
1683324
122029
953736
109126
131867
722932
117268
1395409
133005
117887
100708
113979
1442989
117435
418206
137370
125650
747116
117644
1707351
129812
112344
116016
144184
1669798
121596
860757
109615
135554
522714
180331
1720785
117983
115944
135679
107641
1405672
123362
907706
123905
123734
541901
123831
1504668
108579
135991
117162
143843
1278674
117736
864385
137205
194444
459560
135362
2020003
136635
176636
105139
162897
1349013
132948
790535
141069
159743
478844
119367
1980224
122432
163347
130133
151255
1137364
104033
596299
123182
107270
261568
102066
1844396
134511
298389
130691
136979
1232630
131230
509676
142287
148035
152932
102717
1820426
117486
518640
99563
122296
1045154
121734
369760
120089
151970
118668
111436
1776910
105177
305370
119204
127990
1029257
127925
249782
125914
105110
99309
129896
1702981
123100
410619
105678
159495
926126
111515
176069
213548
108906
113987
144101
1901145
119607
1110669
103368
139457
708986
131100
1174697
143548
134870
112335
131884
1360927
139914
536365
108062
154149
846791
116075
1867870
131319
179104
118086
127586
1272160
151364
888630
134159
163935
457611
124443
2004813
132822
127515
105151
149253
1173295
115495
806160
125245
129157
348705
116407
1991911
113795
139813
114968
114391
1303820
105007
729216
122282
119278
344043
104383
2110343
109610
115189
118074
128421
1378552
135300
783936
119675
129781
384315
120145
2034897
123522
116837
137768
116277
1150748
112421
740641
104308
110558
437192
119886
2063119
119759
147087
107763
124746
1152944
150270
801123
115428
110263
355239
109586
1705508
157562
120588
134390
124669
1088823
131002
605659
110304
108005
171258
107495
1977652
114385
135212
120879
120848
1040693
97369
703735
114006
152911
246575
111373
1886433
112562
147364
111863
123615
1072842
105572
718694
114879
165843
193518
107454
1870519
107787
314408
114609
118491
1003107
115841
609663
106661
118367
101848
102919
1881909
144109
366056
99306
161540
1142632
118625
577625
131068
111871
116755
127455
1769216
107566
197707
123244
131247
954828
103661
469227
110276
114314
98675
106851
1736019
107012
260656
121953
155362
801732
102406
346532
116570
252955
107093
109564
1686489
107319
266035
110117
130355
794511
107969
349155
137139
152363
100039
112162
1558441
137413
308003
131424
125321
697577
127456
1339953
128069
124420
129486
132612
11465904
7296707
3135663
5027778
863434
1363581
130583
1227190
137433
105936
123249
144709
1554806
134555
870503
134092
117202
452604
109022
1662416
116775
134938
121760
108091
1251460
121789
762137
120820
109693
352986
107608
2008595
123602
111227
123426
144024
1218012
110226
754522
104998
111241
335188
136517
2021600
121451
101614
117813
121611
1095317
126114
681789
123599
172796
460304
126955
1987375
143332
108871
118784
145590
1057791
163846
563266
131783
137570
231603
117410
1791288
134557
151692
118757
124435
1004275
115712
538897
135038
170379
220017
110289
1597449
129193
418833
125521
144164
888641
108583
330529
110948
139980
121913
110222
1511184
126287
360097
106905
135356
636916
110552
1774841
116740
136003
107033
116035
1556887
125129
1044764
122998
115978
782121
133713
1116037
131790
133102
165612
128987
1546437
105244
772456
112422
113859
420733
132559
1916356
149763
147078
130875
117197
1186674
115642
674360
116966
140453
323665
121812
2001057
122010
134209
122727
116324
1103473
124043
697424
127350
142863
169143
114328
1904862
114068
165363
118883
111211
1008956
116006
795867
142822
139722
314133
122584
1906718
135707
331941
120791
119040
1053594
120469
640273
115855
141859
104719
102289
1787377
115775
338452
113633
119363
844656
114986
550363
120654
131247
176851
108030
1799027
108751
461395
129133
130439
857646
125766
277470
119432
112206
110602
120947
1755780
125365
300907
123045
140357
821966
162150
283269
108359
123527
117836
129137
1478478
144973
952873
107371
153410
898096
154649
1339847
139604
116481
115962
109148
1400631
120781
983497
107155
136010
519632
112871
1833560
157066
111704
125678
127726
1299446
128750
959843
130384
131977
498914
136905
2050983
136032
178168
121381
128738
1270032
111009
701833
155118
125463
365479
114094
2036142
114071
139291
106978
140444
1186094
137775
529395
112453
110699
165873
127784
1993786
138584
159112
113258
118682
1120121
116445
557489
142105
160331
243173
109094
1832957
111155
183319
127279
150582
1243703
123154
465198
105201
168296
247446
110159
1744811
109893
426394
135111
122667
933051
112010
311047
181062
139568
115572
103913
1612761
124222
562616
106574
130530
923125
107542
211487
171370
114351
111590
124200
1685785
115943
329083
108214
131887
756495
128031
218100
123724
112625
104013
123092
1575128
109822
441010
117965
110481
697456
108449
1819087
129250
135108
110600
130996
1713399
132655
566935
110297
135889
508948
109517
2060931
109300
135921
152584
126924
1476816
104723
947696
123214
108360
432187
113981
2179136
156403
112007
114568
117626
1353795
107756
862511
144469
133935
627603
106864
2123292
275750
133375
125824
127461
1313560
110817
854728
108870
139797
549057
134328
2073547
111477
132137
111839
139225
1305908
114828
823900
106726
156657
450358
117169
2696519
143322
117862
106799
107871
1330477
130267
747878
107123
105123
387337
127306
2129763
104613
98075
111136
104565
1365081
138626
853472
116383
147449
415820
127714
2103651
131545
152076
127096
144965
1221630
150490
747009
159823
146771
318259
131061
1986291
124817
150751
121803
112261
1147518
124781
679895
138143
141342
132554
125068
1916769
112648
349478
113251
120008
974975
130423
544859
132525
152048
276605
119612
1802837
116845
197362
105641
443614
1045252
116037
466318
118410
137392
109853
107284
1761900
105742
386956
117328
118429
918955
123579
444406
163013
150069
231247
114323
1754078
125829
325114
109779
130727
926213
106655
340455
139461
153257
129254
123006
1699819
137371
197971
112829
121929
697683
124802
270067
125855
150882
123047
131377
1570240
116394
885376
110274
135209
576485
120297
1895301
112064
149193
114773
116387
901984
116720
474408
155918
139861
121064
109399
2285678
108682
388296
113663
122766
879702
127059
480220
141765
137828
122846
131522
1524352
116836
458577
112653
124910
603900
133858
943724
121715
138437
153378
146752
1434989
134309
915885
110462
129036
362724
111801
1168405
118805
160421
118594
122484
1220180
117472
747234
119375
141568
306920
114171
1872600
125108
145066
108902
140339
1519455
137269
624833
134908
105220
190624
122966
1871316
110511
161803
120865
139064
940340
119943
352892
114089
169590
104845
117004
1684568
147805
415980
112666
136733
1064358
118175
436486
131285
149242
107874
117599
1525895
118800
372787
115591
119647
768967
108145
293721
141508
107120
127997
121420
1641853
164705
326130
110662
129260
667097
105472
849626
119628
145698
113938
112192
1559273
113031
1029556
112481
126578
579583
124452
1255964
119651
183494
139660
105588
1563455
120467
1039638
125962
120706
472545
136331
1477179
103971
114014
125821
155343
1486236
235994
758693
145168
139373
380961
98703
1945328
123743
120423
134458
155275
1260515
150410
711224
118626
112301
354017
116171
1929772
107050
140401
132871
120798
1001169
115360
710868
140361
107469
222238
121528
1885997
113820
170110
115755
148108
1106202
115986
596571
123689
141079
130850
107880
1967042
119913
215378
130217
150997
1114759
342391
607525
114548
119137
99817
106794
1806271
107736
446916
100966
125225
1007969
125482
500316
112175
123236
279345
121528
1810346
120613
326692
121283
136430
1056041
108396
514378
138563
104067
104479
129012
1764790
119689
427231
118004
125482
970837
123558
482554
114196
121893
170662
116042
1775866
105822
1148936
132094
172334
883329
130464
390692
126435
122588
116176
109602
1759962
122975
467315
107304
105630
890306
118327
441313
139650
112308
334236
110522
1615594
109432
296428
110174
112280
858660
109213
358210
149229
107557
110517
112458
1434118
108958
1423456
123681
116236
581137
119253
1726083
120899
103385
116897
132683
1415017
126016
941400
121105
121014
566562
111458
1431333
133371
162393
123540
129374
1373306
118557
883644
109983
113866
467316
126942
1873812
110869
135758
103673
146197
1189498
108726
741077
125719
125571
228958
116191
1861814
104754
106256
99213
127403
1187095
115914
614280
136542
135655
104831
116089
1946789
116521
194821
119686
142467
991465
126538
481663
115740
142104
94286
124659
1909193
110308
332100
117697
146076
980224
107330
423554
142298
151572
114981
135854
1614684
118729
526693
141520
118376
825174
114871
1731481
119186
104552
124795
116583
1421907
123775
936321
105433
158816
545933
122630
1224340
130013
148562
129191
109780
1332840
117317
870770
119494
110991
400404
129338
1471692
112602
105459
101649
127775
1297358
147530
927995
124676
111303
406553
101873
2068339
136521
126352
168836
107358
1483367
118856
793952
129112
135283
428751
122667
2003762
143634
110170
132041
108631
1135511
125983
716417
123455
122188
230068
127007
2042055
103136
119806
116792
119560
1066347
129584
648172
109567
147199
267237
103743
2008114
132523
144156
104088
153298
1193004
144072
618303
110295
106244
188468
118558
1852653
142696
148558
111960
121208
1140332
118416
650588
115518
113729
143753
108637
1896274
113339
160522
112606
169517
1091502
107096
478236
118452
124710
158217
119480
1938104
121086
186455
106848
153390
1268357
109091
539479
140635
135011
140655
109883
1925166
103817
203466
157872
125254
1018959
108285
374419
135563
141393
110810
130622
1776149
107336
432424
109048
144503
891620
114697
366508
104029
279914
114086
129591
1547009
128222
1028545
115696
135226
761785
121824
1125867
116410
134671
117694
121231
1511033
117578
1017398
112650
143600
664100
114943
1154074
120294
142539
109676
122971
1465942
118178
837131
124658
142334
1084717
117383
1868524
131079
130396
124383
138035
1335243
140322
721750
159800
112748
501380
125586
2074304
124462
189185
119702
112572
1322103
108234
699820
106513
109440
364785
113837
2008982
135567
148922
103562
142819
1074005
144902
658362
104703
125363
270587
129965
2043931
106688
103682
140132
125273
1298163
139541
719405
137111
105746
424877
119213
1917538
139429
126348
113872
138099
1128465
108608
791726
108165
129602
172953
110890
1934981
108875
121404
127270
125828
1072059
117634
565760
108595
106473
107793
121192
1859455
134369
289646
119503
135571
914527
114311
211133
113163
199921
208315
115864
1629651
108795
991879
121998
122765
745427
124427
1340458
122316
151963
129260
114118
1320219
134326
973031
118387
152425
533367
113823
2133178
123404
150899
113217
112345
1319298
111644
827083
126170
160440
460500
117006
2109016
136663
112269
106347
125776
1172369
159493
791566
119895
107026
275529
109485
2019849
116455
124943
111512
155083
1244967
152500
686918
129032
102847
294642
115885
1921871
110819
139973
110764
117294
1217615
117589
603308
118416
141713
198590
113432
1956480
119724
123891
133367
119722
996501
159461
1258716
118608
158241
120530
129740
1761417
110042
158010
107491
131642
823235
106916
300763
157904
185550
117479
120369
1561178
132784
1090223
118773
122497
735856
119309
288023
143207
119489
110923
108856
1547057
119904
384877
123653
143882
619006
151680
1256372
122572
135659
126914
151223
1621482
119233
1011415
115629
160216
665276
142113
1370395
113995
134501
111727
128687
1233194
146526
910551
121561
113498
326106
130583
1754233
109870
124874
104444
132389
1395499
131290
788866
142668
112932
433515
110176
2026033
112259
111291
97597
121978
1069695
110664
730915
115973
115515
259115
107374
1972026
128813
143674
152741
115387
1099683
124797
543165
111082
113497
118965
118918
1826408
117347
295089
113916
116913
880563
108479
420323
106260
131518
103943
118176
1652714
116444
514522
131610
129365
940344
142041
444251
130361
174973
162898
125702
1632169
120514
514828
117988
118796
708759
134177
471536
131915
108172
137730
116919
1417080
131934
909969
129223
161708
687593
117747
1765548
125386
132768
134719
154946
1422520
131168
789038
151761
119972
399429
116505
2033888
123769
162933
128562
125920
1084842
115362
381708
179731
182843
111670
134296
1518067
138418
1061476
130638
163286
401245
144696
2113070
163061
114488
122749
147572
1424448
119329
865292
112806
133045
346098
151747
2024063
117129
172251
117945
126112
1243345
110352
756378
113883
136495
183454
148348
1976118
148254
148769
105606
129249
1146511
124160
557245
125799
116268
107026
126929
1763998
112101
261989
123077
114467
890312
122754
402950
165713
125146
103286
111861
1617982
110895
18791143
14665082
10529119
6392956
4458778
2615080
390608
134600
110496
121201
1608717
119305
501098
128408
146467
860740
112043
216886
138526
190710
114159
107226
1749663
119288
373328
112845
126561
826357
111370
402845
130281
126060
108677
112170
1669825
124682
166446
110194
140714
933946
108428
399485
133366
162540
113151
112941
1566449
115849
1160616
108274
184609
1533156
160235
450726
137429
154124
111708
124061
1636448
124873
1022084
111806
117971
776834
113990
1816010
118687
163235
118331
134965
1466350
127046
950472
132089
138526
414799
140955
1795270
118024
138678
118979
116164
1301949
130105
847534
134296
117112
304775
104714
1972894
114814
133321
111541
120776
1300085
139965
758285
109455
108903
708593
134805
1987472
126363
129144
127022
120806
1041202
130365
602348
125760
106796
281117
119057
2083758
138297
227007
123359
163268
1037023
118128
716096
136949
120661
247772
125523
1842537
116063
125289
125528
159864
1000101
161303
448442
120125
126761
127988
148632
1706031
110901
170197
122403
137420
925129
120758
451198
122978
130510
108736
143565
1726070
117155
1111270
137097
151926
1076638
111454
353777
138654
117383
113424
134912
1661682
124653
1173175
130618
151929
889223
124475
500540
140924
140924
129680
144468
1601860
125947
1104610
108973
149366
763773
125680
312314
152256
189851
112402
125580
1628910
115158
1016965
123372
137453
668602
125044
1310099
119791
128663
141338
141168
1509362
144438
976630
118125
147891
664960
116340
1112737
111414
142502
120252
129613
1452031
108484
1088939
122032
126733
580562
113340
1701510
146465
115982
129897
117005
1350404
115572
1017119
127021
153244
685287
122762
1761957
141919
168425
117145
109588
1276357
118727
961240
122367
112192
488881
132872
1824449
115749
157383
132244
131734
1501299
121635
887304
132522
118132
367916
134738
1780150
119282
140179
145018
113481
1502985
107767
1049684
126498
158785
516187
124558
2077494
115986
139358
134616
112540
1303125
150645
666487
129869
144530
408880
114287
1905355
120087
140291
107207
120114
1223032
117689
695128
150848
115532
113179
113140
1761328
130025
451329
120022
114359
825043
126031
258416
115315
133690
112399
108476
1718821
123105
376638
110272
116359
966262
119992
2158966
144238
148016
106969
103883
1641041
125511
460513
128465
135439
788687
131400
1229786
118399
132362
109479
146441
1578833
121877
1128008
111767
118375
584971
127007
1268601
124571
104711
110493
131392
1490553
144265
392136
106865
163602
752826
121172
1779852
143859
120577
110340
136903
1462283
113802
955072
115741
135880
722010
115992
1929005
112175
103396
118886
160892
1381042
105961
869690
105843
118688
416972
111156
1104467
117325
134653
122194
127553
1464487
111979
813721
150315
116932
550680
114440
1655854
141790
124329
113628
111329
1205937
121359
1406615
122445
120979
380498
112461
2047734
127347
160863
128013
144674
1412454
126659
816735
108675
137636
344788
145170
2078203
118822
118894
118804
109595
1067596
111951
265902
127851
129406
309573
122083
2033142
126897
134939
250900
161911
1217574
115797
591916
121025
112069
285622
108784
2045368
114759
110639
113513
115024
1040722
149127
860212
114479
115566
103397
117186
1947647
119762
182926
108647
132878
1084809
117672
590975
116462
157772
117524
165379
1736133
116099
302294
124876
133621
805973
128994
544968
135691
151924
126549
148153
1721543
118796
1042428
113647
200099
961896
112543
335479
164154
144518
118250
116558
1353113
125493
1052958
144637
154331
692581
120145
1929064
147343
135256
119134
160595
1453002
161937
900486
124172
139436
420869
132994
1661290
119622
174316
113299
152055
1510987
119711
841770
136916
125185
356897
126698
1679520
128450
142035
116399
130339
1383438
103833
797032
135056
142692
375397
126384
1890793
136800
158928
134719
129855
1202369
117691
769934
111806
132770
265887
141437
2083536
135881
130779
144585
264667
972050
183874
518611
139702
224933
129285
117274
1777205
117378
356699
129554
473473
963296
110280
337754
129838
150113
121948
127170
1731517
127301
375853
106511
123476
765602
127702
1179493
161370
154387
116262
114579
1655518
167722
973972
135040
113829
844097
117670
1107603
129993
122961
131873
111889
1683892
111326
1029074
117982
117128
636253
114185
230594
126112
141784
104750
117688
1565592
119504
281910
141309
152802
682185
116724
1025848
131884
139324
128138
126454
1312832
147261
973408
110648
120145
580318
117179
1411631
134442
132260
108768
115232
1502194
118193
1012933
109608
148463
513463
117516
1739817
124731
113381
116501
109319
1381172
129527
942531
111149
139575
523887
112572
1415975
125913
131260
165338
115293
1612156
130367
1074834
106564
128873
438894
119152
1246859
135018
125004
113031
107722
1398398
118257
976277
119257
119017
484899
108092
2164884
106188
128188
120733
108848
1381046
115962
916623
103970
142182
412990
116002
1963386
119467
133192
111384
118684
1319778
136874
935921
142602
115703
562910
126609
1892047
112598
111726
109223
131630
1360819
127290
734867
108923
127170
470314
121861
1911965
118234
124136
110324
127885
1266316
120713
717723
127540
187894
267885
124413
2188682
123124
137517
128565
109647
1223746
123527
620439
120465
151942
317691
124513
1976365
126626
171765
125835
121144
1110972
113179
707671
117783
115935
160402
112324
1778070
118525
292624
123431
124377
954422
119137
525071
123882
149634
258900
131438
1755192
110219
415658
106492
121740
917429
120577
528507
120987
132769
104587
117269
1767133
132572
995161
134009
163433
744342
129751
219056
146854
155268
113495
124522
1404139
135186
956288
143723
129303
530274
115801
1863972
126291
172101
144638
143606
1212681
132509
764208
150322
184005
188831
147106
1692328
233671
265738
138278
157851
871445
130718
692594
108298
128322
135696
166720
1816777
129820
179902
117705
172351
1031440
125792
393762
128357
149652
115762
149861
1555646
130948
1051720
133695
152274
666698
167051
1840006
132740
154957
127617
147527
1328078
109097
886263
113509
153899
348895
105298
2191193
135814
147329
111626
124533
1202458
119161
588540
142830
125718
244006
136929
1918164
128681
172306
145932
131775
1102781
120031
584856
157423
109866
147191
125147
1870336
113178
162854
120002
169517
1194996
132873
561487
146682
185374
168260
133111
1694808
118746
398225
123656
121152
902830
128738
1290053
153655
132990
121787
143506
1521132
127707
221842
121379
151113
886100
129047
1466078
138345
143168
140324
137311
1377064
135602
729451
154832
139672
312184
110007
1971649
141635
176369
130620
141531
1004364
138454
613469
113211
133747
147755
114675
1762219
147973
312865
121027
150779
731559
125672
354737
147953
144572
120897
118105
1562344
134597
243722
127528
155464
644083
119518
1830967
134815
169602
158005
121263
1146098
147631
732611
141019
169847
438132
122303
1974280
143526
120236
118611
135559
1175389
114678
842107
138283
145786
104170
116108
1704779
118374
202782
111155
135957
929773
123496
416988
136439
152586
150491
117974
1682764
126226
191205
117520
145147
822566
132550
432636
136406
119065
112234
113830
1554597
116195
312586
121950
135564
748929
121744
1888138
132904
111132
106936
130966
1514881
120479
255418
124317
168708
788711
137034
1281506
137025
141667
115080
115784
1514232
130517
1007018
105516
167505
568062
128657
2093383
122614
151018
138752
117969
1197915
143721
731452
132868
124207
218477
117828
2108515
139255
115987
129758
119782
1212472
108396
1046898
148591
124525
246367
114847
1855377
134061
136712
112530
133892
1256542
115384
535685
113611
109453
221701
124981
1952209
123005
158896
119744
126374
1068846
113983
598798
137420
137963
185657
114917
1912089
115536
367667
120078
124595
964352
142516
418732
122847
135790
132131
138867
1670249
107345
371229
103008
144168
846924
121191
516059
105561
129686
118933
128952
1878329
118828
483409
112923
129520
758192
143458
331325
151153
156966
118851
132618
1676039
125436
1026778
128733
132921
613195
132973
1187660
132103
131746
123469
138251
1503185
124934
1056751
119570
161528
624046
187284
1731427
118792
123060
119021
145644
1356740
136078
872454
130057
148639
580069
118402
2175738
162240
154710
131590
114777
1304282
128734
857083
122711
140170
405786
129615
2066686
123467
135141
118533
126082
1462253
167391
893129
147804
130453
433811
144626
1911784
124113
108234
115601
132542
1390559
185360
931515
120468
143207
488712
122805
1940787
113989
192669
132665
117281
1264030
121911
662476
124895
108326
251816
132540
1959821
132372
147609
117294
121708
979551
143793
632165
139458
131252
103538
142240
1814343
116765
170392
118446
113805
990867
109607
516084
107253
128664
109114
122155
1756748
111535
173783
114911
137809
1006950
154025
373330
148989
104006
135070
117691
1693965
138586
1053489
105856
126904
933714
131058
310935
138341
124897
133940
125184
1591803
123601
990957
110413
142371
674020
121785
305515
123251
133426
114171
139632
1749998
123271
1233379
140899
131267
841192
140918
1441761
147005
162352
121612
153746
1564630
110394
836159
128179
135973
501756
111622
1767043
126664
118870
130689
127607
1396842
114855
492297
128118
110631
524265
165268
1178427
130755
156680
124699
145407
1414446
122622
846073
111524
127423
580737
136615
1873851
119236
143504
140772
120281
1655543
131030
682051
110867
120991
510537
116047
1768559
123630
127031
109406
112045
1396158
124034
834452
101443
139252
498529
107011
1528029
140701
138591
111101
119712
1290782
146290
721275
141028
144058
362098
128256
1231815
142842
120909
139899
144198
1200082
116737
663384
111275
130189
138123
125309
1929573
104192
257337
125955
135674
1068061
145712
500861
137327
166183
147386
142852
1765115
124555
290325
125045
116236
829578
116957
401873
130028
198307
112677
129794
1686591
122837
519359
115731
171070
908154
127378
190126
141944
125145
107077
248980
1533887
117882
970648
114526
126152
709023
122072
1690360
130668
135031
156757
112190
1466512
114364
764527
111586
142553
533075
124708
2077422
125463
160101
124128
142419
1446007
124591
1040809
123636
112010
503575
114767
1923287
122985
142874
101187
116475
1400489
122790
1074188
111601
141824
503329
205782
1237797
121793
110006
117487
167628
1418884
138924
895612
106896
127667
470070
105831
11764610
7592861
3442832
6290620
2146372
2352501
118271
856693
117457
187325
604412
123223
1816334
129530
155080
126860
125404
1287441
143950
764222
126122
111152
241866
121466
2002245
211322
132283
135232
189173
1109961
120265
579362
120148
110233
279857
123914
2036722
133751
140810
108790
141775
1234260
119243
615695
126300
123976
279587
113676
1912630
114571
161727
104734
115636
1080973
127490
681985
125025
117181
111383
115171
1813246
112548
247814
120402
123129
874840
255075
453910
147341
131952
145547
122724
1737908
111578
350665
119163
149663
1152405
111358
359530
120852
120305
165480
114867
1805399
103993
247539
124134
282008
870440
126523
342889
155875
118363
109483
132618
1553092
123871
353876
111789
129247
854883
136762
245028
140855
147396
110570
142303
1556923
176756
901822
142662
126682
446621
138852
1659808
156556
141778
122118
118996
1397560
123607
792104
128507
133904
332428
140704
2090544
144402
129616
123182
114153
1163190
125624
634685
114862
150051
218367
138757
1913339
142061
226050
126104
124376
913480
132019
438513
117476
118076
109722
114338
1815938
134802
393507
116765
157131
715692
123576
212731
121788
119901
134676
161127
1624283
109692
415470
119476
108336
701644
113004
1563669
133317
117755
117929
140684
1507878
117348
1003274
121613
145541
751044
129312
1256595
159705
130340
114270
114618
1506230
127877
1071316
109422
125032
719290
112590
1397716
113215
105123
143199
132513
1426768
128475
955567
109635
161417
479628
121178
1950501
133676
126663
129638
114054
1220694
114210
718106
110274
265316
266754
129528
1961141
110011
150476
118222
117994
1054214
122377
649450
113061
136001
193748
130565
1918636
135561
155296
181679
124488
1122040
111102
437141
121090
146527
123906
110040
1787457
139718
147759
102181
137129
911977
108513
365138
123254
120597
109838
114631
1745545
112489
161057
113091
113256
928648
130341
475002
191377
111973
119279
117482
1792482
116111
304242
140047
139030
837940
151378
455469
141253
163138
125808
115342
1664212
111761
275078
131143
136751
873952
120028
316615
119281
124156
106488
123789
1576596
153373
1166509
115863
150811
703155
111926
906835
132091
124402
112931
135840
1511663
118738
939710
119744
128260
496863
114448
1733374
130039
116279
112275
112917
1573853
119009
946134
113281
171512
736713
139899
1272888
147913
115577
150942
119086
1397397
113318
808017
170186
142673
515293
113760
1768707
122520
118750
130797
133963
1304010
122849
814216
144497
112368
404961
154916
2088309
134810
148795
110780
121027
1156042
120421
640340
151831
139395
429110
124128
1755838
150878
128307
149617
128373
1142144
110465
593435
120501
149695
127170
113819
1828945
119602
195056
131021
208520
977236
135866
604039
124035
139377
93311
109503
1654870
109751
267442
112678
117826
857503
107643
356033
123202
135604
134033
115819
1795112
122359
192777
117900
143575
1028533
118661
349237
135627
147373
118326
119728
1802491
116736
142267
110136
175911
876860
109681
283455
123972
169655
194143
107386
1594731
122128
411739
114037
136553
901969
112358
279927
119707
138215
106621
108915
1550502
115504
439966
119081
120841
727083
126558
1407240
153472
153233
127287
121577
1627240
138108
1042624
117665
140667
934116
134283
309705
129372
134693
110990
150106
1731551
136296
983466
109735
127317
702354
114139
959123
150310
121334
139167
136879
1654962
112336
922691
104878
124022
638486
118958
1206083
128393
120360
114398
119999
1375222
161407
907199
111122
132561
531509
116139
1614000
128892
160941
105525
144046
1408285
117910
958989
180438
129879
512678
132800
1258987
133373
103760
158876
124074
1486516
118111
859807
127685
157041
511105
115084
1779574
135194
154859
123615
128538
1321403
123766
737800
151930
163257
383257
116960
1991505
125075
111971
122794
146344
1263250
119503
619682
107247
153884
243521
113037
1941810
109152
179371
120112
121771
990250
119630
574690
136799
116386
106931
109316
1837542
118193
258074
281116
140682
1166537
118628
504515
119066
144092
167545
116005
1840677
122427
183262
124315
150016
1272075
113789
604547
118737
106512
132732
108810
1873446
115509
319512
105054
120068
1058675
111296
642589
145646
134768
228380
110875
1788607
109954
164967
127249
137262
1078018
118928
453666
128099
132069
98687
119156
1902050
117373
159708
108058
140403
995458
111142
552554
116521
116308
118440
106661
1913240
106728
220080
111391
122983
1151390
119051
516704
107320
123561
115064
127470
1779019
135969
461122
159931
130097
1054388
118966
548435
123793
112393
274195
106071
1735936
120289
229296
105295
117577
956436
111654
531661
131859
107656
156414
106950
1742695
104406
1321142
119662
123980
871368
114269
353906
128128
114261
121655
130987
1960399
103323
381118
113456
103214
869272
131344
395242
148802
106792
192330
110001
1759013
103285
317590
111953
131313
995806
118510
474152
141428
139641
157155
137115
1778450
115911
422692
127858
148368
1181388
121611
560754
109784
120409
116230
115472
1834049
106289
222260
112452
143817
1077338
111616
463326
108293
122488
125679
123760
1818262
122999
247651
123056
116874
1043689
170124
416336
147925
162769
133259
155183
1774292
126010
236137
124257
132876
708972
117147
517190
119440
124146
112174
127625
1571486
109462
312861
111483
135188
743715
123962
1247843
166544
125079
100617
138585
1516091
129096
1115857
114260
139667
737580
117979
1648223
120314
131545
112713
144881
1447868
141871
1087780
100769
120004
500143
128840
1771883
114579
113132
126220
114298
1509043
113268
898337
106371
156243
583117
149722
1323059
126059
123155
118221
112027
1449324
138600
1000770
118242
144018
531835
109055
1738695
134599
118896
112288
130101
1311750
123028
859968
113704
126653
391541
112482
2054187
121652
136212
129411
136769
1234934
119943
779448
107731
135503
552941
117526
2163336
132795
169588
105052
156116
1395133
108722
729164
122629
135157
444226
120756
2112039
291262
140733
113870
140758
1388624
120819
727470
119920
154270
360927
145965
2058175
117552
145198
117612
146034
1190701
113631
568745
135644
133319
390457
107872
1941451
116862
374790
143716
146607
996689
138376
564112
136072
150706
116275
131051
1635245
136028
337545
129039
154039
890236
129221
235766
150783
155279
107670
136884
1526030
143839
1055091
123759
159026
540862
119997
1897158
136665
141151
144170
132062
1268620
120775
920283
115581
163247
545425
139085
2076786
123485
158205
104767
119477
1313939
116930
793174
115519
122103
207176
114927
1271136
121432
150494
112798
120295
1041328
117334
624363
123365
138787
214516
107832
1954506
117179
117762
118795
118338
1128580
128189
601197
127723
137887
164862
123661
1900129
118704
252746
108226
142191
1199960
121353
571153
125136
111025
106892
116667
1809033
105875
232567
126521
115633
1030216
117557
562804
116915
140872
126463
114578
1915682
108368
221524
109003
126665
1153302
114247
476042
109840
112994
212553
106506
1795096
114896
222344
144034
299955
1082121
111247
576148
131769
142031
202131
130695
1746396
111136
186395
110811
154103
979344
122915
407347
148747
140456
109105
122887
1801643
109567
295101
129751
131817
780585
134308
493946
122274
143696
121236
115338
1562094
114871
506172
107410
139376
895789
111991
638826
145541
156216
131334
117257
1527167
108787
411918
191986
124318
860309
124137
308989
114501
143245
110520
114162
1401193
108873
1138256
107872
126542
806592
118640
1770149
114417
137784
104257
152625
1524702
138426
907027
116628
152486
743843
109375
1231982
117923
133772
110463
142398
1442011
124354
1061184
109314
161504
730564
125119
1748225
128059
140550
114170
112354
1475424
125583
948956
103630
145866
513646
135313
1264413
111830
120285
119548
115788
1229576
142745
913102
118855
162693
456734
118010
1057073
117971
103211
104784
117421
1207183
128399
954150
139704
137067
425295
130326
2094425
116505
134710
110022
125956
1233196
138326
844690
117186
133638
276898
127072
2090391
120666
169990
113893
144737
1216676
126867
1146617
113721
141048
337565
122613
1786078
145313
109082
124255
171348
1131490
126299
565204
203496
146026
262709
114291
1875954
122447
184097
150759
117644
1209415
124095
514078
124808
163605
130495
133380
1701216
113559
293146
117730
154122
986184
143178
247893
141045
136847
122545
135899
1643305
141193
452128
120530
133875
684707
166986
225072
168019
137232
144389
136287
1403396
151449
499188
129984
164216
594664
142959
1613960
123150
142504
130586
149004
1403332
147840
1017289
138559
129005
547429
116001
1718025
133051
114440
127782
120117
1384839
106192
811599
217052
149771
607935
129990
1773939
138610
119264
125870
120625
1331547
121807
775927
143907
107048
719369
123464
1934199
117642
125121
121632
132841
1291471
133345
807583
118193
132270
358820
129544
2024654
119801
224740
112660
107032
1277512
125432
660709
126444
150992
436347
114985
1354533
123510
149339
103577
127396
1295701
127220
836315
128912
129508
363813
125709
2070504
112881
116522
102509
120720
1039700
117815
544529
118454
114772
213346
104930
1851753
122780
348365
180843
136948
1058155
111573
488689
125668
125200
101171
108928
1866897
162873
231160
114721
148188
1081105
109338
447932
122768
119363
103090
116526
1842029
107656
190398
111055
154300
1035102
115299
609117
129373
149187
221879
118683
1724862
118413
428790
140351
145816
1084798
110009
281215
123943
117290
122936
107322
1723403
106484
316499
116999
142204
692862
113055
1895808
119196
152482
101822
115946
2486702
152008
1007487
105474
165482
814512
120547
319520
166777
150128
97934
118917
1553593
116864
1074138
112103
311821
793622
140820
1364662
136179
107526
108198
114251
1536076
154214
626582
114459
145674
597477
116838
1798319
130810
107039
120444
116829
1646562
115709
1013223
135905
131642
772942
117754
1374496
122642
121388
108812
130686
1487274
123505
1112524
120250
145643
778882
112179
1929175
118840
114310
128943
117168
1386791
123965
840540
123210
128923
498981
127590
1991054
134614
119565
134404
142842
1569960
132073
761395
140576
140216
278135
127568
2145327
115679
126609
124938
128894
1274883
121356
630530
152218
141875
275448
128573
1934462
120755
220465
122307
147258
1104116
119214
584519
131031
134681
170243
124485
17495319
13341919
9192463
7196872
3047492
3170533
111109
565973
126267
124625
117148
111547
1552476
120907
948107
137571
134602
910763
137431
169262
127147
113772
144533
104944
1627381
135041
1028898
113562
134784
800032
120499
251155
148591
140241
119402
142534
1418250
147633
1012639
109745
140530
534788
136267
2200438
132893
138571
128757
135351
1377089
135147
953771
129245
153455
490649
117190
2082256
116548
179527
122302
142450
1221824
123141
956264
128006
116086
315521
126595
2006274
135396
175823
110007
116679
1213249
135559
692858
115764
127077
251222
115084
2034492
124838
136425
116138
108590
1054217
115766
877515
125232
119130
323791
123798
1986384
137935
258117
124076
133105
1104195
137669
457941
108694
131119
88999
125285
1815437
128532
408743
112936
133412
1072994
141124
510550
126826
142242
128684
107333
1724078
116240
476094
111650
117088
791028
122670
621619
152942
176269
104810
132058
1514124
146057
1110476
115235
123740
580513
158671
1718204
139126
157626
137128
147870
1319849
133096
848073
135379
135872
436525
122847
1975375
154333
186613
113472
122725
1111958
120985
591584
117178
145075
147118
109933
1822160
117276
159206
114214
123547
963253
114758
495056
138622
132590
115743
120967
1673175
115237
610692
106427
124247
704042
108969
355112
136592
187477
110181
129332
1621534
106105
956181
106352
124548
651832
125360
615045
155563
117127
119625
121618
1569006
113443
1243804
115876
134018
620153
110315
1822654
152458
135850
111955
146293
1462500
141858
900649
111318
124011
609110
153586
296785
140274
115283
101598
128343
1540219
139303
1034024
114415
133439
674928
121303
849865
132839
140165
109741
119885
1320752
130814
966696
108205
129754
413512
123382
1552705
122673
123925
116119
116911
1209280
163625
951206
134586
120811
486876
117578
1933682
128197
136903
105294
125103
1233810
142834
756386
112053
141539
474810
105690
1817845
136994
133890
115628
121022
1264767
138570
773352
147054
155246
374793
131384
2089492
163148
117195
125619
158924
1270952
123375
722058
145081
116451
276054
108092
1934245
118166
127335
120993
122274
1075132
121225
580853
125999
119595
232484
127207
1920127
126667
142017
113964
137739
1150087
138674
657723
118464
136819
110322
109578
1867945
111210
185910
105486
125174
1025779
166547
451270
139286
126505
125711
102531
1839994
118394
216451
127126
110966
852392
109088
481662
136724
112261
114251
111360
1653183
107633
445217
113277
185443
865669
133758
525293
139913
162286
145942
116382
1778942
112783
1115539
111828
107777
799602
137580
312731
163199
341394
117015
133052
1522247
116042
1005883
106014
126397
622000
150284
1102467
145048
116044
116641
150497
1591445
116024
1083542
115558
144050
633279
120152
1753558
155749
118381
122709
142657
1448252
138425
969816
126877
167068
762402
117150
1815974
126327
143877
163556
124837
1419915
137962
968163
112409
114119
596589
107783
1708768
117106
131158
141257
109298
1454743
131144
990896
113315
112103
557556
112672
2079747
116934
138271
101943
132327
1390216
115711
766052
117802
129737
320267
115072
1990328
143555
121522
113094
119578
1229039
134453
686941
119607
114949
373401
110836
1955701
136336
124557
142603
112640
1090250
131152
584127
115057
136095
127336
118468
1616790
123883
940636
116218
123481
610700
151588
1984495
108952
129746
126038
138233
1579072
127144
992471
105910
162494
588398
114989
1642840
225435
141809
106289
100280
1383493
115035
923732
104253
142326
578280
112465
1821953
113582
128514
116853
185279
1366896
144248
766631
130849
166680
255094
126288
1983887
125615
142092
111873
113726
1066432
111411
570023
113859
168275
191561
121910
1802312
124819
330889
114932
104681
995355
119438
562837
133334
124857
134476
129764
1762809
103696
380693
138871
141744
882217
147888
383803
135193
149296
129675
132489
1783829
142069
356664
132076
137249
825367
129046
320312
139475
124743
151901
124026
1449437
142568
1064469
204100
131555
661298
123366
1329590
145172
155691
104218
117399
1290436
134730
957391
156002
138821
128208
149940
1899262
125926
205702
134263
138656
968071
117975
311457
134079
151997
155281
119844
1788894
137550
429613
107004
164194
778305
124888
1101048
179681
153013
123932
122545
1405424
118122
981795
121000
131198
563370
125781
1965268
144171
112218
125715
115482
1333383
123708
806556
126606
146510
473930
126911
2092549
121348
163490
119895
133122
1299174
126631
803522
133215
123844
218217
118797
1932991
117519
104845
120006
134327
1171575
124617
734991
110879
125839
365333
137566
1999554
138858
159447
120327
129994
1193495
127840
711599
107921
118219
232582
127694
1979707
114821
179336
119353
118272
1208362
115038
569796
118074
124890
220929
136936
1908903
132880
148946
128259
132306
1051482
128403
757485
126697
132149
272243
126191
1783269
124768
263523
118226
129519
1101743
112322
439064
128504
176686
139770
120815
1704197
135790
264345
116718
122157
860429
118968
627969
122792
135749
115420
117904
1543551
106296
1052915
134075
154325
843715
124866
2173446
127308
118716
133090
133557
1476785
124053
1291583
123494
138811
619459
139716
1357338
144992
108320
119461
127358
1387565
135511
1046256
111517
133243
691716
136013
1544813
145889
170628
143433
126851
1470487
139268
1008884
134918
122809
435962
136969
1814180
131146
167802
113976
137147
1270884
143144
857714
132822
117922
479116
111464
2059696
106235
163803
117059
119730
1189194
126588
834342
136799
111107
309311
125240
1924030
111306
146900
105054
153713
1216095
129837
702878
105903
120805
268215
129287
1901485
133556
143600
105854
162615
1298872
114216
580468
115394
112263
129447
125252
1952370
118512
224563
117360
146863
1170540
136639
605334
156413
157303
344250
124700
1688168
122780
343955
107433
138054
915379
114744
304582
118848
153578
152080
112179
1742224
117307
379041
155324
113180
962319
148705
361857
125350
136644
117231
134656
1647094
122074
1231030
138257
123641
776352
120860
293805
122542
140501
114730
129042
1546526
153127
1084110
123524
155685
555204
139071
1883475
120316
147092
122922
120073
1303657
120951
1007930
122852
113780
418714
125016
2108787
126780
116140
117772
124554
1346540
112628
878076
112453
142904
412683
116379
1858152
131930
131658
104814
154338
1403115
98769
835881
114612
112083
299801
111469
2000317
130311
136235
134359
130285
1094967
134461
678892
138028
142519
238988
112087
1947676
117549
133163
112356
110886
991104
108615
611559
173179
130831
256300
161091
1849393
107086
304786
132418
125087
940952
119224
379326
118310
140905
112305
102990
1643700
113560
356212
118908
120801
1052807
109080
578322
119590
108499
117961
151989
1687163
134657
1074391
151857
154927
917631
115560
349656
121422
146549
111381
151417
1534396
157328
1145650
128914
153554
795108
118901
392052
119692
130794
152557
176704
1364595
132448
857851
119495
148576
411741
116478
1872742
122822
124591
125978
117372
1023805
120594
509690
144215
122482
123679
122360
1831600
119867
284816
120789
145211
1016302
126058
856968
116174
139643
138391
157044
1578894
128162
292572
134895
147058
595298
129002
1080988
150731
171894
116751
147131
1393892
112433
675462
136718
130801
512420
137281
1817720
131256
172315
124504
133939
1112411
115454
708504
141136
157097
271845
115416
1810507
140299
319640
139163
150759
1004244
139888
422053
151305
123123
120941
261077
1654693
134292
289751
126964
158223
819093
140998
1219756
137543
145306
133516
159112
1413657
149021
799428
133818
128275
484238
123286
1009389
117829
178521
135075
137275
1529920
136407
734443
148043
170719
422295
120029
1986444
131945
123339
130767
154945
1372216
130102
132716
131421
121112
115291
116883
1814802
122605
466430
133046
114261
1067697
111459
474288
124688
132190
101851
114007
1777968
119352
154001
112272
127666
986896
124913
368261
136733
155378
110167
113248
1829801
108339
339326
108576
120388
928885
108252
354578
131000
151020
102860
116270
1552775
110124
211476
121867
119219
833585
126938
258854
136524
115317
113030
140683
1444944
127935
1263813
103588
139707
604335
131190
1254887
122426
142789
142911
125202
1349590
119529
838373
115141
96517
464957
119990
1509884
139651
106069
123282
138630
1235531
118122
761032
129453
130973
612867
108664
1607806
117258
114684
104496
143083
1298451
128083
900323
137659
107691
262671
122451
1977653
146454
141820
146667
118536
1180387
122645
802580
115369
113919
429251
121775
2004574
110897
113122
145214
119962
1354530
123650
828645
121936
127216
413653
104464
1983452
112517
120555
106273
127899
1212485
121229
708597
120987
127150
194430
112914
2090796
142151
133413
124735
160671
1199341
115813
607376
119987
129877
244131
118072
1854798
127426
384290
115087
153985
1270050
134049
668713
114214
162386
192062
129381
1831360
111980
415248
114828
138901
1014396
114786
302621
149043
299092
130397
137325
1529500
118492
250983
114607
143658
637815
118359
221194
156020
124286
118092
142671
1535084
111347
992477
111188
126590
526104
110152
2206781
116823
151125
131368
131409
1512595
117551
953464
130391
225463
526912
114375
2094448
113587
150217
115903
125009
1149734
128812
889744
109211
137670
241902
125557
1901908
156913
135526
109906
133423
1230348
179402
622106
123642
148765
254010
114664
1868455
117657
287534
116310
155734
947378
134800
469928
131531
109124
106265
109078
1766177
110009
187362
126839
125276
910564
132763
459731
207042
152448
101248
102324
1717381
117215
282386
132460
127848
1028627
118710
407181
154115
139388
90648
112549
1767623
127840
334795
102538
154212
692697
148525
2018405
134135
133629
116356
121859
1383409
147207
1051129
107143
127447
530380
130173
1887207
114951
132492
119634
112968
1362509
121498
954204
114833
146464
495285
123543
1981378
131775
116881
126611
113285
1429393
126310
876394
108268
137343
446489
110644
2117053
128572
109760
266759
148836
1378867
108988
886448
133486
130998
357769
116318
2060646
121877
131178
128516
125641
1283063
132715
749042
136888
126806
328345
128785
2172764
117010
121409
112398
113920
1234493
110058
771927
116246
140595
715020
107595
2096242
107141
134515
129514
123875
1145799
127560
628221
123631
137559
220167
106182
1974360
123358
166587
115101
112190
1065012
122797
615671
15693492
11535063
7386436
3819082
3571901
115159
410202
119948
112176
996205
121552
107114
104329
126873
189260
108198
498861
115009
238327
112545
145552
1002541
113469
551352
123812
154557
196891
110613
1817297
125624
205582
122427
198056
1025269
128755
562768
111436
135140
164747
120533
1827311
141135
629666
122872
144799
811926
122236
402031
129650
162703
136743
103628
1689381
104674
1252974
102437
125655
841505
124580
454756
123807
121861
118714
114456
1656690
110607
441832
117367
138781
791443
110638
366356
264473
136838
106431
110724
1664634
135590
1144330
110223
118193
769455
131036
1243794
130985
155739
113518
143499
1600269
112241
1229990
117279
129018
636827
180073
1338982
138043
126656
106094
151965
1587743
127442
1042725
112973
150289
494551
121797
2177319
124982
115757
128109
114923
1372564
122806
946034
115649
140787
873507
114677
2003590
130016
169848
122947
131326
1455572
177103
915542
118464
127948
469058
118866
2072269
118844
135787
138084
129084
1197271
137785
919007
140378
132303
323013
128005
2091435
122524
120050
109411
123576
1418584
132510
923761
129534
124782
580999
124252
1966608
121392
156123
120634
123975
1257678
131540
798462
130056
121515
368979
203176
1884490
153716
155403
121309
129568
1338073
120502
889937
154607
124626
399657
126454
2035775
123278
191338
168000
137779
1345522
137141
768238
138766
154726
379828
123159
2024577
149777
113164
129824
158059
1298791
157474
487917
144031
120056
126799
124753
1965813
117767
217967
126530
118371
910464
175938
361446
113753
155367
449488
146255
1550516
128312
941754
144525
134264
749909
131989
1844447
141591
159946
129144
123045
1401950
128813
966339
106633
121940
488071
120119
1843829
147693
136884
135584
154438
1463491
126492
963728
116951
117457
544392
136243
1805837
124357
104472
115695
117430
1477190
125154
948432
116482
124404
517211
146122
2161062
153082
214220
150947
129553
1264498
146412
735347
146149
153309
330690
127483
2017490
130375
189336
157451
144357
1236253
124867
576693
129311
129541
166968
126234
1853196
122160
632437
123599
114273
1087890
130246
582117
143230
132621
233479
117452
1853036
123508
477574
146856
120452
972678
141070
618798
137416
141021
114149
126643
1780445
158921
368707
135543
127123
959789
143357
328522
137428
118916
116743
141817
1551583
148403
976571
136913
138682
844837
177051
1076237
129103
132036
128941
137671
1375725
178780
1093688
116796
167118
560216
141524
1863056
151864
137232
122346
147237
1396510
152021
860136
158730
150372
560249
120549
2081710
138375
129767
137950
147661
1518958
115486
865205
125403
119889
346764
138891
1830444
138654
127130
112136
172951
1367374
143921
743762
111012
112267
311931
112217
2128230
111124
123041
117783
115857
1111668
110307
134472
122397
128906
451866
124553
2398925
129031
169895
102055
144008
1195460
123187
652915
140708
142197
208799
112672
1938715
106589
134871
112257
116893
1063236
110935
454615
124120
151714
128606
126932
1015590
116663
298799
126787
124543
902751
146760
370559
122864
113782
108217
113213
1748318
112815
170775
116182
151565
783134
133002
288735
175682
130154
107981
135533
1548010
138958
950269
136172
152333
848336
135636
2012212
132017
132325
135216
131857
1291925
132579
867005
134148
137278
539826
116810
1766006
119635
167118
112365
125838
1276273
130271
848214
143475
139368
520660
124374
1994159
138924
150228
113176
119442
1015583
114155
605153
121241
143358
176801
117001
1952297
132768
185936
120622
143667
1234207
130104
563200
104452
170218
319870
123103
1906568
136866
157044
112490
123421
870686
135843
405550
151032
202987
109801
114149
1775799
124785
401026
125861
147505
958370
116401
391704
128303
141267
115952
112908
1758288
160741
387667
122361
127920
733472
114036
301206
131160
98542
138336
118151
1705853
134786
832192
116640
131450
784256
124355
1298254
131378
147779
103772
131846
1438524
151342
980000
120725
135389
456855
148014
1676840
124661
109958
128279
121216
1404842
115081
812702
136065
123376
319084
126516
1748713
133544
114040
128504
152076
1196655
112721
799759
126609
134874
467070
110536
1977454
127184
132866
150955
134940
1244102
169890
689554
151318
127016
215723
113099
1949151
125783
134780
118895
116172
1148313
126152
548731
121758
176634
319059
130370
1889194
119442
178015
108179
140898
871718
104344
261021
123721
123604
122529
121236
1610975
155163
1024210
115371
159247
502909
127619
1084575
120896
144097
119479
130348
1214839
136768
767886
106385
141849
471005
114795
1893567
126454
132940
103404
123339
1400996
128376
850675
113548
237201
401956
115945
2038241
132694
115456
108049
131751
1198673
128738
739787
144187
133495
269806
134103
1754029
141712
148627
146029
206229
1149630
111648
727554
109772
126666
377380
119589
1821919
131655
164465
136145
131124
1412490
113296
605154
119387
105426
311441
118550
1934230
114825
117603
122618
114515
1200233
102604
644443
117487
111275
329887
115165
1703128
116305
147646
112453
135708
1157900
132146
534109
130235
141390
164902
136569
1819046
135916
230339
124181
138518
948445
110514
471377
108380
103318
119162
104792
1886475
108592
267890
115303
133866
858107
310690
464933
135417
152426
144157
114913
1662603
115652
412555
119499
146898
676890
116088
173348
147732
130075
119557
143689
1580650
121597
989387
114529
117677
592770
121901
113450
134519
153753
143276
113264
1390795
129396
889481
117889
136494
476615
124190
1897045
115159
168565
127828
108554
1433562
132120
895052
141778
152471
535105
127954
1066939
116401
128115
136261
113363
1280312
116395
819105
113825
130603
362623
122723
1998406
134885
147122
132499
137616
1266817
116699
755004
141704
127715
516145
112296
2126571
111675
149332
120167
137640
1355313
147730
801511
171209
110511
518011
121887
2080789
147704
134038
118629
111965
1186245
143557
718532
135574
125427
299292
120270
2015455
122397
134455
128488
135924
1271542
126707
689634
130615
126997
275300
117312
2132862
110041
136103
129862
134565
1048360
116294
559328
114926
129525
127181
114325
1839078
116497
340308
141813
122175
1036765
110298
477528
123023
137676
121827
130649
1849178
109752
1213198
108830
124552
947138
113940
546951
128241
158820
103252
111891
1683884
103757
472091
126983
140949
942776
128150
308669
146859
156008
243268
111231
1682135
134153
390443
116178
113245
912421
146386
417932
149711
148637
116990
123643
1704020
112085
987396
122158
123066
829139
129817
406038
118148
132789
103325
109659
1699294
119082
1251338
115206
131414
731563
125190
1846343
144563
155693
117906
114939
1783990
127850
1020932
112383
148045
655807
129111
281842
162703
330700
116458
145997
1603267
121779
1127373
120702
132910
722779
128143
1203425
119493
139228
107591
139126
1545301
183691
944549
134339
135469
702452
113481
837884
130934
169030
131000
130238
1482536
105461
983103
120225
148996
877899
118036
986842
117379
147503
111872
119666
1525558
117466
1138526
112082
113315
718178
121923
504299
166111
112759
122801
148325
1628269
110747
1047788
108412
127274
526788
119919
1206836
123313
148569
114985
112881
1288795
166253
857443
138523
138085
397318
125037
1818879
126043
142560
115671
116646
1298440
108932
742759
129531
115024
386692
134862
1980258
110788
140927
106257
139166
1184346
113791
787291
116878
141861
157093
113761
1932137
134988
139559
114996
121896
1109302
101088
534620
183721
135106
306605
115103
1807486
127495
250635
109013
165006
997657
110887
556200
126337
138592
262633
110492
1734559
110850
263931
130966
124453
938747
114766
438159
126927
118354
111862
113092
1732385
147637
404396
131281
118149
808163
138726
386348
125981
149738
110286
128592
1511752
109116
449302
140736
164460
801129
115742
334900
137028
132777
112528
132033
1487105
114344
763399
127538
141295
797818
109082
1836490
138999
133545
112200
117562
1645589
108715
1023284
121708
162506
707584
114052
980499
130904
143115
116288
118098
1482624
133555
996572
111544
185352
718145
110702
1839974
127280
126261
132998
109660
1329655
140066
1011421
110892
136124
535931
108065
1208616
115029
146102
133194
122124
1437379
116652
909857
114014
132677
409272
118761
1900084
146867
159286
121236
138078
1477676
116528
898695
111478
375593
393848
121916
2117077
123120
134941
166222
123559
1350279
109682
818256
108439
143458
404810
108726
2041341
117213
123476
116357
113551
1150994
121134
618753
122804
129092
269251
142565
1872323
171266
145926
117577
132413
1080964
108447
560907
140804
125417
278093
137214
2059693
141183
266898
122832
115633
977754
122407
464251
141626
143006
109922
126393
1762252
109448
170641
133457
141536
950863
132336
436723
138792
181906
180229
128020
1582022
130109
284743
121925
141335
908108
115707
1911663
114032
174735
109734
113266
1650060
151873
806670
119525
136577
644989
113688
1604741
120112
141969
117834
129756
1496976
127110
913557
109603
124213
456944
117566
1786181
127895
140021
119435
128787
1527267
146985
890233
124093
174539
579225
149357
2191041
153906
147093
114931
125222
1371592
173856
932059
104493
168445
691783
111480
1991396
135502
108479
135469
142444
1631169
129974
1250821
118233
182919
622943
112802
1758462
134062
123540
117099
144561
1446123
112559
821190
113684
114755
593815
115749
1192045
122217
132055
118414
151352
1542186
142332
1058594
112159
151888
499552
109524
1714303
118591
129452
128458
129918
1404370
163440
899232
112273
147596
381141
139161
2045873
165336
123706
141940
140428
1594581
138635
885999
120739
116743
427704
118774
2179954
116259
118927
153490
114103
1454928
118611
810243
109703
123750
460551
115458
1961536
114771
119634
121652
111982
1267334
116554
863783
132298
135009
468551
117240
485502
303531
114905
118762
154069
1208315
122151
820449
116787
174180
458475
108162
2076727
132067
110676
141226
134357
1264342
121208
841065
143425
123206
403420
136294
1813029
116511
153778
107803
151217
1117780
111840
128779
134675
150166
243336
131028
1788515
147906
332641
119621
136239
984139
108653
527285
110262
142873
129782
136398
1908682
121956
351948
135449
137505
942789
119182
323283
121844
117598
107413
131630
1705488
111894
287845
106599
255807
909062
133718
320441
105731
141744
113073
142759
1537294
111068
1121021
16244883
12110789
7957595
4376091
2606053
253684
133287
120815
130199
1466205
117375
1116645
112872
123433
609704
129657
1279890
129918
134737
112607
119562
1354960
187616
733676
134334
136647
471621
128540
1760391
180857
190842
123640
124618
1315233
120568
837321
106816
131337
385691
135780
1944748
125719
146083
132647
128228
1179266
129704
905786
117941
153069
354087
116932
1686805
139358
107960
119800
118763
1438869
131784
837563
120602
130265
606334
118215
1934367
153332
137557
260721
129467
1492855
136333
890338
159894
153171
495543
133553
1931821
134764
159133
115872
166259
1342126
138239
601666
136605
113425
281753
124829
1752419
119676
233990
114058
130286
942093
164475
442206
126804
161945
125796
128049
1658117
133422
365535
113501
155442
657437
118971
1139986
121665
158887
125295
125132
1468861
165417
974351
148527
134712
472384
116647
1548301
125282
153825
130852
131847
1276106
142549
673341
146918
129996
702158
132135
1881954
133628
127255
134399
146451
955423
132665
410496
123828
125827
106498
127332
1721078
146502
476616
122637
139099
759275
124063
330542
130052
130684
129696
160090
1722089
134222
317984
112387
137433
625954
121812
1227988
141115
142932
123836
139413
131616
127931
893650
125830
125138
411293
143336
1448434
157508
275481
129098
151085
1201726
177898
614322
141227
146175
147861
128784
1959228
133837
297510
116676
153615
825086
123714
234056
129383
169410
129325
134086
1559804
131563
960291
134063
155993
574989
126039
1714628
136630
143522
141631
123372
1288991
131263
727897
144320
129854
426286
124493
1593797
125539
132717
133026
130879
1221681
140731
675527
145934
131847
292191
133335
1942601
124250
155868
116897
124974
1069228
133460
489671
110586
171253
126932
124091
1723189
118663
215243
118674
117004
904237
116253
312546
148413
124614
109128
159922
1609946
127431
393042
114338
144988
792846
123463
233926
146661
144931
131049
115548
1672268
124170
987510
114340
106419
712718
106370
304717
147519
161641
109721
185942
1603077
114319
933368
129193
156424
755044
109810
1781842
319419
116113
122857
117917
1414826
156558
900371
107705
126174
462385
114299
1697603
129078
140144
128598
134358
1298258
155527
880522
127754
96551
376186
116113
2146695
112571
116166
108194
115207
1164176
120706
711646
139942
122548
365971
115734
1706290
131473
123940
113206
126005
1276329
129196
736396
125576
129499
275584
109473
2002509
116299
171046
119874
172731
1302138
123540
549016
130130
133202
123662
119018
1870501
126079
220477
126087
144164
1060676
125382
393931
140973
148079
122613
110800
1628933
117029
335219
117816
153716
779531
120608
1050832
123100
138327
125674
112100
1619887
120775
241402
106437
137806
554330
110863
1109492
118192
112628
148134
128724
1609092
118796
940626
111964
122506
591937
143586
1198891
127528
121014
111501
127348
1343839
121143
1622001
115455
111732
501027
123685
1340664
113120
153224
115943
109406
1418977
131788
817344
125465
108604
348874
109444
1964412
121026
137641
127563
151470
1229994
126449
751784
120946
142792
366590
136961
2033832
121723
171081
120704
122997
1129703
119095
763102
129881
131917
335379
112998
2002505
122488
123489
121110
116283
1182142
123023
793607
162422
114084
401886
117689
1884257
113384
136684
148004
114797
1333032
132487
820791
140700
108272
377969
113068
2041085
120122
148423
107022
154892
1353483
121754
747916
118775
113479
302946
107872
2022721
110333
133609
126125
138193
1311945
119847
814496
111085
119299
350315
108139
2058765
121829
166288
136521
119029
1203828
173600
729468
114518
145689
404589
114578
2039796
121437
148657
121869
109300
1274254
142562
828914
131823
140774
471656
118028
1987417
112763
138339
142835
115484
1673219
143995
881475
159565
115888
261571
104194
2032019
120441
131872
121781
136372
1317408
105550
806869
169256
122033
249453
109798
466477
123044
167967
111851
132631
1108315
125243
518653
121762
133255
141233
113341
1851091
118025
204226
106385
151792
1115773
116611
1065825
121195
167751
162970
109653
1716650
112117
231759
144852
129915
1072027
124005
530373
160138
142920
154914
115534
1848865
115215
184182
110824
111612
927631
116624
421278
113442
135480
151904
114397
1638834
124203
606462
115128
154199
742365
118433
402506
124309
145751
113654
134582
1626170
118531
1064121
126577
157769
828058
116212
208150
137453
119032
129420
120389
1642147
119066
977340
111764
166155
808595
133051
1328571
112748
122602
129223
114347
1486007
132778
1011166
118793
162127
654079
108506
1234177
114539
143463
114379
131607
1498851
251826
1070922
124767
159036
562455
144341
1406799
113748
137914
120108
118700
1518634
136987
868706
109512
119985
450076
125279
1399439
138994
126041
121548
140048
1345154
126485
788977
163151
191005
455320
135377
1929598
109420
158382
113118
144253
1252955
123494
633485
122633
120899
164491
133627
1789885
109410
139639
108159
149108
1149446
122772
534383
110492
135871
112236
131044
1717345
153444
326623
122839
151623
867821
120207
248972
142257
134942
117466
106789
1584188
115691
318015
109578
132494
796784
113877
312918
139687
122660
115605
174393
1494442
142567
905257
115905
131458
663502
121726
859003
130800
128549
120123
123468
1485492
114705
1011049
111629
132847
662290
115350
1140601
122741
135647
116810
129342
1482911
118965
869281
100048
124063
489356
136390
1797904
150014
148092
113505
108104
1264903
113553
881606
114410
152805
530877
118458
1783482
136397
124727
124510
117708
1280944
164745
865896
109532
133452
453601
142312
2089932
145813
136855
107661
107065
1432860
139121
1353062
157815
132275
459507
112557
2098212
132435
114090
115291
136560
1313156
108408
725089
124337
112255
280496
107359
1966473
110865
136696
121975
128044
1205943
120176
557656
117715
174537
289252
131833
1968476
134315
119969
114645
146789
1156145
131493
548931
112093
114998
111629
121592
1891193
110869
284376
116223
144862
970399
122681
565670
125426
117487
95352
106195
1777525
110166
175404
113120
125640
931464
108940
438648
123891
139833
162697
113357
1779035
107384
582786
126944
124393
1030535
124306
293003
114537
122184
113696
125594
1682021
298682
329764
121015
156284
1071239
118331
410513
157513
188140
98824
138935
1687774
113224
258096
122282
121159
778434
114974
1216118
141604
140838
105714
159311
1413352
129191
920439
138432
130972
577533
128886
1300096
201916
142993
134498
133525
1372876
142111
768708
119370
124532
255257
114571
521450
129889
130812
111099
135214
1176800
135096
602529
129852
137565
149825
124375
1793487
136241
1432451
125414
128435
1103246
108293
529737
421388
108639
264855
113459
1879336
104991
195366
136244
136943
1032032
128224
528756
108402
148512
182885
109120
1792045
115152
207444
109922
139161
1005893
137491
665898
127131
139222
345442
117533
1770732
107195
281312
148802
121867
1096304
125345
462618
117290
141828
107185
121619
1845657
105711
265680
143254
139244
990081
107480
336300
132780
135860
117362
112387
1749833
123830
310209
110637
133234
742637
107194
359971
128227
142906
115996
127257
1631346
115055
1114293
117699
129076
601810
131505
1279928
153630
147182
111983
147134
1510945
119986
1075473
129856
129718
571230
107437
1542746
120489
144423
113423
106857
1596453
116027
1096825
128575
119519
583448
132375
1781238
156185
109512
140251
110549
1313143
126114
950019
113002
110284
460080
127653
2103110
109086
135503
110509
120271
1305037
139588
881255
115275
114135
417278
109165
1961524
116228
151583
114018
118974
1299611
117964
909307
119622
137290
471356
119772
2062347
125713
146195
105156
143565
1438347
120977
893013
118039
228114
515825
117947
1899876
153301
162161
147853
120742
1362540
108178
749324
152280
151070
272593
113956
1945522
118593
147558
130120
127755
1102732
151373
653710
121234
143577
209126
120007
1891141
122822
293064
120082
140612
1090112
122049
631278
145697
150993
121820
111384
1717233
120213
190276
122404
155455
1121174
116402
458901
131789
157495
116666
131541
1748655
118358
483567
117117
129910
808413
135281
281764
160270
122761
121929
115628
1672868
128662
328608
151310
129553
715980
118409
373449
128781
116712
105048
119829
1711463
156160
1172284
118008
129034
658311
109617
1075569
121223
151087
108289
142087
1384224
108040
887612
121436
138157
552626
106565
1170490
126780
131039
164078
117215
1554872
138342
1062315
119479
160820
662094
108555
1633788
125749
131738
129765
122026
1341979
112874
957613
124316
127856
412136
117958
2250691
117161
111777
123614
148574
1444939
147012
786417
155832
119288
465106
119882
2097089
118279
138808
137198
158471
1509175
130724
764686
178149
150430
378903
128340
1912762
125953
164084
119930
131152
985607
144792
613159
122419
127287
203687
113781
1951036
121552
274728
127087
111455
905605
107398
445235
131795
127986
115033
115493
1837531
105648
394224
113094
115214
895442
120580
440378
114428
133724
112111
108075
1773701
118268
187485
116885
100328
746704
105729
179462
156993
118743
119993
160859
1508279
124749
1144065
109304
141335
821585
111852
1137412
138312
129840
113272
162011
1919583
114525
1042979
109845
115393
722474
107333
2246057
137913
112027
120432
147111
1499332
108123
900550
107279
344955
778703
121130
2300475
118605
146758
113445
111837
1584647
127342
1035091
111703
142555
586900
120424
1801867
115743
119259
106463
137184
1347673
131698
884730
112243
122873
417669
139045
2090877
128971
147892
139743
151494
1386226
148770
719964
124032
113435
384149
120224
2073605
111384
127920
155423
127591
1045828
114911
571076
160172
163238
215577
120503
2012096
116308
142419
113345
148376
969253
116352
477200
135500
159022
222001
121486
1609335
132072
235211
125717
139561
819251
141327
343782
118938
144650
112555
148005
1495245
126228
1192644
131425
116152
648531
130858
1256161
134724
120310
122130
122087
1496441
131302
900991
129131
140087
812740
123760
1493439
133355
112424
133576
160401
1400124
143494
991539
137609
123435
424243
128010
1985863
160758
116410
115534
122429
1415285
120386
800015
135808
140387
323640
115517
2106521
116146
147974
99629
121222
1356688
127446
873624
116490
133056
431382
117946
2079616
108289
113930
113390
126546
1263468
125263
713965
128138
157454
426782
132342
15011070
15087830
10933975
6778514
2637217
2882350
138174
723042
143737
116866
251266
139522
2016433
146220
135573
133445
158833
1202374
147564
143596
126038
153517
148245
130127
1867945
125984
131087
127399
124209
1012592
141366
377673
150101
137201
113727
118997
1585323
114848
762495
115676
145216
737771
115678
1388435
149261
123884
130212
134537
1386838
134513
1070479
119801
144077
430851
117152
1896180
122200
154957
141589
172901
1377377
120721
775579
158291
143808
352443
121744
2030564
146953
144274
118765
126107
1051937
204660
593361
131760
145259
106854
134977
1332187
126105
218400
131783
129361
973767
135375
304505
163957
172309
126216
117099
1595587
118840
298565
130252
171440
848305
135228
656051
144529
138314
126770
111213
1447985
152407
900470
135497
137651
587626
136191
1669016
122687
150955
123407
124031
1376334
129991
819842
111982
148863
405245
130820
2079099
136414
128270
114704
132031
1250736
122274
798405
116012
129594
427136
121167
2158829
124239
146331
139310
159033
1296421
115995
766921
130384
133953
303845
112010
1907930
127020
112343
148224
155797
1130040
109978
616140
133816
158948
152405
131734
1789005
121499
191800
115853
167940
1056132
146653
440748
131829
134944
123361
111144
1824567
115701
301497
107338
179221
947187
123031
415707
137602
131306
157452
116463
1886509
118213
157019
131207
138557
868972
121704
315783
140262
154208
115205
126953
1668037
317003
486038
138966
121595
833881
114500
220687
144514
126368
108018
119903
1705482
129169
957561
106866
158865
759495
120524
1132059
126386
160779
119846
131216
1597901
119709
893830
122961
117634
521039
121166
1153431
118146
103268
160893
149176
1550415
165077
955018
114158
131650
366916
143147
2222896
135615
132445
120429
120667
1159202
121192
712880
128009
108920
292522
111286
2020554
106471
130425
101525
142002
1186397
114121
755282
117552
109141
251297
118169
1955124
133705
120410
119185
126582
1130198
110855
581819
113537
114744
216646
135989
1933474
136122
154075
147108
125801
1341717
147333
689822
124160
147025
390343
118081
1899124
133175
116569
138435
115150
993015
111733
514748
123624
131553
115546
108332
1857606
114479
1162262
112396
134806
1140920
110881
280445
110288
116962
102632
112599
1540139
111190
997577
113531
139256
514326
151560
1749981
154656
158938
146117
125935
1330498
131283
882361
124368
158662
530040
127601
1925682
117318
142975
123554
128857
1345200
115494
883707
153632
138570
449033
120375
2072974
122385
113736
114764
131058
1136797
115346
759619
199121
127885
289957
128687
1975968
131585
136849
108597
116026
1085542
112206
703552
139555
108922
141695
107663
2037006
109658
121890
116135
121918
1140806
117003
651254
111705
112079
260274
105642
2012944
111719
138131
136222
132575
1063655
117088
535755
114224
123132
123425
110786
1835459
111345
462369
124195
134597
904319
129745
534783
126640
200139
218295
118919
1656814
118855
1210093
118141
127397
727311
157506
252813
154874
143937
108523
111671
1625318
128800
967471
120673
140179
709442
110780
226449
124443
124087
114785
113122
1958137
113260
977278
112990
122208
602444
122434
1152555
109974
114011
131530
118179
1520119
138551
986267
149633
147843
678274
119506
669941
132309
177581
117200
119014
1320250
119447
774212
109519
118695
269993
115336
1742154
110962
108265
123116
116366
1225880
116202
618248
133725
140670
336464
131168
1871492
109727
148865
132103
166061
1162296
119911
505387
123302
125341
220293
114928
1845372
137304
228249
117754
131079
1045663
111076
429660
125924
151083
137538
114546
1821152
106049
281476
147460
157430
901217
111437
291789
125927
128264
134316
107402
1712548
143835
1023892
110902
115455
823478
105156
330130
111769
123312
104449
104679
1498246
147688
802019
112498
150632
624252
110516
1160306
143663
112756
132067
115303
1509750
144392
862649
147554
119885
417655
129925
2083014
125490
150429
110698
125540
1216066
135686
734475
128699
136471
497530
115193
2051307
241857
169528
124204
124687
1145163
111914
719359
114637
126121
187249
119091
1917927
127335
127161
120670
116638
1073852
107938
711704
116516
107691
236991
113364
1997683
119206
271519
120377
157711
1219263
111944
505435
114852
113201
111434
118795
1862144
105930
169535
107428
125019
974335
124166
355896
114190
150709
125466
200690
1761664
130299
407966
129905
141541
946589
158086
296578
129345
130797
120978
129716
1557012
126705
396954
140971
137810
579134
135703
1363444
138604
137881
124010
120835
1252724
127826
734420
154935
122694
295926
111612
1922802
114019
154377
116210
112873
1314953
130427
540454
126680
119275
234842
122855
1769597
126884
263316
113457
142342
1045690
122629
500257
138500
126499
130574
133288
1659550
111239
362346
134864
139258
724539
164919
260597
157884
136910
129914
127568
1554164
189821
923360
117009
156185
573437
132387
1645906
256590
157041
114410
121256
1455164
141621
788899
136114
146878
505390
119070
2038684
147447
179897
135398
180460
1286037
118570
704294
136215
145636
377386
139028
1985779
116436
115651
137105
126580
1127918
138995
413861
135689
152570
130170
129927
1774544
131951
261429
118493
145545
939458
152533
311423
140003
129787
158251
136581
1608361
138553
253214
112612
125603
537994
115492
1183994
138799
113507
131604
136820
1565750
111540
813370
116463
149184
413962
134405
1667904
134837
170051
139909
116939
1166167
137131
804455
116329
162834
297452
124341
1849539
133323
118236
132652
154601
960346
151966
161767
147181
141908
119787
143741
1670766
135409
288281
125487
118909
653638
118463
418903
159447
115191
114813
128971
1525959
156737
877878
120985
143322
340652
120089
1843485
128707
131786
133167
141505
1302408
123806
712830
148964
119900
239444
114233
2039960
125807
139962
107264
117435
1252356
128927
843936
103815
111274
473164
121391
1909263
146470
181782
116411
119983
1704462
119592
664582
109582
137147
263663
129535
1976496
114899
122636
106488
156022
1221083
120831
754698
138382
140166
414328
134709
1932585
121395
119069
137138
120665
988497
119224
664500
140549
148657
289550
138890
1836852
130563
381874
107725
134390
1045314
112169
562640
115873
132497
109502
106323
1927376
100240
348944
112904
116837
1235377
130395
692892
128288
128093
112884
113272
1687670
106392
364894
117674
119000
852030
143198
400109
140521
117347
107872
111501
1639329
136404
375298
108119
130291
716289
110790
1392461
151603
136759
116200
131338
1471240
108317
830611
100755
110769
625204
104463
2036098
119485
112971
104920
115580
1451913
107396
960922
108859
144930
650541
125814
1940239
127986
113492
116384
148496
1348362
113766
946916
105365
150241
442174
129398
2184154
108580
104623
128646
162936
1521768
111967
903777
125564
124431
479381
109088
2064251
137589
154341
118933
104372
1282301
151396
792788
127791
112643
217810
104548
1825760
119998
131239
109291
138292
1224999
135546
830524
157979
149953
298965
129791
1937753
137079
158627
120056
172502
1327579
122957
712574
123413
128391
355787
137924
1865382
121443
141108
103661
137459
1020874
146605
739135
137682
128410
173890
110043
1926784
154950
155046
103876
134410
1090391
144517
531900
121504
108494
97715
105860
1853327
141993
650091
136763
118415
983314
105957
523292
132625
128220
166952
109833
2192557
102946
203981
112544
111394
921414
144646
564688
116359
117094
126102
102953
1763368
106515
138466
132090
127086
983660
109903
433413
162052
123344
120030
128049
1886886
138531
346256
120318
114590
725474
128673
319711
138522
128154
107531
118653
1538708
129024
1030377
107954
143685
773880
127018
1236790
149814
118531
122387
140906
1600352
125717
1019590
162234
171470
911438
122481
370499
122621
108477
108802
143073
1486990
122919
942580
113749
160662
632586
116901
1756790
120764
120751
154590
149279
1405281
136121
962221
122623
132948
498056
124705
1680843
148600
140551
110178
167606
1429275
131910
865999
124756
129433
362533
121227
1992748
133379
158952
115245
114461
1202590
125752
774599
118889
115954
341926
123176
1949701
116602
111259
116707
116073
984242
124105
578323
134261
116079
181976
126548
1811963
121387
169632
120971
110922
988088
116405
117554
136420
131836
119644
110323
1641779
118454
230722
112785
125092
797273
113966
346168
110767
156909
127652
128172
1644354
120445
422171
116542
259262
787309
126173
1943300
127773
146510
131749
107412
1581944
111882
966069
106582
120972
662682
114563
888059
157888
107506
112203
131196
1433785
128883
1060900
122906
156072
620866
146741
1702063
138259
131299
137301
245039
1406741
137173
904662
148178
152407
453409
105797
2006910
326841
182621
135719
179677
1102705
112507
1167062
122022
130605
121442
114080
1807158
107039
203023
107699
116691
923285
108027
465211
135497
135015
175124
117657
1790666
120669
278528
123052
126347
882866
126743
1970213
139830
147761
113105
127847
1542211
114555
943867
117887
123703
709678
118294
1809644
120091
132172
114404
109472
1571603
148435
1055981
117879
226141
493164
129195
1940323
128493
149063
138030
116722
1262777
124148
838810
113605
124865
315147
113043
1960088
125939
146813
146798
112699
1319219
116145
674127
120623
137579
277049
115794
1912595
111870
134533
105604
123554
1230791
118227
528929
107052
141959
230189
122949
1864728
116737
147029
127893
138293
1203373
108828
511882
120701
118898
118180
124996
695687
121420
343455
111665
130378
905761
126857
370467
135293
128675
129556
113692
1536056
134932
418187
120434
129674
711996
148548
275449
157165
145688
117374
121862
1455362
131510
301273
122348
122599
555373
150695
1544823
141566
116076
153222
118050
1298431
141300
935873
115603
126390
380726
112978
2183563
141875
143896
119757
137584
1228466
134309
764172
117943
124355
325893
116490
2087566
129834
179520
101618
176104
1303457
116423
752296
114053
150847
200571
114063
1897896
114734
150508
144750
117958
1088493
254359
560246
118529
122524
121031
116380
1902848
109398
480285
116830
120716
1058681
137316
606672
112816
119571
154257
118078
1841375
106280
285832
106977
118273
1161124
110277
586705
127894
157398
123115
125146
1782156
114612
317571
109375
122788
865045
111945
306853
143985
160609
126664
117044
1599435
126161
856782
122385
116193
682438
131650
15178921
11031076
6869378
2730200
2250644
2555645
109031
1194709
107390
119649
677596
136372
2054455
129266
154144
112718
151270
1582825
125874
1001622
148545
153448
708675
122959
1305847
125903
137580
117723
119458
1443690
112634
819374
108869
134377
372071
107669
1963881
130203
133903
119795
147200
1258167
146486
678149
144464
121206
252832
109826
2001641
109787
131565
174795
142863
1027482
120778
462269
152956
123457
739529
132711
1850309
129130
536975
134582
112245
938649
144338
378734
112495
130090
111883
111832
1696294
111821
465605
103947
150985
845958
114440
2073599
135947
152603
142002
137211
1582449
114412
976626
114370
119383
668611
119804
1331816
441979
124067
107494
188852
1580815
107642
914327
130953
151190
434830
123495
2088312
178577
115796
117593
115197
1337394
116770
805565
146738
142784
484504
115637
1592818
134111
182843
130315
125748
1181844
111210
699608
121072
115505
209787
156140
1989261
126007
1364596
108458
134306
1168517
120508
604626
115931
194445
252580
117405
1864915
118285
278509
105172
137217
1037371
131259
451651
116281
136666
127558
123159
1957166
118967
487593
122893
136763
917065
153408
512048
126559
125415
125157
108014
1685789
112178
149437
130462
131676
836034
170909
414043
115014
152378
101005
123143
1543640
111686
1022272
124198
119915
610392
130669
1780765
159647
135427
135319
135727
1337438
141642
800356
128260
153939
396058
124287
1945449
127840
126996
123244
160597
1244912
145447
675125
126987
119528
251470
121091
1923770
113553
156553
117771
115647
952262
120735
510117
127634
144624
132720
117440
1811819
109502
424769
124117
123069
1013325
124773
497699
122176
143519
169538
109643
1593464
139240
166213
103895
122744
962191
111024
247118
112482
123926
107763
122231
1856952
129739
463674
112751
144728
953505
119091
187615
130400
123926
110850
120044
1622927
108155
1028474
129405
135141
755320
139632
1140246
144640
114969
131240
124168
1496787
107525
915473
109046
117808
533788
145898
2001775
170889
136864
106074
146328
1375141
119644
819661
110004
145853
337038
119919
2088063
125367
112590
130611
125883
1207083
123107
661895
119857
147412
171322
103445
2060957
153802
131115
106347
128289
1215002
151908
814981
135760
116384
129746
117369
1963970
110830
211670
131843
121543
831516
135328
385519
149367
173796
134727
124551
1852666
140375
206670
104693
121553
866443
117377
117258
125460
135906
128015
112110
1570683
108334
1283961
112954
113735
816236
123239
286545
111149
122730
154374
112552
1637696
109511
1096225
122463
112707
919758
110278
204927
124786
159577
104919
123670
1610941
116310
413687
119424
140647
734896
137158
1351620
153287
142053
120569
144207
1390076
127596
605319
111797
143453
769322
123164
1833210
142126
117905
104968
119080
1433131
166835
964706
122102
144699
775463
133610
1317383
113012
120472
112081
144482
1689993
139497
998810
132703
139750
831923
139999
1725282
119538
133256
116145
123496
1495269
123078
1058663
127132
112571
473844
116447
1771321
136205
190480
123583
138389
1461507
128601
268774
127243
139155
505830
116881
1857758
120778
115634
146106
136313
1410236
119621
850009
118896
168561
365462
113081
1986582
128657
129225
107945
105317
1182921
116708
650017
150412
133708
244376
121453
1947670
109481
129109
113756
120626
938791
108796
531930
111197
131847
123779
104853
1744330
121000
334359
117970
110631
979262
115275
459205
108074
126268
160532
113200
1807202
108882
289707
110702
130677
1004209
122500
401677
138801
120281
131604
115110
1631823
110907
362773
117072
113851
838637
124895
322174
141667
111820
119097
134490
1638907
119425
1108214
130111
142616
598072
126703
1002473
132147
140379
111500
131458
1369677
117760
923751
116674
138059
584424
126721
1105993
112065
114864
102503
131595
1472980
137581
900564
133501
128508
372524
136018
2046262
129990
121197
130129
155666
1429324
105907
759775
111883
120768
280780
135798
1939972
131122
116151
104161
113948
1078811
111186
702702
129939
114883
262659
217998
1957134
132902
138224
117336
150247
1247110
116246
738867
133631
162703
166832
112886
1873591
130741
126185
147924
145925
1228165
113426
646402
110771
112767
144861
110939
1852707
112503
282395
110117
151904
1196361
114372
514143
102698
108086
324076
109869
1792301
113443
211436
117744
132288
1155893
115751
573111
148022
168219
201695
139933
1789651
116458
381612
117411
112190
931659
117253
451117
127297
119473
107572
152603
1667142
136181
283735
119060
141050
972063
121037
334293
150605
121438
120330
110342
1594609
114536
336827
115874
112081
729726
122436
310242
124420
160925
102388
114045
1572484
144437
989380
107481
126257
632037
127918
1174462
143076
108817
123480
106521
1382719
119908
1029741
128421
121006
664350
157512
1195497
118640
118853
125222
129973
1607091
122315
917674
119970
124421
517650
227056
1733647
136735
160248
145016
115897
1333886
135471
867415
116918
143057
397690
148461
2251671
125519
115107
135967
124797
1218363
127674
725689
120850
151853
557992
117476
2077020
150361
156982
123023
141390
1277888
116056
615692
131829
142539
261534
134101
1797981
125530
320411
122664
128599
1003969
119478
562090
133438
108679
128007
114319
1691813
117370
207460
110114
133677
973543
116799
531172
125775
115801
125698
107241
1662692
117253
516830
104666
125911
750892
119132
593348
120084
115553
105722
105809
1644280
138688
470185
127818
124098
739562
114901
450035
128492
149763
134490
104460
1547526
106135
379578
136008
121301
642822
102391
125696
120536
122230
111084
146591
1536266
123500
932878
108597
114228
608941
127560
2380656
135827
109696
109087
116419
1507237
114200
1002305
108768
114050
586939
151812
1836356
114761
120849
109883
127331
1554486
128740
947789
110999
118623
510935
112413
1869721
337088
107211
108333
109371
1421565
157495
883597
132902
128285
392370
123390
2019775
119851
113115
122805
115604
1318770
141734
711812
135687
116736
308301
116723
2001379
131647
130697
114595
133706
1157206
133860
707029
123008
131567
219401
110025
1979093
125771
156623
107271
111082
1074830
115396
729304
138220
171112
139194
112008
1855577
133222
133666
111577
161619
1308306
108951
628830
164043
154161
243284
124270
1840001
120500
146044
108206
119124
1072740
122659
587636
119980
110529
171922
127874
1838840
112094
103976
132054
113013
1034375
110899
646968
135930
134331
291552
137021
1857757
115464
208889
122894
117832
923986
132948
633741
108091
221206
230746
121148
1807410
122284
530910
103018
113455
948069
113661
522245
125750
157048
101364
112881
2134733
107249
369182
125221
112440
846534
111809
673162
121944
116608
134308
138911
1822350
114921
248940
116288
160888
1111771
120295
550310
113692
149989
129384
119743
1855317
106812
213157
153955
121136
997880
144500
346448
129605
160360
150310
100954
1910490
114471
193695
110971
128647
1109290
121044
198480
121749
136694
123152
114550
1738419
106048
264306
121111
131774
1053064
108190
640854
104058
109337
192880
140011
1766280
118444
184188
127662
113513
1045439
111434
510881
124607
132734
110160
105601
1784372
113027
1207262
104067
148567
810339
116084
474159
123662
163955
127909
122935
1772454
136133
1087839
124994
154352
913069
126033
1354926
124445
170310
125088
131191
1543669
147837
340897
106041
111032
669152
141767
200904
106951
157045
143350
127560
1578745
119502
890320
120256
118278
590339
110342
1902558
135953
159827
108930
135748
1346509
138599
892355
126324
118005
417200
105452
2055570
124071
138562
156129
150780
1432302
128168
930344
121178
130774
376028
114305
2157389
135053
142193
111572
125549
1289318
136073
783952
113950
112213
371345
136294
2004864
110734
155716
278256
172994
1027573
126995
667573
112868
112833
244050
115572
1882878
112565
162240
116944
130904
1110089
109971
504874
122154
124775
325719
126852
1750454
134300
415795
116745
119573
1007541
145130
451020
136170
143563
225171
115937
1735431
136213
613849
132107
128501
836406
128051
281011
114523
156039
178252
122909
1538020
284435
1080905
138889
169266
806851
125486
401787
131899
132013
114385
114717
1482194
137909
876795
125433
133653
759008
118675
896557
163629
116444
104073
155221
1381040
132325
966813
133018
136457
538788
127568
2106713
158410
160989
117327
142581
1403774
140061
827850
119578
127802
276766
116123
1940512
123772
117728
119970
313641
1361972
131865
702726
144786
166740
171984
132872
1891771
136703
310440
128554
121468
927692
117570
458771
160329
150419
109400
106977
1652358
132076
1080931
119803
112348
609761
130007
264865
136894
152281
111919
131649
1543512
122568
1036869
101025
161289
