224591
124052
123759
211879
177977
188751
184441
198478
170952
5231289
4948257
801709
172444
186062
4960152
6038995
1893197
125402
143530
4875821
7111745
2970557
130983
136657
131119
110628
158263
132406
162219
177913
164109
183126
2407282
6090389
4428487
212018
149070
201451
5448395
5767848
1593228
172525
140241
5810528
6536991
2407413
144377
131209
124800
138553
140979
143668
156737
179072
193842
181085
3816714
7869027
3819989
156828
181593
1450156
7962512
4870101
725259
130640
458564
6586796
5956205
1774616
133353
127167
137650
127570
117299
152185
175516
161921
208169
237552
4650559
7434327
3308872
155434
155359
372593
4736339
4853364
669613
123686
1218620
6799782
5485781
1322032
156060
121633
109542
114779
138842
138032
215829
259387
267854
250775
4323775
7063561
2945708
140535
152136
1176589
6873295
3797491
163555
177074
1432213
8325780
5012044
821749
176357
141977
158590
140179
139273
150720
213866
167397
199468
1020410
4025746
5666219
1512935
148335
169882
1860946
7052935
2889485
145195
167499
3313348
7795994
3620506
121395
149969
173575
151223
118998
158419
179753
222351
199187
241852
1887316
9601996
5454709
1326752
137378
156613
5761444
5957561
1771771
137162
127194
3562565
7511162
3405243
134516
135170
113702
119976
147570
134384
142958
160793
219381
232936
2880181
8615809
4484296
327795
142895
401569
5448504
5729133
1569221
140502
159988
7190492
6783354
2626740
137366
140721
128360
97981
108126
108685
127356
176522
198317
290945
5417089
9967323
5821453
1598510
145999
350826
6898124
5068921
888303
141495
232292
10337512
6186147
2020296
147043
125585
114414
117925
137874
137438
162272
219631
167953
160722
5434771
7649196
3470288
160649
120188
2046591
8431886
4276899
145755
165813
715025
9074689
5366192
1256078
151599
157073
175288
163802
144937
168430
166337
157991
192461
290953
3863846
7672529
3552523
152645
129175
1823779
8152199
3962275
170184
144494
1825990
8971272
4838262
647759
172636
142253
152005
147832
131519
149195
265628
256050
238401
285216
5612774
6493303
2325886
137744
151358
3492807
7567578
3399886
139057
198123
2036764
8630656
4447815
274509
144478
140734
142469
157267
143502
154095
160623
182209
236320
1116140
7763443
5889007
1703004
188436
131174
3666877
6744270
2549017
195170
160687
5478522
7868530
3680447
133264
133648
160406
135074
115723
118190
139762
171603
187919
182858
2131303
9335087
5125736
915888
192159
172575
5221544
6130331
2001311
119728
176124
2588726
7104467
2961429
211204
148146
136972
135888
136224
148223
169769
195539
245643
256845
5394268
8953375
4803061
730191
141033
571580
10279086
6131900
1998553
137788
154274
4934602
6756582
2593293
156836
137673
173123
174154
131039
140006
189160
293594
228008
186600
3554221
8409384
4242810
159918
148876
1107664
6964334
5392042
1213229
127576
123471
6406511
6302878
2165790
124300
126976
118842
113400
132317
129534
137959
293695
278158
250978
6183945
8674294
4552418
431359
161871
2566923
9186556
5043359
900224
143317
661443
8753421
6030129
1878653
160557
138434
115268
185932
121562
147033
168019
270280
260416
247327
3513242
7111040
2972343
179001
151232
3836470
8402865
4219350
159809
150007
1244050
8469742
5182281
1015200
141513
145666
126135
153107
151487
155882
176656
175263
260997
267126
7970874
7279252
3087920
229470
199566
33280604
46461143
42245359
38050865
33869840
30056723
25898098
21723343
21391117
17208762
13112588
8932668
4781495
635102
140320
145173
175238
228154
613252
6560741
6054978
1939792
151676
136293
5142582
7465678
3289867
124142
141651
1740468
7126863
4237669
129227
122340
122356
148479
143138
104803
122582
177351
229216
200878
656308
9647109
5465168
1314785
144652
152870
6643689
6749394
2605923
129493
129881
5084106
7828285
3656875
113871
157456
173867
149751
115313
139627
156865
183078
186515
236586
153628
4591605
4935905
745501
145029
123329
6474181
6005841
1808458
114806
145084
3733815
7120026
2956470
138594
155970
150000
142395
172862
183465
190239
174399
173765
171969
1689669
6821205
4165439
156873
180799
169077
4808267
5482707
1313720
131529
165556
4427192
6256047
2106184
150641
157203
129133
121829
164575
133290
174549
163494
245837
279375
2242545
5635803
3235906
138478
150883
982532
6123647
4406947
237471
139691
646186
5674063
5462076
1300585
142628
286275
132623
171210
139895
138945
222658
305133
305385
302887
3689717
6412744
2222736
156086
174558
1994660
7324056
3389970
145037
124860
472924
4504839
4311190
139037
139483
154011
157581
115674
147539
159976
169762
190965
207696
593226
7631729
5681616
1522476
181881
172360
4243029
6835863
2694628
141532
172827
3103412
7839774
3690102
150085
153350
174587
147571
150931
174151
135749
174906
248517
268958
1260348
5305071
5337548
1174726
142551
175473
2655469
6266074
2060132
148920
142314
3746248
7409625
3245852
134473
159712
128523
146097
136342
140051
131185
169334
227716
320988
3463427
8140457
4945327
829195
150323
389760
7177694
5868659
1710015
112529
189084
2907741
6935474
2769828
147112
162397
138500
141959
162402
150177
192579
181643
207245
289985
2876929
7817428
4429306
256900
145612
332431
6204035
5343150
1169456
131039
148566
6265623
6175831
2029648
122334
166667
129065
111325
145245
172281
203093
245177
261751
281181
3796270
7405002
3250847
170238
122833
563742
6905311
4500555
342235
121782
166929
4017107
5628977
1433991
168175
117338
155275
136665
134585
163988
236627
254497
238768
267249
7119108
6660085
2452133
161340
156567
3672207
7897144
3703549
204225
145439
976194
6618919
4955951
798620
162781
139277
142063
128477
157749
152037
173666
200308
248314
254364
4998665
6897286
2796358
170468
155884
2211752
7446019
3328571
138220
151888
1768080
7059564
4175460
117945
134109
127984
131073
133782
139516
164699
197877
240605
201353
851869
6663806
5727332
1580251
129335
147023
4038446
6640178
2503852
167222
131678
2412514
7799191
3640054
142663
153866
177218
180428
167136
134434
129294
197415
208797
286244
2017533
9116850
5348857
1186400
193354
152568
3688214
6259911
2098441
160876
163906
2019427
7161647
3175414
161532
165886
170126
150298
137413
162613
182753
182866
247565
294763
4017886
9315720
5096094
904355
159571
172348
4796632
5644065
1478773
133411
142428
3358521
6445218
2265362
162509
205106
184057
139400
130554
156495
135205
182910
224640
196066
2992676
7655746
3400942
142015
170413
1083896
7092009
4629221
485976
167368
529071
6893338
5737686
1592001
130014
161150
137926
119317
151058
199758
256526
158714
232055
201145
6109684
7175703
2997287
144929
167173
2180917
5796953
3988870
182445
145418
1687149
9083371
4975693
801807
158975
130634
124855
119844
179138
150798
189599
273207
269678
294306
6591860
6842165
2717086
152775
183467
8727476
8070281
3904763
144732
177735
2824582
8455798
4314841
165482
129879
138264
168477
163733
144460
168754
184038
179525
227778
362610
7925295
5747541
1607153
132705
151228
5666599
6700935
2545376
127399
129986
3241842
7700132
3516278
144719
130948
170823
132585
145619
154405
172797
207027
238953
274853
6421745
10526336
6383892
2186831
184739
200008
8506920
6048718
1842527
147912
150982
1674644
6885957
2739169
144649
151325
202875
140615
134381
138158
145314
175606
246142
253114
1862595
7476399
4071625
146847
137746
557981
8350027
5288326
1111074
172441
142497
3431682
6377918
2188490
144615
169511
149244
133603
148213
168386
201362
256770
238336
273761
3778309
7749134
3606869
140542
151931
889579
7721018
4729204
558796
147199
320549
6680264
5675603
1517333
129168
131782
127900
169489
139667
142074
169411
211894
218759
238951
2076822
6778949
2643595
132932
158731
1896930
6341423
3980812
134792
143475
258005
5362771
5061844
856197
117089
125279
130755
158439
178515
156058
160717
201040
275755
271026
4776585
6282617
2125262
156212
154729
2080892
7181525
3364917
137818
141964
556116
5285024
4341476
154095
150602
166279
179538
158489
141675
158760
249770
273449
247387
502222
5170812
5762617
1599696
158317
151847
2442076
5718187
2736984
166554
147151
1622306
3450330
4000101
141143
157358
162176
130035
116839
157261
152474
164606
216591
319618
2717783
6734297
5057055
869118
183531
309400
4180268
5773476
1557392
146069
168204
2300703
6732112
2587677
143880
173169
171091
139970
151226
168102
171834
280032
324063
318055
2510521
7739530
3863352
204466
186347
639508
6849673
4938635
741949
165969
297183
4703510
5855913
1691670
133646
154332
121565
134907
134739
179548
204638
251631
286292
316906
2887988
5753297
2943349
154798
177440
275383
5516566
4410103
293180
155647
1545323
7616316
5007089
821231
168168
143498
145167
182803
151619
151073
194988
267571
291992
304120
5365647
6299559
2172466
160570
129490
2863113
7285935
3090679
180342
163249
540518
4832738
3862528
164251
138454
175145
152512
132513
168672
148664
177852
182116
196696
463577
5680764
5133753
912514
144972
190933
4007623
6502233
2346090
159581
167044
2882549
5692967
3132265
155152
187650
157249
162053
160255
159893
194108
185451
228734
337076
3430251
9129594
4987130
825696
136444
1580565
6480106
5514402
1368092
160957
165640
5422106
6624080
2465211
128448
144997
157966
152776
166112
163606
237726
292730
271175
272845
6414982
7756244
3574161
174639
154171
927937
7301008
4394532
196658
160570
256529
2853348
5385542
1227894
142491
134019
151872
183566
129862
170799
213843
269074
265598
267235
3856143
6174019
2546658
141624
151860
1030847
5193442
3761918
137709
150048
747180
6904987
4859216
715455
136168
143650
131583
132087
148188
145566
177558
254201
291370
297645
7926332
6392342
2225270
152718
158318
5366191
7533075
3342750
128868
176197
1684241
6869487
4429698
276708
123820
163050
141710
133160
185141
174960
203062
254877
226289
260616
6478655
5549975
1398821
169284
161828
3500889
6662685
2475391
159826
113114
1600888
7216361
3647460
138344
149593
173771
166902
119110
156054
149021
176468
197733
230694
2455973
7940217
5281743
1138190
170793
129512
5938306
5843489
1677819
144055
156624
405823
5362065
2618293
150998
153153
154757
143932
174836
164019
202863
203930
233574
190017
2277616
8173547
4030131
166759
152265
484247
7109623
5271613
1097428
145922
148741
5906533
6210867
2035577
134027
149314
157903
134523
138949
152489
196803
282102
230325
281239
3541671
7527797
3315158
177806
155444
768776
4676493
4489942
335318
126416
442559
8252941
5658840
1519498
134551
127368
126298
149813
138743
168872
169814
206868
249123
286213
37940053
55276156
51092973
46952454
42948734
38771751
34620585
30509474
26407689
22309353
19667955
25308354
24389813
20188913
16025111
11873031
7686651
3544376
123924
117473
249699
233513
212211
261442
3388618
6765336
2588919
171719
160355
1411535
7759361
3599650
143460
143308
1640311
8431574
4791473
630846
152015
158941
144365
179150
197967
144020
150356
193561
197281
839582
7811388
6119257
1985338
146345
122488
2598854
7157739
2997395
137661
146371
2657810
7504737
4076738
158653
153035
149010
150039
115534
154147
153904
188610
255274
307620
2342403
7048639
5726848
1594881
1188618
142518
4757317
6497641
2353121
162146
148977
2816613
7606850
3451521
160816
120573
121618
145855
142056
171731
169508
253029
283996
328358
2214985
8483921
4846825
716301
150440
148178
4640913
5931938
1759315
170695
181044
4277426
7017492
2855166
139924
118103
124996
134693
299798
110524
168213
147011
144750
176424
313644
5012304
4420437
247089
142745
566117
6023537
5397776
1209195
161654
128363
5423657
6254001
2074255
154885
120484
121758
150740
112786
205448
227442
301763
238610
265777
3813810
7927078
3764288
143085
218384
1472023
8214009
4798217
643984
153064
272396
5862903
5828436
1664264
137222
351515
166253
210628
140425
147891
187638
225239
212726
229448
3770338
7284164
3168371
128531
117903
1822379
8579457
4408641
252842
168004
138416
4004421
5582390
1443309
119489
154519
130603
118268
128534
139976
227473
179014
218862
267716
5209483
7036921
2880671
162070
203876
2211267
8320301
4177572
142797
143913
497959
4875232
5054009
926566
127724
141409
135062
164993
152217
152873
159226
246596
301252
255667
8012214
6730104
2558774
190892
163500
4171695
7560429
3407840
155576
168791
2423523
8465838
4287996
148321
126687
153209
125994
136605
168521
171321
205841
186191
226609
1942307
3912358
6272452
2098406
158612
140337
4902244
7235764
3054406
131881
135270
3936998
8460278
4294720
132584
142421
154285
140159
167837
156113
159415
185663
208937
246395
2270940
9070306
5397298
1261708
154334
186365
4046551
6392213
2219627
151951
159882
4787045
7870493
3697371
133107
114150
141926
124943
149973
184400
180503
192274
206642
284687
1971818
9048758
4846106
727243
260323
334970
4610361
5827737
1686366
130896
154948
5820826
6877930
2729877
130620
181997
127714
184478
154951
168718
209656
225551
311653
285176
4289926
8370549
4186546
161233
158537
619754
8305041
5339679
1190835
136991
181756
5132229
6345810
2188381
127362
141984
119373
130734
152419
160814
196977
251323
206146
211325
2974840
7541873
3398310
144261
155239
1665297
7987614
4469921
328100
165915
421058
3749994
5562469
1397044
150069
120810
160126
159013
128694
142441
194245
205220
220744
266900
2924510
6329243
2504409
147366
125125
176523
4275057
3593450
162354
166031
1198711
6133359
4548170
369770
131256
149618
118729
120163
130295
142781
213951
295879
302367
604384
5624763
6118310
1909661
152925
149098
2413457
6245419
2846755
147902
132883
1706849
7215088
3780127
145808
157843
148376
143193
145281
155824
163713
221915
255279
271013
237988
4578738
5237647
1107991
163202
131401
3485559
6347490
2230581
142632
134798
2412372
6896252
3192476
144196
147867
146458
124539
144378
146231
181145
190959
184761
192969
3634298
9572868
5435905
1271842
197778
605702
4565379
5996834
1845492
153320
150591
2638914
6944543
2785180
162494
149216
140232
128364
128438
156057
151591
216820
298446
313897
7534823
9449174
5231217
1031223
197196
1110067
9176197
4996150
837812
156448
156622
10137985
6012914
1854020
132165
115808
126404
121868
136888
111449
176450
247742
278887
286627
8400489
8302715
4164140
199223
120521
4162184
9028679
4899362
762376
147357
389119
9901455
5749151
1597128
149972
125934
153818
128123
157480
161874
217395
217583
263381
259968
8918095
7968295
3776422
173967
171772
3347950
8391129
4231001
151426
136609
3994852
9453301
5310560
1154079
129471
141843
127010
132809
147332
131729
221735
254149
266138
252717
8070628
6340672
2185961
158242
150346
5280838
7666299
3483557
155988
137008
1983612
8634745
4460584
310729
128518
132331
120304
143725
130537
141058
140639
215777
182719
643759
10208731
7279284
3128222
167820
198190
6015631
7851689
3681879
132638
167064
1344019
6250960
4098727
140438
157027
131976
133355
155332
122181
148791
193571
249055
253274
1558323
10301432
6892155
2734236
144814
163600
7732332
6437770
2256517
127845
129056
3754185
7441943
3287877
145348
185918
138431
120911
142035
132220
149063
205815
253212
237666
3071493
9113343
4997712
821699
148400
162854
6890462
6077530
1924495
194874
136461
4521408
7010066
2848653
140754
137590
138355
164461
134846
133867
196289
271484
255065
257730
1680310
7890561
4465353
272713
146901
1131391
7718916
5094617
916773
144649
167075
4287425
6558386
2440636
154093
164664
180570
167219
144306
151755
220754
277757
322557
335344
6338771
7837307
3696345
166836
172634
1322891
6524243
4327860
163352
184642
495578
5653232
4823873
635438
153884
149441
160559
157480
155622
156774
267516
262339
259521
257781
5355049
6341899
2180510
160490
137047
3031508
7187632
3054949
152965
168261
1707407
4850785
4395291
260287
161791
145961
146400
126620
156432
173886
225305
232688
210896
183502
4637409
5416517
1255491
147434
158613
4552761
6395615
2251001
127107
143453
2599149
7261760
3078401
128062
145295
107039
122759
150092
171173
181960
242661
306784
318001
1360587
5714938
4882554
742375
194811
250119
7966298
5692654
1533807
155715
143109
3497015
7104641
2924346
160566
143783
136427
146527
163771
161136
193971
195330
198016
270504
1579551
4747326
3808631
164311
174575
487829
6308440
5041725
881113
143105
171439
6968502
5857790
1691899
127304
150338
145343
123172
136304
177655
200780
246499
250809
231611
4697117
7483509
3280776
149813
190876
977367
5042572
4445900
283847
166342
357470
7852478
5699890
1542476
123736
131986
132414
123685
155892
172040
249507
252552
269745
256668
3941972
7115317
2979962
140287
166804
425046
5233147
3891850
132900
173089
302661
7188698
4953592
764435
159373
163051
149519
195276
174664
184880
206344
222214
219990
618333
6655425
7142080
2952173
158156
155931
1654820
6131299
3030348
146873
130806
2139526
8815413
4664349
516274
137654
147933
124215
160892
165611
205502
231602
308148
315540
1270006
8059761
5628857
1401321
164669
141753
4628740
6239055
2073912
147094
141365
2143161
7156353
3004285
194739
150349
147628
136145
145603
181871
173037
218810
220844
203073
3307038
6881255
3859802
172984
182252
297910
2793920
5132558
1050029
159836
153185
6030571
6253873
2085096
148385
141966
129894
136121
158638
164877
205522
278076
272732
307159
4137135
5929752
2855847
172472
154637
1527112
7993441
3795729
173571
157183
596389
5443644
4777592
632346
159668
135360
136334
288453
204946
188708
227695
252904
229113
242501
5794240
6124768
1926608
146435
143051
3755323
7166047
2939682
161676
145330
2674821
7953232
3778779
131131
162135
150195
127955
122217
145353
201183
171722
277220
200223
1205980
5860794
5275379
1069064
179657
161046
6150692
6396037
2240594
156716
173324
1706137
9083017
4930054
794503
217913
193637
191247
139979
281099
189734
219556
194851
255480
2423883
7338386
4476424
358084
151539
373933
5977612
5359180
1217474
134481
153819
23723556
19501198
15337507
11159384
11045253
6896789
2727785
132536
135586
166516
217359
240640
250418
2598754
5627162
3614436
172623
172402
922495
3113672
4715897
553117
156386
216009
5218887
5766592
1595373
142764
166997
181778
114733
151410
191214
212163
290609
281956
248162
4338832
7040520
2889128
163865
159019
1669025
8113268
3934565
110320
150808
467334
6359894
4931960
773031
169543
172767
156874
152621
149370
195027
213234
309957
265886
757189
7921261
6753237
2581697
187838
147958
3898199
7123347
2963681
159608
158563
1934240
8065915
3912233
165648
162956
163108
162306
166981
170969
162011
185616
272690
254756
526188
4692884
5026797
869148
164569
173870
3770796
6191035
2051970
154569
144126
3741827
7145394
3008327
138266
128158
123773
131736
141473
139506
164940
201868
201372
231725
1659663
8168194
4556698
355957
192183
1005809
7847958
5972030
1744113
137685
203728
7053101
6725707
2536590
129619
213791
213622
161998
165874
154600
207432
275979
278264
210005
5978180
8224612
4076665
166809
158809
426553
6230778
5020434
840827
161382
126718
8358708
5880301
1687166
163883
159961
151963
135975
133825
162930
160008
150878
161430
175324
2011035
7204968
3046577
136044
131065
1208294
6949586
4263708
154944
151494
672968
7356958
5344407
1156715
148686
153435
145737
146356
151958
165663
169720
235951
216129
235603
5814453
6549165
2409936
144940
131381
2267852
7753080
3575594
135923
134825
2231679
7851176
4759012
576007
133193
137343
133536
127536
143386
156258
200578
232826
241904
342835
4049221
5835346
1744174
135156
177557
2768362
7082789
2922233
111932
141448
2006685
6952294
3880676
155387
170662
211885
170933
178706
199640
174977
235588
279323
273081
794923
5781983
5109695
928083
221465
156184
3674161
6139258
2014685
164371
149667
2040515
7174675
3032739
143842
139466
145041
121765
141216
153599
175416
178366
184591
255526
1547944
6816209
4447929
287960
174097
207047
6194196
5537144
1376455
120321
150765
4301432
6607554
2435605
142790
193699
135212
154206
154917
206393
182205
257603
240786
190914
1933463
8068129
3971371
125771
159246
354749
5364169
4976335
789805
142049
145868
3723842
5967805
1811465
122866
155799
134753
165596
139084
136936
146354
156930
205201
222446
7206869
7758042
3578650
165823
141855
1458845
6925017
4307119
191260
148658
538123
7748721
5437844
1271096
134587
165755
157794
166802
213924
187759
220243
311388
283137
517689
5463802
5974209
1819369
174112
150790
3067442
7001499
2828693
136905
123174
3652581
8225853
4041986
148590
146678
149237
143516
174732
171215
171752
193274
248614
312914
2330399
7833861
5976787
1764270
193767
185173
4890583
6113193
1940987
154845
164174
1571600
5612462
2768209
152393
149473
124698
124267
137640
158581
165941
194427
247027
258607
2089685
7746900
4387754
237955
126408
220786
3876450
5885454
1693041
128475
146753
2882039
6550356
2395335
165925
137268
175573
163286
159882
173931
201467
211122
264260
333409
3924094
6187528
3643651
315993
211467
190499
5296580
4955827
847998
147672
309172
5090223
5648094
1461648
256215
170580
199473
168927
159865
140238
173964
177791
283582
255305
4240478
6748036
2590575
160400
200199
2534259
7769201
3649684
147756
170713
1372666
6925499
4875416
687737
161005
131119
144722
118494
153105
173567
232737
284267
268888
450791
5614234
6438608
2316197
139707
132503
5210534
7128611
2964326
143608
163296
1609110
6320417
4606991
458051
155454
148282
142880
150004
149155
142797
175017
204098
309546
380401
5338999
5492519
1374663
159688
135531
5730214
6594907
2439320
176036
133400
2960521
5267251
3531816
152308
146707
189734
149550
151140
128741
150772
180303
237866
275810
1195592
5779305
5345478
1197411
141167
134871
4120729
6200744
2048916
127856
142026
1703078
6866523
3453165
133957
153628
166198
146756
147753
186651
211699
184678
190672
218649
3770714
6076778
4532131
420007
172798
294413
4677370
6412329
2246722
172644
179182
2910966
6531984
2374599
272374
139555
137244
147687
163371
187575
178304
296248
293029
318543
3590583
8002478
3799662
162821
137365
295354
6807151
4472053
297698
158642
269742
3840287
5476506
1301458
164440
157020
140577
163468
150769
171211
223531
268822
311047
273552
7229912
6768857
2615088
189447
163846
2349667
7411868
3408791
162629
166774
325530
4599136
4583525
397504
182779
128268
182297
161830
207860
186249
210879
198586
315659
785417
6960810
6167382
2016882
178013
148994
4502191
6962517
2811263
145712
177698
2576505
6146109
3907098
137280
139893
158370
134259
124559
138681
143876
286737
295648
241625
969716
7803219
5042525
867107
195996
159333
4866496
6193064
1978198
136600
137541
2855490
7140931
2962574
123388
166840
123565
126952
143077
145596
137978
213805
252143
273751
3159058
6592829
4287826
150774
170174
380671
3668503
5391357
1206573
153097
162791
4372576
6518665
2353650
156876
192400
145525
124165
179121
174954
251671
274960
289740
271368
1062240
5396154
3902895
175359
150052
897767
8593063
4382124
215370
161331
540177
6564653
5347067
1199022
156107
151319
159423
154199
130171
154248
206211
254410
262027
278517
3589159
6831662
2661779
134493
138509
1817324
7961750
3820273
152368
149218
1070815
9127519
4953782
795689
142418
128718
180413
141045
147896
155794
203079
303532
248317
244403
4777885
6197714
2002052
149859
170212
2342478
7432674
3258646
128903
147145
1645457
8016080
4106656
152385
178797
187410
200544
124747
183552
195286
247637
255585
307371
1925128
7792431
5233036
1018252
187372
149959
10214706
6335502
2117259
160321
134363
2948021
6927991
2758759
130705
177985
202610
144800
137883
152828
196972
220371
223577
195998
5088852
8870801
4670030
485273
182342
1251588
7060273
4958215
800429
210645
145216
5982803
5868133
1697212
166032
176425
137177
139055
149959
166773
181136
250108
206267
235343
1936809
7037026
2844805
130262
157015
1300350
7871084
3852713
145776
146000
451290
6829843
4964094
779809
124067
151685
134246
122935
124378
170678
229717
287072
289286
269443
5805120
5881767
1681763
159857
169814
2393424
7076589
2878741
150700
149679
2671561
6947737
3758376
133897
126962
731777
150151
149708
143703
164263
202925
204878
256099
2449491
8279448
4548500
379906
212715
308415
5518911
5756182
1588979
150580
127519
3353274
6587343
2414017
146582
150312
143113
171763
149742
192190
211488
242471
265739
273834
4291112
8185940
4009255
178187
161721
1175092
8003406
4807897
672187
159039
154986
1864578
5779215
1623062
152176
137446
184154
142625
186456
149782
228320
226724
294552
271945
3834918
7361987
3259304
147208
147683
1108240
8217177
4051877
161545
152560
169232
5840420
5086534
925761
140774
144781
207406
127386
141921
154938
223932
270044
238538
233053
2363585
6484996
2272740
148840
179181
1043711
7948057
3759449
151587
134192
616337
6577995
4706442
542488
150145
196334
184184
171492
130423
145686
181489
241277
240680
242299
7206195
5989195
1789086
133734
167492
5746607
7053844
2814759
144710
144290
2010917
6692229
3829297
132396
140240
143747
144718
146466
174181
162456
205975
243974
263136
475697
5535130
5935458
1724256
168875
173008
5105075
6561237
2398205
157536
222924
2660041
7626697
3447837
128101
143638
157672
136358
185693
186349
208314
163805
147511
179217
1812069
26016373
38659312
34467318
30316924
26154869
21971234
18419665
14253575
10059475
5894487
7281788
10354476
8677939
4508344
306554
147637
135678
140834
174443
225635
274105
308415
312111
8005615
8770231
4601329
419101
180164
483234
6294611
4707020
477304
140765
227142
4083922
5766104
1610188
159529
151432
159912
163616
158862
190604
170302
246752
293343
284333
4063927
6800128
2647289
145513
172967
3240433
7897963
3874591
146121
159611
1631259
8870476
4688179
539181
142282
147401
123835
165152
186191
179783
238027
259614
270304
549594
9638123
5874532
1690797
150368
151437
4357776
6809967
2584789
131089
142304
5070316
7654190
3462421
136223
144135
173353
150153
172880
147084
139673
204641
252548
230014
1325586
9057599
5240571
1074068
143538
178931
5579138
6365914
2212065
139619
144129
3704428
7396790
3229312
172948
122842
165605
128098
136257
161552
180895
174781
245409
260063
1854336
8984507
5186809
1056002
188068
223530
5290056
5769095
1609969
126196
168522
3058087
6517083
2980836
114539
142522
176713
152029
168189
158931
205430
283835
277190
255066
3230553
8033371
3899070
146366
162741
386274
7312152
5777918
1645602
174331
146605
2946893
6002960
1831579
145826
126218
131404
151663
176530
150284
142839
188264
162190
230255
4555241
7262289
3069964
162994
205501
2320662
7233815
4384066
169363
194985
454537
7183585
7874982
3729417
135898
146672
137136
126627
174309
164822
214324
207465
236571
213641
7900383
6849135
2711640
176297
162762
3692295
7519558
3334935
150891
141459
969695
8129041
4428077
261393
145600
159825
126750
164029
186651
166680
224647
291864
293441
527330
7848584
5794413
1639912
169639
159842
5709492
7031057
2849140
153233
166358
1896042
7785913
3804096
138068
141264
149402
116056
129960
152205
175949
202753
232437
245959
1579913
7424808
5307344
1118411
191223
150262
6254085
6389430
2200044
142270
149967
3042384
6959018
3161740
205105
141587
136044
130664
137353
146021
420288
220464
300309
279875
3099670
9111189
4991550
751449
172341
503176
9087321
5869418
1722815
144944
151850
4879417
6772646
2609641
163228
138921
114998
134815
128029
166356
166096
207591
267726
279445
5458239
8449195
4321574
183865
161704
389922
9306133
5146713
1004411
158857
151270
2815461
6106579
1943574
165580
143162
129995
115599
160900
168437
199097
235643
195905
199382
4804612
7880361
3725168
138070
135642
279956
7405467
5055812
867261
157575
285400
4644625
5668329
1512527
130060
151640
142402
167279
154122
182883
162648
220364
284455
253942
5602793
7010945
2854883
145550
144802
1999434
7924915
3739591
144863
167327
846675
5784695
4784556
639546
148513
140356
135716
156587
167723
189896
234954
248614
258973
242692
4266480
6118931
1949596
191786
157744
1465150
5230525
3017225
144147
177654
2406527
6982008
4019185
139267
176103
170281
174231
127901
129563
151507
221009
228772
257629
336142
5088737
5492840
1335290
162717
150646
3959229
6480829
2326947
135613
151134
1473844
7108449
3340793
122736
147975
138752
174140
135251
152999
155628
239250
259275
268021
2236782
8124082
4581922
385546
150544
136378
5389412
5961572
1799551
143228
156152
2430576
7063804
2934546
141360
137162
136815
114123
155989
170761
160945
183452
160001
206555
4707120
8954809
4773816
643784
271407
1068570
5794830
5619613
1432635
143858
192333
3639869
6477576
2308968
170144
146060
120101
127550
159717
140903
225989
203176
293641
306547
4414224
8929192
4788545
614827
168349
1231574
7776580
5236488
1069579
160111
198086
4141232
6171373
2024291
133645
128658
129921
176271
120837
119893
180370
215940
181428
297391
3227929
7244520
3398055
148275
146515
1094608
7660324
4361976
175444
134000
254687
4297689
5570130
1419137
125829
156397
200968
188903
131762
177711
226282
275794
262032
263442
3211900
6377475
2825088
147554
148617
1170971
6677708
3692204
147220
151652
144168
3490504
5429059
1278025
149031
164954
133155
126526
172633
142948
272316
260214
271926
255739
3817380
6662993
2521913
168763
132761
1817890
7146589
3122013
171894
145184
1594760
7033289
4704234
547903
186446
136891
159304
159481
138937
198243
238090
263921
278809
200002
2484131
5187961
1240817
146307
124614
1899856
6351432
2164835
132073
137800
1802888
7399849
3214362
158858
168142
169796
184807
164347
142405
184413
171644
210289
243152
1104190
4440307
5440789
1292941
140480
148946
2099616
5379056
1900805
153950
151158
3652229
7009136
2845788
145997
141354
147397
204977
243769
175559
173228
246649
213026
189996
1616855
5536435
3599283
147604
146682
196246
5317035
5012377
852497
119313
156598
5989120
6007497
1860351
142350
144419
133580
151567
126891
150494
188739
152672
192995
187454
2481389
6335278
3219793
178662
170679
759757
7589701
4391141
248816
166353
1127942
4824719
5932458
1796448
134399
137471
131562
123163
144153
139658
217776
229365
227000
224631
3843922
6704881
2727419
147098
181242
2229976
7578518
3722203
136143
198457
1952869
6844375
5188117
1052249
155677
148482
121866
138869
141076
131123
188672
207677
209716
179797
2460925
6418529
2204224
145875
133500
2286800
4967628
3262802
156939
119118
507003
5551570
4303042
141071
143317
116827
118045
141535
146140
159684
205074
221165
287209
1145545
8252139
5916234
1719783
167823
168015
3494992
6738303
2533771
133742
163773
1712329
6222483
3439669
140210
155170
184220
172652
136021
124218
172848
190855
260137
286933
2211856
9231328
5082321
884954
172070
151251
4183546
6064635
1889150
148297
135609
3199427
7043881
2864828
187399
154183
165520
163144
178102
200037
179191
228108
310605
290885
4878729
7739231
4161961
181171
163490
1071050
8012601
5205335
1064631
149994
158724
3912710
6253261
2106404
143225
145877
133579
171210
190538
217285
195956
210142
244026
255611
3071104
7816388
3699685
154564
131232
1567137
8773211
4753314
598100
170229
708367
6384562
5622493
1463970
141647
135789
132112
133250
121194
146801
158301
265594
220688
263642
4616550
7208433
3001838
130055
170947
1900633
5883196
3890866
141840
139884
1210352
7872933
4992249
846459
134470
147658
128558
143624
144884
134578
199114
224790
239682
264425
8891453
6727906
2580815
160477
169681
4271410
7402182
3206111
160932
143744
2540751
6874637
4270889
128687
121991
132657
193757
156302
147827
128502
210689
279892
296886
1396168
5609456
5953819
1811784
159600
170866
3858894
6771249
2621971
129432
152004
2092243
7503132
3547575
146285
261946
149412
131515
135030
147385
152968
222621
206722
274656
1018829
5302956
5122125
932344
148047
147329
4960850
6285576
2100971
134284
309162
3591080
7282938
3063468
131362
150749
129620
121346
148404
154122
141416
238048
295560
222231
2432173
6175981
5491711
1377022
147095
454892
5654254
5910123
1749709
130056
186212
3914963
6856222
2691901
143762
146806
153859
137508
182848
159784
190107
226213
259822
291372
5566797
8265654
4523135
350116
150602
356189
6911702
5415922
1233780
158059
143234
3352972
6505264
2368164
135106
134275
137500
142411
140874
146374
178478
280413
276732
268613
4169107
8684248
4500847
373023
137416
162696
3666788
5699299
1525978
138505
383952
4022314
6003858
1798170
181967
144416
144987
181575
142439
164545
229783
253377
258244
252161
4870704
7162047
3045094
173302
158271
1630010
7960128
4353293
212621
146119
261752
27905291
23729616
19559544
15342440
11143298
6927637
2732964
134218
109185
167032
278207
268861
252154
5485580
6019981
1835011
144567
117100
2519007
7336371
3278078
138990
126328
1339020
6826631
4390919
236010
140157
146556
123442
124975
130350
159735
177575
173005
145161
223964
6422230
5701996
1536416
132653
142274
3116407
6939817
2816292
125028
133666
440073
6133950
4470879
320673
138298
151113
127646
152127
132180
167510
183482
231841
276036
319931
5829060
5424279
1289311
152181
159703
4216187
6677249
2546881
142998
144275
2264069
7762191
3910041
142844
197956
150161
198160
197036
160185
181332
188721
229888
264659
3721748
9069299
4904801
797843
157301
152715
1671441
5953911
1787984
126443
151644
2622868
7110696
2929811
140438
161281
127036
154024
151688
140279
163618
230854
316114
343544
4642868
9190415
5005706
823324
183608
390159
3260419
5507150
1349581
156020
153229
3635505
7218377
3069381
135583
154719
127394
162117
144435
152826
184463
200750
259593
303575
3107763
7551080
4034319
184457
175240
423994
5718422
5052097
872323
181800
167200
4069904
6122547
1945135
141400
175401
166373
195653
238445
194201
217228
234032
326305
233070
6417084
7870508
3745063
162250
183095
1097464
6594132
4433752
342817
144984
434801
3242870
5710072
1535083
166436
151700
149453
165550
163213
156181
234677
252519
344727
290136
5653452
6970882
2820185
147133
145573
2020502
7998322
3939359
154136
154891
1111125
5892313
4826521
619099
170513
131008
119227
166852
125642
139521
203632
189608
204326
185574
3521343
6374025
2198040
157766
140993
2495495
7273886
3244112
129624
118444
1093817
6576577
4240138
138225
130178
161253
148706
189412
156058
171210
183544
179595
170333
385055
4717580
5692488
1503672
163421
145270
3239049
6711087
2538442
160390
179888
1311918
5469973
3676855
145400
155022
138747
145754
144467
140897
169259
237845
236019
255503
1282210
6472443
5088102
936417
153064
141229
3138709
6228312
2053863
126793
126995
1559911
5546197
2935586
118302
157612
223828
194687
140419
119538
169127
246040
244964
257795
1708637
7428008
4255065
139524
155661
241144
4625571
5507759
1361148
129849
197339
3759920
6446612
2367089
143863
150333
131230
113289
148709
169342
196294
258155
264271
281852
3666692
7973048
3766393
182489
152380
294672
5525480
4879019
717093
140666
144154
4416100
5845699
1675481
144590
145016
127806
172396
147446
163785
168742
246483
276708
285785
2160607
6021604
2592142
132850
133242
1901394
4047004
3574430
142283
152915
1162534
6766750
4511036
297139
193651
148365
140546
130257
129171
148652
146371
208772
205372
899854
6599673
6094316
1959018
165240
141574
4241022
7184214
2996847
152961
139401
3519779
8044577
3882069
137441
162267
134908
214047
167838
137799
163573
195702
265286
254059
1072858
7957473
5568641
1447579
155816
152756
5693169
6475457
2298249
152230
135896
3095058
7426954
3252270
132475
170383
141649
165508
111876
137847
128779
180199
221371
184670
2113260
8640139
4971557
833408
175168
143993
6437508
6053503
1847021
143586
240321
4463615
7186223
3030203
151780
136722
145461
180157
173105
163804
155660
185117
185092
211263
2459406
8413460
4240822
151404
148076
442306
6810397
5508822
1360710
123034
138759
3126528
6507259
2328244
164113
131845
186542
137721
156677
165027
216513
228777
266704
317074
4055164
7967628
3805182
155282
140351
1974741
7658623
4906220
756945
161911
130795
4807643
5843566
1660077
133472
166278
117861
110264
143279
202562
243254
262912
205768
223620
8269704
7926857
3706602
134223
149481
1648185
6408459
4077160
140515
167877
1743814
6267232
5613651
1438186
144500
140698
178313
174084
176842
182947
242845
293260
304510
237510
8059024
6284960
2129989
144736
141929
2443729
7397645
3440349
132497
135599
1145836
7329380
4335601
121072
127223
149849
131149
131972
138605
154673
182412
219007
212633
501580
6001468
5859533
1677622
144186
159212
4713747
6429676
2270269
159112
185315
3710541
7814984
3667431
140340
182379
188427
144298
141049
136602
144033
170062
202830
239459
2865594
9019769
4850855
690833
177032
142231
6868531
5840448
1647760
144702
154721
1816509
6895010
2737760
145412
160164
136580
147317
161002
169697
183877
185016
212551
308361
4837740
8539146
4784274
663689
138413
1744684
7743036
5309900
681635
169127
364380
7874413
5816274
1652834
176771
150258
141054
125807
147893
158892
177169
294164
302864
335433
7152673
7947009
3762437
170826
147734
207828
5671994
4298075
176276
191621
973738
8494910
5119444
985008
139379
175675
129607
130603
151230
161340
206507
243520
274427
263645
10440417
6277034
2101655
138563
163701
3801994
7482097
3355644
143526
150655
2117745
9212480
5048801
903073
129858
125378
124462
115096
137125
144686
249434
255853
243004
414153
8913230
6326213
2152475
151164
151222
8458384
7777345
3633388
142146
160286
6151572
8445614
4333248
189348
129309
157129
127806
120135
149642
143272
219771
248350
224139
2516508
11003768
6854071
2709664
158282
175877
6324915
6953577
2805155
138633
146372
2474911
7985688
3840880
137472
145480
140026
138574
135789
180893
157417
181558
252974
294203
1436489
9853108
5783229
1606142
159747
208415
5854656
6716963
2544510
152370
158011
5161911
7642713
3484394
118713
131180
185616
191076
135995
127688
149198
156805
182539
272209
2376228
9249288
5079913
958465
160741
155094
4976503
6104740
1961334
120271
145487
3801945
7161642
3003516
130819
117351
144512
123257
139632
149323
156379
164809
280303
284566
1934415
8772400
4596824
484012
130868
186258
6771945
5837996
1682910
144636
148051
4211894
7064122
2889253
129232
155774
123149
141155
132418
138809
167141
294199
228723
188455
4602729
6659532
4480904
312519
151221
163675
3898147
5587031
1394956
124710
161423
3104940
6393098
2229752
145269
139391
150363
143905
147452
164413
188270
281056
210566
185756
4641172
8228292
3990465
176947
199665
835887
7702379
4871266
702822
174903
540808
2160128
5750537
1597350
124621
150119
140344
168192
163211
156195
185556
256556
262786
194928
5520470
7025966
2873922
139886
145999
2067515
8133151
3955358
172680
192943
935345
6524017
5250721
1102741
174414
213511
165649
165029
174338
187671
247334
324232
275181
848441
3645880
6508076
2408405
155811
159131
3341818
5666260
3079600
138414
156681
1767367
7662347
4334294
191789
162768
150414
183377
127684
131374
188916
191577
241801
267253
665767
5400600
5570173
1411457
136141
181359
2520801
6852638
2713698
148984
124640
2586516
7613032
3430958
119688
136096
132145
127233
129008
150649
175709
266742
293813
257511
1366936
6133729
4853152
766882
169088
148711
5718918
5921476
1751700
135879
135331
2478421
6774924
2895498
143210
149409
148493
147939
156067
123432
131024
163408
223490
281662
3329335
6762532
4354506
180710
204389
188129
4886173
5467041
1285741
196832
164623
3227266
4945170
2105178
260533
163135
138608
133577
162657
167122
229120
250371
278877
272579
3272264
7644026
3459986
162389
159496
1419866
5896457
4478531
289085
159762
494382
3017472
5487513
1271977
143761
179266
192169
123211
131939
177176
217987
226517
264543
266173
2843973
4713296
2332045
153684
208053
3447299
6902579
3336526
132542
131626
884863
6019295
4329750
145640
130051
184078
158498
127729
158930
170876
208354
303558
241551
576103
5096517
5668669
1494900
168013
180482
34321593
50482262
46292353
42454944
38250799
34089652
29930497
25769979
21558628
17422080
13260276
9089427
4911828
735823
168898
170487
205379
268702
1253194
5664221
4921675
772200
136017
136072
5143190
5971699
1815017
120963
139351
3256479
7056085
2887020
168602
147605
176549
136542
154714
147051
170671
181985
184965
186995
2064971
5316607
4170509
160632
163602
376247
6070841
5274099
1149583
166358
186746
3822400
6205497
2227164
146770
182919
132343
120491
132799
160462
188441
222515
255625
221418
2894656
3652845
3350454
157111
165954
2454706
8529749
4397102
256540
151231
213593
4974296
5496949
1343175
151365
145928
146191
151964
153851
135042
175866
201429
223021
215664
2377734
4316358
2671995
163224
136148
2134554
7994889
3840060
176958
134112
508934
5895983
4968066
773751
137357
148443
176335
131142
158874
156209
240544
244957
286261
266339
5235974
6160595
1988338
136374
165119
1570568
5974106
3571259
135365
143383
986349
5180042
4362417
210475
137578
139288
134096
132726
138653
179091
234364
229759
253993
696331
6684867
5619888
1477891
148926
149432
3451497
6777533
2599530
141524
135283
1806172
6320788
3754069
125831
137672
131361
125139
132719
126619
153701
214266
196908
240610
1089134
5958182
4877706
758616
156729
160131
3691710
6077307
1925761
127021
139815
2991637
7165421
3002841
141044
156617
133254
159715
164261
165739
160562
210070
227998
290853
2464530
7873190
4359981
208000
130517
260090
4899603
5673866
1523840
161980
128893
3930919
7022883
2870119
128887
135996
144853
157598
142812
125361
130899
179647
242476
231038
4355004
7849460
3685953
138240
135267
446572
6449881
4723152
573695
130091
145964
5604590
5801372
1642118
130166
145847
125922
166174
143703
168631
164997
191030
187594
140289
3263405
7338828
3165820
156242
165582
308301
4635371
4432571
249307
137190
970205
5187434
5378113
1223163
131404
136906
145813
121004
154814
157372
221963
255984
240838
239509
4922258
6621770
2457968
136897
149302
2759432
7735116
3560822
148996
174300
546197
5814392
4861626
701306
135052
153668
132880
118492
156500
179107
189172
247552
242976
246934
4258071
6120077
1962141
163386
135126
2041263
7007692
3068075
160776
162395
1674609
7083865
4034581
153039
136205
177264
138517
143238
143801
197432
232012
268825
315046
1835821
5635042
6333805
2179736
218969
166989
3451270
6638221
2476607
187009
136479
464691
7168402
3767205
140338
201766
191470
197152
143752
165056
182647
216306
299267
273342
1410604
5980709
4899524
642615
181888
330363
3879691
6395988
2173915
134935
171078
3684178
6814718
2616294
141446
130275
135646
147100
160098
168624
159956
216289
271277
242512
209351
5358362
4632905
472347
130199
390375
3933394
5146055
1013640
158945
129851
8197076
6459897
2303814
128063
122974
122602
118085
116071
149182
165035
205742
180433
222495
3668293
7782286
3628912
164099
159506
186414
6423887
4822565
623245
174451
407949
8399603
5736392
1572208
161577
177931
196552
197873
148632
128639
185261
169582
166706
165201
4043013
6891327
2776198
162492
136356
1387183
6689461
4074989
159802
140574
572433
7954767
5107763
915203
138718
176086
149738
129391
159123
186637
252901
245778
309812
313318
5505033
6706482
2578788
159162
161546
2281240
6847248
3457163
140600
147909
2189832
5248213
4365576
214739
152111
129534
134390
121752
132626
181187
188855
217715
256920
325043
5729088
6394205
2246497
165991
133391
2548875
7284048
3088475
177094
151134
607142
4982145
4124852
134738
142146
225364
174639
200819
179076
184047
268853
234922
195072
1413659
3410405
5355890
1200096
180431
159571
4721667
6588544
2426667
159779
124262
2858576
7483464
3334882
147798
154120
129622
123080
149114
126390
154399
182676
253677
212994
1960098
6232869
4984528
866661
182058
153080
3310864
6114311
1961709
132481
145812
2542652
7046192
2916239
160986
185794
132075
119787
234649
192125
201012
220152
268656
290408
3477246
7086313
4510408
387431
160019
398715
5439934
5344675
1173159
173045
151965
2586320
6530459
2356330
156153
299903
207899
187483
139935
152043
172867
239753
272971
263042
2078084
7245766
3414022
166813
172909
871155
6321725
4646258
497608
136921
201076
3702246
5884072
1712656
165322
142381
141275
143225
120692
190450
225316
265913
285775
208501
4141925
6734810
2629221
161896
150208
1925267
7418499
3740436
168391
167352
887233
6825832
4615527
441071
130577
146662
215125
152482
157461
162173
216459
264325
259241
289251
4572746
6230296
2083827
152681
144116
3365631
6890929
2969772
186801
144945
1940455
8154450
4035239
123688
159687
178543
179670
192609
151691
162537
255803
257525
282622
1118407
8348753
5482195
1336494
174903
125790
5372428
6761711
2593058
119312
134828
2564334
7360381
3828392
134926
150464
187539
180025
176028
139120
186164
250233
248925
236115
1238081
5847761
5018018
895888
147338
159963
4473669
6096754
1927191
194633
152734
3409881
7122174
2957519
137216
142910
117726
106994
141868
147919
130077
168058
190309
250264
1475644
8488090
4758629
628793
160272
600248
5677691
5505175
1302823
166324
146771
7314469
6649400
2507801
141183
126902
141398
143280
138632
137300
188228
207421
207201
223001
3917699
7806661
3636511
135023
146877
862145
7665246
4730569
594792
129116
236834
5669568
5876819
1663969
164502
168833
188485
142002
152119
137471
214709
275484
313954
276039
5365872
7036589
2891982
177279
146666
1279359
7059521
3880691
146076
158191
1083623
8655716
5057634
885632
126076
145829
151965
123716
135999
160200
171369
235663
307100
306936
3948954
4756214
2279894
153180
137908
2100011
6059509
3481505
174618
144863
1462428
6011486
4313527
158963
132856
132796
129036
141769
144593
186083
214546
246571
294325
385958
4200435
5945111
1791572
188278
152129
4183745
7116842
2951307
146707
143501
2427755
7701032
3882498
126389
163176
179425
189411
179148
151902
176830
197451
195987
187916
308524
6766703
5467744
1321664
149711
156005
11450296
7273771
3094412
125185
127216
1824689
7449709
3454874
143823
124534
277568
143898
156542
145553
155819
184166
202550
255443
2438651
7880735
5236298
1098596
156954
181155
7750586
6101429
1930904
126678
112115
2681633
7233431
3057992
152125
163078
173175
162381
195640
173114
172719
204703
237619
288853
1253451
5067069
4212593
146643
160573
684590
6916497
5189419
1053745
171050
143871
4001239
6365622
2179870
181140
294489
161430
156892
150448
154098
236971
252380
271490
316306
3654512
7512096
3541999
133888
126716
827839
7172873
4497204
309988
163424
989016
8182411
5598566
1445327
140297
126688
139277
157783
136283
156090
171281
193787
240771
228606
5563148
7653622
3488715
168151
165095
3135374
8321665
4137136
159443
177234
513420
8643049
5041125
823470
166300
156828
173959
195264
164991
185369
197322
262284
306713
295453
7640202
6178611
1987296
162750
168751
4536409
7150646
2978415
154790
148825
1799464
8099704
3933972
155224
131909
132876
157729
166530
133055
155230
214260
216874
267983
2819021
10995442
6825202
2639873
156034
153883
4700463
6720848
2533667
175497
137053
329060
4875059
4065105
150926
170113
175162
161077
161392
140713
145499
238698
274213
288568
2298429
10402006
6536257
2397777
151787
160229
6574883
6649556
2460037
167200
149835
3864199
7096319
2943950
148424
141697
139217
139912
158626
174299
156087
170978
233067
282068
1726203
41038597
36875122
32717158
28543052
24378928
20202241
22309728
18432657
14283870
10122047
13508053
16188650
12016485
7861980
3670085
119429
107846
158081
179532
235358
264127
247256
255510
3252985
7735918
3529755
164406
173689
773663
7192495
4676816
477698
176246
164409
3297235
5823826
1676822
155622
139374
141059
172610
167517
167450
228335
199865
268830
248687
4579482
6883187
2716136
148881
174926
2325213
7990631
4046839
154255
158029
762004
5395464
6872564
2704249
145522
148744
179203
137290
140862
183754
143647
199028
206312
196671
4370458
6320274
2186046
173848
155453
6523531
7459449
3320696
127203
153419
1196920
3606190
4237075
146076
160682
150065
134026
135299
147820
172927
194273
229578
173513
345774
5197495
5529336
1408200
171840
180677
4730366
6754710
2629120
142783
158272
3375066
7738778
3594760
148663
181439
143749
144539
145347
115622
200595
208796
236250
238520
1002992
4316798
5036335
880836
256631
134988
3545212
6080874
1912191
146120
129785
2790197
7218763
3038873
127772
171653
127473
130836
149813
111640
168348
197596
194203
168450
2591896
8454171
4266349
153177
163528
313956
5347185
5491577
1328763
130530
162380
5817321
6498794
2346560
136154
126521
152717
131551
140849
178270
187621
233658
311356
278452
4573074
8893171
4758863
610877
203667
1436969
7386898
5351548
1176605
165270
123699
4081943
6069765
1904565
139448
165089
206176
194198
148277
162428
163125
242735
251549
270737
4561179
7473433
3302238
168885
164565
1624307
7860094
4298348
148087
194371
373597
4295193
5397316
1236675
156356
144664
205469
221279
184027
175188
208676
288057
264093
270433
4172454
6837636
2660791
275792
192655
1778466
6035362
3798492
148071
132963
421662
7300144
4715931
560353
133136
161953
126165
131032
122792
142128
161013
171551
177061
187645
6106104
6151711
1934134
148040
152469
3435874
6778595
3361573
192792
128254
2359698
8283719
4144567
125553
150789
147580
140806
133131
159051
157591
181134
300069
237256
1926552
5494363
5583725
1401818
142560
178901
3857778
6710803
2549435
160406
151586
2806717
7734054
3613101
131800
192440
195999
192696
199284
144464
199041
228212
218002
194606
1765222
7504397
4875830
745118
155960
180381
5568867
5972003
1811716
209027
152163
4682127
6755386
2601941
142560
143077
141630
140305
166464
195819
225211
252540
263778
300405
4708335
8491046
4337561
197862
184582
1323583
9127859
4959797
805627
155286
148263
10125242
6174945
2020221
142864
134184
161180
171229
168901
138041
224467
239042
250058
240228
5981470
7501921
3343512
171486
113893
2550822
9199317
5062383
887055
116644
274379
6340053
5708129
1546944
139284
113388
124064
127186
179241
194608
170163
224990
215265
250787
7888587
7608828
3435829
148016
143059
4793723
8204854
4047268
127582
158075
1290810
9361471
5148950
1002079
127720
137226
115864
113000
130524
129761
129300
260071
285642
292425
8996252
6738907
2560133
152885
163095
4841404
7653714
3498053
142189
133338
3264120
8538563
4385827
220596
136397
130375
116129
109359
169585
181295
160368
244376
273446
5364625
10354072
6361928
2197282
136969
132565
2740204
7146778
3053369
125209
140749
2336848
8328395
4177525
144743
144690
134115
128325
136696
173295
166507
233128
224704
235034
681140
9762985
5606997
1455312
157026
154559
6764103
6969165
2822839
120837
162873
3740969
7879897
3724065
123271
122727
175242
170494
120922
140677
146144
178414
268701
259383
1206851
9354260
5198466
1022788
129747
128628
8379574
6422195
2260581
134257
114660
2325176
7532741
3389568
129866
156630
133500
128702
147006
107608
159714
142117
177443
207644
3370324
8926538
4791974
652594
158744
203031
9886150
5759985
1625946
151641
176218
5789921
6962139
2815708
151706
147161
131397
143593
155657
141075
155325
298219
303099
308916
4510269
9277058
5122046
933218
158009
452211
8190870
5756525
1598220
162228
154993
9207151
6923111
2774884
154720
129962
139238
119972
221762
176413
188457
210872
222566
290709
5735846
7842158
3690077
147007
163139
1941017
9338253
5140022
1014014
132124
129804
7972382
6048822
1878709
122348
124632
158699
198234
196658
191957
235768
275538
268069
283422
5511577
7216570
3087540
131034
148781
2124226
8474451
4295353
145905
136544
1253096
9555480
5371759
1195995
128538
142069
147448
118764
131206
138029
190184
261254
244522
224148
8112632
6823863
2686984
150495
138327
3524283
7708683
3507010
169870
173710
2245891
7655566
4783991
612223
258568
150219
168965
141612
146192
125009
229165
232551
238785
216106
8124792
6165709
2058659
126409
140939
3871755
7336115
3129849
137302
147300
2338663
8903910
4757002
633439
113633
137847
140055
130574
152693
180036
253284
215813
202393
496090
4846506
5850870
1708485
144494
130120
2244658
7050415
2890560
130951
113753
2263553
9112859
4911938
865990
156715
147525
143798
137935
140683
149784
151641
266538
295815
865791
9983624
5799498
1684008
143303
150711
4716483
6553553
2386670
128684
128493
5095687
7543089
3378971
145976
151436
162853
159248
142131
111593
145665
169687
157742
230881
1209418
7158836
4779484
629706
155464
169051
5226660
6058918
1898946
138946
146503
5162626
7211758
3033734
125484
152747
186600
139272
138487
148074
136506
210201
245414
282600
2425621
7464974
4228310
135058
122264
475381
5695041
5339232
1181434
135455
163278
4253523
6470733
2335743
145961
122161
129387
133511
154782
180520
208312
235351
250412
250109
6682064
7830209
3697062
142630
160618
382391
7850922
4883771
723534
145011
274297
6385851
5818391
1645227
134914
149416
196217
165626
190056
199900
199894
193398
204640
227690
4284581
6111532
3178692
163706
141133
2283630
5726776
4105421
142444
157336
593308
6038613
5281683
1092625
159476
131969
166830
175148
155322
164930
168692
196274
233307
211991
2898164
6381197
2436659
131829
157378
2236752
7716637
3566116
154453
126611
2631674
8733152
4532337
375555
119335
171906
171078
182566
133535
152669
222940
264874
253795
478274
5686208
5586918
1429459
124327
140680
2607752
6918767
2805239
150452
175197
1736459
5557651
3707838
124393
225801
139218
171258
132706
144844
166972
208163
209845
242280
1228369
6371780
4972947
795234
186994
158624
4727528
6140479
1987579
161769
141370
2949479
5673151
2924338
173140
178746
173274
142606
160385
128007
169144
203050
216529
207802
2042024
6454499
4715437
586442
147091
358876
5056090
5335762
1174821
152476
149578
3362804
6601213
2475876
132841
125294
124951
116729
113874
136090
217482
249146
266789
312567
4402308
8070572
3901033
141539
151268
1067460
7632612
5142852
994983
150405
332676
6024115
5697262
1550274
174661
140821
188480
212990
146708
171437
184495
295336
313902
319355
2974899
7616748
3457157
144751
145795
987440
6622420
4228001
154618
157483
387701
7120816
5763670
1582580
152388
170419
141196
125270
143105
153510
180347
234841
231703
258980
3207113
6527662
2651389
151502
154865
1702971
7401204
3648978
121773
140478
255390
5858632
4912338
729456
119678
158671
129460
185358
160628
152044
187817
213268
260728
258215
5891177
6057940
1914201
143110
150381
3684412
7440512
3252224
135001
156951
1537485
6945839
4646470
438751
150907
131893
149514
143496
150982
142916
146522
205454
300420
4399986
9858442
5916505
1747886
160895
157014
4946039
6499871
2345876
136211
169005
25813656
31835485
27680401
23484915
19333409
15154802
10949162
6758424
2563110
165895
155296
238936
269549
2297378
6051740
4575142
275517
167032
336832
6215991
5408579
1212038
134009
147289
565959
4053503
2537703
135302
131412
150025
121745
129107
147795
158278
194342
257260
273942
661686
4485041
3918878
148427
157461
627644
4680963
5222196
1042368
141789
215822
3626937
5908245
1762699
140595
159107
155884
122399
144992
166024
195015
207954
243707
238434
1909231
6146998
3051492
170393
183383
1357594
6353326
4349370
172347
176294
295988
3458282
5325420
1153254
132850
130532
191336
142296
166692
140827
185749
172382
139832
140457
3350386
6590607
2408791
135949
147107
2046150
7500464
3663151
147149
149434
1189937
7248987
4708631
536883
133644
133676
161798
110586
119497
150103
242199
254612
226507
221119
5683206
6075012
1923644
140257
117672
2729994
7281085
3127392
127509
134070
584511
4829351
4221167
123433
157560
125408
134414
129427
139372
159176
185974
181681
168676
1181177
7821628
5611999
1439405
127034
140399
3700920
6956823
2769504
134667
142908
3197264
8005191
3860022
391404
171076
148628
120929
151912
142206
140690
151289
191241
186566
616157
3941970
5426328
1194098
239610
152050
2659135
6974588
2776478
171172
140061
2897971
5337548
3338095
150811
156590
170575
174295
151330
183049
208896
195706
224417
235554
2121341
7707571
4678979
541623
216920
417215
7571584
5649091
1459655
126443
127633
3514388
7002800
2829298
137598
154666
174817
167685
144937
137103
230289
261155
281433
271026
3534530
7934603
3743284
124381
152523
1025484
8586353
4869069
678441
144370
299903
5134968
5864788
1718478
152778
187957
132769
144383
170841
177388
215447
238110
270890
241650
6723961
7047619
2870374
158516
168888
4292934
8226626
4060066
180345
141433
783231
6507695
5403178
1248946
155751
160495
139078
156652
152352
159099
159908
231371
324498
340508
7252257
6928012
2777639
147029
148168
3144286
7493535
3332512
153960
165420
1612737
6804089
4341796
192300
148323
178519
150985
174818
192760
113135
133004
128631
149640
277203
5546184
5800076
1643297
163603
151667
4594490
6985613
2813702
122345
143712
2006798
7095020
3862633
141286
165598
154342
117495
118167
140448
185386
195127
240455
221104
935698
7601414
4627683
492050
142174
162488
4593895
5876296
1716300
159144
169792
3056169
7064460
2902450
119924
139602
173628
139794
139056
137494
135991
132611
177524
250074
2614365
8361838
4188809
143227
143545
444157
5855595
5547826
1431217
142830
159747
3207100
6455119
2256136
152324
165752
169001
149331
148646
121214
161742
302486
315716
265923
3015120
7958720
3778432
165913
139754
893677
6531580
4953838
776623
160601
175320
3141806
5171229
1680358
152209
151042
171375
140015
134450
133196
197225
198168
259631
253999
5946254
6947242
2828104
127372
160151
1832370
7524786
4018536
155623
152697
584616
6271335
4966407
815581
165723
129388
130858
159368
137160
153300
182298
204580
260635
228954
7329488
7086831
2932823
175575
149702
3016628
7371182
3203287
181754
138827
1553238
6687090
4799912
631582
136377
146677
146088
156657
195235
171439
211615
231588
217106
408952
6956282
5693709
1545383
164047
191651
1436412
6232867
2968404
135920
132127
1542595
7527839
3821894
123149
132702
164444
197883
124288
133480
160345
165113
200139
282663
1350711
7923748
5229587
1100167
137318
145705
2879998
6435542
2287193
135488
127833
3077979
7624976
3448382
138927
171374
156594
143027
134253
184299
187606
190281
242756
282320
2717075
7839026
4944748
789444
163425
139750
5179920
5804662
1655660
136027
163627
3247036
6149466
2639756
150067
157964
153654
151124
152406
134878
210221
185738
203460
328296
4423716
8007870
3831388
142877
150252
585922
5034766
4883771
729955
145396
129358
4873203
5996876
1836742
145506
155394
137377
138180
149664
156629
166328
199324
235249
207201
4266703
7284108
3099353
168027
162085
1068740
5796436
4208526
129772
162107
387403
3782274
5267948
1109895
144336
144199
143977
128610
156522
173236
205249
210758
264993
264421
6483229
7039202
2910504
167690
138780
1148188
6694386
3863051
141067
148532
797630
7282734
5010748
846579
157201
131071
199394
113135
211911
153916
186831
220463
176294
175440
6131356
6552681
2387506
176130
150202
3284247
7786949
3611195
132054
141661
1101254
5975774
4640332
474598
140178
142127
132353
150301
141620
132891
243490
270912
258410
342056
10211986
6277822
2127281
168840
151499
5312392
7381400
3252365
152524
135349
1995407
6672651
3723757
127414
140883
123339
124816
121884
132894
140863
160479
266038
262561
508885
6450470
5432489
1246919
123585
175726
7113160
6494203
2308127
139208
152528
2621524
7481994
3326339
122603
265060
189681
174329
164017
151822
169490
205468
261465
271522
2374025
8907760
4762106
580712
122263
134870
6566138
5844522
1652280
130283
149593
2323341
6889789
2722245
139143
125919
126393
134762
147461
150622
166695
205547
245191
251050
205531
4630686
5283802
1147815
127346
321423
4458219
5244209
1068401
138042
123565
3336221
6205190
2052654
151212
184863
169439
128807
128032
140450
201351
257772
197567
227039
3440232
7516390
3389652
149995
142383
426518
4050022
4661999
516540
127823
121005
4577987
5577876
1425036
139314
114891
120733
163964
167000
176228
182657
217993
221510
239496
2669236
6908846
3219049
125429
137941
1574313
8497868
4344179
159326
171727
495963
3851289
5565902
1392137
128706
142488
125886
132831
141015
195197
207445
306189
285278
280942
4021817
6770177
2610772
164876
150105
3092822
8056962
3897053
154679
143911
605017
3672340
4801951
648279
158839
149736
141893
132954
123959
154467
248123
248586
237375
232252
3511080
6067399
1916296
164656
153933
3231316
7294127
3139243
222712
126586
1938807
7480018
4484135
331943
153825
140955
134320
135845
133724
173840
188442
333144
240047
584594
1888259
4860982
1497994
173407
150624
4456910
6522173
2358560
131622
143337
1228523
2761784
3383928
139889
144701
164149
195502
147298
159728
160294
235868
240000
256369
304309
4277061
4598822
438006
170700
308480
6392253
5751554
1598753
147624
159942
2573176
6588412
2492581
142618
133671
164195
127467
153835
149976
190532
219306
226915
198107
3252784
6329012
3492482
139818
144720
1024046
8790990
4631577
447894
156893
636280
5581040
5682598
1487822
144138
155377
123935
142429
143302
140534
201532
245928
226326
257381
4138521
6672940
2493361
146549
135321
2978032
7839571
3640314
115321
152245
1818083
6498932
4727997
568098
130376
139027
121769
117184
130968
149234
227996
265149
290122
282800
6889576
6547305
2387856
169513
157879
4055558
7254478
3066567
133841
179097
3203853
8194266
4015031
183506
183518
147358
135634
130435
155164
130547
220120
244608
276029
246831
4373441
5111352
980651
175746
135668
5511563
6710398
2764775
148731
146555
4629525
7149477
2993204
142189
155049
120649
117738
158428
140815
184481
189823
238250
250334
2050193
9136746
4952108
864290
137754
216484
4201060
5887431
1729528
115299
153834
3925838
7224618
3058580
140715
142074
130279
117766
161080
209160
180671
239784
226201
254416
3430227
8506997
4390310
263890
172976
329820
7102428
5512527
1345661
139417
148524
2754741
6221284
2053172
176242
142386
136353
152928
150104
195485
189705
226344
255494
280416
3227565
5908020
3256978
153480
174300
1709101
52823706
48589691
44387258
40156139
35964534
32030144
27854888
23639089
19475009
15278847
11110081
6955631
2747461
188031
185914
229202
256292
250568
5365511
6440980
2297795
152278
138981
3358653
7522430
3378141
142223
133092
1330181
5923801
4348751
183386
129261
150295
130658
121544
137442
154794
225951
306610
291835
1856505
5769339
6303939
2133691
155315
160393
4253007
6780848
2621771
141234
161437
2156445
6885616
3734575
160947
140495
189262
188131
175382
151792
187750
260926
272245
257444
2387292
8359288
5168501
1049056
175390
153411
2911145
6200562
2044934
142524
181146
5092486
7238581
3068282
126402
124709
125912
171128
147404
139943
172825
197031
216696
251799
3391554
8666489
4539534
424443
169100
357662
7428472
6070046
1910609
154101
134927
5313862
8310239
4161688
123243
143337
142218
121231
136011
139289
159685
217184
181327
212689
5893964
9210911
5074590
908232
146086
824128
9096276
5366777
1225574
143529
160147
5596848
6703918
2545236
112723
150610
191307
140551
149730
161129
181935
238082
305133
315575
5364511
8150821
3990649
160721
139106
560820
7637495
4686912
491519
156836
275510
4910785
5705787
1484572
139300
131272
127341
122006
139663
158946
179521
166751
211464
266196
6845250
6944580
2768602
141827
146418
1409324
6214628
3828430
123829
150124
1214732
7460397
4785429
628849
149654
159256
172548
135026
148556
150999
192207
204393
253371
245687
4741969
6327684
2184423
172111
135574
1609674
6789787
3383474
136056
112100
1452136
7691024
4278056
113933
113443
161220
125724
150521
116579
135958
148110
213353
185893
751993
5531333
5848550
1682611
139990
119208
5563905
6963248
2811716
120114
146442
2918878
8133476
3963289
129820
151960
121776
150671
157943
119775
131085
166358
162298
246477
993695
7347915
5548451
1377615
158668
138600
3950814
6801773
2632451
142961
131362
1475335
6331239
3526220
134417
253950
186154
186090
156197
158536
138186
160537
231993
217543
1452595
8259575
5179383
1017675
121303
112652
4615595
6473618
2242808
125560
124361
2602945
7311418
3161609
130988
152901
136231
131917
144147
170834
202924
221196
199934
259398
2285463
6627512
4235890
145506
157270
721322
7289458
5481306
1258755
135664
121860
4637867
6529484
2377948
148179
125914
133895
118202
130189
181280
141827
145569
135491
150538
2617644
6856885
3716795
182691
159305
317551
6091570
5319779
1131488
148068
319630
4204894
5661462
1445201
153119
131089
133576
132218
137926
143119
209698
265649
243990
267886
5761419
7130680
3020031
135341
183890
3899881
8165899
4002498
156797
179237
977596
9513014
5322710
1188558
149504
142277
162862
152837
195810
162227
215317
207063
262973
545490
5474900
5917002
1769788
156523
219336
5052821
7081469
2924521
173717
147767
2064518
7158695
3830134
149088
156436
168455
145281
143641
145761
158789
177714
217729
222280
896659
5552879
5298052
1093348
138731
137430
4256092
6499846
2386170
139106
141082
266938
4422156
3834791
160643
157469
133475
182113
162265
141587
141057
200707
179226
205614
2444425
6935921
4882209
694653
156617
266289
4009143
6000579
1822410
140924
140649
3903889
6869537
2709641
167762
136452
135662
157758
161028
155601
130492
163171
196136
196035
228224
6879786
4072487
191988
140529
330453
5104814
5590171
1410930
178842
146549
3226762
6283792
2128387
137235
154646
148645
127656
117091
128448
181128
195043
171456
180065
3517730
7913179
3739281
155432
188695
1132034
6628873
4925681
733533
136015
212424
4282829
5846788
1700694
141264
137121
141059
159931
115509
169051
154347
225323
215303
188431
4398011
7152388
3019873
158597
136608
1857969
7812156
4165196
148002
147551
404423
3639287
5180101
1022714
132960
163069
156700
170406
142870
148041
176809
193380
176630
243192
7132872
8033890
3872768
162543
189146
4064700
7928447
3769094
161902
148680
2139270
7826089
5190099
1018820
121818
137218
155570
142585
179050
133874
170262
210074
239562
2039705
10305062
7484869
3365195
156474
166920
5492228
7530397
3378854
148942
151519
5035192
8239306
4076575
171733
168707
209791
171848
131189
174674
173488
193895
166691
194897
3860798
7883357
5940814
1777752
162017
272414
7936356
6485769
2277773
146337
164520
4146439
7501961
3354440
135191
132154
134227
136941
133009
151115
181771
198345
190895
146157
2481503
7750959
4946205
770224
141306
136603
2911144
5935276
1781138
145202
136240
9651917
9045233
4919433
783815
137248
127663
140911
125647
144966
172061
167396
166700
221543
4372437
9374901
5229749
1033849
147346
321280
5935859
5855238
1708528
132691
159738
8304457
7207138
3062519
134572
139875
131281
162263
131009
171158
156512
198895
255441
219048
5170557
9534567
5377465
1249492
178134
402977
6125659
5398930
1253464
154964
159710
3886465
6272686
2115208
119489
148348
138025
154882
146137
133253
146212
233003
172062
262407
4404009
7821852
3640128
149923
149004
733578
7217521
4654478
467671
141298
663403
5935831
5715111
1536883
158770
126734
203329
136229
154610
193869
171013
215748
256835
242181
4667188
7108251
2962636
214834
152209
2133341
8348350
4188188
132556
160808
458023
7107736
5139379
987955
142242
141389
159592
175419
156498
153255
195041
206516
212587
228750
5018596
6591240
2460713
135291
154135
268314
7740419
3565283
325106
125341
345070
6183038
4848543
671376
135218
148707
118462
157487
142319
172490
176918
236829
237115
242711
4200647
6860309
2750667
162069
152027
2970268
7506193
3338302
125418
171586
954474
6322888
4315108
121237
145527
152323
136355
173640
164815
177001
166977
285792
228669
683412
5322540
5494141
1354320
146225
147217
5374987
6623837
2414006
166479
142371
2524166
5526471
3206074
147191
132126
156476
141929
135406
139072
146954
196579
261762
264249
1537780
5996307
4440453
285400
115903
294261
9049524
5565204
1366932
118288
115647
4313745
6187116
1999017
129036
129805
192980
167899
112515
116837
212402
221387
165844
204704
5285845
5632842
3103679
143482
149434
2618422
9040466
4840950
658300
157605
314521
7791207
5280584
1131564
162345
149041
143950
121187
118758
165905
280469
309168
226458
240932
4683524
6637643
2470092
157839
159075
583211
4886466
3517513
141031
132565
1168629
6225052
4403296
222710
157032
128158
151550
147125
135912
168712
187210
198541
185981
290989
6567942
5719784
1532882
136912
146768
3132283
6815347
2682042
157205
122055
1433432
6900204
3853970
116464
146046
144453
145615
179189
148306
155048
196020
198818
301294
1236343
5341461
5150541
954418
150957
135169
3325210
6267087
2026200
162757
145201
2632758
5852983
2829916
131837
153046
172689
166515
167584
145845
210893
221792
212552
249513
3930608
8266182
4079122
160411
181009
158893
4942864
5165568
1024357
144454
188551
3109532
6136937
1968536
136489
158579
127398
140213
143855
152982
221689
237127
282659
278671
7852669
7935764
3782136
146642
132764
1315362
6121969
4301051
123631
141410
1974609
7386494
5458253
1255342
135526
155217
126392
119874
168663
177653
186781
237419
255089
205295
5591283
7222771
3039074
143007
184520
2163761
4893810
3567321
141031
141463
1051905
7216992
4949145
782203
152124
127058
131144
133659
170023
162967
213934
297465
301655
319650
5956563
6423210
2212162
147224
184085
2593186
7872032
3720939
167885
143861
1060780
8082070
4206922
142008
134044
148163
146044
145471
191287
159144
211971
216499
238900
1244384
50706819
46587216
42438014
38296421
34137573
29971083
25886363
21741726
17553136
13407011
13077510
18164597
15495326
11347949
7187015
3014741
134463
124253
174668
176110
201804
285734
269209
408742
6534994
5291743
1145597
129858
124099
3522106
6432203
2263230
123617
146623
640846
6308232
3343862
119927
127241
138121
120821
137132
153335
153908
206149
229857
249959
1243598
7398118
5040599
919954
204046
162115
4338822
6088820
1908526
130587
142097
3059926
7019802
2895587
132018
132174
122759
120439
130597
174353
200132
218054
278520
258919
562499
5961031
4556908
391914
156601
1171747
4048793
5658349
1503460
148333
151693
4482680
6750504
2611390
154572
132930
164174
129848
160706
171512
186228
219062
197519
244689
2884419
7677061
3636462
176387
150560
208372
5458146
4879146
740122
125491
120448
4826400
6001761
1842386
133285
144891
123551
139403
136329
135157
168884
263764
245277
255083
4760946
7720523
3594538
129880
169165
1205263
8008403
4444348
251385
182217
271743
4472342
5443425
1296171
144390
139327
132398
127027
139776
156504
205421
213899
235767
259873
4293353
7053675
2897683
247856
137416
1695982
7951274
3853521
132666
141221
368753
4589401
4974738
781790
133869
144045
210131
141459
136638
138264
169793
204929
238437
208267
5116274
7050354
2916251
155716
136994
3083686
7682385
3506225
118740
139147
1405966
6844865
4844420
677195
146405
159551
140776
137838
129706
132921
230217
249293
250013
784629
4479355
6395814
2251874
144960
154352
3301632
7198550
3031323
137132
129832
2732157
8202478
4024253
145966
142159
129630
125515
165490
190829
178502
200640
269776
244448
1762308
5850654
5592330
1426519
159355
137893
5004217
6343136
2145980
138346
127405
2512736
7283294
3284837
147523
149493
178130
118320
130702
155459
198080
232917
273675
260342
1972431
7376865
4585226
427452
130141
330781
6682746
5767321
1601586
118890
165486
4164299
6874583
2705685
132377
134202
164449
127896
164824
154430
139288
198597
250870
316197
3850575
6578664
4015829
155200
147068
452909
9289362
5155935
974485
142660
192720
4160311
6089301
1930105
144904
171992
207889
150130
156102
195595
240264
290980
265912
207415
2709546
7156196
2959476
185301
151935
3088036
8275550
4123330
141593
158564
422342
6174041
5138497
965211
133145
131730
183502
218359
251092
191807
213791
204136
225271
226530
3190528
4941438
2250551
155702
167525
3691027
7531336
3353841
154917
147973
2443015
6612025
4102934
146905
155185
166133
216430
136882
146169
163158
223968
313394
307783
4026358
7867480
5625249
1458313
181190
174790
4503677
6207272
2076255
134006
159082
4407720
7193875
3042680
132935
190463
195869
171365
161101
148769
178347
206337
205226
335222
2018672
8442703
4270217
171495
155193
643433
8286997
5391102
1230954
184352
157870
6186065
6426370
2299770
133418
150726
134262
144765
147143
141430
167517
214260
237605
212260
3311111
8502897
4338910
173274
174888
1864896
9103255
4917661
736511
126663
304682
3033775
5223409
1693521
143281
134282
149105
146583
143118
151936
222298
267554
282237
273797
6877914
7440667
3272942
153040
128326
1385539
8540251
4377099
234490
143940
567136
5942897
5551973
1387283
141661
132454
172736
123634
144165
143573
204110
189950
175822
177049
4462670
6757828
2599856
161356
133223
3521695
8013884
3817220
137758
173389
1124948
7646591
5353952
1220974
132667
140659
120406
145097
143840
150810
169109
197925
291734
355685
3509455
6361889
2221105
141438
165138
4447476
7479958
3334531
153590
146189
1696002
7681642
4310888
150911
161918
133598
164574
129899
156871
150987
175249
251166
307406
404092
4436052
5855577
1701076
186521
175784
4676028
7056570
2899990
135146
126592
2478206
7984500
3828523
159809
150252
174125
131280
141684
131110
181649
172219
235355
238084
428064
5893251
5493117
1321288
147398
121473
4955963
6496180
2322721
142269
138660
2356819
6922012
3570459
118557
144917
139042
118694
137369
146640
164497
198076
181417
239506
4447099
9361008
5197708
1057256
162616
145307
5897307
6178046
1954187
154747
145063
2509503
7111480
2950105
165428
124637
152419
135274
167129
187553
178412
269819
276155
256741
2316993
8124091
4949028
802755
159162
233203
7115114
5358228
1170711
138945
157814
3350794
6825671
2656662
150894
125236
123737
132158
145950
152577
182135
217907
255689
252614
1346328
5435907
3862345
151726
129115
960057
5170231
5100517
897562
146788
286827
6177722
5400517
1223414
138045
174485
126974
132644
137904
147940
138722
269202
240965
227393
8102013
7667927
3527274
145111
164338
1767666
8027501
3844801
143563
176331
972013
7770136
5137026
989884
155501
159043
138450
143438
145704
176435
186781
257951
204833
257931
5357218
6219186
2090209
154911
137403
3772509
7335430
3224774
140438
128827
1861508
8658379
4481038
335501
135011
126256
161371
164207
134256
120876
242533
265630
228756
514292
7116346
5821182
1649639
155470
123555
3791760
6707808
2568870
133019
124146
386115
7968859
3791662
122615
130683
143803
122424
126304
138715
142452
234564
269495
251664
1708904
9593573
5451260
1320561
127235
117372
5468577
6637364
2475238
143234
166423
4288844
7744560
3617515
135347
145703
178431
167176
144645
130477
146127
212663
247485
239035
1449494
9294896
5142635
1018691
147145
115885
6409298
6156907
1980200
109244
125322
5538919
7355775
3229917
115658
141125
149867
122281
167163
153056
113123
196948
221943
224406
2313481
9166090
5037231
886739
144373
125114
7067457
5844610
1682512
136490
134798
7861624
6929391
2769035
133023
111692
105397
115060
148547
163994
168808
166547
188864
176959
4082761
8607126
4483504
323112
143302
253905
7538713
5653597
1481471
234234
180799
4235850
6846841
2670675
144579
146509
139764
107394
149944
135956
141321
266608
241561
243712
7324319
10153100
6034996
1932101
160505
1681081
8831354
5198518
1047433
144835
161476
7863813
6420868
2273229
175700
134681
166695
157723
160195
135545
230353
285828
300361
243986
6703203
7486971
3328553
128334
164386
3158653
8739154
4605288
451358
148236
949694
6688575
5417675
1263184
141971
126080
119603
131222
133025
158370
181354
255150
221120
191167
7370593
6632492
2527965
150491
135496
3218106
7833204
3643500
134888
135424
2036487
9065592
4903362
731313
118978
123402
132572
158603
156147
142890
174632
240542
269244
252629
9365579
6109181
1966316
150513
133001
872086
7293468
3124496
140636
144816
2787929
8312004
4139900
124927
132541
238887
166106
183821
126848
163093
186235
251868
267373
601951
10126776
5921078
1776317
159562
147650
5112425
6934899
2763470
133330
129185
2669146
8155325
3997790
140218
140972
163318
177140
160046
154783
157683
146509
220374
170268
1488399
9580549
5450294
1322828
155491
137808
10798998
6644502
2486952
134691
149642
4623653
7701106
3558510
129211
123209
144387
119149
125666
139005
187034
241794
239849
252828
6526405
10402507
6248046
2066650
191624
173595
9021369
6217154
2056764
173477
137329
7012522
7091428
2936474
152977
153236
140397
157150
167362
187143
202985
216951
253754
290180
2351326
6496115
4381798
224749
180589
2142773
8963970
5080162
915286
154191
142847
7385711
6121233
1992346
134691
145666
124419
141125
141504
175859
181710
211885
236367
275386
5945280
7777252
3639713
140421
166007
2005889
5395411
4473094
317276
191445
586548
34698760
30509786
26532717
22309312
18113560
13919596
9702258
5469009
1293223
165693
238307
246582
232759
5107510
6450627
2266817
174126
207248
2598449
7218006
3495725
166496
138112
420411
6476409
4400198
240431
156465
130438
154612
131959
119538
113484
200069
236597
270287
358361
4932687
6013044
1829943
161317
158970
3550299
7165599
2983265
145231
146553
2533231
5775258
3805916
163184
150023
171631
145711
150375
156616
160952
254340
252583
247291
1113396
6412830
5082222
899856
165585
119755
5231959
6213229
2072781
123034
161357
1525115
6376484
3273427
127320
134075
136673
119744
154522
148180
173350
226087
251014
261184
1750064
5187648
4216583
176919
161351
320374
6388553
5450700
1293825
144174
162505
2701379
6367972
2369694
132415
130419
137130
130032
146858
171949
237517
248716
312538
322567
4486470
7343723
3848544
182310
157598
355026
3454071
4695255
526940
124373
212750
3827660
5800660
1648116
151420
156267
148312
166764
200111
179209
208501
246229
299290
299774
3516115
6671589
3715342
171448
143329
1348881
6487449
3999295
165027
173975
266103
5094384
4857017
687777
182906
214031
205833
136792
179102
221656
196359
224321
216359
244527
1896701
3941758
1631779
163468
179704
2822705
6998681
2828243
177321
152540
1353055
5059501
3877066
159819
177640
205218
181584
171342
149343
190801
212499
271396
276682
975535
5340703
5109220
906200
202240
183251
4218126
6228008
1997325
126766
128901
744765
6429862
3616601
130309
193921
153583
166282
146560
150896
152862
175214
223168
281794
1024020
4844739
4540144
386890
154925
372073
6215528
5626953
1444089
192452
209112
2473851
6551463
2340294
171052
149706
138993
179936
178831
220494
196964
278220
272383
278171
3637821
8065468
3965647
138942
131001
285242
4625453
4984651
805365
170786
119326
3983311
5828504
1677646
134336
149903
134443
124401
152482
209581
260648
265668
249875
242908
4779053
7436877
3283603
180286
159935
793270
6460534
4534510
375484
150970
313671
6814314
5524097
1380845
272809
186648
211393
162423
148789
159678
192654
207448
272415
279599
4555153
7146345
3005318
138883
180687
1394938
6475284
4025690
204770
152730
629078
4486283
4775141
606593
136127
132129
116906
131371
153201
162634
257204
260672
233378
511280
6852067
6562560
2407515
152615
171463
2874714
7377802
3187609
167442
171615
1456754
5559628
4121811
158894
139678
151824
145452
140162
192133
206840
224228
355025
303212
871278
6376608
5647760
1508779
235261
170619
3720111
6467035
2261698
165345
188482
2811061
7359199
3188734
148668
265876
231654
187975
174482
139588
126039
178632
189706
164795
335926
3251585
4584208
419100
132248
334214
5159501
5873029
1707704
132581
163848
4580931
6803026
2652307
163027
138989
142746
148248
149993
155195
197493
173221
173942
186054
2508938
7321949
3875729
131351
147821
1177781
5539564
5266903
1083326
171619
191716
4308159
6167945
1989179
133991
146684
130912
142808
183392
186197
212213
271432
265453
273435
3902852
7662689
3517473
139877
167589
1185149
6216155
4505046
333486
131343
887970
5758002
5659747
1482265
148364
137446
124238
129568
152425
199753
192259
188327
203341
202833
6541037
6675030
2558546
363002
156982
1885672
7904554
3713933
131002
135706
603868
3493607
4654507
493637
132046
137382
126083
128315
131065
123899
141080
259986
203494
198682
7856000
6601252
2442153
220554
131999
3443952
7309163
3184952
160797
141679
1154621
5719419
4221727
173553
181811
146775
124040
194989
202845
207590
246353
273295
256826
1290733
3643834
5583409
1410268
161890
156266
6010157
6473689
2296711
146609
140361
1172616
5458621
3237059
169879
131218
139501
168652
154993
176803
137695
201792
240261
227344
1283722
7205735
4650814
501915
160019
198657
4195852
6015681
1836214
132167
165489
1905097
6735117
2540324
161787
170703
161719
127170
139793
120591
180065
220187
256791
259183
2693996
7122547
3936944
151045
135244
344901
6739133
5223330
1063660
152523
123067
4823088
6083567
1894874
156720
123664
115721
141137
133121
139144
142356
277177
222424
225146
3530644
7534267
3391410
135750
136800
1317841
7898278
4771581
605061
146545
246270
4765520
5641576
1498262
125143
127774
132345
129213
136448
135793
196828
224722
267028
262272
4126067
6944613
2756764
169671
133970
2250149
7823119
4052068
129408
134235
1386396
7287132
5108663
964546
132029
126659
116573
152941
175943
185832
176943
215882
282071
266522
4100421
6868076
2717041
162607
156348
4205431
8314836
4177948
143441
118187
1845108
9030053
4941787
778457
168262
141537
136013
140647
142506
182348
224253
204455
253666
268040
5181062
6328240
2212347
167056
128628
166645
5751492
3235512
160828
172313
1115313
6828973
4296982
123219
150292
171935
168333
132108
150576
211208
246157
234345
205884
778521
8397563
5636992
1474547
148267
137350
3627908
6693861
2524595
151884
145837
2078454
8212947
4070560
136729
136754
129813
121688
143358
140226
153612
209559
208590
209946
4051480
8924349
4805220
677122
137684
127849
6031844
5931085
1838741
130182
131736
6801074
7343831
3185078
151587
161064
218397
132413
147862
132274
136638
128446
249167
244207
13994572
10713516
6572554
2503852
204423
453224
10231993
6079429
1930047
153023
124039
5567718
7240239
3071683
135638
145453
144770
125128
145408
138844
137731
236954
273415
252882
5412985
8071822
3897723
122124
140658
1665849
9180949
4988172
824970
141816
140905
6555377
6021043
1881667
253546
144325
148745
159500
135259
129282
185920
218445
263682
253597
6033405
7261891
3111909
134037
146819
3075401
8440515
4243645
112884
134805
978915
9247585
5141498
950608
117095
121763
134868
138267
117446
132932
174687
244781
252219
246518
8979995
7023679
2855608
133549
142265
3586006
7927633
3786455
139974
126152
944805
9016050
5266131
1141253
123072
122755
158355
110836
148318
139024
219822
259842
185991
191792
11702490
7542903
3366879
183996
156748
4974892
7576036
3455196
137365
170704
2308280
8511231
4353509
202928
141009
138200
125531
146843
151258
171416
217870
250176
266745
4967283
11698589
7527336
3360780
132560
146562
5304487
7093532
2980426
143515
147798
400103
8270194
4103525
156102
162427
135511
130625
126249
115957
130043
179516
247943
269079
2183644
8368332
6313739
2171229
172546
236831
5151671
6928701
2794724
145423
135279
3738326
7727843
3556926
155273
161967
178115
181309
158136
120849
154154
169317
162020
191719
2105023
7915060
4843100
701478
169206
157171
2349750
3922754
1669741
136424
154838
1791797
6342733
2702143
132944
132937
149966
130602
170080
178275
106420
163752
227420
275562
2210112
6300521
4241904
231772
134306
537062
4969851
5455748
1280225
147421
199133
3621364
6594513
2479646
156203
194098
161819
147422
132402
149317
204400
239352
230729
235498
2347311
6991186
3847589
143477
148988
187118
4873491
5189532
1001734
132820
139606
5324793
5925319
1735931
169311
152469
166609
178993
180240
190625
203470
241125
230674
229993
6462539
7443933
3309614
149415
205033
2272449
8673605
4558173
348986
163367
436709
4415839
5697181
1559454
156149
141303
134817
195500
134820
161672
185322
139766
163825
253548
6364685
6576905
2412562
175133
150358
3083616
8010010
3847008
161099
154090
1209776
7654601
4576229
389537
154083
163678
174513
150199
155512
156420
215720
243619
242296
381979
6431661
5750418
1569385
147062
169167
23246443
19131413
15028927
10909605
12038604
11642085
17001463
13935862
9776916
5604696
1453852
128971
136828
131453
162618
175510
242626
244904
908354
4388641
5314285
1197445
182420
152976
1501734
7013387
2853647
139829
109852
3356453
7352743
3176849
156939
142048
119838
119052
139393
171006
186752
233584
215172
227851
1604841
5958443
4403430
230898
161248
302799
5539728
5770367
1610669
166675
134651
4558677
6567265
2380649
133242
208193
217203
164623
145656
146183
203978
207720
225708
256572
2745276
6469230
4595433
468741
145857
409659
6369704
5123059
936199
131390
159111
2215498
5067025
2019133
212330
140719
139661
147517
142233
137660
191408
247819
306759
315187
3846052
6034932
2999598
174083
161985
1483939
8406935
4245157
174831
147461
668947
6168725
4917143
705828
183116
146606
147572
138932
175862
207617
279464
253564
271037
287961
4225385
6172265
2039028
123829
143675
5167585
7143537
2997252
136676
148897
1812726
7504424
4039226
130963
158414
125108
134884
121349
130460
204858
187078
206510
217970
933613
6759110
5259284
1049415
146795
153487
1667520
6245416
2053185
135521
153127
2427721
4935427
3303364
130407
231692
168589
174079
153169
195187
239954
222224
223814
235420
1858326
6411499
4201180
131860
150016
469476
5567233
5425576
1253589
132834
167245
1812678
7028058
2894925
140832
132433
172000
130643
175130
169940
152924
192935
179247
172719
4356354
7868727
3676850
148150
152836
715361
5835097
4466903
244503
141112
171901
5225579
5566873
1384470
126097
141115
132075
140418
146849
156679
170011
185318
198349
196038
7976448
7009988
2878516
140876
151922
1741931
6293928
3999861
149559
144381
583320
6504682
5120917
938715
157742
135707
140628
128700
164846
164376
174450
196597
181188
179199
4166257
6410330
2248102
169275
155557
3317502
7477699
3339522
149991
148486
1669021
7839263
4549874
414884
131315
230039
187291
133937
104487
124382
168615
191017
158121
287778
5482234
5727536
1580176
156364
157758
1870588
6925779
2745882
142949
135266
2391274
7949734
3795693
129820
132364
123040
127767
129829
109987
175222
239503
249734
288556
4431731
9035726
5651710
1485638
171382
148591
6574333
6455549
2301921
138701
130117
2691845
7372756
3215000
149879
193808
150697
155679
138233
159616
151915
184973
167569
230856
1318767
6913431
4918616
761222
163439
152369
3570618
5817767
1612602
167096
159622
3360606
6057376
2627287
130377
141914
120779
151996
174231
147728
210998
252431
302022
333709
4784605
8328809
4181387
172739
160652
1099875
6365634
4984594
795507
126981
173868
3704671
6068310
1874482
140606
165154
115847
153796
129549
167718
226467
188143
201470
233856
3964505
6946634
3343494
168930
142722
1282853
6917950
3969986
146018
137907
1412246
5566491
5100908
916300
150575
121853
204856
152170
142221
186710
171638
174664
145280
750171
7277304
6734795
2533592
182396
148293
2781014
6014435
3004823
146797
184575
2423043
8164571
3989609
119763
151000
138170
126278
142773
155855
165516
176128
193851
226439
562637
8520408
6414905
2272742
161989
149277
5748078
7007325
2840314
132925
135197
7592085
8487843
4334004
196649
163798
170271
172805
185368
151988
174273
183793
217417
253327
2129227
9816871
5640173
1479411
149473
129574
7055213
6529249
2388191
145167
117954
5899495
7644829
3483045
161403
139432
127662
137537
117724
155384
174902
243697
214299
243934
9622437
10728355
6544182
2390119
174918
186621
7175550
5869333
1700951
134293
161003
1677366
6788923
2798461
142377
153743
136720
164916
141133
147472
172933
236206
316242
322750
4162924
8226650
4039283
143594
139485
502858
7903935
5200902
1022535
131339
204229
5983223
6346524
2190953
160078
115336
182354
118121
120864
133499
198960
199568
193905
162742
1428455
7702773
3516114
116125
148811
1862653
7935773
4873708
689899
113258
115759
6184878
6314706
2149404
138919
124266
127332
147052
133319
148716
203570
227228
288569
277403
6732183
7567120
3388413
151976
168212
1600369
8079874
4510599
388307
370192
485057
9345710
5241784
1057687
121747
153782
131329
157932
168279
189173
230904
258688
231381
234113
6022223
7058534
2909772
158123
167024
2139373
7889465
3895542
155998
167880
1107702
9258422
5081499
918663
106117
121058
118000
109448
111600
140398
190890
265357
259750
254267
10927974
6823786
2613281
168921
136803
1217135
6404727
3452600
135550
138105
223080
4807260
4642151
487942
129884
175422
165753
116903
133163
138626
152251
218789
270361
545696
5768369
5896231
1692938
157154
150060
3553278
6953993
2797405
128042
124417
2491029
7697082
3495253
142033
144164
212223
124614
123315
152642
173964
198298
244819
215975
571403
3996936
5102940
927528
163206
162887
3542839
6446863
2262780
135132
306210
1937113
6352375
3065307
142785
138240
126032
124985
160888
163531
197588
202112
319301
310189
2952480
9564672
5418527
1234613
142855
924237
7963799
5432903
1277529
157702
182611
3545846
6848820
2658850
145955
133335
173752
174883
198702
235867
262122
251927
246558
273557
3240248
7286516
3461459
160405
146710
324547
8107805
4485409
264119
182061
301568
5373590
5384476
1201727
125806
177422
131888
121624
158342
149845
161839
180241
209229
213907
4805848
6311792
2152877
176389
167606
5797414
7575084
3396015
151809
140467
731884
5703316
4822604
649533
128815
156751
126784
135141
145569
142395
226678
288094
214751
337555
3248719
5746270
1634085
148868
141106
4634747
7000934
2772592
145272
165874
3893121
7747824
3603108
148594
142758
155863
154827
170075
145292
148114
168769
199217
199548
538425
2398998
4835651
653121
141528
312360
5348156
5908832
1723362
131080
175114
4974533
6723405
2564555
136023
138198
151616
126604
132078
146871
119549
236775
242124
290494
3737543
7584260
4134161
179653
165664
915526
4743064
5277281
1101534
143843
164872
7034335
6180849
2021997
171940
183485
146301
147457
156477
154089
209141
272907
243208
264754
4748094
8027831
3891868
167386
146574
993635
4525921
4735303
545936
148526
242654
6741154
5679911
1467801
205642
218959
139730
173346
193083
176703
209323
187026
215876
166225
3472575
7260786
3094866
172252
163367
1902240
8193911
4025057
150157
142164
582846
4737740
4873054
741588
149231
158317
145947
134589
140974
160639
179229
190609
168763
181666
5935760
5950841
1751149
154172
157890
2613850
7054719
3107806
141531
137980
315316
3235247
4315479
147790
271585
195676
172812
129015
160680
186550
222687
263876
288633
1314713
6733619
6057778
1907012
164893
149769
4376665
6751900
2577703
136674
148042
2387118
7747466
3586694
133482
114184
127370
138414
153666
142418
173186
192968
300985
311852
6063013
10458350
6329390
2214544
152552
210947
2913645
6339702
2205813
151078
142299
4507028
7298858
3123203
137923
135408
123561
131111
153565
158300
178154
228873
244000
265974
3934082
9696225
5524847
1371524
183277
312019
4387893
5684904
1535488
145964
155359
5533627
6807419
2636525
139709
154979
153612
127370
158469
145491
177868
265723
266248
279776
3702729
8722463
4533744
345688
147298
436195
5504972
5408156
1228696
146729
142026
3915226
6094679
2063501
161514
171416
182099
140521
160967
188736
212112
169753
181085
206452
3954638
7366580
3193188
140352
163676
1562863
7228005
4694260
571226
132590
523389
26002211
21829071
17655757
13485375
9326824
5123816
965529
106678
148476
202084
248174
252628
254121
5221230
6993392
2826659
128634
141406
1466820
7017373
4006789
156126
134465
583888
7439246
5228056
1103674
128119
119549
136954
116403
141336
153840
245011
282263
245012
215480
6754424
6371015
2252720
144080
210816
2630632
5526696
3266303
154139
157668
584030
8390607
4320028
172252
123447
200175
130262
263223
159667
171430
194427
238693
203366
388475
5364315
5547860
1410696
132608
153246
4438905
6632199
2478932
145598
143533
1891546
7516293
3475679
130336
137996
137229
144844
160923
153131
134759
244743
239980
360530
217769
5986803
5063676
871661
167944
175937
4981992
5960214
1799023
162184
164419
4739290
6975791
2806370
117755
128361
133598
139220
162384
135257
172739
141535
162938
255347
1664771
7199849
4266097
149927
159167
169443
4470501
5563012
1364110
151173
131852
2533004
7137284
2966345
130542
145099
124499
125612
146902
131411
172362
200278
162873
209872
3979039
7684231
3527558
239288
112126
815902
6191829
4704554
544811
128573
117690
3983901
5780096
1626234
143972
138193
118390
132762
124561
147062
211501
224264
240250
279512
3575722
5933265
2918550
140982
142898
818327
4297164
4098955
154292
122472
576658
5882134
5177819
1055278
139271
118048
116662
106551
136762
158339
186176
221712
205507
223358
4201852
6591268
2406258
126244
120633
2709525
7679133
3510714
124173
139228
1177177
7636966
4794382
647275
139408
125557
146066
170964
123330
147751
156944
217659
204620
477766
3358330
6036313
1874498
139907
141742
1969677
6656785
2947009
138515
135591
1324145
4532093
3958908
132391
141152
162354
143522
116806
149200
136102
206789
257535
241547
638008
6372959
5318686
1179716
167619
148912
4678362
6513902
2295983
127533
138735
1248415
7970707
3822018
131931
166031
171375
181821
173184
160250
153735
196901
198263
230906
1919307
8993680
4816389
673247
148258
261015
6363975
5937487
1772017
146523
121152
3747980
7133958
2913639
161249
132278
115323
136585
144525
191355
169888
280506
263426
306505
192499
3855377
4256658
141490
184631
240417
5419186
5412496
1247318
139260
375175
4067977
6313593
2139254
126213
144749
119425
116102
117331
130756
193963
226086
231471
169112
2546193
7841883
3635025
180090
142819
915025
6825337
4739281
571079
138002
230796
4869758
6302691
2129668
138383
119099
160958
182723
146867
169073
199023
256336
253791
274643
3218675
6908815
2748993
164763
140440
1301007
8239398
4095197
156887
122105
446957
8091309
5046704
897195
141209
124812
120374
117611
127079
164229
213623
232045
265843
198294
4373619
6347406
2217882
131292
147320
2507206
7610954
3466103
127403
132349
129972
4876842
4524903
345285
126941
133361
124483
123537
152798
108535
211667
233812
231826
566589
6605769
6190704
2009356
141706
157727
4719433
7082189
2920141
142439
160889
1012959
6161560
4086134
146801
144304
140637
171037
198339
169401
136523
140704
155569
134587
532568
1531904
5526972
1397835
141689
146514
3729010
6757822
2583376
147231
218284
1834055
7170759
3728178
129884
161735
148845
161313
179517
171779
173804
236065
310095
306975
3727532
9318410
5198453
1058581
171131
118723
3942824
5726393
1542004
205576
162344
5270027
6989497
2811795
130286
220228
193973
184067
135551
144178
185932
215725
214659
230068
4417301
8520562
4383216
221021
146923
1129535
9732466
5564531
1426460
115455
164997
10434145
6670393
2524169
124591
186149
151028
131074
113007
165424
211447
259775
250915
255097
5518283
8212968
4034294
109169
130763
1557798
9031002
4874052
721379
126114
179356
5219171
6255152
2124155
123048
109637
125911
112744
117558
160847
211759
236727
237516
227888
6344073
7976214
3830087
167937
175823
3519935
8880581
4702550
540418
167823
1776015
9524397
5381545
1232751
142462
153223
126683
132232
166116
179348
208295
311350
229136
254797
2686122
6590922
2473321
142033
154850
3269243
7682779
3541504
150615
152003
2005587
8676251
4488327
309696
149842
193064
133212
143512
150211
195934
236584
269969
238019
450711
4463889
5826082
1662432
138907
121635
1912776
7038856
2870514
142776
147154
2168126
7801538
3667327
119472
136625
148619
120439
152161
144285
158137
164424
207103
261294
243429
4250362
5416859
1226784
167314
141691
4702599
6290294
2134797
131161
139991
3943839
7274816
3124515
144848
155126
132435
129628
155221
143708
153782
208401
227490
225921
1032522
5351364
4789818
641628
144849
172556
7824342
5721214
1521287
114383
199280
3462645
6545179
2358869
139977
106860
155556
141002
138399
178843
211043
239729
240027
228493
2288993
6113409
3217547
167740
144445
1819723
8675926
4515195
367582
142690
402390
5535613
5429559
1236642
163265
135110
136176
133271
157001
179134
200308
251178
242856
270924
3910833
5979781
2337102
115625
129747
2584560
7727052
3590901
154390
166094
1441412
8305730
5283523
1111854
115974
143889
139919
150467
158539
188391
206884
235915
243569
597403
5653195
5942568
1761453
137904
135677
2907415
7212945
3037796
158620
141668
1450171
7621424
4177647
143984
182795
147225
165129
132138
150157
176291
194138
212431
329184
1349855
7887810
5913154
1736537
151910
134950
4698943
6880312
2700175
141019
146789
3099178
7611412
3427145
146777
128543
147372
134893
157956
155608
161828
208197
260872
256102
1972362
6351970
5041456
884319
153570
129204
5001893
5857966
1724860
135203
126534
2834054
4697068
2729746
130445
135498
127043
138303
135373
119190
185523
196489
304402
299350
3597682
6475815
4304831
176561
215032
543289
6476583
5211684
1052461
236984
205478
2425163
6257430
2104731
141347
176845
132582
143488
179787
153058
222032
280509
236491
199982
2672868
5649782
3350159
167530
173598
831746
5708082
4391509
212887
145378
440735
8050742
5480814
1318777
243547
150601
145296
146699
144552
202485
228781
217477
271721
300807
4373899
6499166
2343444
164165
130775
1904208
3897982
3528417
139558
154063
628295
6256392
4419543
263863
126570
178514
173014
187163
173138
165175
220850
277975
281913
1146125
6291726
5556400
1354613
160493
137961
2634141
6326139
2150228
130542
152322
2434379
7157611
3256968
144142
141274
137076
133019
139648
136168
234364
244700
233807
245955
1767406
6295525
4553135
395044
139160
429124
6935603
5666062
1457757
129002
110799
3633670
6579581
2569556
165321
137159
186843
132795
125491
172354
177383
225447
242731
244847
2852173
6840378
3891894
142271
141697
477033
5660489
4911453
732358
132759
166536
6998574
5981934
1807275
124122
131279
131412
129625
154949
165477
193750
188531
165281
186379
4279705
7848578
3670334
133992
136015
992567
7533679
4287211
164744
119966
552053
6559745
5681429
1555186
133693
129179
116112
119825
106846
183505
171076
214939
224951
252482
5121239
6219098
2025235
194496
149239
3875376
7243585
3061946
159243
135139
1754858
6724297
4156437
155924
132116
182406
127749
126965
173212
168578
192497
205426
195008
998665
6056374
5667633
1512055
165521
132043
3430598
6956242
2778250
169025
129108
3535176
7798347
3637421
108882
132751
126443
124530
118322
145997
133289
198329
266455
226954
1812876
7842494
5060314
914179
134421
175263
3708205
6191314
2027714
123420
141107
5186981
7195032
3050952
129746
126916
143082
166687
151368
129901
153027
186931
263776
