184694
151724
195058
209295
241579
256671
201425
246127
186045
944050
153263
196378
371681
220995
380100
152637
109636
3619527
6969281
4971677
3454135
4346662
7382936
5666867
1542309
140274
136436
139545
202179
288680
224494
264390
452489
496573
376291
570298
834808
145937
459287
254931
1558318
4176245
7819324
3673632
3087697
4425053
6536391
4815831
633875
138979
180460
210909
205175
175481
231851
172293
609667
1905291
155808
711116
520325
160821
152385
374377
1153226
6154321
6273636
2084797
1205355
11474370
7301578
3131525
5771570
1597058
137412
152381
199606
218904
273750
189487
415834
2512127
121557
592177
1405042
157056
175833
123473
1895097
5726367
6083715
1907192
3626126
3317449
4330518
2451812
145813
122642
156258
171975
198994
245494
213679
209345
988804
2153247
151275
631375
1069489
178763
287434
148978
2168195
5743931
6632650
3106880
5031712
6108881
7168399
4215673
159468
150853
168003
195738
220548
263623
241845
193968
1144832
2292322
162805
207587
168812
186704
196318
144605
1955059
6883444
5752595
1626265
5118377
5716472
6284668
3941604
170768
155585
177965
201150
190613
229369
179209
173753
1238586
2604376
168882
711099
158323
148728
224805
200217
1682147
6099609
4338198
866895
1897835
4339339
5329561
1327299
152396
190457
158164
208439
186562
205572
213638
181998
404587
1183477
199824
1474990
173714
144708
233263
437258
4352092
7798414
6543152
3652432
4301389
6554349
6512143
3405611
150830
169447
186132
206280
224932
216975
209321
218763
946718
397645
443020
136173
136009
196057
128839
713895
4043462
7632191
4446382
2756720
4729763
6643702
5545214
1405416
99825
140249
176198
225872
296820
238589
279228
236219
431332
142258
541806
402574
170415
128525
139552
1542923
5842269
7579452
4664219
3811510
4376259
3529091
863188
103153
115569
188763
199287
157533
214680
200139
189648
518399
2020931
529391
856184
1623153
171563
1246333
147660
2335845
6884751
8326637
4165232
4529588
5382052
7544145
5050835
927628
156939
145552
166544
195527
163165
211683
203238
1395811
2443275
119513
637748
1496005
141646
143811
124942
1404184
5869059
8980687
4917411
3885363
6190235
7451933
5199691
1027241
140025
148472
191165
228322
231793
257542
221340
1441540
252636
183235
338187
1196446
192763
277924
123861
3975830
6982082
7131194
3014245
5152300
7683912
8683599
4999547
851104
131530
170741
186308
226076
269325
276891
188632
1397687
1927877
160330
164672
170936
130378
173708
119494
2953198
5128971
3973916
187903
1572979
3725368
5176889
1005923
145059
242486
181259
205087
177074
203806
211054
175337
1627897
1612381
193783
120910
193429
177518
174258
749556
3335205
8150027
6637003
3466815
5922333
8886961
8669499
4536871
358423
141236
152410
185657
208963
213363
229694
207689
3153300
1932845
309142
2232735
707818
661016
189628
1061920
5759787
8974680
4824043
2536472
4626044
6820126
5686797
1509986
176750
173150
209764
219332
216765
226271
210772
210090
2415093
1623334
789458
1592436
262994
155402
166187
162808
3769688
7774576
4428524
2665352
4109229
7068182
6036081
1905031
138432
155632
183399
186147
190917
256329
199620
362589
422160
174856
678259
1680695
150225
172525
536118
1759681
6601302
7138012
2984529
3678187
4411790
7347151
3855443
157865
153314
203108
208344
224383
276328
199904
204312
1156842
3544742
474641
933491
733827
168080
135845
163573
912028
7156203
6857816
2633121
5183736
6521937
7258888
3912809
152827
147262
143206
199153
191262
217230
187546
181020
540330
157780
167309
122697
545625
284393
263222
148212
1170501
5642015
4475095
1163780
2526267
4125521
5149114
985434
153331
149098
187401
229393
200919
232421
194728
219323
1824500
18595162
14380974
10171674
7561646
4609253
6902695
4636380
7830400
7825581
5693781
3208919
4353665
4837690
4299490
171872
105260
153934
176126
208586
245767
258312
266443
187589
324008
169190
164336
244442
194102
609700
145699
996738
2186275
5466374
1253848
713456
1093748
3145738
916047
135928
115579
125573
160673
194282
227654
190926
201665
256982
618580
167860
170292
644109
160998
316302
880527
213556
3800863
5064288
851223
947965
1838248
3549025
934871
158810
135082
187158
195337
255732
250376
243407
214402
391894
384994
154389
267679
205668
179230
217952
165875
377116
5503897
4205643
182435
1352469
2508841
2593416
424438
146752
144207
157192
174819
184030
193457
232749
181450
480592
248587
163508
135581
313248
161779
134101
153030
683241
5611971
4051232
186004
1378430
2285603
2915976
138814
112317
225114
178527
248304
260319
261158
262181
226582
1011541
356247
109971
710118
156557
235286
1263361
433523
542130
5826905
2928705
520956
1635059
2133637
2014855
132770
160443
146259
208567
207936
213930
217385
249889
197541
1124420
173691
159892
823109
130041
198025
315783
376711
2200237
6500809
2333120
840687
340726
2457728
150486
137647
167305
199829
201334
239986
251883
296974
271623
353008
1260454
173805
400048
239030
189091
1303266
154224
374295
3824564
4243981
179151
924808
893474
1825171
134059
143775
111445
200366
221577
320962
243251
263731
188148
497654
2619207
156494
527532
1058859
168650
527967
122566
1382926
6614748
6317083
2154715
2432940
2370593
2561374
762797
135075
152115
130718
195200
211591
257374
212147
193498
239742
157374
163882
159115
173989
152488
464332
127902
1032652
4637884
4023886
151673
1476892
687515
1247995
146858
141311
153755
171189
213975
222204
193423
172869
196802
173211
985528
155609
768765
694940
165992
1049209
142344
2636870
8633433
9239091
5099946
7958481
8682989
10337587
6766627
2596649
139552
136448
171608
208149
210949
211457
146388
1289409
1593640
134042
1220582
161097
139130
699774
144623
1430365
7109606
7395956
3255243
5839123
6631367
8496007
5184980
1023883
116886
151889
218717
204978
206841
253884
211456
1032409
1698463
185262
441813
178367
187117
1199062
292402
3205496
7990423
7666438
3973663
8412068
7908944
9039554
4855606
709998
145566
162320
195498
178761
195866
271675
226079
1483209
1009357
181177
219288
168755
123402
121849
234514
3806199
5907888
5278580
3069562
6941598
6761914
6662311
2506949
149917
151547
163281
228955
185598
243171
245905
171755
1831834
2551848
413600
192913
146829
228076
180619
780626
3720114
7348706
4300045
2519763
4381461
5100491
5447075
1300955
169729
166580
246955
232118
241122
252401
265038
201350
2523235
2338283
765976
3259594
164476
160913
155651
1035834
6200738
9113862
4992717
4622244
7194259
8603366
7053806
2881164
164026
155167
157322
243943
236616
258484
226599
558726
313285
135967
255728
206546
185872
227387
133940
1666235
5486011
7930389
3725973
5299466
5836271
7735681
4637893
422021
175186
162547
202982
229899
240425
239163
226564
862326
3128761
145921
1433942
1350660
187043
494538
29431553
25322572
21245772
19373535
15227840
15153546
16809550
15387581
11232572
7058174
2906809
153186
156308
177290
251814
264916
191961
128871
665399
167478
636768
150597
177447
121799
641312
6077277
10156365
9919800
5793140
8788573
9843894
11131112
6960324
2817388
174529
140033
184918
218198
232060
239705
158609
1364833
1714710
134263
1266976
829548
229478
354355
448049
3645677
7058632
5820706
2163277
5130393
5146711
6961891
2821286
109906
138525
143671
168686
171290
229541
250585
198351
1347778
896351
136730
248307
148983
213781
134621
283175
1359871
2270671
137484
175381
1072744
4475910
5282172
1125747
155249
152004
146505
169818
184030
189193
295215
205152
1942640
3560972
371896
2920051
1093222
688085
146150
1381530
5397477
7608429
6335625
4650340
7196047
8415557
7691585
3525849
148498
120989
176630
189652
244333
204961
193453
202391
1362542
728424
368997
999202
143318
234754
132214
1695996
4630531
7783773
3639337
3134059
4802376
8907402
5098124
961876
113241
152922
163035
210459
205073
222368
178903
429117
419765
178530
244247
724048
165402
134101
279096
1352522
4540874
6518749
4173245
3256094
4059270
7115525
4599736
444465
149168
150977
174637
206652
215698
184895
182729
467281
117685
160035
715954
719949
176826
125071
148464
1390894
6987019
6318507
2140919
2648048
3619875
4525016
2765042
139837
164957
173939
226001
190751
184695
208064
168390
1030625
1567468
154957
126838
1369974
164082
118374
158711
2989299
7177097
8015846
3869938
5108600
6117042
7830552
3852575
156316
154856
141741
180956
220134
196133
227538
174606
976441
2672236
133929
1209354
154363
198919
158553
157306
1701090
6515177
3849205
200258
2526933
2944129
3355735
188260
155350
132626
203273
220480
190914
192880
230985
222312
1400444
1799753
158349
140829
141573
186195
144482
237205
1006419
4474503
3658446
402142
2333596
4249997
4684845
1301069
151514
172945
134316
247489
191848
320158
279213
186081
1636212
1973653
141113
2689320
358032
453149
230503
1069314
2294984
6084889
3257335
815029
2987559
2647272
2710733
140008
151339
202334
210100
214967
260314
258489
286535
254930
521241
626684
262672
741845
158968
391811
176602
730272
5111974
7434538
4929487
3760247
5869257
8085272
6998509
2872447
157400
141168
142427
184179
192702
230367
189177
654158
1129813
154065
356030
625446
146588
171957
145938
1773529
6154328
5792540
1627457
2085092
2346235
3682856
480169
150884
132212
175893
198702
254646
215254
252043
188024
601958
669334
170627
176760
1592618
167556
113651
136670
2571949
7986642
9262215
5127156
6992461
8655746
9694350
7826436
3672656
180911
159034
125598
224875
199605
223487
223020
1035250
2155426
168441
181221
428511
170400
136701
117100
3276046
6572270
6812227
2668139
3846940
4702308
6643798
2455986
108450
138265
165886
204619
261263
296566
215233
188272
712941
468952
155163
137600
303355
225598
278153
1135216
3385643
8038409
8397697
4630659
9973308
9938280
10289950
6130815
1994858
164169
153463
189980
219535
235013
235369
179356
1684737
1083579
146906
367985
180493
202148
189823
237968
1926092
29411731
25243858
21061112
16846272
16022108
13274892
9095226
4927567
730085
155541
146237
263839
167780
177074
183365
2401922
1509265
454475
680325
175460
420384
209332
1501084
5406840
7520432
5537907
3219528
5666083
5842765
5864236
1703818
156200
227142
184271
223969
216261
235666
210778
159550
306773
125650
631298
4574741
1093688
1135766
3780365
3414117
7638621
11237509
7226789
5901613
8137378
9385629
8003655
3841205
174931
152922
158098
198575
156586
176022
212709
603698
1853297
205584
342238
1177330
138506
182324
216015
1653805
5734657
5955286
2033537
3995933
4114829
5552742
1673912
148993
169145
178859
224106
248611
230063
226074
268025
2071027
2027206
151604
769087
197519
118055
161707
429095
1276518
7129274
5757416
2674756
3619636
5560349
6779520
2607197
133674
142630
134145
215522
214746
234485
215088
165326
585281
1510921
207130
156029
143642
356171
185703
353461
2500434
5861310
3307819
1117228
4159171
4612136
5204254
1057732
197316
178012
213910
229222
246189
211788
206657
156936
1524380
405852
405534
116023
311516
840535
124174
510264
3617570
6241825
3188387
1245647
2273090
2279942
3827087
137082
132638
156573
201488
215374
209263
224057
218247
403478
2152315
851311
527836
370388
148306
181057
115450
1032739
4029365
7780307
3626403
2263717
4144350
6093119
4979645
812638
169588
161152
195078
207816
201124
190831
172939
500425
1954282
732843
545622
546866
160809
167349
493476
3172833
7766257
8502128
5160606
5428898
7222332
7942493
6946983
2768150
121840
157436
171289
203610
300426
235820
228968
944554
1929535
670576
900401
650034
168326
284856
182426
754576
4188847
4270146
139844
2119571
3449861
4774629
1869240
132300
164635
156305
190793
196694
228829
226162
165946
1114017
1250188
130359
340606
537967
160050
164326
148216
525175
7354367
7127067
2985976
4884149
5488088
7068835
3529989
139568
156982
202698
223142
216944
215420
210117
194059
1494304
2959686
177348
1560578
2262345
410774
1064532
361227
1998484
6910999
6161234
2579259
5982110
5935114
6618282
3302353
144703
149463
132385
175643
177072
210903
249224
147954
1458793
2379404
164112
152101
654308
175200
463397
352182
3057487
8026145
5457425
2330926
4726067
5321806
5856199
1721684
180057
163907
152966
205439
179572
183102
222889
208819
825078
1198987
160575
170592
147508
381473
522800
362963
3665719
6442048
3588048
1698640
3363449
3747682
3186396
165253
142886
198700
236276
269321
302711
234641
328146
335585
1606128
147616
212474
506258
174145
682256
1071919
616993
1914576
6196244
2007875
1577793
2109846
3040052
2394245
158897
168109
161512
161620
204619
186762
205622
157929
284602
2130795
716086
526461
572871
176666
162313
141932
1005829
4783405
7057559
2915892
3400136
3924415
6021370
3601618
144028
150442
134619
240726
240617
259144
302669
160883
799074
2271589
134547
889367
1010042
179937
1301194
169833
1275095
4908137
4571985
429686
2526954
2974722
3396524
653072
141004
157669
137253
177500
231597
220381
238730
222776
1280626
988283
153111
152337
922224
180754
958784
153411
1035089
3382622
1649833
235545
2354697
2403369
2901736
141742
143747
148612
147585
206690
225692
206021
227184
168784
16321977
12168457
8036226
10476221
9298221
5475951
6160114
4708694
5267632
7611854
5874952
2189503
3281208
2786163
3430842
123136
141154
134974
182132
193561
197822
222405
217804
197092
636420
141573
173325
138051
136671
328548
815652
323183
1656346
3266082
1118192
1006112
2437742
1602849
1076020
152396
139480
145897
188459
210649
208186
216411
242120
173841
938956
689401
103947
984728
144457
1173571
185075
192210
2110733
2636517
126596
152031
1070453
828783
110593
143478
174880
217816
235341
222298
236983
248029
166253
224932
478183
144780
438184
140779
148919
608790
136021
916411
3463075
3437126
159786
1409213
2354213
3584160
139863
149087
168736
197947
197344
229643
231764
238282
196288
257515
326791
147454
333890
465501
147867
484684
157202
2552271
5914551
4258695
147168
2332942
920897
1133116
148844
183510
215608
219085
228670
201849
190472
243897
183412
396082
569368
159748
200669
142409
131298
325581
278270
2318639
4372978
2921478
153122
1456559
2613092
2008061
135302
142632
139101
191569
226770
250405
243151
307678
193307
771576
122807
363757
196813
175929
671148
561497
598927
3337331
2966903
1611163
846177
1914313
1290098
968101
145476
139501
147042
200593
208913
208657
214012
216546
233431
299604
166936
169520
987957
176408
424831
182342
450685
2589971
3554911
139465
145196
767741
1909688
1002056
139775
126334
172284
239597
211784
169624
203437
243306
494033
161235
185366
238607
817008
146655
216862
135515
1047182
5675650
7648182
4307520
6223852
7871045
10094389
7640695
3478933
163509
165251
168722
167396
174504
227316
221935
1409720
3323391
155273
427243
254653
145726
537645
161088
2582744
6667345
7070971
2906497
3770271
3739952
4480051
3108279
138667
146546
126946
204983
242812
271059
231166
172999
1921869
3519601
159072
766062
964641
161595
171792
147519
2892673
7063484
7011555
2846130
5959759
5862811
6655974
3342915
167250
174604
207090
238259
289429
274732
227148
195188
1091732
1465468
173518
353158
237594
216513
327227
266140
2752880
6396913
5831668
1947017
6490119
6257479
7498662
3343589
179170
155962
214573
202743
250031
204987
244656
199195
1404287
2068787
145387
272128
153452
164717
155579
363659
1510356
6355720
5437089
2668766
5276913
5431484
5549376
2087079
142365
115398
164681
208982
229984
232645
304407
203555
1792693
1581845
427778
755274
164349
142883
138260
1373877
5487379
8414763
4229254
3097276
4746831
5561713
5230529
1033376
136412
199959
171948
212393
219153
231439
232697
419619
2025182
267474
806348
2184342
151041
819436
154166
438019
5468323
6720785
2556005
3640844
2260496
820758
150944
134606
154885
190529
192874
187328
174957
218355
196869
726132
2469419
156851
412240
415736
132501
591558
146928
2815058
6411858
6301829
2104066
6316031
6032934
8209118
4015530
172235
155793
191330
250772
281621
278409
245465
205402
1842706
3366660
163076
1166443
1534021
387655
939508
415221
4147322
8021732
6717959
3625097
6527145
7887705
8375573
4230049
143358
137981
144856
183691
221838
216029
212736
215272
633555
124071
353756
160634
148180
23754349
19615565
15470828
11300303
21542926
17487652
15206764
17340840
15312728
13566097
9404389
5270699
1101586
161525
188874
218706
197896
206521
155917
1714379
1480152
553772
229153
126952
543411
257063
637255
4321092
5476410
1312081
156301
675235
1418729
728870
115917
111185
172653
223491
206683
242342
210825
225993
382777
322753
941076
210006
387326
126470
152229
126234
566472
5106605
6945934
2789118
1910317
4351738
5601674
5067404
923475
140994
145414
186891
221437
240436
243797
197422
1099780
2536886
163369
146952
688965
145940
534008
131269
1454773
6203620
6226996
2100935
1995068
3304411
5435175
2239045
167757
191061
157565
216690
230807
224393
283176
211393
553893
2132164
179329
824537
1242975
150776
123075
143685
1727937
9131243
6776805
2583679
4411503
7062971
8672868
5032264
860486
140159
131911
153438
189347
166234
219098
187214
1086452
986891
196859
170279
357610
251358
194020
431869
1985124
5241679
4566073
1011303
1460617
1636890
1786069
147680
143728
200704
190066
282756
274626
290452
288808
219890
1260973
1955408
148817
426787
1330330
598592
3660952
541989
4435854
9747120
5585409
2898829
3609610
5702904
6000272
1839975
147675
165608
192043
185911
192103
227942
226132
219099
673597
1444409
355964
179612
129061
251215
187534
617809
3428789
8976131
4793017
3315024
5964561
6878031
6243734
2104213
177319
206339
154144
198115
196955
234890
341070
788318
3052427
654477
462286
1135234
180061
1210571
557544
989714
4493212
7773511
3648663
3365938
4561507
5704424
4232472
139348
154930
149462
227166
274373
254580
242422
226919
1359217
2067981
172804
1235096
2518269
170916
774741
153886
950348
6735295
7372927
3226310
4466215
5930652
6935933
5422191
1254157
184155
191798
221522
222955
226756
246985
208736
1104767
3698011
169024
1049614
702536
192503
146778
132587
1602485
5767258
5841580
1932548
3139835
5235003
7012437
3305760
147846
144093
142719
203373
250649
222963
206267
195864
2128898
2506053
151374
718860
158070
163573
120056
222511
1514392
7295121
4015537
244005
1276410
4072308
5506151
1378133
139694
218287
169896
197611
206208
207575
206034
205460
668147
2330847
139237
1093999
153810
219437
223293
475518
2928978
8663304
6713675
3343576
6236238
7509989
7327680
3127947
106040
150212
202393
219016
274460
222013
278695
180957
1561691
154910
200290
789060
170965
628734
2988121
2762878
6838451
10762592
6616722
5745585
8116970
9642541
8873662
4701874
550891
152763
168085
172154
203848
262190
204591
209462
678084
185580
281756
2871192
206191
235640
553900
494151
11955093
7774929
3633940
2827058
3879618
6367350
3690461
148854
144880
128997
192814
198509
187947
206286
315339
360976
574433
134156
191063
612840
194530
180138
194387
1805162
6935657
8252139
5171565
6843143
7297283
10349186
7466044
3335808
176488
184058
191250
234279
208334
201204
200917
623481
153117
184551
181673
240797
154612
383594
175064
1483121
5568182
3960133
156673
2191032
5459757
5525968
1297910
155823
164657
217073
247964
234513
265309
241197
224767
849508
953466
143190
1857841
180463
715839
174555
354035
17840115
31100680
26943214
22787457
18608103
17596580
15086177
10908907
6711312
2511069
160643
180198
200845
233587
252531
203568
1914790
1154227
719066
239868
157548
388738
183391
1203319
4765698
7196078
3014132
2028301
4094935
4932276
4238807
161321
176963
188148
224761
234049
292491
242648
207218
1038228
1405244
365713
1040789
1647438
162304
195822
125749
1867463
6198673
5112994
909125
2313917
3602168
5647481
2855457
147075
217044
173878
176173
223500
202714
221056
175137
283440
2748865
455994
840028
170247
161316
143056
140995
1094791
7133659
5054758
880681
1926520
3576926
4534517
2166836
159876
136523
133963
208927
215769
207679
207281
155587
1064523
2185918
141607
694360
399245
164212
370203
146862
2144964
6024204
5467010
1305350
3262818
4884459
5659735
1505655
178922
134074
140040
199159
180654
181162
217755
187594
710649
349244
140760
1212828
155192
275328
998492
301063
3043637
7652877
6826464
3373343
4021483
7932678
9038934
4883567
742679
166469
144765
151185
196540
197636
235497
156431
865992
653807
185852
770077
160036
200328
352176
394254
4583620
7172698
4832440
2977367
5614247
6137694
6013970
1827399
161974
158836
135599
253040
250979
257670
208352
217884
1005263
163641
233402
1275114
155728
226848
135877
310846
3182861
3667513
148949
305366
130733
667881
114471
160084
180490
213235
217035
221661
239625
224465
193642
595637
3252482
1782425
1529249
2401233
150714
453362
184389
484573
4470870
7610167
3671129
3476825
4417363
5261159
3953428
126062
249192
221033
185840
215337
235250
267933
199099
882053
2763770
154503
391876
977592
165913
268391
191276
727985
5455998
6177493
2256192
2871535
3100498
3688893
1476399
160997
128367
161120
194003
190390
198405
207294
215271
559363
2444141
695161
1822328
3418782
163539
319221
142701
2352558
6577579
7285553
3126458
3231472
5931816
6829927
4436913
292318
145036
152919
178943
181752
204270
239170
307820
900969
1175002
129568
820765
416982
139693
190594
135968
2202349
3649907
1426292
154852
1615074
3689948
4612164
2203873
125934
148452
171184
212880
225541
235644
209049
198630
1059705
3371941
167468
187388
1519297
164589
473023
120191
1555646
9462911
7094740
2971326
4214531
6597495
6536915
4068517
136815
143938
128515
192753
209936
226217
205275
186766
880356
1340077
138145
225627
173720
161663
248816
483002
2038084
6893433
4925548
1188304
3948375
3624830
4822767
749844
165649
141090
141797
189040
248945
226370
216085
214307
1308139
1514173
132460
944987
142651
160490
166455
562333
725200
2929626
1147473
612502
1092697
697599
1390201
126502
142800
207451
203021
204751
208575
211451
215013
191180
595409
147517
162018
118598
121204
179833
781488
135091
1626251
3933847
1520516
261155
306116
1169516
595192
135937
144840
152291
186723
198138
229016
230043
230947
266608
137169
118161
122965
435364
139460
186471
139647
603854
3844981
4211930
145230
1001638
1675583
2586816
146484
149691
107929
196536
236558
311296
317005
257792
210255
410384
1363036
202064
156681
539884
152552
666717
121712
1008480
4666790
3878970
158426
2225278
826928
10337649
6162938
2003903
1970407
146711
174834
190027
214377
217563
154117
399740
291604
114494
165217
450221
133745
273258
126373
874324
4557454
2938655
158119
1757298
1646280
2086222
125724
150005
172154
224751
242688
214430
243717
276268
206512
580051
1184649
181947
277382
535091
227113
1120955
616502
938968
4647034
1888149
281307
3853778
3023164
3128139
170537
196940
169679
170477
162933
198545
226672
213174
163026
1020014
323503
144191
182306
157587
165939
162588
466217
2560332
3059555
2565323
551430
877455
677061
131554
143725
168261
179134
219471
226759
178833
190063
234654
166084
126462
597074
152222
498871
153987
154004
258678
782498
2938488
3696315
1461940
361809
687165
735551
498898
134699
118528
171462
201669
211947
241012
271055
217790
186954
174007
144383
243189
155452
157495
199196
134076
780764
2782541
3691656
914118
719907
2037020
932199
1457932
127472
150981
179861
228387
217202
211063
233247
192493
442564
463064
168382
164968
1414375
197186
184462
137177
326854
3105285
3278502
143322
130308
179452
1108401
151891
142733
144433
176266
214762
194838
222361
244836
169006
502045
938389
134070
147166
1147259
141388
143351
141451
1183221
5461823
6260280
2314701
3724989
5801207
6975188
4874461
673144
171919
174791
195384
214367
186434
221075
231084
1109515
2280413
128466
944289
1140679
215339
158457
1001990
750336
5553598
7466824
3348850
5083313
6722988
7725391
4310552
141865
167556
207379
187036
188946
231119
225426
222470
988435
976483
143818
131051
803840
380203
147605
839146
3158380
6937948
6826080
3468052
4531897
7139157
6962219
4262240
157556
152133
105291
161105
176975
215897
216813
172860
131575
141837
146959
132956
718390
256890
2529190
797263
3834510
6619299
5780979
3317496
6204794
7472357
7783908
3752742
141909
159174
222277
215874
217386
150892
179864
203208
1115437
1323191
481545
1332251
171867
190082
223186
798482
4280856
8463469
4676043
3565738
5405819
7030118
6115135
1972099
149066
145183
200844
233919
268678
293159
256357
494187
2682398
2324718
735404
683861
159996
156811
209184
1021670
6243055
7945456
3809669
2479785
4174441
5061061
4000053
151044
166475
137360
200420
241246
222116
238974
178317
836474
128538
126291
263381
831705
151351
123759
530219
1280460
5326323
6803210
3366672
3358184
5225940
6769746
5132724
996134
171396
153929
207740
182521
220354
208052
182439
286661
181849
160006
334761
166013
158102
184620
140218
309278
5584164
7560141
3403549
3657589
5584828
6779429
4681930
525326
176814
168310
177386
295409
270531
242400
223987
932290
332656
159387
858975
706783
144681
449525
153663
2047386
6572245
5946738
1809124
3394293
5294720
4931145
2935588
147389
114960
145240
193621
217444
230064
198827
198398
904438
415244
165045
1160905
797410
189215
136608
274607
1196439
5233728
4211031
354619
2943205
3735739
4589958
1287294
169695
152478
121158
221717
205761
241581
236936
189401
275143
244343
157136
205686
195251
273956
186724
381186
2686321
7148376
6502348
3499408
6187020
7628446
8076245
3922502
160441
144555
189176
175813
224696
206841
215816
148887
229066
1383850
9167636
4968468
8075664
4893178
4588040
4543070
7472978
11306167
9072140
6527325
8529810
8636722
8406504
4924432
712296
147177
156130
179890
256432
245437
273407
281211
612876
161675
348783
238555
175314
206853
153188
283107
5489436
7703596
3565835
2490789
4160839
6545665
5346323
1177499
144189
172710
202864
249942
247959
219643
188965
538861
768205
164535
864869
2024987
144701
122824
122358
1314586
7042970
8643639
4483811
5403871
6310975
9648484
6572912
2407957
138642
175320
162894
203748
223618
235996
184965
838681
1582328
145582
134241
1100897
158291
286424
133104
1313617
6861032
7359109
3201795
3320432
4773395
5658459
3417987
149600
128453
208319
193503
199932
205990
217045
167492
401497
397072
176373
289333
1780045
135495
173838
114096
1679996
6923840
7387559
3267118
5672003
7793493
8796994
5978301
1786307
157780
151333
198126
244549
261751
234355
212165
795255
148437
144753
134778
243831
220315
177525
329657
1666379
8609938
6617870
2888333
5324071
7634085
8071749
3939065
155807
137462
219837
238990
197760
210042
233924
193823
1546328
2438319
141443
396843
291923
549502
829168
740085
2108077
2328653
1238376
157023
242526
1642229
898983
159821
134356
174689
267711
241661
293236
286849
290330
208271
295992
873027
285996
329018
176149
468150
549885
391178
3224532
2609535
160732
193734
3336995
4059293
3951370
167766
161142
191665
217725
203780
206198
235204
327338
437553
827609
521459
771100
514008
186232
982719
153692
749748
4722137
6766301
2620375
3522797
3770219
4004993
3764670
177911
146679
147071
178693
174681
224888
241283
173221
591958
2440742
444719
1191710
2214032
180647
706909
143051
534115
6348099
6676319
2524947
3082918
4692007
6604734
4373514
229194
174688
148356
192837
237626
251474
235810
192144
717990
896376
200005
297540
859385
152840
492423
146439
1888740
7202299
7925045
3763495
6381583
6854698
7702758
5010356
864798
160612
161829
171691
179743
224528
216599
221302
835785
178949
149931
163800
473872
156698
196719
171196
581307
6834083
7229928
3092680
6350967
6484035
7388250
4582501
373702
141800
176467
167080
325846
218003
269609
202320
1349251
1300712
157843
209122
153284
343989
428976
493198
3630174
7753795
4971565
1654676
3522529
2303023
3091918
121731
160813
100085
161250
208174
205148
204140
211657
150702
822127
118118
105935
196177
521804
662466
1098561
492737
5771697
9914628
5794695
3874208
6345930
6260955
7176069
2992199
167437
160767
171250
219338
234699
220591
199810
218375
3284367
446313
407662
758451
152037
164272
182384
1766782
6128094
8253459
4119561
3404961
4990602
7603188
4839449
716916
137955
117746
169585
202321
252605
257004
209001
203251
3693619
173377
376134
1262466
170703
151859
568020
1316404
7476148
9493603
5319087
4283404
5974388
9217613
5726833
1590272
174978
149283
180998
195036
148429
237370
221009
184119
967071
111579
248823
1337217
166289
137352
643706
1562260
8214446
8606551
4493806
4370848
5986561
7395954
6241892
2105156
137427
139878
193310
226042
204699
259136
294979
191604
3062094
151204
347027
2918169
124562
783873
29054062
24911213
20762588
16689449
12593289
10169437
12971478
13362858
10343820
6125427
1930120
113830
178805
180730
187613
223709
186423
1166383
3734338
134998
507773
1030742
138649
254247
109533
2289721
5141381
6537973
2367292
3425929
4254382
6427118
3977611
153930
155021
144433
230116
216287
235908
202804
194145
1109032
1197770
168330
222820
1059865
140513
147100
158532
2120136
6720182
6043574
1887440
2799299
3964031
4764315
1857781
154870
166580
156840
177897
254212
250380
247809
219699
1061690
2518251
190960
251020
543015
274954
159923
331931
1901430
6688798
4844689
1582758
3119353
4913223
5829894
1906344
175500
158567
243812
244155
220966
230599
241398
216521
2572689
2658057
411161
2052734
190423
146195
229127
1377738
4850160
6789520
4412744
2995302
4819557
5611487
5057781
917921
158753
175035
150015
238834
232613
250317
250620
596925
1456127
167663
1392989
2303670
175028
277972
149164
1136106
5015210
7445289
3505248
1966060
4242283
6706530
4545431
408333
156687
172412
163529
220957
243581
278595
193796
238264
435116
165973
909410
1557584
136278
1288387
2542497
784678
9264042
10942966
6785443
7887483
8405900
10541758
8045763
3890438
149844
126416
171662
227435
204948
202143
219462
490656
1350422
134356
140787
1227295
158381
359055
125954
1422363
6707377
7783760
3631582
6410315
5717802
6356840
5777696
1610301
146935
169599
185781
222586
224662
214827
187445
822188
1207997
139703
160623
494390
146614
136996
281759
1834474
5215216
6242327
2246491
4758803
5457441
6938222
3141004
152091
153078
191458
192723
209449
199372
265891
160776
2298986
3660832
172469
598247
195675
220567
157969
474269
2267961
9023327
7398183
4642681
8769720
8607491
8972959
4786584
636035
136605
178204
176519
199585
183118
217399
174170
911110
252929
136932
170961
483144
163795
163953
246335
2000773
5731789
4784225
1852034
1893859
4986149
5646607
1496880
166199
142355
138573
198514
180817
204459
223412
154390
255270
1359447
294900
973036
157700
137448
641648
452922
4412402
8896499
4730434
3636233
5194338
6727672
5866753
1693863
161025
182912
163660
214924
210971
205782
200874
365798
1769305
164757
258798
729282
149040
154788
145258
396338
3517655
4328958
180050
1402345
1193360
1093780
508782
150752
131182
146002
197215
199082
223280
236087
198919
331840
826110
167376
162544
635382
153740
371332
137055
1097597
5615862
5056146
915681
1734379
1396682
1837310
152051
145735
142199
199634
218905
191307
189652
179274
177152
445518
1044192
312828
748931
1159493
159716
431221
165422
1179721
6758516
4409233
255449
2318458
2019484
2678314
152615
148429
124919
181607
238295
280536
307771
307563
202201
476945
915265
150541
106487
196762
215022
155128
131363
161589
3380108
3333403
145709
135627
163218
152757
134596
113202
155620
166441
222070
229543
215063
223202
204515
219918
130242
157145
177294
886812
139662
143443
152494
753786
4139969
3360926
213379
539597
468412
216601
173840
132374
179273
221936
237358
211518
190713
210503
218239
369202
137016
141039
788069
250151
178743
145538
127072
723648
18592845
22235201
18070889
13906648
12942496
10595813
6407627
2251418
145251
171238
232442
222711
225345
219854
202272
600209
173350
180367
820634
174456
390530
335758
409594
693378
2758468
161052
289101
128123
1414790
135814
155527
213978
222802
200892
222512
212070
242237
272316
212261
1285903
193866
345188
219797
193659
146315
168993
1001308
4535813
5050516
1772428
628681
1850900
1835465
277613
153130
124173
163142
218276
254581
316525
289324
195263
540902
1617701
182602
317039
226296
169570
716172
156845
580535
2764758
4179971
884764
910984
755400
2473102
149706
141847
162128
198815
235208
273998
238200
270148
204962
162011
576530
177556
500530
407424
167774
737869
117554
179793
2850625
907322
158956
934945
176596
181193
146527
144194
137982
170828
205995
190594
202823
202777
177415
549426
455472
167156
208018
1190143
210809
1422819
183959
2621031
6225344
4476181
322155
3440822
2315845
1374677
165584
121954
137005
215772
252145
253074
261693
213818
225056
1142243
1935749
148251
1864761
779478
239684
857702
584409
3727245
7198533
4476458
2452013
5412063
5845054
5919236
1754257
196129
169253
157889
186761
215056
266115
233321
183841
1253377
588197
734863
1163551
187827
546227
155255
1183299
5805533
8430363
4806128
5306108
6339094
9829394
6274465
2128071
113638
178528
233392
227980
281465
229666
232620
679183
3038397
155568
756673
1389324
146235
213718
148427
2028351
5044499
5560933
3204767
4140138
5370421
7425091
4573169
417815
160557
109288
182538
211060
223766
228375
161642
811755
151038
134498
142964
224256
159150
209278
142467
653778
4195710
4908125
709314
1741600
5800868
8720795
4567080
426945
168606
184066
181587
192637
211783
222718
176643
347813
1039382
160365
142488
1071524
139861
1014470
147231
2248396
8671765
7865784
3709260
6691011
7856683
8293082
5596036
1373654
167858
193720
189075
224027
230646
220366
173394
1581826
1551815
150925
240176
157549
184157
183789
370556
2407779
6350019
6222001
2492203
3136254
4445876
4184906
124544
134081
143131
165318
173654
227329
179080
232512
172983
369318
118777
146241
213166
154923
152384
254866
1806166
4476630
9071307
7369894
5148317
8052604
9342809
9255071
5109984
948315
132903
121182
152408
178291
261900
226047
178118
2793745
2199985
581732
288608
206625
385721
247466
942158
3059121
6508438
4909827
4047343
6977640
8612742
7547480
3418293
143756
140549
166665
206813
211231
212047
203222
433352
884699
538852
593745
509182
154399
156466
153203
1342357
3103076
6396488
4849489
3579352
6310114
7563175
6511239
2369489
161731
133588
225818
233977
222481
211553
213403
774040
1531154
280879
1024319
1514831
161772
352368
188574
583227
7785895
6011113
1857417
3732738
6558762
7988378
3777860
173110
122652
236911
235868
253765
233612
250746
177576
2618549
3075239
171619
636871
147588
166567
144581
362994
3421067
7471840
3918300
1566344
3355926
1605705
2309869
155096
122724
225838
231863
211428
224780
243517
225383
251182
2008314
1135460
856189
466577
166747
517906
191411
1287735
5611454
8311283
4130215
3359033
5255568
6905064
5373577
1192459
208543
128706
170926
239501
305630
226499
189934
21987696
17814603
13606832
9374424
12346685
8241228
6601862
8296508
9256739
15322133
16819831
12653695
13361955
13813533
14884944
11273925
7094507
2946227
171788
124489
177586
218308
238285
173881
902364
1734944
176405
167451
1267220
156807
353488
146496
2955199
6406421
6818738
2888226
4868827
7952227
9326461
5175268
1014441
139199
179524
190700
190891
207919
206257
199137
123496
147846
154746
1811543
1225348
251370
3233364
1483498
3001701
6763797
4522963
1509304
3004325
3989764
4421293
230087
151899
148413
149130
227336
203695
212383
207113
211476
324560
131227
175017
197752
167599
227499
260259
162112
1890257
7017641
4577243
2191221
3414388
4531025
5193250
1051060
175363
147100
191336
184222
177004
231181
229756
194114
3072094
2044092
679291
3406994
165059
245872
146935
519321
3451278
7548643
4243341
4052609
5703575
7200519
6010879
1825713
120519
193499
222108
241958
267773
251959
223358
317848
1349953
164479
352209
704161
137543
149104
861862
1551144
7906969
7062662
2941306
3469926
4853215
5982160
4256628
163383
167437
191098
173994
237658
234904
242611
175174
1655651
464083
124003
778859
355584
173904
184915
141844
788994
9366372
8294083
4132963
7994465
8129772
9820239
5976810
1849955
149586
120912
135547
175182
162192
195791
194384
1252647
1636377
143234
1065409
840314
154733
165158
129237
1411861
6650696
5531951
1353130
2698613
3549193
3991511
951598
127707
133946
215873
210590
219802
214195
220330
215480
974800
1179915
129235
163976
1574349
189405
544593
557907
2269223
8503088
5750900
2510374
5559251
6846924
6969116
3407587
165417
115706
167536
175861
161628
193256
218281
181042
1031285
955550
140942
183763
144026
178513
178312
342448
1922773
8725306
7025795
4495493
7923308
8517808
9485413
5344752
1230790
142376
215588
206287
234361
234776
238492
193934
1450737
2567018
315142
1855390
1158573
737076
137836
1286267
3458209
10187168
6670481
4429575
7111350
8703828
7875542
3713045
157018
132766
184916
217350
201636
265652
237638
215950
644323
152106
811665
535143
145709
199450
144881
367179
6086397
9167932
5190001
5378930
6827377
8431569
6716916
2566231
152066
134793
187445
207200
209412
219320
169498
481518
3242466
168882
455275
1278826
150142
205669
168672
1609182
6981104
7812787
3624369
1844009
4273888
6319446
4996264
845838
165366
143117
130314
215704
219543
222967
173801
868525
1440091
140304
204246
292609
141307
171694
132135
1042564
5113262
6559481
2410366
2952797
5731479
7600595
4417792
226666
169700
177078
142115
149419
200654
218482
187292
1136940
2293874
176484
255983
383764
137507
167736
118285
2210082
7089399
4869553
705869
2168190
1987580
3229806
1322622
263379
173111
130222
240909
265162
205402
245521
192491
2024114
3196197
151437
492867
142585
205193
219010
557972
2930489
8118386
7179385
3738283
4852646
5752991
6276978
2121231
161181
138984
127808
169930
181319
177835
183753
196959
1488268
1107115
181714
150178
167381
1385433
1736374
465798
3192152
8455893
5691423
2923976
5356745
6775874
7504007
3780729
156458
132214
145898
226121
266725
233253
237623
170018
1442596
155356
144013
144316
153068
20612698
16433952
12284241
14303654
19492436
15268126
13628942
14998136
16722695
16153173
12023795
7877393
3748523
125900
138714
128892
170576
202094
274839
211483
145493
165572
287611
158298
249333
142273
1101189
6159786
7248753
3976247
3140056
4921368
6204340
5241521
1091550
142724
176644
167327
224550
139483
239584
176253
666968
4096473
2522997
1051385
2634094
173019
641000
139576
1101338
6440983
8285177
4162049
3924925
6083623
7087277
6416027
2238467
174148
158971
239685
273698
257748
232951
222369
1023621
2849170
641033
154227
456340
181761
147863
559273
1281777
6945192
7326167
3133455
2793848
5092998
6685828
3820962
121236
146198
169472
171431
216865
179910
219710
176553
688623
2377457
161385
1243361
1716105
182130
490736
147139
2998192
8132484
8240265
4114519
6654394
8359624
9990519
5842498
1707621
163109
129323
182607
228808
231760
236197
206533
416502
1122975
137792
533924
134911
260832
1070417
333215
1032412
7383606
7048572
3540548
5631050
8322569
9300581
5154181
1015676
153133
126034
168785
176804
206414
227222
183929
1874734
1170760
157352
129029
214311
249055
331087
619956
2297562
5652058
3707201
920548
1968115
4404174
4466667
313570
171713
154201
197301
208710
170917
215551
252074
184940
1087150
930010
274835
117345
138438
159640
183013
232856
2307591
7204675
4855030
2470895
3377117
5935974
5146359
984053
166593
165231
127340
241603
246321
185055
303044
218600
2061058
1789844
224635
210710
140380
207421
146618
773983
5016927
7629597
3462011
2589380
3666074
5342503
3761954
157098
169080
152935
216509
203136
208821
202979
193398
187019
162753
156270
143185
223597
186330
185707
140507
716868
4300706
5854243
1705109
1188325
2863434
5149593
3295652
162084
146687
100799
180353
204650
229557
231656
188690
616916
418270
958455
469688
695130
145800
206060
113226
573138
4056438
4119548
514542
617348
164298
830125
116392
137788
171793
184298
225537
207533
205056
203604
168667
446642
577058
152696
376542
306391
166199
893167
118971
785846
3482120
3166306
159435
2305274
3086778
4397847
1289082
151567
131248
147796
207769
193253
255187
264841
176857
584017
1212483
182924
318410
594314
154340
1086697
122915
2107993
4512146
3020956
147755
1947582
429459
535685
151202
141317
142768
197228
187904
298709
277463
273953
183178
865170
2579952
152384
139910
327558
157947
406549
117561
1027400
3849077
3022168
162380
1982057
2277207
3396195
142333
127033
171277
201677
198051
194492
204864
197660
185538
1172911
422132
166627
596881
158491
142899
419877
264765
111450
4935405
3492091
201353
2311614
2865272
2672989
127246
159715
223462
242683
270132
278358
205600
247146
225966
1119056
171778
185193
297110
164929
447987
2146962
404818
958857
4793369
2532401
440001
1863934
1402615
732997
127119
174156
175012
143537
189435
168614
219617
209180
195340
121782
263624
293995
147806
142240
180569
651062
366847
1336081
6025783
2101020
452850
1406811
2025554
1635177
142156
146568
168705
246402
202453
208465
241096
273553
200066
417433
119071
90063
1130733
176754
423281
426383
1287410
17627639
19057218
14908840
10791286
14270319
13402482
10822856
6647500
2480775
158648
149609
226045
274147
205667
250250
367804
678576
151952
345621
409694
162689
551157
137291
1072450
4683700
5881063
1731973
672405
1586568
2092312
917828
143322
139720
213619
200570
186508
216840
208510
192477
422067
163821
145760
245853
156845
146856
273725
148177
301959
4826119
4493512
334159
1836541
913835
1327404
154616
135964
175216
195807
205365
202729
201596
178534
259947
154010
166224
172751
732596
1303631
151268
430350
140736
695914
6325021
5992247
1810388
4410402
6580514
7694749
5735393
1536610
162782
178829
176354
192560
224100
215657
188719
776913
259877
162478
1305985
268095
211060
1086049
357552
3329210
8142564
6006421
2455088
3175784
6112139
7014269
2888081
154031
151630
123093
208834
179254
193238
214688
181080
1608331
1695178
145785
635136
174699
365057
563220
835102
5189073
10216403
6071968
3793726
6012958
7528406
6910240
2746016
114478
135667
163753
208664
219410
286590
298599
187260
1164776
679244
282020
279051
120599
223775
246121
1539936
6161890
7676200
5301725
4703822
5877445
5991930
6511047
2288053
142405
175693
174902
223035
227217
249444
232716
421579
1497825
371219
644130
955831
155338
211928
154754
1365220
5828281
6013459
1868023
3509006
4390254
5534434
3240974
170071
174045
132130
194684
235061
289006
270326
225222
1090668
1985963
167971
399925
414352
212346
2538889
564368
4395345
8490657
7272020
3855706
7790480
7827094
8284139
4134213
147203
175444
164141
190556
241873
213608
205702
175572
1747268
2505480
140042
449418
143733
144574
141913
672394
4818955
6377006
5607698
3003666
4898708
6333096
7480553
3342818
132601
138393
123921
179288
138181
202498
188278
205819
1780243
108515
161350
1367011
190619
448128
342729
1638113
4659668
9491402
6506153
4561677
7546733
7977745
7027593
2864666
149279
156035
179427
225514
216745
217113
221083
177301
1681576
560783
467208
2105532
145722
390765
145456
1184873
6600800
8868664
4709986
4037587
5890272
7432073
6739126
2532144
161024
138248
212867
203457
202178
228350
165259
792524
2980016
148962
772173
1326784
166403
158400
239635
1776951
8301558
8278290
4144760
4629426
5062014
6508462
3761922
170022
137616
200772
193758
177816
219019
179785
204261
546796
2304169
133743
1009394
1086768
125521
742327
135530
1845869
8702319
8132860
3967308
6458971
7079082
8353136
5308840
1143165
136795
142603
169734
211584
218752
197806
180326
246905
1565344
136330
651635
133704
151734
342109
162688
113916
1834546
1941440
160894
1919872
2504009
4593710
413853
153707
168849
214395
206195
216303
225220
197819
219517
750406
1677829
166008
163514
2241680
311773
893670
361972
3493523
7697337
6436486
3596498
4100956
7265521
8010374
3838584
105818
135094
138496
171525
197592
207268
189777
129129
719706
147486
188059
243387
157499
128113
623090
285801
1455929
6052231
2832964
572471
3312533
6893004
6104923
1943939
146516
175506
223029
215680
212882
218408
202752
178047
971032
1523569
587187
961276
146360
305621
173353
240532
3956088
9831376
5976846
4274784
6177589
7646773
9052986
4927374
827116
136439
181021
251077
280833
251568
246077
207048
1672191
153627
177347
565032
155982
411811
324633
856396
6037643
8162854
4140772
3269305
5685960
6521906
6996205
2808937
151175
131389
209271
190556
229003
220604
168413
506890
1987338
824041
873766
1737357
130358
733046
129318
116487
3551175
6326120
3350914
3578743
5234629
5549405
4216121
132889
140376
175679
193096
208456
227399
248677
188498
1851626
3306065
1135586
397532
816455
169412
927349
163981
1119721
5579640
5935400
1862050
1346491
4786497
6148620
3623812
155009
141050
168649
177802
220601
268235
205059
173900
818435
1718331
127061
642252
147348
159141
311619
125961
2713816
8791263
8917930
4739841
8990868
8425849
8997297
6436364
2263699
152421
177521
233819
225844
217769
249470
163157
601368
3517189
207946
829358
146900
182318
883851
137996
1216622
6582423
6826833
2678878
5700312
6776283
7375229
4746183
607801
145553
129625
187566
210013
195474
189197
187075
1760744
2202668
158669
347955
158961
159600
299355
363362
2883842
7435940
5872465
2296908
6029725
5504743
6765127
2589671
177526
150830
181037
181282
177098
241846
211900
196728
1240012
1021623
177059
702510
149344
786497
761601
399341
1863932
6627059
4657925
2564861
5968844
6172503
6750785
2624292
149187
157489
145016
181240
269482
209751
206435
199068
685354
174477
196209
184464
181065
174913
290208
949907
4600497
7845313
3718358
2406541
3039564
4160795
3061056
108733
141848
188621
232292
238701
262953
293072
267071
541676
3686617
1706697
1741510
4229931
157863
669110
230968
607495
5888255
8724024
4574901
4997845
6440927
8293131
6812690
2653093
173095
125345
194144
202328
228397
214837
178274
189697
2529591
113454
555856
486179
155470
191885
128805
1590188
7873945
7983115
3836631
5726438
5566726
7055036
4980919
856151
120712
180455
237276
255286
290297
290378
209111
616333
2330593
156224
250155
400513
153170
463129
126024
1018226
7085703
6224832
2040130
5060463
4581111
5376215
2781095
138244
192493
167961
209820
216229
183568
225828
243543
1834413
2460423
164829
1483324
184838
129972
329802
114378
1413762
10094830
7303869
3202056
6089754
5457458
6270579
3531640
158482
156456
174566
193303
203880
190187
220381
170308
580055
779023
165310
492507
521562
149997
584778
211559
1449228
6771604
4794115
987270
2647991
4158878
5301849
1128005
132836
142446
181101
217041
234076
244435
285696
167901
1211131
1486777
155708
1008471
1264835
227221
113957
442729
3243480
7543099
5970321
2605738
5532288
4050662
4605171
1112573
148749
159818
155185
192770
192690
196874
205152
187221
624397
569907
177692
179088
167425
946299
597314
314671
2019330
7392521
5674763
4191221
7524409
5939715
6898005
3113426
143077
175696
168178
219660
245874
228519
217157
176711
329624
306209
261903
186809
177591
230452
326749
687805
2566470
5987323
2708780
2902337
3699957
3773311
3421084
150406
135461
136184
195158
193436
201235
201542
211270
391257
207410
157800
223179
619175
178494
388673
164161
571690
4043185
7465800
3796811
4018057
4923648
6135646
5186151
1036826
163222
154685
212310
215001
227558
240987
180784
217012
3427628
1504527
1657189
24159765
19924136
15735375
13081595
13674980
17412455
18802826
15104658
17097960
16616668
18723154
15004925
10855249
6701937
2530494
158063
147095
166082
195741
180188
1049490
460063
153666
616874
239140
170391
756088
149694
2466468
7302623
7732091
3602964
4483212
6632103
8598016
4687545
537041
106369
152174
163535
189775
247180
228283
195361
744371
1368473
196397
984058
296564
146619
745040
122844
1493767
8810028
6438671
2271989
5179676
6628491
7389053
3759043
170916
135663
180194
235633
307525
231512
315084
212004
791486
1024466
183096
462537
154609
148532
171806
274738
2661362
7989680
5348881
2173621
3969830
5740428
5822165
1657516
178792
142909
202487
246346
242272
247112
243741
161877
843109
398104
203514
262956
161415
188565
170849
168773
2400850
5197765
3149662
1768285
4015286
4929936
4829635
616326
159458
143410
134299
187632
194297
194294
195132
173279
537380
899326
444753
768161
129953
214620
117886
704850
7147574
7502285
5116624
4391114
6295398
7445782
6342287
2176617
149589
162316
210712
269859
248566
249070
212188
428276
747805
182397
241437
1446801
206209
239774
134972
1933952
6733923
8278253
4482897
2875327
5548968
9153930
6772986
2621878
154492
158344
198303
217148
260503
226735
176428
255076
1037951
198939
207766
815487
155016
161919
129870
1546682
5836222
7467088
3296595
4368710
5488876
6623476
4029731
144374
115502
176782
210912
239397
219670
215250
224175
573182
1036767
178965
143150
328880
135806
139798
158463
235437
2491432
1549638
165356
357701
1291769
1469590
154981
111472
396724
218956
236983
211222
226777
253716
172509
802716
149155
189783
184960
140534
140562
156917
217893
758109
4496185
2321521
267617
894780
2288890
1292025
151969
171932
218095
211325
241320
187597
203811
221120
199089
169586
991662
353241
328909
169143
214737
196996
107418
1068031
4197932
2938469
781106
2415935
2218714
2463133
161666
122021
184614
230040
246801
274595
260432
270861
467259
247911
153249
458107
292474
141231
177706
134830
798450
3537639
4759254
572094
194048
481423
3249448
143661
170073
156421
219775
224998
239119
228139
246164
204810
350163
763561
163618
128532
299603
172627
292626
161452
521649
5105785
2105126
196493
153767
1644409
1250222
146692
157511
198244
184085
226278
220294
288594
253657
160130
1147607
441687
131208
175413
153495
126538
436262
197611
1287209
4827973
674454
593278
876982
2013862
2056868
144737
136948
138309
230623
263255
206700
204421
217900
177615
1208551
803210
168288
398885
168304
201982
192563
136678
1671752
3632550
136376
161945
369814
1283028
144957
122259
215500
224842
221270
215174
230438
261282
246437
277596
179861
151188
192611
209636
169039
212017
140187
222338
1970694
2076928
153436
165703
1334005
3840956
1482998
155686
110033
201205
229305
292693
220212
288189
183921
348739
2033480
159283
691930
758676
146571
261703
132302
675222
5233195
4687904
546561
574816
1697728
2441459
141554
139340
148261
176896
234094
239929
246456
241388
201247
319825
828387
147091
231467
337450
150712
586562
142834
436197
22586994
18397325
14218312
15966041
13649049
12846127
8980575
4824171
643236
176492
153177
211470
224374
256675
199854
979995
1357958
149251
179089
270494
158369
152433
126469
695092
6956503
5784854
1680910
3491382
4509387
5138397
2592417
133418
148943
221099
215670
198026
198191
201085
175407
966125
1878195
137149
1041116
168640
109478
161407
1314010
2486612
7477903
6397396
3060621
6872582
5996749
7437350
3290894
138941
132431
140286
221556
225871
218217
240986
171920
1543427
944225
161752
156773
884181
553448
129312
549304
2332313
7387458
4441509
2416700
4662686
4630923
4720186
572249
150552
147837
193984
259100
268775
270987
229582
177269
1204396
176581
272376
150852
202285
134853
161667
531871
5371694
8304867
5544281
4716481
6973505
8630005
7740363
3578012
141340
151770
145122
195572
226810
211938
212404
189621
2130667
134860
169529
294392
127330
198692
138887
487193
4669599
8999238
5530625
5272739
6752570
8342382
7180403
3035285
105904
225573
249525
191164
183892
227114
305517
405760
2165982
498170
530878
519515
208219
343717
135932
1679366
7707243
8188354
4034413
3651048
5741683
6648580
4956535
782883
134785
142856
136459
210431
185993
205493
175569
481755
1328991
147769
137402
546120
183006
147825
152753
1197115
5293416
4434228
303875
2423565
3386164
6059266
2033693
142277
141853
135668
210710
211691
232358
185352
194138
999877
472647
128720
269388
1178070
167154
1172965
135626
741557
5887816
6216063
2022560
3225028
4899344
3895295
642290
158837
187211
205143
219131
230294
234153
203629
161952
2036524
3105703
171423
340694
355094
270944
461610
226704
2783324
6935449
5477841
2124669
4151082
5865456
6765388
2704657
116530
162972
151867
173345
181024
229887
226159
185427
1706831
1196278
140155
158632
144940
292620
846104
515591
5247800
8361680
5803573
2334256
6890176
7617628
7180084
3000185
176533
177935
200934
233575
247731
255726
254225
233191
1870743
2207531
411597
1297398
220255
203066
149662
1255958
6446570
7522886
5172855
5522002
7451836
8342978
7842820
3699662
164374
190909
162977
219814
192567
235809
211440
682207
1305963
187014
159010
379469
200769
148481
176101
1462223
7792825
9601381
6120832
7356204
8025433
8845283
7153837
3035882
159777
139077
208415
215027
265832
231992
161034
1113991
2789665
123497
421573
400289
145733
212904
131000
3276103
6155439
6801450
2653947
6315631
5397009
7014499
3824333
126367
161941
152372
218056
229890
289783
278521
195538
1200110
1429802
195995
193523
615046
141364
126051
128584
575634
5757463
6598701
3214072
4102611
5629919
7503196
3544601
154374
135021
146283
195319
205869
204199
206820
129130
436463
698176
170531
490470
204340
158048
189983
176730
3966526
6677618
6604289
2609255
3874040
7733547
8329761
4170998
141610
146921
172778
226929
282486
200686
285575
186109
1455980
2126601
127735
2526962
167799
223943
310427
566707
4007645
7341584
8411579
5085164
8380429
9501389
9870519
5739385
1566554
135997
132563
130779
268251
224112
231042
209421
1995038
1260079
130747
2999008
151281
282792
135747
552829
3296592
5919704
4371017
2067334
4485168
16173677
12015406
7854824
3692278
141787
134623
234355
228685
233178
247834
202913
2595884
2115640
563742
817878
189494
497378
384184
1030615
4750172
7664466
5280443
4442414
6663617
5982419
6682017
2562961
149728
180904
191941
241445
228764
280642
230416
498083
1678972
1395475
882086
2049813
146888
133076
325063
812081
3299656
6649606
4169890
4233493
5717448
7223127
6275535
2136379
174868
148600
166286
187198
207780
204571
217495
438415
472320
146640
444181
1356684
168134
173265
125603
529320
4761870
7431292
3283092
2858235
4104286
7065618
3708325
169166
173561
178015
191392
224264
242711
224607
188024
444735
221131
123222
485203
1773228
149079
157844
371430
778110
4847969
4814072
1076844
2379214
3914092
6781342
2986748
181107
143940
141127
197098
225427
222169
218827
206374
475194
903260
159149
532478
146621
193193
155436
115528
1409107
5436541
5014090
836753
3184047
2403573
2475372
1362825
146925
197583
170709
197577
212965
220246
222562
184519
973287
1377319
208195
225379
318566
225865
154357
574382
3694236
9520009
6461378
3149884
6632607
6001717
6522186
2731288
129133
177998
150443
172708
191265
243835
272504
153176
207434
740584
170487
1484716
135119
154522
169318
173347
1129806
5567288
2862104
689275
3514101
2899765
3756198
132369
114625
151458
166256
171336
165207
230747
223370
197638
609496
163939
214342
237922
129336
564306
165128
777334
6182673
7135977
2988741
3255467
3445713
4274439
3270908
138693
116199
184987
219904
274002
241521
245173
225223
738237
1620027
159226
298559
2282098
213597
175089
124584
1037595
4418410
7199984
3957994
4093418
5813411
7628277
5713275
1528038
155943
145551
188446
170847
189256
199441
185496
1028285
2656020
919836
2278675
3474845
141227
166608
129585
1009318
6018765
6116471
1932065
2851545
4379331
4556587
2425401
146175
164663
182408
223642
173753
197532
203318
190634
1476457
2146580
109529
158750
146345
160408
270948
300245
2687554
6817606
5772348
2018539
4154426
5639463
7312024
3314077
146788
101189
173440
208583
180470
207257
192023
175997
346121
779228
158079
1320534
155942
481758
400687
505764
3464837
6963417
4920489
1980555
4399552
5031292
5732512
1548865
143013
208556
159269
208555
186936
231162
213920
180184
2527561
2130304
449002
485633
158213
131511
232564
2284062
6914589
9087894
4917241
4403917
6974342
7896687
6485499
2319218
124393
134627
180102
215921
215986
216450
202476
369918
352607
179978
271752
570350
164909
152230
136038
1872837
6333519
7953313
3818350
2793580
4452464
5478034
4502205
332395
148559
138661
172381
260205
248083
306972
204519
484532
4085028
1430177
904971
1320166
174857
215315
127567
550974
5544471
7081671
2908578
5148292
5291954
5527201
4203617
137221
149902
152576
168930
214480
225742
198892
163415
809934
2997120
545421
692280
957892
150914
129698
263333
873150
6527988
7028839
2885745
5184076
5147332
6450644
3669365
135843
131900
164758
205523
262605
235830
285625
198327
1528012
1803467
158104
1014047
167734
177070
154522
116223
270012
6039579
5191995
1021171
4027158
2664871
4297372
1820845
139325
146962
134943
207432
222117
212776
222634
154511
863576
20761213
16579350
12421752
8225883
4025428
4170401
3352360
5430846
9158409
8919151
4982351
9424089
7500981
8976824
4923720
754989
155181
118585
194230
181884
172443
242369
185676
1305196
1416642
123519
756557
971163
409377
615244
473494
3029714
7953150
4801923
2081147
2700656
4750310
5706839
1544159
142294
169830
128245
199409
184515
217136
214861
196270
1510375
1364074
140893
164291
138997
114841
157958
788510
2821467
9102261
5895760
3307434
5995105
5701447
5387081
2230921
157945
147103
185279
171963
195721
213643
214884
169533
1340529
941188
185209
165399
644479
403648
138631
781574
3914178
6881686
4734300
3092474
5217540
5846059
6238197
2088417
155594
139612
148802
266310
304866
291818
287140
417480
1181758
521668
196243
285512
142194
835930
128476
724735
4875218
7301770
3134768
2948422
2844259
1637822
116920
127327
165693
200055
236359
168171
199630
239429
177363
351687
1681511
153389
235057
279433
126571
525240
147112
715200
4497141
7664359
4137727
5663827
6964843
7853934
5317873
1158483
145226
158012
155719
205843
198634
235308
192310
1480991
974524
167195
138759
241315
161669
282892
237538
1081583
3623253
2146044
184283
373793
1155173
1578342
124566
130565
194375
217983
231178
235480
217393
249408
212418
200167
223742
152901
526084
157510
149996
218167
105583
978609
4643088
1409089
540097
2485773
2013894
1324267
141212
134033
139586
188231
190348
169021
194187
218435
191991
520358
202603
308764
1733072
204111
647285
156240
194132
4415516
4550240
388751
1764113
3155457
4109609
2766142
130766
135291
107622
208434
263897
246742
210886
252064
301808
283068
131985
732461
1424225
152512
165017
197868
173287
2615551
4760999
607601
970646
1147923
2181447
132568
143373
137893
189305
222564
221311
218981
284203
195694
316744
1128407
156112
455907
157358
187924
148077
148519
165460
2819246
3875286
141928
3169044
2246224
3943872
143671
154273
118458
232851
236097
291531
246712
247712
213350
820631
1254573
192017
293799
1443545
183447
236815
154282
1345526
5099174
3756358
151971
1713846
1399753
2604126
125038
98869
138358
217215
244053
304228
304264
300613
218340
948887
2080074
136722
2368498
589509
172573
312690
146243
147668
4460466
3061442
155983
718535
1730441
2133845
139362
155481
115814
170464
211714
209171
203137
217762
233992
182230
562237
141142
200505
175768
216189
163660
282018
2229687
6350703
4277213
975622
2796396
2577515
3267174
353927
145462
168382
210448
232493
247160
274314
258341
212196
1189224
373645
315068
330213
174680
203176
259892
200793
2080188
4028775
933170
643234
1658030
1704852
968622
157974
148013
129924
224819
234179
258540
258992
247498
240192
940209
131548
198415
1012684
189885
172851
179845
173403
3231635
6077105
2246102
1302883
1375307
1588626
495007
138066
104034
167844
205443
204576
193496
197909
189032
175359
771464
178929
562314
3261977
138804
1001018
130925
653450
4006644
3698986
142620
3694494
2972813
5928491
2534789
141975
170970
210124
164169
201576
215652
209486
179909
1073629
1796235
398742
938474
1414524
168266
408790
32619390
28473824
24314753
20139990
15964073
16779163
17894244
16633764
13228348
9074149
4861721
714723
148395
192564
186352
224029
197945
1960754
3004064
164445
1734970
1501334
146057
134401
117097
1996583
8879215
7630876
3473542
6258131
6994127
7223440
5238317
1098232
166440
171774
169418
225124
264279
223471
171945
515685
661101
165274
1199284
135719
259758
163688
332265
2086278
5829868
3474277
411603
2462066
4230044
4664257
502469
162888
150909
194589
220218
233505
226803
233867
205378
755224
1893914
167613
247523
151916
539246
1251404
566945
3427497
7867332
4824326
3056197
4991510
6498768
6401749
2248804
153107
157808
161853
165064
174821
177697
237414
173697
512236
137924
643318
249472
142005
455302
892754
1268374
4383486
8514520
4352522
2862748
4513848
5535383
4460900
308567
114954
141850
180611
204850
244229
213995
224728
607799
1971999
829826
572739
603503
126836
107081
133730
145587
4186096
6905215
2765119
735513
2579263
5545005
3438454
189515
204281
174602
236938
179643
184891
216463
214862
745446
2926170
374100
774541
1362190
195331
228994
121038
890054
9123953
8695510
4553510
4525296
6171338
6499415
4044744
143503
180773
173799
196696
243605
228304
243392
192618
518058
795460
182867
134968
569854
156865
166260
943930
2419289
7119244
6972418
2827344
4839190
5382600
6504762
3296988
151224
166097
166958
187853
199155
238473
229439
214819
242226
269185
168437
126312
926352
400130
230744
205776
2194969
6963758
5831585
2170735
3356744
5130115
5333022
1347873
148711
153759
135382
213114
213156
231175
201493
168283
985052
1259531
164012
117578
774773
342283
405467
169165
1430824
3756603
1598805
591006
921764
320063
122685
126454
127231
173209
195811
204043
222000
224976
225399
197498
1218711
2463927
400947
752565
158682
165183
168950
963427
3963361
8608390
5576257
4017401
4051116
6630032
6906150
2755685
170699
133496
215260
189283
168800
199595
195968
320017
150347
300773
591145
308033
152112
266818
146424
1136230
5555951
8827025
4685129
3918198
6630733
7289903
7348697
3174817
153122
214797
143924
220935
288985
284765
186633
837957
2462256
1220148
549010
381977
138110
249296
622118
609568
6494581
7552073
3382227
4652235
5453246
6999485
5085074
943109
151939
170133
168430
199740
202602
201704
199258
244727
223833
134547
662557
1033570
139828
411405
156436
2097133
10434896
9894282
5738502
8078061
8200186
8250505
7650700
3481945
177851
140350
203117
223293
221895
224984
199130
840628
2228219
152742
169530
141514
181810
603833
124089
412824
5974435
7384717
3214694
6497612
6511307
8021075
3943565
108731
159938
173078
191796
205493
205648
224672
212519
855146
1566999
144378
115468
282705
139157
132814
134067
2199238
7165103
5871595
1706738
3162229
5474853
6494215
2344976
146282
138054
179795
238494
206643
202824
243881
178539
1064605
2105890
173538
873839
217550
187943
342744
513941
2072079
6395143
5546593
2455983
6106947
6055718
6396166
2247086
156917
189368
199222
193169
249197
267147
227377
187163
1489735
1406987
166053
151615
131135
186751
149317
293913
2013495
6714877
5349356
20615116
16449526
12293711
8122236
8983654
4836520
634962
164833
149128
193984
234402
237911
198299
867968
441962
250043
1460103
538875
465968
153599
584673
4457101
7051827
3604078
696209
321126
679021
2101530
144602
164086
142272
198325
192493
192131
233160
269943
174693
516091
117417
296230
945036
155092
231434
139520
1048345
3610800
7022710
4317690
3898250
4805087
5957700
4412667
222950
147823
169740
198095
243628
230352
256419
178000
731553
502664
222132
213608
915048
175019
157694
494488
955800
6691539
8047027
3904965
5069695
5775622
7037077
5344173
1151160
161104
168764
181987
201834
234454
280653
148850
1533835
2111363
182533
388983
148381
174014
203521
153619
1806319
7332874
5975045
1817165
6774504
5564776
7106102
2964728
143984
170961
182135
251282
236663
275914
234386
220290
794983
1475620
142774
575636
137531
227428
197207
370860
3023024
8751989
5069601
2460357
6073915
3856730
4845987
1663538
151786
146948
170774
185852
169635
201849
203970
174993
165408
150961
264288
127821
128617
169516
181752
541183
2165314
7698657
3571031
2390219
4898062
4777857
5754334
1589771
147464
137487
169741
199812
223641
275517
261616
191157
1166630
1574661
461047
1450564
178286
539040
494134
791348
4394104
8812389
5792715
5822095
7294805
9188696
7816171
3579306
132087
128322
176626
203206
219419
248556
161886
427912
1262708
124965
130404
484161
145324
744675
144480
1573008
7131779
6804377
2631357
4692849
4408329
6004482
3143950
174130
201188
182565
171709
186154
248519
213462
189669
547452
2429333
166859
143275
1363548
160464
1216598
182338
1613569
6590033
6433036
2283001
5500331
5915753
6355129
3769812
159203
145835
209661
197533
224967
235117
218293
263181
1343782
2491674
143311
193183
238508
396621
193939
128768
1008812
5934131
4659441
1626766
3147922
3695834
4410065
1290503
179488
142541
132063
215714
222394
190585
217477
178486
2077583
1036897
150614
115255
528240
412893
206215
539969
3385532
6533808
4096657
1593597
3722981
4433891
5402562
1249587
172714
178482
156882
198769
264197
225898
200694
210600
3330648
2493283
329727
704161
145670
585705
615153
632141
2781933
6416455
4319755
2192107
4651524
5570296
5490870
1344378
135191
164886
143236
215796
173481
215743
197469
180728
1798760
858169
297697
284904
128274
287877
135998
458018
5899039
8104538
4410218
3623209
5586577
6938416
5737047
1584745
164990
104458
189885
192474
206428
183022
205060
260267
1786248
187411
632719
324345
145746
166768
149533
822868
4632889
8530924
4401263
2460953
3859515
7880531
6505684
2367499
162227
210838
210992
227360
226357
227197
225559
358247
1901615
1093418
1049752
1640876
169993
1557974
129758
1576344
6351657
7501514
3336701
4115153
4898201
4901958
4363240
196147
165488
130528
178460
203821
198893
214813
170489
887356
2598386
130936
237244
1169719
127293
119711
525908
2415491
11338328
7450018
3315517
5154422
6056294
7971737
3859162
170112
169030
198134
230216
270195
184315
267407
203193
215829
365693
135429
184262
1322705
140845
3169181
3219542
5368251
10208052
8209170
4272058
6779204
8028956
7756480
3591610
157016
156564
186680
180695
177533
204421
202337
194379
22276929
18078609
13890343
13724939
10435979
6761921
9411539
8966690
10458387
16557579
16362225
13215754
14757653
16004627
15773113
11589555
7422558
3274897
161026
166455
166676
155490
196944
192009
1013137
897765
267339
118100
150927
160686
348195
657776
5928803
7877492
5264330
3064911
4419704
6947097
6404386
2251977
168748
184941
140726
216912
271044
240608
222335
194980
497982
132454
151425
234866
157657
197778
123391
1247064
4761261
5750657
3434388
2104175
4564016
7228874
6069508
1942996
155221
117390
215328
203061
188609
213847
203581
303554
1067610
816091
1101191
2130846
158147
132719
1557589
922713
6406200
8199492
4143927
3961268
5959732
8745338
5823822
1645995
151484
137781
174446
215588
238731
236454
186431
1188242
1217846
166441
131112
177035
152945
168100
147502
528172
2897544
2783728
142201
809653
428391
639401
147155
154179
164542
224848
233710
219295
235650
258572
183628
803527
623023
168028
120960
307534
199803
276249
128195
1670102
5294472
4819992
636907
2451199
2061051
2959295
142859
153246
156396
198219
208309
209945
220978
232143
166995
1332952
1672197
174382
189976
187270
198757
93903
385278
480398
3814708
1265606
355946
303461
1257114
2229061
128306
114464
142371
182688
225954
269279
277229
235794
159826
481914
920228
175250
152057
160782
444542
519590
356185
1575417
3396098
142643
159841
156496
1838927
400015
145000
133306
221133
239820
234430
224920
214966
185939
117541
1196076
140734
619600
553255
135235
1261381
148358
973417
3412328
3663275
162497
1910987
2933870
4446240
2368929
164285
159039
173396
212247
273817
193982
225502
182077
408616
774993
136479
329941
156078
176592
435531
134123
1034139
3634644
3034244
167969
244310
480583
1298932
123997
107571
185180
205471
215379
202863
223318
215458
212979
536001
1170511
128481
1616207
1379871
157094
288734
146978
1047350
3667682
3354539
149371
2560663
2413549
4466295
295596
144913
188449
219421
226187
183105
185142
225893
173066
1084798
1059979
162988
258943
821172
145059
1164073
133595
2082075
6301472
3511421
147922
606082
1840006
2570903
131083
161297
134084
224969
200525
235711
283321
238708
218529
577737
151649
131713
565333
157650
313008
1151789
141556
2275030
3971908
2858119
433147
2068362
676556
1738930
154554
147510
142012
183183
218115
240781
215965
226187
196405
1211373
496414
163701
140643
147628
388856
153914
520602
2755592
4777680
2484092
315077
2483366
762469
1534070
147006
114534
167652
175106
217432
225699
243729
230693
197797
818111
168041
173009
147915
504925
289335
134908
968034
4250322
4241951
1063070
208219
511916
2390697
3169534
159206
163525
179198
174137
183645
165383
175699
204853
206053
667902
192423
480982
189820
163672
152383
161324
708313
2272362
5046507
2809586
2019666
3389901
4926701
4236238
158119
145599
195134
151529
173270
226297
269232
278848
399084
683341
194209
160822
472522
434600
1289522
144302
1229074
5786809
6650255
2830006
2348816
3802330
6138388
3944292
135783
164314
164588
228201
248968
235153
312431
194050
437558
145979
140345
117056
434186
169227
257765
28950494
24801893
20629927
20161090
16764267
16832353
16592050
15247417
12306257
8164915
3919913
143011
174998
178808
200757
244362
193919
232328
1449235
158138
241224
173153
163569
142561
124906
610950
5370230
4201969
161273
1801170
1924481
2439989
128824
150718
107402
290394
252552
230812
200125
178606
195751
1458023
2863116
161927
361609
163036
161775
761538
288872
2895414
9173423
6450112
3268344
5426259
6512780
6036254
1887570
153566
138488
114852
166362
205574
209096
198015
156688
989818
169990
136184
560186
166220
153751
205356
477459
2823252
5802295
3516986
669234
2516927
3263655
3859081
136235
150719
165066
199924
217326
197107
176323
220628
166735
783927
168593
306935
180998
303199
203005
175753
141084
1619331
6508750
4744346
2896215
5719805
6386039
6117984
1975055
145318
140190
164588
204437
206520
223933
236232
460902
128399
162859
139216
208522
163090
117394
309826
1180853
5028961
7820184
4669344
3507436
6216545
7131149
5725594
1574732
199776
158333
131912
164812
192167
196129
185460
285054
2469433
1024420
513663
443859
190181
127576
136963
877693
4698394
7953525
3802044
4971375
6677065
6358430
5894622
1718550
169315
211750
219330
218597
195985
209981
206610
783406
2807101
439138
394635
1049497
146890
243009
319153
1740797
6936749
5734101
1590571
2122918
3779406
5357554
2287599
146231
154356
171833
199880
199311
201439
203195
172924
266754
2525937
178448
741197
141601
144156
757404
132879
2291399
7526471
6149416
2010808
4212696
5762853
7435629
3792940
161335
138319
144527
199433
233297
225695
209236
173574
1388537
1563645
162662
174695
1216501
268671
261505
444111
1425806
6562802
7205205
3620870
5817449
8427137
9363495
5198586
1061808
174772
169819
187235
263911
301907
285846
190833
1170861
2853152
157941
949867
169892
221629
622787
416027
2571273
6856138
4966399
2209211
2966790
5818681
6403540
2261465
120551
141547
179578
221282
159630
196000
205598
192998
2083563
1968675
246819
139704
134368
195807
128506
205308
4583339
6519637
3665456
1264007
2217504
4819732
3861849
139011
133365
142594
221305
277830
225449
293181
248888
165838
607192
189295
809605
2918205
155287
150810
483129
1729504
6586896
8721469
4546757
4493647
6184231
8127063
6050705
1873408
148648
129814
164177
192740
169654
214063
155376
121237
120281
124863
143700
1826768
180813
437519
1971538
1964219
6697561
6332993
2146311
1533294
2101427
2362596
517308
125345
194650
201578
197486
184203
202188
219431
221942
447056
556300
180598
1154378
991001
197044
171515
240817
707862
5658834
8136355
4338729
6012020
7745650
9826201
6924099
2777012
161330
162277
181124
218676
218165
233358
182145
903755
1059911
154762
162956
163046
142031
155174
147670
1410108
4882892
3939822
192877
625826
2214077
3878360
119000
128941
131091
163156
211663
231811
249502
187246
148588
1886985
2996115
151202
1411418
781179
454053
138997
261025
2007116
6728235
4774675
1149463
2107218
5326546
5920136
2185581
146174
152354
146270
207293
225012
223516
219475
235671
2003212
1321274
165002
900984
166161
256817
205710
742889
2258309
27632612
23437919
19253374
15090805
14466627
12303885
8143396
3989157
135247
153970
163395
211889
209708
209585
179909
1004122
979014
133870
876923
154276
200951
151175
432049
3098226
6568667
2760576
1303411
3218860
4438620
2878436
143048
153872
129609
204084
225385
230636
209194
224695
192891
952673
676285
616974
197266
164673
141816
147813
941638
3073612
5733447
4402723
3663692
5127967
6902076
5507928
1336434
117579
177930
208189
218266
284891
212403
214129
378504
1141082
143041
441866
603587
160459
672510
141778
1146053
5435852
6331536
2884829
2756745
2931025
5241211
3181452
168392
112826
140988
228676
196188
169925
231406
201800
589096
2099294
1344813
1423287
3045108
147888
821714
143347
1814359
6877179
7597158
3454406
4094554
4715368
5341791
2494521
142129
123855
179607
238918
266828
229864
274216
235087
809288
736791
134257
194732
162499
162422
146877
725937
3584698
8492838
7288513
3802458
5781004
7437836
8233974
5026695
882218
269438
138568
162389
180848
175681
212609
202758
540822
1070573
143415
177650
156587
243066
170624
577390
2708465
6777702
5171804
1964527
3362362
4875066
4779092
574795
158661
152613
177080
209720
173601
253060
236138
244363
1668697
239534
424443
407952
177096
100845
136135
934674
2639690
5882434
3541256
2274255
4296644
5914674
4378683
233622
153913
156262
204877
266553
237195
283546
190632
906817
3917056
898262
826212
2077102
150172
188085
169660
1405054
7935422
7735114
3582760
4265148
6416599
7957045
5941062
1781515
171755
172091
201951
236777
242029
250916
232171
729380
1788280
141290
242671
290905
179916
165781
127777
1993914
8228661
7159406
2966613
3317637
5554101
6908765
3792640
171633
146662
162080
211757
228838
232911
219635
208578
1696755
1752479
166784
235020
186643
162670
202142
721589
1837766
6527665
6338310
2867109
5812041
5815810
7338591
3733596
152567
142794
201456
193055
214976
196825
202576
140574
1956205
1372390
169380
692598
168698
204937
522871
470246
2635233
2425736
153561
198285
3762214
4253465
4531629
355976
143713
153283
209482
159716
189855
157365
204316
194490
1551358
1217991
312733
1307188
141252
159488
141027
755213
3727315
6657688
4358624
2363051
6063527
6916367
6911357
2754022
167302
156482
195175
274067
277435
220559
255781
242318
466665
165293
144340
751128
156773
326279
148281
895755
3785575
7203079
4433619
3136301
5130237
6372996
4931293
739927
149728
143898
179689
211975
208957
237343
177297
720357
133334
134972
1057525
2105684
157334
151791
123303
2351786
7308117
7381956
3281822
4212208
7010084
8764916
5704443
1562359
137620
132970
250544
255856
206699
227061
191788
688334
302329
130589
358676
198412
155558
150747
560967
3157266
6618391
7308968
3152340
4171337
5134684
4844146
3132089
173474
126948
153297
224515
244422
237534
296904
199189
765247
811285
136203
270232
140693
155957
229963
177202
1448015
5887367
4848496
870726
2810414
4916784
6256096
2076832
152332
239584
203182
168618
251684
226372
216832
205503
1830099
2229317
165368
1077323
149768
536106
284873
261233
3029983
8951781
6359188
3693943
6662746
8507381
8309308
4155271
143530
161407
161661
253591
269532
16047464
21020539
16849968
12687041
8484406
6980477
7813031
5672747
2816833
3748952
280752
3467180
7648495
5505144
2987154
5136037
7718173
6459051
2320943
174121
143861
172605
203283
210459
205062
212639
209401
1332465
148940
188108
618762
167923
266479
131426
418526
5179772
8265401
4665564
3616021
3831893
6751391
6102636
1905564
168305
170679
141328
174896
206630
205714
194929
718432
1846966
138499
673275
1090744
184140
274136
611274
751302
3884309
4624446
469082
1183199
1645569
2573220
141392
144566
185866
206990
182378
221891
209495
216920
163396
936124
999220
188311
747926
355901
166716
1013911
123541
597557
4960396
3510602
138451
1514735
1295250
2405939
122117
149296
160911
180740
223446
217955
207214
208566
179044
186353
1156295
148773
341561
143876
148733
866912
108197
1708855
4654309
2500813
146753
1623534
104898
920715
120254
139328
143816
203043
211371
215425
224152
227016
216614
1662742
1433368
163357
165454
159325
158180
627253
143678
960762
6162957
4436540
278497
3327754
1380466
2403726
162201
133537
141431
169807
203280
211246
224611
211038
159295
1717450
643873
146499
846097
178643
218714
1137374
230851
2577023
5519787
1508825
145820
962620
2362484
1056894
128472
135276
162899
310551
257879
250804
280171
272560
208102
3663883
1265962
157847
4264382
159882
335686
1727407
826458
4504293
7243187
3091324
2888448
3315610
5331674
2814666
136933
123101
163724
218375
208489
221023
228787
232377
181774
1334389
442369
271056
2150999
162113
535506
439711
300170
2714822
3684589
140490
1718652
1981909
3003656
399635
137043
178316
223183
223716
218960
206957
215995
212944
165117
160854
122071
662423
1855270
154493
1177213
2308498
383466
4737042
4389205
225115
951238
1430474
2352259
902185
157238
141791
221983
199721
281028
276581
225906
205924
206925
1935411
141244
498986
887784
136176
1086937
137660
1282027
5774471
4865016
726148
1266385
1132976
1845815
201259
140828
100089
152660
250529
275218
242416
250994
248789
240741
2093093
156650
822339
888909
194686
427474
159831
1197838
5413814
6196394
2045199
1022823
2420940
4515571
1754543
153815
132736
142410
204938
217270
235891
220358
204321
274214
1066482
141163
467850
344621
163803
1389402
129133
2019363
7158754
6510822
2363662
1664249
4198607
5386119
3301445
149179
143727
132106
193652
200441
198944
208859
185750
1291239
4274182
1911200
2015108
2455869
150259
156507
121172
1661933
7529941
6138283
1972993
5642665
4281903
7804321
3623369
113750
157133
160674
237258
196557
178985
206406
201966
1888808
2267631
180175
697051
139287
149650
242397
119388
2473923
10041014
6838346
2694661
5696805
5686708
7767144
3638847
132918
143700
191698
202350
214931
213345
225588
157589
1755248
3056418
153063
806571
748719
172165
397261
129551
3215377
7610183
7183532
2984775
7123644
7021116
8745147
4540617
404004
135140
130410
170849
179626
217581
255042
204324
586962
1136850
158996
1653036
159880
149996
244809
164530
2158026
6941145
4427005
491068
2854160
4803923
4942333
795576
143352
117363
173165
180409
236593
232900
237490
200768
3814010
4738137
616449
3232545
1581357
325203
33863303
29709821
25530971
21375943
20686890
17451395
18085131
19702556
17601291
13417523
9244295
5100760
926687
136623
134539
139904
206260
170140
2308509
1662275
148459
669150
143918
191599
220888
700523
4198985
7228695
3701582
1332164
2744061
3625681
4620405
456039
146198
181629
176229
229664
218958
230334
223454
194260
2498391
1332259
301148
2562919
172621
315235
136881
1692129
8337421
9817286
5661826
4949114
7123869
8276623
6512500
2342626
160120
135609
216300
212302
280995
214745
218429
306891
695275
150058
190575
484978
168088
168569
164231
1478436
7280388
8512447
4356078
3689599
6320673
7361059
5449079
1289625
162064
157010
204328
235564
218236
235166
256035
568027
1731716
136942
504209
650560
131730
267765
144718
1288903
4683010
4213630
2346141
3089495
5249812
6827776
3791350
168313
147461
139721
184004
198320
224890
206542
184530
1025733
2095532
148933
140404
772221
131189
218007
117903
1691619
4365002
3704644
140295
457927
2340096
2579971
126200
155067
140736
175235
184356
237435
226492
218904
216179
823971
2654963
145944
1422896
1347656
141067
388984
130232
2630394
7542150
6272591
2141033
4927352
5541073
5821720
2996445
151191
136284
158622
195504
218168
204323
181130
173219
1491058
2102424
171674
1002290
705566
205780
296575
391216
3381250
3846248
146875
159992
1886317
3416367
4736680
545943
173251
182541
185189
210674
223946
306500
323245
198864
788480
2345381
164799
471379
135446
167331
190688
431326
3372177
6595466
4099676
1378905
4028266
4799877
5633483
1972339
152644
150489
228584
215379
213175
233015
264977
172336
634390
143918
238768
530541
134318
165631
215060
398053
2689474
6031845
4328058
3010940
4706098
5987077
4794625
670882
154243
97411
215016
204819
234266
310502
213229
1021674
1284147
258037
755831
2621315
175793
171726
388098
394220
6826114
6904363
2693703
3193832
4867032
6384927
4310098
167845
122450
131657
166868
195048
230892
226515
190215
1328725
3172454
791731
927605
988952
181722
183610
133801
2082761
7413776
7579473
3374168
5774747
7071783
7509847
4714115
555461
135275
162786
210480
170496
159721
212841
166208
1462354
3251678
134094
160145
1245484
180493
151547
303309
1879234
7367791
5078958
1187888
2905949
5171071
6086418
2349433
147285
139140
184328
241641
214130
233336
200178
222351
541361
190604
148004
204345
177531
294753
185775
210977
5307648
8935910
8172609
5303531
7924972
9510449
10212177
6021586
1857816
155905
169847
203803
234466
216269
277323
213247
893731
1534096
309498
108018
1372744
719646
667572
349028
3550319
8335976
5308434
4182525
6739004
8000319
6641132
2473835
143261
110779
168712
250573
237540
242381
348776
392680
1434949
1023019
461540
405421
152486
121984
145480
1252139
5507867
5573503
1434536
1803783
1720879
3822581
952488
132991
156347
224442
215592
254014
228544
225368
188162
317841
1443488
141106
586296
755864
172573
528034
151492
883166
5736653
7094572
2926076
2266216
5858291
6939106
5558743
1404967
137250
174961
208469
173963
184361
237818
223821
881848
276836
159122
124050
625462
165821
548215
138223
884996
4876754
25813454
21640389
17428969
13307874
14119632
9933109
5744642
1568002
176132
158946
223956
248719
260198
214303
1071830
217358
161806
927820
733187
508126
990952
1197103
5029406
6572156
5714809
2751620
5258228
6880315
7389821
3227723
146907
141333
171197
197218
227039
227237
251188
166682
478277
695233
225310
131786
1719152
294601
452579
297591
2063877
5670901
4779971
2248278
3918403
6157172
5230930
1056497
180627
122711
181949
187056
216687
222580
226320
172137
510728
289202
867121
1137391
159869
207683
146908
1405530
6250912
9186941
5521991
4108093
6726606
9567710
7400143
3281413
166854
167516
232958
239667
285159
281291
225981
477457
2483075
2306611
250367
630157
158316
873907
241660
922173
5282645
6157731
2422796
1428522
3078846
5977463
2807210
150661
171082
139732
167552
182427
209736
211302
187453
600790
2342075
803381
515849
699347
143966
186375
116505
1139924
5704892
6369469
3210077
5291656
5353739
6510900
4564394
392239
191409
194498
160754
224364
285327
187947
235906
188219
151671
158427
376387
2523007
132320
1574984
1484596
3824115
8350569
8741864
4861778
8616855
8862474
10001870
6077672
1937330
162165
155899
141422
201255
209205
225903
178628
1113254
2742069
140011
149286
1382426
206031
158623
212843
1260963
6931156
6039994
2688613
5878907
5927973
6067840
1930433
138604
138522
153508
230769
240218
209673
227061
190982
747051
915367
182713
146500
149059
223087
165552
269031
2105078
5777538
3081501
646854
1470671
2901065
2544870
133418
176566
171129
203392
214815
242340
208083
217727
156470
1351175
2268371
214180
1058414
123774
260801
379627
519580
3635618
9142345
5110097
4097170
4861599
7966363
7576139
3385844
137738
134201
167932
203841
176672
192131
226381
176073
906035
422674
242140
268781
182622
127011
177210
1135859
4627550
8088407
5429837
4667544
7061395
6607493
8136173
4009873
172118
187303
238974
264748
268298
285523
207621
330458
225425
722182
152304
762975
177162
280510
135585
1790061
6274973
6940112
2786531
4331793
6577538
6061670
4468708
300370
183713
139563
194086
234446
236522
238822
199597
885555
1649852
169001
125412
232251
163421
114656
130559
2050960
5934801
5906437
1743442
2560698
3350611
3462929
766649
141621
113704
178090
291501
295723
248566
272255
179331
744142
1070853
159082
588339
167539
239848
225452
754521
2023031
5290388
4394132
1470898
3596109
5858955
5922620
1761971
119489
139548
165010
198660
201120
277080
247037
165939
827760
1490005
312073
859354
130768
163305
499875
939174
5955575
8224924
5734268
3272702
5130592
7085689
6539539
2352715
145763
143712
204602
245584
205639
249911
244119
530455
1722582
1410969
274588
307834
181369
159420
132705
914119
6385022
6375705
2210026
2167595
4797232
5979119
4937025
800002
116015
150001
221611
189041
197329
230038
205129
553690
493132
146019
446999
543132
153148
302044
130837
1715154
7345596
8061355
3891733
5525383
6789815
7798733
6001150
1840778
149150
158948
164155
188352
183105
195027
152131
274186
367109
394050
1243168
170333
137655
972997
121620
290157
4250189
5528187
1647491
3740407
5550586
5977425
8720608
4534112
1949882
194756
191007
272120
248429
253439
172516
1383517
2231594
137537
120674
332172
116299
770832
291540
2821516
5563692
4041679
179849
1645628
2004557
2148869
148359
136458
132534
193723
280902
224081
246006
245162
183379
112698
183039
183306
202291
148352
227924
281497
205332
903223
2820716
824789
338108
371786
1319304
803923
138374
142169
175606
198877
175171
210839
224516
226705
208487
841293
143078
178180
260457
162345
378086
268494
740484
3211153
4628385
1579557
777936
1752517
2914303
2272550
138578
139274
168539
198554
257446
310907
260020
321675
757900
2132329
162101
249128
195431
170178
407355
129350
155548
1540633
2194528
117207
302244
135600
224530
138613
155868
158035
173437
202608
198263
204771
188907
189399
113475
166341
159977
220783
121126
154039
860783
160947
553403
4765119
4775202
571849
1679279
2553631
3274706
212874
141079
138647
190938
292188
276226
236249
240448
199665
763457
2424282
156569
434258
676949
120175
1674709
183562
228825
6073706
3373108
161929
1699584
1542169
2771506
137772
138336
147381
201437
186020
178643
212038
216040
196293
1343909
2034953
164462
170207
141611
211594
1000297
290027
1976509
4580667
2502624
521911
1602437
2079003
1360757
183712
165249
218521
214329
221015
229384
227332
224463
187664
624640
149233
207656
374781
137597
423607
156367
376357
2903516
4726363
808694
748521
1905186
3786456
1350630
150580
101515
165715
208997
255110
208866
245651
250190
220074
1332001
455100
158923
234338
171720
837196
1634887
237261
4021685
6100749
1941840
534610
391559
336361
204662
128559
139721
172068
223698
206887
222285
232764
223270
487754
145563
111550
144552
879599
159984
473449
150621
199265
3063153
3756920
130877
447719
235016
1167137
124282
141820
133645
172438
183644
194195
229342
239006
236478
691695
1564056
146844
456036
1973908
148142
1607408
161422
186371
7894820
8446438
4393661
4990138
5770090
5613665
4135064
199493
167215
180540
200005
196554
245249
222737
211918
628909
1444839
152111
144146
1468685
137800
800337
163916
1158222
6606746
5756731
1603229
3267645
5300745
7303487
3549968
168698
121320
179602
213405
275660
247937
235085
151016
2335445
3102864
122555
719199
146171
215148
289701
623209
4398961
8547710
6550651
3847046
4887427
7492390
7221870
3069802
135068
160202
192017
263551
243047
246996
284806
193891
1347268
992764
479129
279003
156620
161764
129431
1389894
4767831
7045627
3455158
2851071
4049187
4255290
4498919
318922
152494
167651
199218
210383
231604
245934
214413
819984
1028132
173008
785639
1170952
122019
174712
128496
1152793
7211277
7821758
3680404
4692832
5694560
7380065
4577801
426250
146768
151863
178889
167980
177961
252369
179961
726849
2684911
113926
219510
1626970
137773
156285
126222
1791816
8319182
5307632
1159101
3747133
4455940
5214578
1770966
125608
134348
151902
206915
205002
197051
185064
169795
778764
747896
174114
203509
144557
107906
245928
126367
924493
5275902
5433859
1954629
4394349
6628270
7819956
3856350
136739
146292
212897
226404
245673
199084
235247
189520
2442417
3653684
180486
2615977
11779204
9727203
5510965
11648727
18771545
19631676
16976580
14988514
15425230
16126403
14129759
9934067
5768971
1605780
130135
259458
256288
245229
315088
316164
1260536
340116
388116
393307
155788
179798
133246
765352
5561972
8895981
5108346
4426236
6237231
6242377
5818712
1692803
140038
213129
179488
201330
186913
248429
191687
392433
146868
150633
446641
1982311
131316
2802943
3401513
3399341
8409461
9453223
5291900
7120137
8742697
9790759
7024821
2854727
113237
165821
184301
220892
232962
206725
177489
1114384
1262394
142822
223367
766709
132379
635087
164945
1896416
6194194
7106389
2927513
4949082
5153527
6398281
2818730
130586
136990
177746
194477
243711
229678
237285
227535
852124
741203
138554
150737
241050
414364
127087
398824
1948878
4422851
3953360
972583
3254218
3567156
3409160
138874
161154
135202
171777
217415
216182
200634
223230
199602
618978
493919
180242
176365
150463
152741
142592
138427
1958158
6890050
3790146
1493161
2665108
3915076
4873474
1237251
131789
211701
172801
195451
270751
196679
199378
162095
606966
133003
233294
215599
188580
474022
585684
1687580
6500580
9482367
5465677
4430052
6088116
7463845
6208110
2054650
185130
160909
234177
223611
243916
232833
225461
277147
973148
115075
731024
1010034
157983
462893
126837
2116844
7363713
8124308
3928908
4345485
5660915
6590394
4670087
526261
135476
161922
247232
262060
243462
252810
234735
498693
720611
138050
223868
814273
191538
1822582
111318
2091093
7542001
8460085
4308953
6107424
6782082
9040420
5508547
1366607
133523
133526
125722
157782
168702
194371
183792
700336
442011
137246
220397
140264
136538
1174039
131020
2491447
7633911
6914324
2753287
4942884
5198505
6181769
2020953
129892
161895
148995
175947
155014
179037
207371
165779
1195077
1749559
178640
611745
165588
199384
2326892
112645
985585
9716634
5797337
1646841
4378155
6253224
7232591
3057596
144579
296582
157045
200015
208537
226340
203695
156599
2110956
2291111
153820
598457
837203
131616
258789
171085
5165666
9059289
6642699
2863674
5933557
7576562
8331061
4208833
150540
129462
143104
201140
217215
212257
266114
190616
2008129
1166877
135908
914662
142161
149389
130900
488428
3201667
6753814
2579107
365113
1586547
2879425
1493309
151268
128295
157839
215928
209550
216433
209932
203290
157989
1590116
1126773
156438
231331
161014
361741
191485
597972
2976285
8066454
4732177
3253346
6742905
8282381
7395800
3254114
143993
156847
192291
212024
183560
216208
226951
146007
1412768
1199399
352719
207407
117319
506245
132668
597041
3804866
7516239
5638722
4406870
7382259
7621859
7560689
3351234
162929
188776
192655
220077
249262
234787
261623
366408
430237
157901
223533
403646
125223
129590
273863
126875
3092219
7746425
3959528
3775423
6093090
8119554
5935185
1769552
174574
156720
178456
223039
202152
206039
177462
551133
2241339
244563
218398
664082
133965
110431
699595
397638
6787300
5775023
1601894
1995307
3745668
5724955
2562538
136001
173876
164545
203145
223060
208293
191335
153387
770057
3023351
125295
124899
607947
136761
378542
111065
1256625
26924143
22785584
18636287
19142860
16060167
17136279
15972843
11838300
7688525
3535482
110573
153445
173367
215561
214226
1179994
882519
125649
181311
447059
143259
453225
135702
2525756
6020964
5623073
1466191
3233038
3736747
5459389
1291995
119103
131067
148592
194238
193351
202773
236478
191989
1653363
3222305
154220
576880
127186
154976
535944
248619
2993046
6889268
6037859
2334326
5319465
7023970
7559637
3447181
142139
133444
144140
187592
138625
254108
264646
187432
926761
1560227
142147
280250
159262
163106
718556
532070
3000992
6275051
4838547
1798038
4218779
5145241
5601426
1457054
167323
147862
203418
227664
251524
312486
250147
186887
1579019
2001584
418632
1749997
138947
174751
157696
1512907
5024030
6745155
5180209
2410385
6402399
6887907
5848425
1690065
142606
148760
192772
210679
222992
251057
307271
151235
699694
132736
146006
740093
129371
169656
719439
1371940
5970578
6738869
2555777
4134563
3576581
4772846
2014977
168374
156034
201420
204855
237458
223332
241916
206484
1917555
1687897
146666
158103
322767
179633
265285
162270
1390245
6178802
5227763
1250109
4260100
4704983
5198080
2128891
149221
147466
160818
220752
291386
241963
283360
191318
1372041
1825839
147868
356608
167485
419672
232017
1307466
1913737
6751903
4682911
2195553
5160272
5065485
5328395
1062454
158133
209015
128571
226954
238469
237990
252328
225551
3460200
1556639
556627
1250411
144246
119787
284658
1268302
3224057
6582344
4137087
3924661
5325000
6270159
5542851
1402218
141452
156154
175770
204351
215380
226487
232852
374468
1296499
707300
619379
2562370
183646
179836
240743
1123943
5101281
5863998
1884122
862827
1698724
2502582
359565
148218
166787
187332
253805
224554
227007
205152
147903
570883
3676873
162728
1534301
3112221
160949
786357
144579
1992166
8614046
9136862
4981714
8453334
8625172
8881159
6687195
2505038
159178
179355
233932
220952
236303
228512
225847
1017247
506708
142206
994673
140887
176220
147475
180828
3151705
8082845
5466254
1634370
4411259
4224581
4736576
1227434
119042
201589
175063
221457
182445
233706
212810
207850
1469486
2758901
156446
692768
178311
174704
252096
149016
1136875
5488728
5068821
2168577
6044710
5816072
5969448
1781769
175795
185689
159068
219158
195049
233862
256810
219818
855831
142606
336268
1216714
159644
309709
151980
1028546
5590074
8271476
6304472
6059824
7526250
8680589
7718082
3543445
160136
185239
134637
215878
258738
270892
150422
161795
2942258
1282601
1530695
1501771
175574
419714
610764
1020357
6319759
6901281
2787372
3037832
5554042
5978194
4507781
301052
171860
174748
195529
180085
230130
231442
212360
748362
1692708
134897
879072
517091
141051
106683
123206
2272420
8150189
8262389
4104887
5808657
8090384
8140567
6497581
2348603
161446
114150
184946
171848
313760
291471
145024
176045
151340
146594
1909055
1207108
157395
1187926
336069
801124
4298230
1741079
206511
752198
1744078
1823621
165199
175703
193976
210175
236326
240086
245298
251344
189596
801160
142846
250896
332262
169804
449350
815902
189088
1954602
2348124
166789
155148
151551
159904
132346
123992
193611
181558
245382
249842
243785
225317
226640
22747057
18587811
14420936
10208010
12587318
8396973
7544262
7558116
6688122
9489763
8908593
6332726
5000142
6729149
7262126
5006476
784064
171826
169720
200086
294345
299299
255914
174865
869348
1147682
158602
151033
387391
149579
435993
123099
656871
4801111
4708577
567697
1504168
2351156
2882519
156573
152979
169802
252197
248379
249957
247382
237899
211758
260797
285181
263201
332078
153166
370479
382784
384879
1079121
3037008
466695
287765
127961
1617352
1035599
125552
137814
197105
327278
281623
318595
253082
281219
330570
448634
183909
300772
1216201
163733
162771
155950
178876
3281994
3536415
124940
438622
276193
1875498
119263
143494
174979
171416
213695
193545
283875
283996
159462
208450
242233
160017
599140
470227
161771
239641
147172
783844
2471779
4535163
382928
1081534
1292676
1731583
157344
144016
165278
250816
183973
242354
183645
248952
235773
862842
1222517
192382
265765
139708
164686
141975
138581
324183
4371835
3999573
139762
2086012
3351482
3568721
126381
128450
97694
190044
187976
195533
198619
196345
169019
1220795
1461281
187162
864799
177972
244736
573485
376433
1360858
5205910
2937301
322394
2449286
2625159
1892287
137556
153600
139441
192265
203532
204060
212869
200563
142578
132668
148310
164061
241681
161268
144248
152046
144620
1655416
3114312
384690
214147
531954
2107538
460182
138989
146851
139359
199175
196453
197490
212849
248483
154310
583380
118121
526423
918216
155732
226733
129090
650319
5818331
7304027
3297894
2815629
4683892
5079608
5463459
1331490
136875
136899
173602
214070
225514
194317
199734
258953
155986
272494
208918
266443
154868
163220
129180
986566
6017368
7025471
3818479
5056956
6344068
7495547
5730316
1577288
137168
143461
196881
256644
236225
265144
197195
1224639
2353723
122367
194144
1189033
145726
197335
156210
453884
4856651
5419949
1724991
2581789
4052102
4808996
3226910
147451
147312
169380
215591
234452
228549
229075
217109
249616
1948593
166142
329557
847121
150857
411550
154828
1380916
7505547
6562009
2713017
3866139
5432110
7198042
3761451
142703
157659
162125
192063
176327
181771
210437
196087
2044759
2120253
137238
225886
144128
340505
318036
572511
4125077
5903478
5096792
1699956
1221814
4063601
5464176
1546493
138477
147176
127525
222026
202848
211749
207871
191199
1426708
1206583
268318
699357
134080
278649
586963
314836
2130514
3637977
143780
726725
1882054
2426923
3039898
142827
158643
174723
203581
201633
196235
211163
225339
198565
174800
851212
237428
150113
146943
1421584
123667
1578943
6897794
9918303
5747669
4262231
6557651
8661261
7389342
3212023
150570
169315
164979
225321
173660
251607
221890
377912
901318
125890
244829
1165180
169258
373302
142322
177356
3886346
7602139
3467071
2739653
4423678
6524159
3360672
105917
114741
157817
184139
306148
273961
207017
135485
341985
608082
193122
482679
1914492
170128
359875
125708
2022453
6937162
8866607
4718702
4833421
6863832
10747754
7412668
3251985
149037
170309
213253
211441
213768
242560
205381
198603
157935
162338
153588
609393
167361
25355697
21210769
17039409
20110556
22986992
18835218
18544837
17762697
16957735
12786880
8638607
4500646
339493
143870
162352
156330
156876
169891
1647266
1713273
155551
120447
732489
164634
164620
194454
918889
4770800
2740709
157275
1697193
1507646
2315219
146103
143298
114752
174736
209161
200434
198484
211882
182865
212761
131501
149637
389762
253413
226148
170216
328775
1115983
5647490
2965430
217381
364659
753068
1065339
144401
130371
162399
167035
207863
320226
217174
300321
156608
224089
771781
135458
155323
254732
209244
196591
168394
184041
5104125
3344367
338579
786532
1105979
1311930
130833
127554
152424
228044
238160
269791
235657
263353
181082
910049
422778
203617
165432
130677
163273
345687
248389
1423067
3317898
2479592
363202
1477548
2834324
2503627
145557
113999
147015
179523
206454
226172
207286
228224
184303
1243542
125873
235164
224122
233841
192012
200921
110008
2695027
4021653
146570
396602
268772
1787184
134369
135078
101102
199113
258271
176958
271666
