2102915285
1666870
10553162
762796
2349228
371918
667624
796374
3392158
900984
697000
216912
185934
215801
2055073
1723887
1881001
3191924
1676857
2821600
1704065
199616
770816
1329092
2069224
2511751
2653642
14048336
1952703
931608
1590439
1533089
2126182
1559290
352990
1030539
2403459
313394
1559490
1071275
1171740
2568859
992666
691419
465941
2728310
1312314
1109879
916919
428490
1647556
865131
1132586
663465
1487861
3277595
585882
1906820
1952847
263845
951666
10874666
1118873
1129429
745428
391508
790851
1694121
1510486
415241
2198593
1667985
244568
185585
1359843
2263174
2640104
1455896
2761329
9367053
1688204
2945518
505887
715771
2195571
630009
1397262
1232405
1665182
2713254
1738905
734879
3240893
843750
753792
2440415
1154020
1640618
1417428
813354
1825526
1940468
2177659
900240
1037312
982453
1801146
953670
2492498
1774813
307956
1742622
2243166
1193056
1319237
312821
548050
1794005
891287
1789967
758777
1249454
1778727
2661524
1086824
2463811
1950229
1066542
791887
1560552
1296482
22653710
2142186
7026509
211114
2206455
217746
2770145
2310336
1974126
2140589
789006
1990628
981946
816385
1459750
2438150
915456
1851750
2124001
979480
1532523
1079637
997777
1558665
3294242
443032
2084979
1310839
835456
2639332
2937877
821639
1631776
856292
1092051
1616530
201775
1501604
1965307
1658961
426152
755507
1219576
1239389
1351954
2588042
1825849
1628936
2190530
1928421
1576131
2189154
2316769
7700844
1842797
392760
567826
2978565
286038
334833
2272832
1741109
2185032
1712947
1121015
1063254
236320
766617
1772519
2425708
1881402
2431938
2296033
1437662
675954
1777499
2342287
1510991
863246
2408663
1211322
1365212
1809853
1963424
1483773
1668830
1204584
481827
1146054
1028814
2482050
826196
977655
2172185
2217361
430302
489145
1037483
2260788
2029101
1830596
2532462
970884
1573389
10843391
387131
19994183
3892035
3377261
1703501
2608940
2385411
1809429
1150561
1029554
1920609
1151605
949605
182417
1236500
518031
1602256
1297722
2259259
2185536
1509265
843819
345297
1394434
1004221
311349
1952132
760397
2884731
2991785
920013
2490932
2000210
1625206
1200317
419747
900074
673861
1121718
567947
1779811
1282430
1000953
321712
1392926
1150945
627014
1224037
389120
631962
3205013
1862703
2137648
21312762
817394
2446303
2832577
2808755
2263945
1205070
453770
1939204
2677431
563719
980563
1710891
923044
534478
1017154
771473
237511
2191059
11837314
1915685
947988
476965
269383
863631
209788
2391856
1452869
983181
288774
1775462
2537191
806084
2503406
2435349
1193507
1069170
830722
1476209
1207795
1044397
1149859
1304438
934032
1044757
1095357
3583003
2598670
887180
279832
2503304
1169363
1007772
14748664
5158895
476293
2405496
484490
857517
673091
1714582
2799027
607737
835523
598577
614886
10236609
615316
872385
2745683
2505998
414855
453154
418335
2347280
1757215
1295812
436414
379106
607134
1095247
2591138
2300994
314100
954079
1444282
1499660
1709780
822681
217881
1401630
1519390
1586083
196858
1679004
2554805
652837
2014266
1171903
1325612
1192577
1070662
2723794
2138483
661386
829174
7817873
10063238
2097539
891229
794513
1576271
198458
1068213
368125
1321157
1247023
514160
1892793
1054759
2080408
2496125
2854719
914575
467403
396908
435136
1557941
335953
1307806
1394515
815994
2530280
746627
3115801
372066
1434851
2530404
2084899
1637227
793384
2412857
1697879
1782724
1971615
2237230
527007
1423155
1675517
1979202
1420391
2186848
958220
1021387
1277563
247092
1813629
857567
25323410
4815780
6835120
2746092
1195470
2743717
2409589
1651954
610739
609505
974857
466052
2504953
1624336
586730
853997
1461790
1178165
1026861
1767270
1910999
898681
2108738
2235154
2124741
532835
1661946
861729
1434437
193316
917467
2035589
1850006
2485354
1970193
1423034
967938
1866502
1305542
326109
380483
1166710
2589002
2547840
849518
855675
325568
945938
437166
579901
3004740
2433207
2496762
25059461
4511095
6843557
666099
1359344
855373
2153135
483794
2262237
1044886
1508222
2399080
720529
2312623
1143123
2350260
2198347
1061725
854176
640952
1667810
686940
2003986
724047
269380
1887130
1653590
1987983
1013117
851119
1846397
1826712
1935975
648379
2417036
1171227
202759
2024551
2177932
302728
1938579
2242754
298015
326885
891645
807548
203533
335738
1766853
2317651
2070892
1655604
1171801
22804149
2252926
4802443
1643892
1312522
2022909
1647569
561608
2320794
1975503
1343390
481317
1242371
476289
1082161
1401175
2432682
2844592
2510126
720475
960534
2315841
2124366
993569
2050979
2162850
1075235
919989
1024715
1411100
2011011
786329
2140867
839295
450795
1236455
1583528
1694738
352765
1401250
907772
9707133
929686
2649993
1025249
1967992
1100015
1255707
1024950
2473818
559593
1814650
416121
19506208
6414272
4713611
2334658
716514
2690401
2159183
1149156
292655
875185
405283
3312707
852222
1864169
1790355
1497592
2538820
361079
411935
637074
2380029
1572282
460733
1573968
450327
1366964
881956
924995
2796460
664112
1097317
1301450
2519885
1380905
364347
2014404
1619726
1658634
1641407
2098282
2699910
1024402
2156861
789689
2293328
1369038
628402
2108581
2213301
1007928
923051
933703
1941070
17396087
10911190
2335873
1338306
2010646
979161
954273
2466106
658092
926899
1996452
2217403
1934440
1139293
1400522
833733
1090979
638899
575137
1721748
1052077
784836
1279764
527925
254702
1405922
2857471
1243915
1486929
1038863
873109
1174417
633480
2062395
2617561
2061842
202603
1871964
755213
335192
927477
461618
1790889
847760
559708
1371043
811278
2382832
2132903
1025654
2358495
656220
1183348
15931285
7996660
6806740
2278616
977111
1066923
814191
3216799
1068705
968734
357264
2330399
1765095
1483103
945018
2070936
1844069
1026113
548783
358512
301110
287413
2129567
2156597
1816139
2505168
389043
560017
3019507
1986050
1933307
1778327
1703743
190819
1984137
2642411
1933611
1725381
1460101
1861042
262926
1791630
2016450
2296391
1203469
1172862
2272876
1615853
1181301
1466935
2030075
435903
737775
14880902
6104222
1327299
917303
255671
661611
2174145
327163
1853597
1367572
10149834
678438
1447981
1162477
361579
2904504
195308
698956
577176
543435
980820
2108154
1472513
1959913
939850
1225425
1981485
9598526
994732
1620796
2863899
683570
1718303
1324663
1929001
778389
1218779
2136467
419657
2797804
191352
726688
10070431
571364
3211588
1243769
699633
3200608
871034
198432
1590369
1216202
1428534
12533121
3598269
841700
2014673
281710
2493198
2880302
571069
2275040
2148416
693343
2193762
1514144
596968
2956354
1192911
590825
2270904
1189423
243882
1495806
794622
369210
1928014
1951476
328079
187775
879036
1473486
1461299
1754015
2332582
2159777
1503917
2593913
2040188
2531290
1942009
800138
2355594
1383455
948165
2690434
2419819
2422258
934643
3007277
1473182
2665573
2662914
1795961
1482171
2846026
11918066
3244454
1941761
697936
3898708
1974736
1016107
557170
296265
891656
986725
796143
926875
1369432
742462
1281892
2194783
1742539
1321173
968060
935101
2288614
2287041
466739
450346
677023
1425260
595849
2227383
260704
2327758
368711
2356184
658395
1459028
751325
443516
2112088
1836117
602893
1693594
2473667
563643
327945
763196
1684614
2002177
1210834
169469
1312334
10898218
723079
1379162
11209962
1810368
377913
1916553
779559
1491706
815596
1603672
1657216
2681943
260777
1524261
449014
1854099
678605
612635
2298181
1054984
2377783
3153493
1874076
961464
334123
2675738
868046
3003606
2043112
1250187
659143
2976012
857224
388700
2210667
1903672
1510941
526854
1118997
757724
1241811
1226753
561129
1601586
1567190
564659
1706988
1698496
2566981
1560386
531136
772922
1871988
2367100
1133657
16901216
2730482
3190256
1427008
741151
2199432
9868042
1621001
1677776
721928
1154490
442720
1362328
2489538
1148635
1618886
313492
849640
1657092
1968933
398273
730035
2182666
