4282762424
579001
1015551
442492
483832
397411
468181
462346
437096
417245
490882
435928
457421
483963
549204
429419
446153
473901
475479
384953
473189
431389
529197
373335
469989
476801
468851
500070
532838
370688
475933
447597
421382
473358
445301
449912
439877
455951
516594
356227
445316
436496
484978
504409
384953
483264
474173
483690
474035
453136
417844
468332
442723
518591
476531
408083
457915
478608
542270
538335
384277
458066
498748
472118
443686
440146
432850
511730
470375
476988
432967
420093
456645
442232
544412
360659
479742
494761
418473
418260
450405
444931
521380
371772
489899
424248
524841
372990
451322
507601
494663
478659
513519
398757
507446
392022
452671
497884
464336
449342
481159
390887
495290
503103
444894
448956
468175
474599
474725
422803
475710
477972
477191
450717
481923
381651
463441
537548
441175
460415
497394
416050
491652
446400
501210
397176
511549
494141
415210
464360
362898
418431
474781
506493
403821
467107
486372
569392
396134
435227
499913
451529
428261
565615
487584
459206
540192
516384
408689
471401
483877
540547
400575
526152
434191
445003
456375
489952
393780
492549
483152
422084
422383
486910
410872
526611
464749
502296
393465
520051
383413
448823
444622
513225
372386
464762
426515
478510
507945
403180
421634
464765
527215
529529
398588
526155
462938
415274
520948
445892
378841
473622
436195
471190
489269
397069
533247
407156
473633
403870
494988
520529
383444
481835
445091
451132
498325
482503
450070
436267
447664
442433
356376
482961
462144
422353
426078
512483
387848
504066
334344
459716
402043
491523
419649
485570
510041
375024
442534
485609
476705
529189
413532
471529
474493
491423
472192
403732
498750
472469
432136
464966
486660
383103
454951
437134
584185
477022
399164
416751
464662
479462
418431
479478
477055
392858
513222
435738
497942
505416
399008
468179
513643
458443
392419
491414
451226
501293
386072
493447
496556
426849
477730
481134
394850
438891
498538
566289
394881
458712
524960
384122
477259
388429
489643
464419
479552
454226
501554
495735
518694
410003
473894
516898
527401
435124
457931
491605
515691
439215
474288
495081
511020
439804
488896
499865
426670
455072
486512
460701
463467
420892
449497
539291
455920
507036
505732
412838
470051
517314
471415
471025
480144
463040
389084
514154
483900
469819
506995
481271
433403
497323
443759
433944
484274
484092
472932
496688
504787
432825
535929
458061
463584
459362
453920
473306
475041
488704
531666
514211
487157
392305
465589
446165
511828
456760
373775
525419
466811
437583
442339
474798
492460
396565
461833
412401
522438
490473
442851
461767
447944
383773
430635
510241
461857
484970
493419
491208
449850
461476
492982
519128
486233
451879
435271
523298
464695
467483
413158
438797
493328
365206
369758
434638
450214
435096
589670
421699
467204
489444
513350
474899
482245
527018
422720
479409
440355
471087
416173
446239
431487
528894
425762
473190
469632
423904
331029
483128
485486
494534
532014
482035
516112
483882
370742
454347
410699
478647
351079
512084
531642
369014
468252
448864
402135
499662
483999
399219
423183
435116
385162
470274
400114
543535
405145
480252
490242
426278
513170
380909
442713
440746
333436
424273
416380
539141
563671
367460
462591
489614
517845
379731
421568
466823
459502
498407
415290
477410
502724
528855
395342
508828
383512
473475
430106
419999
441893
544843
351936
485570
469067
476190
511695
475758
464008
446385
474422
485573
468809
424827
489934
509968
479341
480075
554418
470809
449661
484652
418232
461982
536380
484467
467086
498074
436337
468961
512882
548176
464718
415943
434399
484046
374683
458993
546731
476201
479818
536712
485433
467658
509239
501741
392787
479904
488514
430094
475981
425928
503892
395967
480802
400901
515159
461779
531016
412353
411282
422184
450057
422368
442496
453915
535813
427059
476658
476059
454727
442372
494843
447338
392804
412130
477531
528963
532736
402210
450945
494027
525435
388512
526871
428488
463456
486460
507671
437355
494563
538282
499083
485353
438681
407856
450840
502206
432910
555232
433406
477633
399461
550106
390033
471475
462079
416310
428652
468347
534832
562920
385120
482691
470434
452171
455939
448301
531675
440675
536487
419455
452414
506915
469518
450073
428634
515495
394363
566046
416372
389043
421980
476516
471011
490032
504230
400791
553207
461497
471455
527853
502371
437005
517290
497781
443909
552490
398537
461579
535470
497909
474686
507481
467872
498343
428470
431712
492104
416161
543934
432586
491506
463763
506341
461955
550914
506828
438769
460344
466358
527326
525001
421890
435006
451021
516156
558464
430995
536767
469455
429599
530642
436002
435447
466776
504348
466954
431106
430768
375387
489614
463929
542383
488898
543327
490883
484648
491574
426973
508346
569038
405897
462303
485496
459762
519319
519538
474648
509801
492537
501843
525372
398963
478250
464606
425822
512278
421184
507880
366551
531175
409233
488373
468235
446370
559612
414304
480167
502640
465626
547635
541408
493430
340511
461068
439840
519903
464649
476988
477240
459350
416242
452845
469943
437580
551586
424198
481917
398452
473265
505898
549067
455766
509285
502574
501108
505371
419605
524442
548598
410506
461523
500825
432640
505106
480859
482287
510096
391404
417034
460829
418682
493511
557311
421600
437456
478905
508531
419942
479825
525394
501067
430021
446203
503480
413042
435012
503008
512024
428659
537569
473417
441360
500913
497699
547041
492943
422375
487075
463930
492756
463555
484201
502645
495994
488909
521782
504423
511592
427706
531760
490848
393192
487892
489458
493610
496518
482867
498003
552140
376238
506138
497486
474741
501531
558319
368807
520986
552912
406091
520162
440551
530162
481001
516087
479741
524611
530870
503401
405446
424044
506837
368219
523948
457936
504918
496590
492445
395674
506917
469971
557161
518213
448241
477353
459596
513967
526236
460684
473896
465672
501896
557809
485081
440989
536912
364150
473995
459841
479279
421367
474266
458085
506963
402928
430957
498186
501859
511426
363078
474584
474223
503995
484640
477585
509844
517410
461081
516389
410891
459757
424705
506395
490554
489825
411667
532759
452735
550817
428071
458360
456513
566575
403446
533165
509474
512406
493822
431859
481218
481394
525716
502967
478653
517397
444115
556835
473107
505709
374964
484130
471199
510482
485694
488226
481018
491373
467672
533608
479286
501405
461961
431160
494508
518961
514550
495206
525618
515289
508054
467074
473106
434592
384967
508050
395534
466061
464337
530112
368607
497720
484465
523401
427899
395044
507848
528410
422734
514078
509712
526929
339570
455583
470928
423160
513486
450835
507367
482035
533495
447140
423721
515135
396906
456638
463524
541668
463602
434191
477410
503915
464464
441313
452832
553584
383246
451615
496947
479377
435589
439148
435899
411901
479400
506240
493368
404586
539069
474074
472343
472878
453037
519460
474062
491107
527596
480372
491671
543906
415251
545243
405971
465258
539327
378112
525464
395042
445476
466695
517360
523936
436454
487598
507155
512891
470346
474591
464407
433695
427330
480183
444938
473294
446103
468985
485047
408329
462995
530454
413075
462786
450307
487382
464834
538476
475617
414325
485803
496085
522443
527188
439809
479710
503702
444135
457262
422951
519979
469007
505393
382657
515339
507671
519326
380710
444153
470941
551502
433627
496926
521588
475653
458831
467096
426958
482725
522324
386085
492983
544381
397993
489509
534286
470162
496326
525618
493897
461498
507037
440511
500010
542153
473134
471302
508947
474398
533203
442372
397052
523535
491223
465281
534211
534312
539374
406658
497894
514955
439100
439635
463780
447985
480333
429811
551880
387550
498280
483601
505610
502711
422482
491578
440356
535455
513030
520028
526533
457354
508787
407721
496963
443441
581470
435398
418069
470664
484053
488511
512245
461822
502734
530121
503563
497081
458829
534332
552234
437768
470210
522585
509720
453058
473507
511495
513256
527404
480950
521195
515879
480861
470610
562554
410103
518126
530330
487699
478426
560675
429599
478031
568958
388350
484934
574381
554727
425013
459727
454086
561307
547423
416493
605506
464411
484708
536222
418944
541008
459918
511528
548944
402217
479417
550921
439819
514656
566133
567699
424985
456354
532992
522211
421607
537748
509217
484127
542590
493223
469777
472152
549972
417101
490581
513972
525331
530287
480817
508860
556037
393919
505035
551182
486648
503148
520852
518464
487885
521348
536627
390392
495209
484499
495999
491462
492749
494681
463845
480253
552810
516363
430470
457960
547610
546139
436161
498912
473058
502194
470655
457420
513624
578390
475756
477639
490999
434677
511795
453364
523517
453744
477626
462820
507955
433239
489075
486035
466477
526774
542351
536911
502554
508189
503873
555153
381342
463489
546436
543365
392668
437024
550013
388706
494162
450321
506707
489760
516069
485439
490434
418700
434295
539415
470237
505300
563093
501808
503835
415060
443460
506532
523472
426607
470790
516447
440706
456835
538652
451594
562200
398188
488082
488708
509371
508157
423309
498945
500192
494820
485959
497809
520225
467807
519560
501726
439631
483018
475837
475333
511763
502649
515718
544105
420439
545869
479325
522941
554265
518467
508930
569492
424211
494311
522317
562411
480999
542026
508498
523227
445033
412733
511255
581781
429784
473453
518422
550275
442331
533961
518590
460569
508465
534501
472893
478593
521512
539208
547510
550127
448715
506135
535302
547891
528387
502490
476062
519458
474027
482970
532373
490308
529142
507545
444847
487930
524813
548365
472844
548104
533333
542866
510145
448377
526174
482690
477586
524959
470999
521528
479186
481870
475009
457972
451946
490064
482501
572107
442036
534416
473529
490622
493765
463977
536847
448539
524833
491794
495231
459340
531554
449696
495276
466296
456651
418147
476317
541420
526237
491595
523935
486750
518734
436607
533731
409560
524643
493515
516399
546057
409363
520700
536010
536393
412795
502318
543151
513443
512203
477528
524532
564168
510627
485580
541649
489603
475899
517635
458108
453303
506696
486452
483725
491218
554605
412614
525815
480884
461879
499375
520494
500848
478407
479299
509583
513012
389818
511187
535984
517280
428815
545352
407228
479775
486277
540247
404148
475038
481705
518291
462734
491623
430589
514539
445962
473125
471314
489756
590843
516366
526061
405644
496798
480590
517797
553256
414108
487488
514351
615094
482064
502473
481079
527745
562135
441484
508270
529480
493320
575016
461218
528018
422194
549371
475870
489730
570723
431982
450422
499335
466614
520502
510855
418307
524918
562497
528407
410625
505955
453112
545005
523599
509855
473300
490421
464804
496877
486024
531657
564733
428095
481670
443314
583885
410363
459104
495519
455331
465939
534519
529929
390467
542058
530844
505903
571647
392036
422305
448971
361907
518081
501644
466451
480924
518777
456323
450720
560576
487029
484170
516659
425641
516624
417657
478517
507994
430657
486486
502227
487609
457056
531946
459338
476891
519638
530847
461464
478516
496747
480402
492049
517323
541491
399877
493842
475357
519900
536060
430449
510569
512319
529396
506848
520152
515445
502678
457151
481834
540667
416329
491536
531449
527012
537586
420552
471451
449925
534785
386067
490716
519284
522706
489523
513086
535442
383087
515488
522371
462984
513694
527781
425343
504404
485150
521869
507738
431018
503911
495914
502985
538532
458954
453362
516862
507252
390987
472222
473618
514206
443519
536662
384256
520238
519333
510353
535283
406252
446246
482222
516539
509399
391659
497916
531957
490559
415529
475216
488059
454533
557630
413516
475623
506994
499184
413833
456170
450622
527993
403269
526954
474933
452606
498553
536560
487857
466807
479087
489103
562564
416147
439547
512250
476081
388244
509397
487285
445797
547682
407934
463642
510379
524032
394581
476088
457638
538052
417181
491552
497242
541909
418778
465979
464541
438976
512262
476036
502376
481549
527682
501533
483242
414439
492399
460020
514602
538617
487946
394129
489010
521270
528939
386502
497330
473727
486144
547367
406937
482783
526127
457920
479861
530637
472373
472416
538177
380501
501631
539984
511538
397851
473738
516345
526778
444823
536866
399738
478525
499661
499600
525633
549276
426165
522284
418153
553996
405025
479699
502018
498673
448726
495582
451791
488551
517768
544474
422873
545870
439428
505874
518266
480329
560325
497995
496268
546621
509890
542750
508943
517111
439127
550640
487360
509029
518995
489730
529890
535153
498179
512333
549588
525521
555894
546846
544235
416688
500533
477933
553827
447208
533999
508971
586928
430150
515223
543276
398737
514561
492100
475402
530512
457107
483498
437579
567583
508003
399641
497958
469907
532513
444469
561829
398458
531994
488113
471238
517231
453043
481100
483676
520245
503846
475802
518044
536457
447765
479148
516015
487607
543126
561413
520383
531788
421208
481681
531082
517889
447758
480960
537504
544313
473842
506908
508264
484418
500676
532099
500872
527001
521393
421246
502462
502489
534277
515087
455064
476871
469375
452309
482390
549664
501758
450546
491419
460207
526948
492078
496109
489382
509353
565444
415742
475736
494133
616381
432831
506682
547942
490933
503517
565068
412979
443519
504947
514584
536288
515638
501280
466654
526434
465058
529959
499212
481929
527777
553975
409888
468932
531028
558089
509465
436862
511114
489254
513494
567962
411402
522963
520561
501672
459616
527937
425454
492498
475842
548019
470079
485807
494458
480465
533930
446887
470528
513752
516933
487036
491891
504439
447116
524129
550957
502551
493705
517049
428502
452093
487182
513359
514696
470396
489617
512038
494161
530262
521433
485621
533968
519279
523210
410703
485464
466331
575169
426702
509273
462705
556685
515966
588524
503370
473934
505439
460906
535727
500378
495385
533170
562930
474220
478884
531888
543646
444573
488080
459712
558344
423912
511484
498997
512462
546801
427028
516691
508183
534391
507219
522153
543695
507747
428018
501510
505305
485229
482218
509453
556275
512936
548268
430459
543571
538156
425043
522922
518811
546608
505940
480018
526737
484405
560510
483140
447405
482278
526230
564688
406539
527081
516285
455523
565512
425286
482175
479256
539991
416896
518900
560476
413770
504296
512171
521043
491120
505948
532490
507901
522576
461937
519140
483828
550815
513397
508769
485279
490805
467786
505555
486106
528631
546310
400127
477739
531758
508899
451869
518998
460093
554298
454290
538205
494203
486460
517269
560184
425865
518365
574086
453311
409072
497470
520451
523699
573635
596777
411381
496272
452607
615483
435900
470678
434229
540765
629410
389367
522776
531977
563966
402996
492009
502283
471311
463145
521307
522593
555966
451294
523001
462018
411678
536318
500042
552649
418270
547327
511025
568406
440698
494857
520771
517874
539941
575305
419781
512695
560626
491840
486653
490224
493238
491479
549947
505684
480977
525864
539708
421248
491786
486655
544156
504437
454234
566938
536629
464346
537840
451566
508868
530865
506962
499642
505612
460010
540104
535197
547951
429871
527119
513813
516673
448204
499247
516420
544931
535125
532726
439972
486394
487657
549812
420648
541756
504636
446876
564957
419681
366620
500102
513488
519993
423729
506314
438797
547685
482565
534636
539320
450166
369010
515665
480491
500659
533139
455183
508900
537781
537064
412941
483764
496216
515352
441986
492949
452546
544765
489472
397759
468042
516913
483360
529517
551441
408633
534225
471592
507872
476172
495701
545496
445597
509632
508955
402862
511166
483656
563653
420468
518217
449745
504411
567033
523331
483360
469459
554029
409926
402201
518586
524743
563798
417860
484715
509054
535676
412824
480024
513045
522795
439440
499015
1962936
532937
425705
502891
502990
457648
487151
527662
508668
452257
541129
452623
518860
434977
534064
419965
488825
516247
522312
520490
484542
472344
460515
484975
491434
437063
523405
418867
472751
487758
470243
571588
419690
461528
526840
529193
515549
488417
412671
543968
409203
454375
466775
530493
381204
428906
495129
489811
535793
377121
484367
391245
478285
453303
510129
536694
495105
508655
446080
583069
510698
486009
530994
482903
448725
527231
437159
534472
420814
511566
474131
513027
456264
503204
544343
418194
458327
526123
554011
523853
530809
499808
516785
435501
479606
457568
549045
398539
516241
551493
393595
492454
460910
483574
498097
516056
546512
412680
544029
498199
510073
539837
424775
499458
469754
485326
515525
430236
512203
449172
534544
438053
562036
412890
486810
532073
453471
467464
503442
505919
509151
551911
413219
539694
438443
544402
450295
549641
543733
495585
541948
503607
514529
534722
506194
462759
549742
487191
551964
511958
491534
487130
517379
509435
551463
417560
406295
550064
428963
459842
470442
544204
389502
402494
529628
465796
481448
480715
493683
544616
546002
394920
504235
472558
434318
555670
502929
456610
580951
502923
433258
516674
467603
538859
421813
477666
444359
505019
479220
505893
551465
419174
488383
488079
446278
489003
530753
477675
453691
538833
479389
512845
553687
422755
494424
457147
568449
428749
489045
463123
461636
406387
521241
572917
537078
421091
540663
486695
503097
539473
509510
506981
503611
524509
511216
451252
457489
525933
468720
460677
519878
574834
482878
502972
458422
520806
409852
542618
451317
483258
541997
519521
470572
558692
544063
549040
429247
514120
437704
533552
530259
419932
511253
510827
516254
522764
517216
504694
437434
501245
544353
455200
506753
502097
499674
490028
493119
497245
406998
535358
531669
506656
416740
508134
479668
553415
528465
480362
526292
480960
481254
514708
512754
482304
509701
539422
436715
511104
529308
536491
398113
512552
548919
436942
557532
417623
478463
522613
495710
477018
511908
426771
531933
457026
491785
546809
547500
531787
412357
504815
534612
547472
526549
509223
484227
536038
516648
468965
511655
488322
517829
520143
501147
513607
499357
515248
489112
454769
529233
423090
500621
491747
520650
552331
486135
527402
519139
520517
431986
484757
461450
490364
508309
492026
540221
548043
517340
512359
520119
511202
436334
533048
493457
553074
452877
513163
460545
513818
507925
490671
517251
515941
474022
531246
438728
553253
459305
533221
431350
515714
491696
533917
485112
519898
567628
398760
541062
423974
492610
458766
574090
446481
508288
551803
504558
512071
530383
427013
483983
560673
545971
430805
525655
478684
486811
552945
504333
453050
540530
455682
547898
402007
487588
533875
493794
443879
513276
526219
514982
488942
457588
508468
529424
419116
491467
493266
486958
562406
428437
496491
525422
568471
401594
509730
495233
469046
484359
501922
498605
498390
518007
515624
410990
531543
461235
487372
488072
494249
544121
461510
514240
427372
474715
533946
422641
495621
512937
504100
459243
530961
492047
478636
504025
495818
471115
468022
530388
512307
480577
511600
426599
545299
419658
404125
546138
584444
484067
545124
541470
545486
450915
511048
457545
497002
524912
464649
562297
433683
481821
459303
547977
544344
418226
510397
460978
544029
432418
409968
488509
509009
539136
496443
530741
505442
487113
532003
456293
536427
432774
485611
541421
494751
487202
470435
542372
457152
485852
531837
553643
409442
531233
454147
476887
486518
467001
492128
527892
412911
2898933
372312
525799
397532
490179
382356
522870
518931
542474
435491
493577
486264
454758
546062
415914
504022
544352
430416
549486
484405
476809
456310
510267
532607
413959
485788
458901
547626
486628
516288
540902
515788
556378
411355
483639
462913
551207
429396
488457
461093
548690
455290
486994
530271
459104
559218
442534
490278
508587
545978
427975
490135
480492
527246
406709
519980
489830
447382
557114
413617
504326
536920
514798
454221
545095
409968
520295
530096
462582
554717
512205
502910
470290
463904
514081
510898
504288
453405
511997
541483
415689
519507
531934
488647
545651
492341
492385
537230
430749
501246
492444
515881
532808
518015
513712
416191
488059
479102
545839
492723
484224
472437
530824
404697
412368
547773
535362
536119
485272
515083
551397
422197
484130
497378
559542
487916
527642
545223
400983
482884
459864
550907
431201
480741
532339
478556
439592
516467
451977
392926
517031
479311
517728
546478
439799
480599
541776
522459
539077
434580
483034
517441
552802
438045
486852
520819
494765
504709
568650
506824
512640
441577
488999
518059
548376
484483
494693
459699
506800
457767
481438
489235
524533
450436
413796
515287
531461
477978
522925
520419
533195
409639
502086
502683
530884
521711
472945
472659
506583
530472
549256
415067
504334
492458
551085
549449
409839
517686
523602
533512
472824
495884
545671
495143
497620
554256
486015
480671
508894
508160
538747
445259
494855
516716
444168
493198
475340
557757
565117
517642
415341
491984
450811
539097
531630
437696
505090
518815
520125
587182
512944
544440
550836
509853
414154
519795
508254
447630
474717
439310
554739
525559
512198
459474
506543
552103
517966
481586
515012
601319
417744
433114
537307
471046
485689
483255
519538
511024
450926
490463
406399
515262
619569
443551
441341
531604
501277
501956
450092
552705
526008
510697
404150
536656
497449
497759
493072
503318
490418
510301
464920
501779
543035
541309
413477
485214
512077
563952
423971
482714
465867
564504
418204
480706
491185
462968
544238
428197
482899
461209
555143
445112
446058
516075
502261
457687
467886
525116
430465
486605
471818
520597
479510
516883
538942
515318
555985
418009
526463
502467
501277
412531
527168
424696
400652
516044
533846
493826
524421
542481
507607
527349
435278
500273
485569
521064
513470
479388
520001
448479
477511
527542
551200
429322
496815
519813
544013
450551
507791
421056
519722
505634
520236
503968
485411
509999
513442
481921
516610
496789
487441
538183
494612
477298
670031
546817
433361
506468
536966
509056
489427
485737
506598
551412
427563
485552
523801
544363
410905
493068
517270
485915
477582
517361
492616
510805
525075
435306
562215
525364
516990
435941
522925
473679
533343
549721
418290
525649
463998
546124
419156
487135
460760
556769
431404
480044
518744
540752
516531
446887
529772
497692
531134
537632
433671
502520
455690
537865
559454
409488
478248
531060
564196
511049
434584
507520
507879
529417
518004
406481
486765
488626
535333
429954
491783
487716
522642
427784
532470
515108
490254
471479
488846
482010
496930
529752
493028
494177
530256
517625
484537
486480
459555
467113
507942
510735
462457
515210
523521
446635
495249
489812
535231
520997
501013
521274
516313
498129
544342
509177
559202
438815
491160
521323
488872
478224
547687
426889
520765
555063
420186
486187
524424
479703
517298
515241
526605
531461
476690
507566
456715
535448
420132
479278
465701
554617
414948
484364
503743
449016
546191
460414
517186
445631
488727
521266
494855
506468
464223
540071
442700
473882
519385
511028
528660
436712
495571
530456
539206
532184
547060
442782
495081
540613
501235
476771
492384
510349
560963
429550
537933
437802
494328
492833
519913
535584
406583
491582
464071
469380
510953
533311
568521
552166
436675
495965
464606
518216
464434
454677
548896
436157
484690
519349
456724
470353
515144
541093
511169
528438
540782
488413
502976
542186
451279
483848
543708
538181
515380
552540
513843
507803
426475
509367
1274917
533096
518322
485695
544867
552047
423573
499190
517846
537159
431361
522148
509504
472983
494049
485038
445154
515761
509527
418212
409509
492451
497927
522746
494533
489859
518602
495791
501098
534417
515856
437222
500492
508211
536707
567981
421919
520803
552286
553666
425635
481708
462907
523090
551893
408195
491638
529817
558527
421373
477974
462928
526608
427207
469920
495689
559896
411274
480511
516420
512373
473853
479919
532755
526745
429818
487934
524317
543283
435815
477785
474535
459134
557573
430628
468848
433954
525351
554611
423473
487480
470565
545699
496238
493650
534160
497997
423762
506552
517245
500831
527958
444424
476680
524877
511103
418740
535764
409023
488392
523389
389862
510806
533746
419679
511889
530177
506557
504630
542670
513630
489597
511030
490877
508106
533018
418707
498678
563205
510851
414781
458864
455905
565185
438586
484921
536689
504296
488936
550400
446229
481600
502422
466076
475339
497240
454612
497127
530410
442757
464787
467231
546911
402957
507815
460365
530826
496011
506002
400112
473308
516749
553819
499393
511152
533486
529605
411609
533983
532426
483930
536250
491840
515126
527177
510373
534151
426459
476091
454920
517681
504254
540154
524187
412411
484247
484927
508598
537441
446038
476341
510728
542162
411077
480209
537555
503455
525239
454225
500796
492906
469426
479542
523653
459872
479956
424459
523476
541220
427586
539557
425913
547565
525173
409310
532120
420460
516647
549019
418797
518595
520118
554794
479681
488804
524119
532421
455371
504605
515495
464698
466808
513115
534473
523022
420728
531936
549964
420019
565086
506234
528046
550188
420176
480522
528934
551626
433908
497776
486429
531711
513008
446324
487526
538802
543360
410012
507764
480733
516252
554500
416678
515957
513705
502974
473483
525571
536587
427872
491474
470873
483609
525684
508912
481284
473597
504492
514854
452071
477528
533626
547732
411989
503818
508675
485396
527002
509363
486166
479871
522840
414424
521513
496308
493334
463453
474911
553127
433018
526132
392870
405574
490007
499825
509514
443819
531968
554237
398881
505747
551319
457784
484827
471515
533731
485266
536474
540796
419888
522751
483285
508714
562596
496191
450210
493576
517728
425000
536675
413060
391958
515887
506486
451413
540067
419365
545801
466676
541324
439131
539656
481214
478309
504834
548996
418115
521763
515989
436091
475699
477815
499647
521111
496828
477024
474077
480728
527511
508745
468347
475302
489858
517245
544029
563309
428862
493222
518613
548052
500719
478913
513645
530916
460226
516446
546673
518446
505546
508720
476151
515514
520857
448124
480893
530474
500631
587031
507871
500330
453361
569765
411001
524398
471825
558458
405471
527175
457025
525028
465238
493966
549060
529179
478824
535910
508540
488211
504393
538811
457983
471903
534874
525737
486571
476277
519007
534861
574272
435821
526722
533974
536852
535688
538699
409698
542245
525225
446302
540889
486636
538013
599164
404146
510297
559282
447353
541493
492673
473246
524906
527777
455940
477254
545830
510427
482994
517210
561041
438271
527558
464828
547502
453075
505495
454284
536701
531989
422554
530976
523932
481616
545850
413715
532709
517149
487046
489383
521433
498833
460124
511747
517667
466447
559458
425340
577762
490620
494255
498237
477639
541705
446380
514105
529711
462186
531144
522419
596566
421010
507659
524241
522922
512375
509746
399024
487620
546499
543042
458023
513768
528540
513245
524008
494430
434865
551444
457575
465560
551796
405897
410722
514733
514797
451319
518504
402038
555764
425639
412091
521613
545883
499441
507516
529528
459647
526276
500134
517717
556498
533060
445998
410393
511659
495667
498116
487872
509965
501629
546068
442745
524035
506693
521052
524915
515750
447791
515430
525625
440620
552179
426598
531319
569429
427280
421858
477601
531907
510951
442260
479981
535341
489597
484641
519727
473061
487893
486862
476434
465529
532531
520602
545748
436144
474499
464818
532359
430284
494593
500175
526560
516750
507351
527000
547232
459274
514353
514734
449285
505597
492597
534592
528254
442556
511243
462225
473287
486080
513383
539766
427435
506138
465177
541763
492949
528216
548916
541558
405673
522349
500926
503759
540974
510574
476596
417276
460822
561666
437005
512581
478030
498599
477548
518748
491667
482013
466879
526328
489518
536447
449430
519771
434679
508728
522688
495031
511026
450513
472403
544865
438797
478220
546483
424212
445069
493526
536544
501256
531880
494819
561346
419128
500904
530493
512556
495468
540945
489381
486321
475586
468705
472395
546704
425411
482876
479912
465048
476881
501227
504513
464867
478920
513709
480908
460073
516853
430559
534825
499541
444714
516523
405262
545162
424744
539468
495301
500160
476856
523021
524578
484731
487057
555710
432569
528175
424744
521944
506900
436083
490211
483898
517181
535290
514064
436239
467791
496902
561831
419059
477106
543889
425665
490948
475200
468213
512389
559198
427657
470387
456588
555678
549027
412423
474539
535478
507451
532291
410149
507835
498588
502184
519272
518626
408037
438923
478362
522032
491629
484750
518856
494886
496175
459003
508280
488248
522234
538484
508876
414799
490055
502758
458346
535530
490266
460847
507396
496663
463423
484263
478567
533040
520329
441471
516147
530911
508845
539231
505071
510426
509469
537838
516000
453193
515276
498747
435740
512797
521994
518312
518344
410507
490016
480545
477384
524616
480003
494505
538941
417060
537003
508679
499405
515921
516286
533846
525025
504491
506863
515477
407867
458804
521967
537720
415504
498991
509154
483540
486375
519957
419957
485386
480051
522498
504654
556186
406548
509912
518361
521763
442891
494622
507461
543236
530222
444060
523444
464100
490925
528082
510448
511444
553129
523293
515104
554144
512435
523302
432037
496368
446724
547970
414450
525821
513956
520679
510314
453252
480089
495899
537963
505213
502982
463923
490071
498758
500925
517080
503471
459049
478216
509513
444157
503012
531815
546993
416645
548339
407926
536534
419478
519146
444440
545641
544674
439848
553733
430547
533322
527567
484824
474328
494945
557160
415534
541798
503382
514482
530737
532088
550845
461396
469857
625406
522050
471617
478644
480395
544929
452460
517484
521395
508826
533610
459540
518736
510036
479614
522181
576629
419645
505941
505919
512149
505859
538654
418910
537725
514723
427633
514114
501276
475796
528941
503718
494885
523577
525950
543448
454225
394739
529727
479378
495299
453459
561894
410230
518105
434720
525497
508834
551765
515233
525964
549315
395722
508170
429167
509284
520360
511101
526958
514962
391946
494851
532116
457020
494995
512214
511468
451599
445538
488205
437544
477681
520826
511334
476628
526583
491908
556873
408923
503568
466821
495364
531846
466288
503539
524320
524578
457796
486177
535628
503017
556562
516736
522737
479273
467144
552539
423766
518308
434599
524860
499942
515604
555247
513183
415444
524722
499330
477395
534153
499832
569612
422337
486771
511899
505791
559022
426676
548296
528309
419818
487129
497006
523379
484446
488621
470955
516887
526418
424729
484610
519779
543057
440891
500600
503940
521509
433617
507524
499166
479250
565115
500807
467445
516696
528982
501555
531808
521315
454750
499795
454029
527836
516831
512790
460627
523939
499576
471041
474243
528790
456302
557414
426481
490693
488904
535005
445936
511305
457335
530948
557663
520250
417435
556123
510024
468342
509946
552408
468433
525439
514392
495836
509775
470879
557417
432941
471206
545092
424219
510052
518034
479342
516997
557517
437449
481648
531513
408668
517304
477289
526597
508309
474129
487318
468982
514194
434719
528414
448149
520971
521112
541381
514079
526548
435849
543775
523909
545871
514766
511694
565852
405726
512326
547205
412289
531108
423756
485343
511358
547587
525409
427897
532589
550074
420392
543197
514118
514800
460182
492727
544675
515003
481672
484034
521961
554279
421221
484647
473742
463776
516978
545084
411168
498553
462134
560890
416765
515226
535541
450279
511741
501300
502042
552979
397641
486899
454628
563546
423294
495790
530243
441979
531557
517152
484713
524632
462623
530949
508327
479602
488494
484035
471577
542889
497360
519854
485036
518975
575960
491651
522966
531371
488823
475555
475793
450401
494447
513478
477420
507553
529872
520293
564626
529963
515309
537771
456089
540904
510640
532984
487851
515730
535704
434593
500538
517504
530775
516811
454075
519408
533726
546359
526883
428355
516016
508676
533743
470669
507703
471586
543297
430260
503333
520968
410236
507038
504244
463350
495308
540284
516988
475289
518025
439104
539322
521636
433583
534063
546543
523963
427699
498955
456472
594107
412139
492391
467117
521394
538184
452144
469350
523560
536151
554891
486091
526868
528051
442771
570269
519602
419856
542239
484743
521796
540237
463843
491162
549303
505412
478089
500973
479376
494237
490627
479194
517658
513931
460954
494354
530181
475601
516018
535968
522105
455842
560392
453769
470872
536300
439139
486486
525913
493519
473556
533469
488179
412223
459267
468487
462288
531927
481758
521155
430141
521735
406244
478665
429128
495395
525433
501763
458722
507824
489296
490511
514407
499645
452656
527695
422239
546518
408686
506527
428279
532594
514946
384474
478843
504291
510032
546928
478780
507998
512520
488805
517129
489328
469996
526958
420380
522239
533166
514601
496353
553425
423806
476808
542356
419877
524824
513751
506894
492368
498966
514575
524534
505119
633951
522551
521757
422211
477313
520202
503389
462791
500150
505942
533277
517318
519857
461135
511163
416581
416230
535976
485244
467446
529154
414415
516924
506919
527204
396298
478927
448314
458220
509075
478943
556442
493841
441638
450447
514365
532947
422755
509720
450398
584635
409722
495521
518898
456153
539145
510387
468932
507753
469269
487200
514702
545880
460955
483404
558869
432303
536019
437947
494592
510921
475958
509334
521603
508541
478287
492475
457510
502570
452326
445994
481837
497113
540669
421050
491829
458175
517839
539740
439943
499622
552182
512463
537142
409164
477619
476548
551873
418361
491248
479689
502518
457363
508466
528217
547480
416691
526180
411322
548828
418225
489582
474797
491620
488021
478180
514355
462937
502852
509394
527536
517052
531787
418076
542315
508541
465112
516907
537853
441042
511177
487795
467130
570923
413238
483970
580919
417827
508173
514119
507513
513930
478988
513197
479919
503928
510726
515324
481219
490458
486964
472745
514785
563494
452106
473361
528243
506058
491543
464829
529738
538226
443878
507304
460932
540282
521471
483175
492703
547462
425614
418463
473612
463998
517226
515481
498350
527905
414094
449513
418665
513990
531634
458204
507290
554565
427690
513493
541357
428186
514566
485851
776781
505587
510875
515493
411652
566208
426282
489818
475081
369972
534496
525292
520569
450274
535251
441360
490623
481812
389860
551611
440807
474356
543099
445702
468044
501812
484039
477785
536650
532317
488266
436039
502229
467191
464084
522187
460690
515480
508039
472232
517598
558725
398987
523867
540513
406892
532262
521498
511241
426780
520577
475302
528376
440408
469008
466148
543568
422070
500020
471726
478445
514965
457218
512604
524024
399613
499403
482669
527839
429008
508012
498051
496950
557393
440459
493429
555486
487441
531394
435303
490137
416966
563282
418511
485728
427204
519191
549174
438560
507742
534583
491395
489841
451414
537810
517782
424029
535838
420914
519778
512660
510773
514930
426673
565199
524106
417567
502468
493604
469969
499649
485795
480955
548608
430940
523830
425755
489496
513582
483599
462258
467221
489797
536467
451793
543885
428275
541684
499257
463339
502403
541325
520397
546545
496681
481543
507052
501084
419185
519605
443980
500035
490685
509000
507922
556682
412907
534245
508378
455206
487875
484344
524800
463847
486537
502399
519825
523650
499569
535051
420499
503496
539148
459339
417131
458777
528346
430581
539500
519655
517158
413839
483825
464217
587827
432435
402285
515587
424744
489977
505068
516405
543087
425412
516057
500043
554845
408367
512426
575855
446930
513513
511511
541330
518429
520404
492986
500322
551891
416002
483889
507714
523412
488222
469330
489008
485435
504816
501621
467294
510553
456492
489784
488360
502285
398463
496009
494535
458923
522782
432061
484073
527528
512834
506150
501195
521460
451520
460308
494623
499786
469891
530574
420302
499640
459854
544659
448463
491999
501955
452523
469202
510295
497200
454999
542221
497126
533018
455080
493989
477313
469817
507367
450584
523444
515294
438057
523111
513865
429851
527014
509391
462388
512335
523649
491505
511360
500464
543374
447173
492231
501037
540947
511587
443424
536495
500708
491742
484155
510579
551276
432699
477068
548400
534996
495407
494186
451817
546339
421326
524381
508937
476975
488771
495102
508034
438968
493673
524509
512519
485436
523199
524030
506689
461680
475327
507110
495088
417140
478551
544558
498175
443458
537288
489742
500248
536286
525343
429830
498346
522894
520763
531571
498217
493021
501691
456810
491381
488518
451911
484029
508739
507343
527937
447279
487113
485843
542687
506381
453090
543431
503057
552901
464343
451701
527594
523606
512355
425309
484745
463736
544106
416522
472107
522586
459443
440487
454577
483800
480771
542676
435581
492328
503234
520508
425938
502066
427918
451142
480833
482857
440782
469493
477962
475786
523865
504672
502776
489782
437497
484638
521135
530684
434451
564432
512961
512031
415674
475621
516634
477360
484097
458929
515060
491210
456069
464306
478193
521689
504260
477686
509429
546133
411882
510849
526265
530159
510095
443968
485519
515662
571624
417402
470458
508548
423921
485164
453674
531640
480567
504687
487760
419713
488983
445376
485900
513756
490223
538210
427695
533850
416355
479245
526709
511542
449488
473235
466375
514724
455764
466518
391537
481137
490831
522274
499390
459917
481554
449549
590934
519194
491486
527633
401609
548179
427092
486873
475879
531342
543512
519156
426151
476405
516032
538685
511301
496974
501551
499741
451047
510724
513868
560023
426457
479626
455783
527404
532940
519103
549526
433360
481416
488353
496500
543782
448478
483671
456808
533262
510894
450690
505548
457259
543828
459889
497975
524190
544792
422559
483474
540244
426935
486253
499798
517666
504921
461556
487075
515386
544931
414703
477798
456320
532251
417400
491352
467867
544646
419251
492753
528438
432953
533892
414030
514362
417226
518578
489727
464988
550614
554699
422910
501550
525831
492042
478907
532605
405969
535885
488940
525868
530776
445499
476327
545943
505207
463226
512244
484922
512178
540466
411794
476993
537318
509884
496671
486890
481275
516714
520062
455946
539339
444760
491252
456934
498205
482354
466082
543333
432241
477990
558225
507356
514006
475387
474352
497370
510995
517304
489226
518251
417192
498261
523643
493122
535030
509342
522364
413501
487620
511165
518751
416811
496050
516989
459184
441679
544125
511790
512622
466866
509302
500106
499894
458760
527645
426453
524792
462650
500772
521931
431799
572018
495643
484763
500158
457599
396063
414370
520487
418472
457624
489170
488335
506645
512260
450965
513227
537503
434331
488498
499396
525547
454507
510142
506420
470967
487842
520168
560221
425335
485748
518793
512514
525004
495633
494015
527427
525312
452811
498017
492815
524479
411833
513156
494131
530046
484512
519193
548226
459381
507593
551673
494888
472336
519082
532428
433606
526489
523391
540290
423342
499304
521204
529431
526231
404226
507815
449260
475583
451757
542637
433362
505154
458963
534844
444351
499202
524359
417980
457160
455358
466208
532723
413507
470103
465302
530087
440539
478942
522934
420813
424209
524078
476510
479579
410447
445090
471458
537057
543369
420464
530083
458479
476187
484587
426495
485968
476667
509121
535471
457383
485145
519680
525746
485150
520416
548846
496238
471490
506055
526311
490310
525982
492848
449083
512496
511690
491264
527119
416646
494299
509575
524064
424446
541302
417561
494059
538652
496737
505909
502542
462787
498159
528688
489481
505352
480806
529998
430106
543409
426544
492536
513782
501083
444942
515485
543817
419559
489245
483967
536659
420318
505634
464843
517871
422988
530129
492382
497887
518843
505025
541497
430116
480711
464504
540323
481108
459097
549806
449145
483093
483015
468214
499973
494313
501384
485367
518165
505035
536844
436982
502782
490403
525756
538608
407396
495163
521421
495427
446402
558188
421680
520500
494518
502401
524886
508971
462427
496489
500686
488461
464923
481606
498227
493533
465891
518248
452195
495788
527678
521649
501612
544237
476390
490295
449401
479729
504167
496724
463076
482085
524504
420783
554829
504471
502314
500149
486160
490929
427356
487364
512274
536306
434894
484580
548960
518668
501958
480953
392747
485560
490482
539918
427214
517593
411418
497187
498406
539332
419597
481686
450225
560032
497333
485367
450444
476667
437242
508771
444547
463566
456264
504340
528440
416874
479224
525592
518540
541360
415770
549935
471098
388596
554055
469737
462976
523196
492221
482731
462052
561179
414103
500002
481062
511750
555396
417844
476001
521003
489479
470927
504486
498126
464291
500574
528655
508200
509062
429349
479344
466540
515362
512955
467934
486946
486108
504091
501713
528265
411164
477796
523842
502920
422206
504338
507928
469503
500539
520991
532650
417995
485501
483893
519072
487985
442567
506179
480792
456790
416726
510368
445367
501493
503658
457470
513021
507761
482090
535856
438404
450777
546356
496646
436578
507610
507276
502872
474737
491323
416802
533168
378864
471384
487921
477391
485231
518590
389686
548446
464254
450346
510689
520136
503838
403434
490072
482864
526514
536867
498167
479631
488253
458130
549076
391772
479992
527254
446658
484651
507081
461773
498046
493693
498191
492484
434403
460396
526608
383552
437892
475448
488427
435133
512221
443093
446689
509410
565824
469113
493119
542305
484092
416384
519755
448790
513796
555233
477889
517205
412409
462999
519838
515829
426710
489555
487134
496730
412606
551596
385703
507754
523846
481142
502718
401801
505492
509348
416630
474574
496363
507889
366375
495256
498872
531575
516239
432522
442878
455184
556624
381169
495361
485067
467069
500262
462955
431985
535185
496828
540848
418294
512494
420144
522698
379863
457386
516862
469693
508025
482261
489471
436501
513254
524235
408481
507797
483429
482899
499364
440870
554675
414874
463366
499459
497121
448591
504889
471003
485126
464914
528238
397152
480675
544940
415260
500870
476034
466531
461953
580884
382628
506255
465030
489920
481860
546725
391265
435172
527176
472619
457731
552295
418301
484772
486623
503428
482101
540218
388181
509226
491800
457521
523438
536022
472346
542474
442758
447426
497046
515360
484844
497038
517985
477682
517590
510343
470964
471971
567089
491013
531917
539481
406824
479385
526047
449266
439764
460378
551889
556073
427806
550028
431598
473642
497117
492005
483485
522759
531596
547480
425220
500667
481298
524063
516183
471380
480167
520808
484252
493569
539477
518207
552295
484738
479966
487020
514214
541215
406122
501430
457663
451947
485845
474523
516740
461564
499098
549512
501425
526690
468391
497351
461372
574706
415643
525687
535345
539722
409820
529042
507435
499976
486823
548693
426413
536849
492539
474840
515306
515403
482860
497587
451003
517571
535393
462248
478888
516508
485842
509278
500753
451178
510819
524695
416039
502923
486966
460740
459736
486180
513417
443357
514021
414544
521991
505051
496752
459795
483284
509442
547579
403828
477042
535423
507906
403646
564433
509257
525023
453613
471957
473401
520087
493411
505542
507935
522562
405198
480995
449948
592676
413488
471480
496929
461046
506239
419052
506513
551944
420640
479954
457650
561268
399607
482498
533681
531106
421534
492022
449752
470399
524820
495443
444793
490296
450790
497169
480417
479763
496177
541084
414607
509536
534724
484248
447991
506922
549888
395079
504565
498975
542849
389922
475819
534960
469239
463410
473686
468933
552684
411396
503595
492831
457871
511114
535625
393877
404148
500961
485685
501335
491512
487241
466678
503134
513548
491703
519988
513751
452404
523746
524577
405390
480986
512330
460383
461233
513540
492559
395312
495243
456159
523172
522235
458742
497529
508502
499965
504265
501436
461875
480668
505894
472619
549528
522468
475114
508854
481981
490388
539710
401511
502574
486791
484293
481914
482203
498212
528180
418512
502899
487539
525103
405465
504749
542719
517466
507189
419918
514992
495235
525334
496548
463868
492441
453044
534178
403461
525618
426128
530781
403866
518783
500494
437993
485451
518886
498076
452025
478867
508610
485336
505816
422396
499622
502958
398296
469418
511235
392439
447991
500184
507974
487628
498385
510468
481791
505559
510591
535211
502947
384533
540924
410906
476045
455613
526206
489326
476166
521410
522793
532406
454869
477316
511752
544585
434951
510488
417710
472585
516625
524552
427433
395120
523280
495215
467039
539337
507640
414352
487726
454664
576440
421160
467084
446812
540558
402985
504970
489324
490201
534334
422033
510676
408010
511471
504499
549653
434248
477499
500318
440768
474920
447403
537978
416202
503474
515526
526182
417040
499840
497983
444464
480899
524441
495165
507193
488784
494076
501819
508754
538578
404536
526618
518002
499037
478974
461240
534527
405614
507800
454387
535022
423212
514667
480785
484479
538805
417355
485683
473864
535593
435994
485045
472153
518613
455354
520886
446217
535972
480513
467448
499821
441376
480224
498133
528030
431088
476590
515693
534379
454158
490497
531348
499913
453661
524442
537737
518115
447525
509933
530559
418152
473740
461298
502722
486211
470345
532719
423497
516633
489377
524915
483935
502164
487981
476213
495227
425179
515705
483773
496260
537004
506526
484619
481014
468622
497841
448619
489579
446607
494389
515077
487166
513215
546396
409426
484235
506785
538730
422247
473947
492998
571257
496250
497557
559450
407075
493534
546814
498838
518111
546520
503785
578304
413312
479270
519259
544778
406110
511135
520708
489353
505575
514081
504903
505825
400612
505458
501524
432926
480701
477626
521972
502112
501453
547332
503261
502763
431337
460400
499169
454753
470256
511415
480454
523720
402597
514690
515058
403004
489273
511375
507494
527319
401106
513276
413074
506880
491446
504078
545783
417076
471774
455699
440004
503597
483595
513834
523120
405565
499843
442559
471521
532166
436411
467842
553943
457048
483723
526440
533168
405952
500182
471187
469792
540338
510013
452192
517218
514826
548411
459027
472945
456133
550864
416371
472876
512171
501053
425472
491608
449547
504337
540667
437873
486339
476352
498644
443330
497123
446720
480520
490845
448344
544598
507585
509497
527566
501236
512974
507157
496366
499133
414571
500651
440595
557897
512587
419310
511820
401512
400032
466028
519315
424580
497190
484466
452804
526938
449681
468851
538767
511042
509099
461431
505034
496627
470847
520280
422495
538132
455658
462877
545440
484583
485082
529672
418404
535324
421070
466840
475228
540714
414003
491703
493643
501026
416899
461592
475454
508845
574801
511370
505863
409195
481671
504791
440933
479176
504129
440596
522239
402361
476664
449959
495422
504508
551395
423811
488483
459346
440552
490292
474378
544425
523605
512087
426873
490136
480626
475031
496118
554521
553899
451508
482777
490715
474267
556310
438660
515136
511625
432185
494268
458894
480513
476812
508978
533455
405879
480428
492939
513110
488961
486578
515203
433236
434014
482623
512977
496174
523691
406460
488300
508338
487847
535450
425507
568913
502217
476428
522149
451752
498940
558913
434989
505997
488221
515726
529254
429077
500002
522110
411364
481855
482888
539747
490525
452686
521690
534028
421982
477540
438441
498495
466856
488640
451591
542580
410243
491878
496183
496424
488251
489385
442199
470637
521401
531633
506097
449092
482029
520276
540522
410608
470207
503388
438832
474939
472344
454072
543892
503357
499125
541802
408656
475621
517832
485916
516807
542496
424356
475227
519528
501053
480377
515158
426552
491149
489183
452315
534293
433194
500138
512019
465347
479385
499209
567299
441371
480106
514523
456291
442692
488132
505930
478651
484696
501220
543224
519365
503543
539548
515978
515142
493474
529654
499351
504932
437071
506403
481042
473677
516922
450607
515552
529426
531854
516685
542481
525416
414494
482118
523453
422524
507993
426495
523516
479378
500708
422729
498988
512193
486848
418073
543969
399804
533637
425429
486157
475346
535384
525213
402914
496050
477278
478087
477866
520465
403330
504483
508101
484909
439974
451523
419079
511880
453616
514041
531954
522946
418653
517709
490331
482211
502723
474518
441286
524068
421856
494469
453207
535647
424168
504477
527365
409476
469806
473797
549111
421732
503221
455265
509711
421286
523052
407808
466077
517885
461350
497135
541240
491809
400980
544148
504762
537081
532966
509461
505553
505655
394551
390455
526758
489786
474335
530980
483052
490741
526643
405331
484944
448459
401458
448243
507602
489546
490809
492332
454823
520425
506553
515335
528137
415849
496672
545224
424239
504145
463733
475422
477904
552128
425454
543523
445768
468213
464535
524567
492637
502145
506867
447765
483594
524987
518632
393569
466008
457795
437819
510251
494260
519349
492508
480796
469545
485230
505752
526218
428657
509231
511917
530892
411314
532302
499161
460897
515683
510404
415885
557428
411720
452395
509534
516049
529401
502531
487022
419973
514269
436454
479821
515186
505501
425589
383847
481106
472226
504160
536119
478107
513473
481796
530172
496276
528958
418039
467548
453840
557679
425504
496473
536092
526861
491415
526451
502549
475405
534691
463009
475267
537502
499058
447300
503416
520874
502989
404361
480397
503649
557925
537219
506555
537104
495712
397804
467133
501992
544637
417918
506374
494123
481098
477084
524253
482203
473692
528722
430763
533742
403643
497882
486131
532597
517626
473508
657849
493308
530724
419782
467973
475938
529727
482759
480635
529274
500062
540630
438666
487442
500157
536366
417790
506909
499095
447814
514862
505911
516946
395518
493280
512913
537025
417319
460615
509933
435178
480037
513806
557221
498507
472205
511711
527733
407728
477957
450509
551195
509089
498234
425816
483835
470304
519383
528015
492920
441700
465671
518390
458029
527580
402671
516601
491893
522985
511691
526253
417484
494166
508899
485617
474726
517412
456003
477802
465600
543095
524731
502949
458011
493748
457246
532678
413259
468275
528603
538113
500892
430703
508441
491103
529286
404944
514386
493019
512704
481000
530897
490053
444066
495370
477976
511414
557336
533868
419321
517843
458871
559633
524995
491504
488536
520435
547453
426165
487750
489472
526905
425047
524663
404804
517866
409194
514468
505782
456951
535892
532656
434999
528126
524847
489330
506877
513104
503185
541509
427587
483352
497568
520132
452740
509649
507200
526300
527181
483531
483357
485942
533332
427062
512912
493792
534163
512007
529860
415446
508548
498074
464745
485508
461836
406049
549810
417536
508697
508337
456716
503975
515827
493298
515878
499596
494240
504069
471424
541234
503277
488311
514711
425391
544658
417869
478759
479285
527130
446130
487127
521330
484614
487381
477187
523226
551075
440989
519553
423542
572880
506584
515354
536987
417658
488571
501735
455789
505618
495166
517087
551569
538197
549671
403991
471782
457561
550112
427145
471119
515723
428996
502426
497284
502747
492724
535452
502069
437798
528670
530872
423989
534196
485036
485390
474639
412190
458394
528498
504656
496776
510083
527556
418903
547103
393940
518680
410677
555854
388605
504678
448422
519513
424061
487365
472115
533118
468578
420882
505817
526962
494118
472045
463750
516153
439224
481462
528316
432543
507240
471767
495091
503488
530633
509380
537944
412571
516646
486626
513794
486238
453442
499201
513539
499670
530914
443134
496645
496722
519934
493457
481738
485489
525409
492524
541568
482745
521705
525663
547026
491500
484284
471088
488475
467149
482420
495991
483592
518759
417233
499381
492084
464775
521682
521322
480403
509470
555485
400199
464726
538828
424087
497185
512399
454147
534394
444977
497567
497511
523736
497387
514054
497488
450172
492980
509157
497597
551515
410387
483989
487173
494674
500188
558666
473792
487429
512817
541235
474108
487835
506093
513723
556144
516888
524299
562343
480796
494897
451485
545702
426903
522486
492221
542918
494145
451509
489387
516288
528648
446292
509170
548884
419113
516757
477428
482362
494269
449969
498903
520397
530657
436581
474621
524736
518130
466007
472996
539247
489054
447065
492744
466778
544006
533394
535274
412834
505798
548262
389352
517237
485547
538986
402063
517275
523582
510196
505880
520916
448391
472014
500928
516891
533206
445492
483006
514490
411537
456310
452155
569683
397418
495487
486043
516791
402213
463428
446309
539693
523746
427740
484007
493807
464514
489265
532442
493626
507773
436324
491047
506555
429215
501852
506732
516189
511019
531090
392140
422694
485986
1069534
507816
551801
443645
548532
495609
494876
493094
547781
441591
470605
479836
531016
505370
484741
484491
507991
528575
429246
525030
498779
453884
472047
462158
538565
405955
461109
457899
513220
560470
465047
470132
515352
570498
445759
495860
495751
504450
486575
532715
407985
474565
511088
507069
463192
458680
451184
482681
503535
474079
485220
469178
532381
474875
434523
527603
505624
500631
521801
531636
426336
480923
458334
409921
506669
485582
513836
553420
419406
482141
529402
527135
455846
506156
506562
451421
497059
520116
505200
437504
491592
446479
549803
424920
483034
476425
499382
471192
500023
488884
519531
495402
534559
502796
530361
400581
497581
518549
498975
512723
513030
1073990
541242
546209
420263
483966
520677
512404
412228
532006
511809
494540
545768
425581
513159
549283
420677
498081
505235
441333
494609
516490
471408
446634
483086
487020
452599
485631
507731
516542
460345
476863
520703
518864
478722
507148
570605
490319
416849
479683
521067
417090
569762
413136
489997
460517
552642
479829
516116
502424
497730
481347
511309
475646
483826
513873
487757
464395
523942
509397
433946
501344
508685
525591
542736
476137
499792
446767
532586
418621
507709
508441
460600
508275
475874
523439
524530
424065
520455
539384
396258
526980
479962
491696
554222
505247
512131
549516
401797
506222
535231
451092
474938
549923
430626
520334
440095
508614
498946
554765
412337
504419
457747
558919
425603
509479
387606
497743
381404
484239
473988
518010
416232
500317
382878
498912
449433
456336
501414
492186
543824
532899
383107
520130
465784
486230
523433
471562
494593
466465
462040
493925
458021
464638
496601
499192
467162
495510
520049
500621
495409
430407
475734
502182
510197
436948
478174
507353
535164
515506
500645
499220
394863
512535
380463
484642
485050
470018
534657
491042
503231
510529
500335
484286
557632
492487
550832
422105
527524
493959
541694
470609
514971
540866
543556
406250
511505
510837
504652
515588
551766
398184
511056
497574
493849
507251
520738
408560
502348
458458
528127
550812
512183
504969
444004
478090
530277
508409
459633
480074
517926
501761
463756
520960
433925
533078
410408
474290
530195
411443
544531
510954
408260
477019
467737
501176
498247
465682
519561
493082
502609
506285
431220
518721
416619
460914
522772
445409
485175
487607
505282
541993
459735
478752
520282
434666
419824
471089
531377
433202
482130
514618
545013
403842
485332
475945
523989
504627
448442
533321
425905
434423
491485
490910
494231
486770
512978
492296
466920
474379
510610
535532
531834
501428
530533
445838
500286
515774
538602
407964
542929
396577
485788
458677
510596
430979
515058
495446
565188
446442
477341
394232
461194
469429
536733
487782
451930
486039
406005
476791
498019
500711
491975
489100
521736
481079
519232
503856
415864
419862
411937
434171
527418
530978
512657
508657
508287
477247
486753
488613
429203
440970
484293
447450
556709
481495
513999
520456
538805
420228
491021
469784
553024
443554
547501
401374
516101
427150
539496
426999
492896
454135
541906
408669
478395
507489
490988
561593
436345
482605
533397
499161
437973
534057
450554
531320
443263
514912
489483
527143
495097
485533
473633
553456
397678
481225
445705
553292
417501
496181
447574
542361
396104
527141
497303
492013
477717
521539
422936
404892
440349
455932
510372
542205
407871
492952
477785
526022
502328
521805
417766
503857
507574
425619
557223
521070
499799
435207
510496
500106
500309
522395
505932
472882
486658
499838
401756
542824
426856
508437
520347
516827
414132
509601
520733
524350
426395
446988
557665
479091
486505
485408
457605
548554
513497
504771
446661
520634
411184
479537
495837
487478
406698
493150
430304
494221
524050
417751
565155
407486
485970
458558
453503
477516
478994
494583
457946
490604
511722
503766
467550
522342
426006
519888
539652
401539
515241
517301
424186
537210
410777
449239
524610
535334
493019
476850
555435
413234
500963
473034
519929
497306
491034
555976
451926
470790
500388
473477
478361
468025
547636
408467
515831
478299
523910
508321
498919
476044
547035
503923
501150
520292
431411
468136
514782
510132
428039
506957
491078
479369
479614
394718
502849
497374
514585
491623
561117
401131
481435
532763
478178
528006
548824
503721
391525
522470
494131
497659
510510
481021
468312
494690
515291
417631
489275
362910
399874
550093
520557
400071
531036
507784
562925
399799
503454
467624
568355
508013
510288
504748
408035
471811
513709
493903
457227
472858
466303
487324
455227
475912
504137
494090
549350
409486
507078
455348
523470
408693
513635
503318
466373
500590
494990
514166
419463
511627
484655
497569
491100
538315
419904
514582
498880
517681
482175
463979
521586
419146
477691
534713
509517
454144
485256
513197
506164
499868
477588
522274
484254
424008
494635
475549
478203
514643
495496
534607
434910
531762
475320
512788
527334
531519
415784
507897
487402
448325
574036
496874
537619
424546
516927
502238
547878
502463
525044
535951
520128
398371
539634
378061
486968
445576
487964
450971
513633
479109
518248
504602
491529
500460
557617
508855
463359
446993
490031
492385
521233
506714
499635
516119
495393
465907
553982
494458
483719
554588
437035
541159
516467
517621
473875
472803
503500
543464
411448
474860
516117
526958
481359
468523
496154
535335
411169
494684
499825
449612
508760
478340
438288
501396
603137
482592
513768
484230
517915
496464
446193
500250
502061
525791
408732
502325
415680
493223
499871
488761
452159
495052
486967
494604
504455
509117
411266
510582
419187
450256
479652
429637
491223
470795
493124
528947
438302
466701
461617
474476
473829
539197
498292
520437
420793
471018
467379
494630
450496
511499
451681
385973
500796
500488
480523
504862
550918
412750
460185
548988
417696
484476
489815
437964
574860
413342
472603
501143
536395
503828
510713
517485
490145
414992
507570
478778
471223
512949
488485
507028
496683
475058
501263
531095
411788
466860
518612
494678
444017
514767
482035
488649
493447
472886
501261
532767
403195
497764
478697
458861
497345
441454
486249
465142
526751
475070
482972
475028
471837
486332
524530
402309
427399
468560
483647
512762
430408
494477
434325
482342
465683
470852
498035
466961
410706
497757
527632
383615
501818
510033
406246
482049
481010
465954
465678
398123
502427
495796
450887
469960
520120
492341
453078
471703
454092
435789
457000
474512
531673
516347
448182
478496
488087
491426
504147
527649
445006
527335
448859
475273
494388
482830
423950
538595
408789
458601
526069
414960
509585
493353
475021
471329
471113
475771
465808
524287
544688
392322
511031
448465
519654
400117
479083
476251
492072
464303
496258
510633
451500
448664
513823
525408
401601
486043
516984
461789
521976
487688
460360
500742
498685
538797
481930
452586
513696
453768
537273
545441
521879
502330
424595
479743
463387
531356
488306
467041
497145
511144
500365
470922
508174
523289
574947
407811
505702
495781
458308
533136
430461
467894
460590
533398
508545
500979
549768
419746
489164
508843
407299
514688
516623
513867
501995
528546
420810
543642
442378
502786
541779
437874
515680
497685
415804
480110
492255
508387
488869
493428
496526
471052
525084
478393
486218
533131
421202
502125
502457
478703
455064
525890
416452
468144
454176
485727
485383
521862
499012
484327
470075
476258
482953
480418
442850
469142
473424
473433
488162
519678
423285
471419
460881
503376
493757
512740
512929
435814
491519
494935
490367
488166
515662
475203
436940
513258
550893
408581
509505
468206
520202
503707
452002
503012
511443
515501
446497
483387
544152
435724
530983
410409
505097
477129
538277
520281
485752
508264
510289
484862
543621
411832
519416
472581
531866
412878
532697
467509
480415
530154
514829
429954
516157
511759
550481
475444
495846
394811
494106
470085
545681
415020
500625
481166
507239
491425
519390
525852
411220
482836
506092
518717
468850
507289
486616
506812
517108
528694
545743
407312
477238
475663
436386
471346
515440
453814
469477
526542
405967
509555
407649
471255
526892
500838
454519
472916
525406
471051
485313
509284
538995
406701
492454
499722
502806
463332
537180
414697
457583
476011
481168
513004
537989
425671
394537
489898
531726
401272
479237
538144
491713
494688
558479
508521
526900
524526
414790
466651
543703
497602
484712
504488
423266
484977
511279
472102
489787
462329
497300
513834
495990
498484
501189
484675
496405
494817
506026
473633
478357
482501
484690
541442
434821
489544
491920
511099
536676
441603
481444
502883
524935
435641
534054
429919
536688
397657
522993
473363
491972
526524
509521
501100
513932
447315
534901
528107
487660
485152
527061
500507
459089
471752
437614
546684
530110
521210
420801
482490
481540
471442
496188
532744
421329
507322
504635
381541
505417
485928
567891
487661
442994
509127
524741
430811
516380
521874
461893
529159
511813
520987
425256
465979
518344
519809
487026
448033
530372
465962
507255
505765
491909
502795
556179
377244
500612
491311
455925
476405
533832
493648
517984
539355
417143
475331
551561
428843
502824
476337
506191
498371
496688
517111
522053
410423
622337
492950
444640
485779
407883
499994
509812
455779
528293
498642
460053
474559
504426
509336
515439
421635
504975
514139
521942
456965
466639
540882
456522
530519
397851
500358
461622
465221
508005
453311
461184
482732
449628
574575
484835
525634
402144
498087
530451
426129
475337
458953
449891
491483
500997
413434
502307
460776
507653
515036
412593
507790
463103
499023
528240
466303
444867
526223
402589
387286
503199
462282
500459
541932
395418
506112
520909
478598
477728
511712
532429
492895
424504
466350
505198
427106
459469
441767
543467
410591
503128
474292
449817
490031
498963
406294
496196
514124
532911
400579
487991
480362
482349
506674
524962
426744
498500
494340
488861
504226
483121
525440
493612
509084
540136
504158
490733
463829
472784
506133
451662
472450
488869
537645
390896
472889
446774
499756
553182
423057
453032
488168
514876
487305
500215
494620
526755
421127
504172
373764
505109
390978
476887
484716
501314
413410
544580
482681
514003
434767
463037
500819
525381
512709
497655
509087
485822
493581
434416
463768
490201
555160
419611
462690
508215
490651
539033
431638
466053
496782
526498
391732
482756
500915
486223
425028
442480
446846
442351
465473
464381
469350
522496
476461
488154
504686
413915
557499
513654
432210
506309
469884
506802
539615
491199
507423
412918
462760
511448
551918
504459
510812
402169
471259
531379
513035
449977
464509
510943
417381
393466
441478
470333
443251
484713
466071
472343
503667
481452
503537
485189
466938
536883
481208
464959
495648
470102
503453
518986
398450
491952
496480
463812
476340
495048
500623
435065
526204
481525
437187
552959
506603
403625
485046
504235
531220
416207
471970
474091
450589
441787
489319
514044
419012
490280
468042
478277
452739
396113
450014
514947
512188
419500
536732
399460
477922
504044
422704
516642
506877
405685
487408
480325
455354
482909
526498
597840
500254
409959
465856
524395
543734
391498
510970
536742
400400
474105
500834
496222
493707
498671
477959
515181
511703
415281
489870
471278
450066
508608
515817
402180
487509
450621
494505
464364
489196
511747
552379
399145
476097
470133
486934
438683
459405
509154
431266
476511
501388
474932
523407
473286
493405
504492
511337
460467
467519
469188
558029
432926
475647
520653
492283
501504
448015
469827
437281
493086
413443
514899
555069
408710
484949
526803
501138
394971
435493
462984
498019
495616
490568
491516
403047
493162
443060
503817
511563
411536
440185
481953
472773
473238
476286
505170
544839
401353
508547
502756
510566
487774
481622
537784
473778
463978
519630
489414
427236
483964
500183
472413
474098
426819
467657
532431
406769
507570
429691
479029
501514
522132
422396
377054
513883
495746
513388
493895
495714
516172
407175
477081
478145
500820
477315
486762
468740
431747
482492
485936
504421
513955
498440
497640
381065
474070
467698
519899
467290
499222
471510
488481
511571
408566
474424
451972
506494
485771
467659
500630
515628
503883
492614
466662
465335
496657
544105
499529
450600
467842
501484
545908
418919
445639
462867
464369
499570
544865
393028
459315
515183
543674
434338
494999
406962
526787
484769
466722
497099
471090
465795
498549
455463
484167
490897
516239
481130
447843
493028
462229
489853
523507
495621
499189
414866
499973
402368
469079
507623
494193
483677
454848
497436
460066
505547
522655
434316
466913
536978
482112
506396
541426
485166
458698
490083
450940
486791
488840
460516
538541
406221
475066
448797
546025
401055
495223
542484
501428
541093
504973
538455
427858
485348
493397
454388
476238
520196
468249
451977
491119
535683
378429
484837
485097
489226
492017
485698
501642
487006
463553
526767
431691
513209
422916
480867
530005
486953
434990
834189
481492
483999
618377
439407
512109
465313
483669
478247
375850
444788
463670
482281
423701
480702
537800
451297
451418
482810
506307
450987
455261
452794
534754
363536
475144
438232
525879
427709
497642
521390
499242
495157
489535
455597
485528
559664
434325
548168
414742
497654
512093
435654
525433
426211
484210
517235
405089
431138
451430
537275
442393
517121
486363
521945
444297
546772
429026
460929
503814
462242
506147
502639
459331
451606
556068
428056
483605
509197
513645
454273
461118
570111
425455
543621
426948
478527
449872
526207
480022
457374
523646
533502
398779
507341
446496
500135
510339
462305
503142
552852
408107
476582
532613
492982
502047
528816
451707
514683
522051
560896
426361
546360
399314
480526
485454
548657
417611
483107
399554
540341
408494
489010
451652
508091
502112
412007
495342
524974
483962
490121
403489
526015
428969
469322
443703
524059
531526
491028
418206
465921
451896
539579
496240
514878
518171
491009
496425
442405
482847
498643
544225
395962
488381
537786
493038
516642
482589
476163
466315
503855
440935
451510
491776
472596
438166
532296
406182
514952
472681
413351
499711
504697
514656
417012
491786
473152
517485
411850
386227
440642
499132
480425
406235
486365
436948
463858
495510
475370
499096
469045
445295
534622
413437
463356
452443
500572
527282
396795
493602
491528
520898
466844
503239
496943
473233
464483
514448
433461
464777
488690
517473
416170
482416
490829
455559
475232
467261
442950
441493
492480
478155
475609
498691
500325
498207
504794
404636
424280
504829
478949
523455
499758
414077
475880
505177
424653
551996
488121
402738
377855
468935
467534
514134
501217
420480
482309
497305
475927
518844
455260
503950
480373
509759
453562
558302
471005
513267
530557
479723
511236
436415
541295
425817
425998
492750
478630
534023
500903
542253
426328
496315
488167
527724
458127
415663
515306
517615
485157
507143
474905
470947
494820
505716
534241
437748
504516
531632
407760
476060
463579
523534
535460
404859
487941
508897
422896
505426
485168
521661
509426
518855
405306
482982
509792
402567
495317
479942
495932
467253
469223
404737
517151
513766
435238
490764
490656
443252
482195
456678
505122
489105
456917
442200
504492
528575
511080
508053
539472
406066
509173
511199
501481
459530
479186
475838
476591
464574
519159
507404
532180
497146
480971
465877
538525
517475
529504
419376
493805
535819
430057
506952
423068
518421
511373
501169
452474
478619
533179
504808
483531
454234
494745
475708
446129
514376
528552
399183
551469
485925
516141
496633
447592
503991
518907
499555
551872
417655
500727
481779
498347
502800
526409
528941
503614
450199
526011
455194
498696
476909
472838
452241
534689
454748
454901
512839
539346
483505
464161
512964
446187
488843
514530
488379
536009
486591
485335
393763
379919
512973
520326
479775
474251
491954
510350
460937
498446
515912
453575
508733
505405
505958
424598
482427
513056
506973
518072
415155
516715
478851
475964
529434
501803
509589
442945
519298
425697
546463
416209
471882
487878
483378
489001
473187
503247
473173
491819
505029
417098
453481
481024
493290
513023
511192
478692
439208
371351
475211
505301
493656
546760
505932
517495
549541
427066
523837
439052
517006
415001
493248
520102
506494
458754
522957
505619
473246
490025
462267
525575
509161
482314
488624
541230
404932
481155
462622
544071
430713
491266
514330
502316
498892
477575
490335
454944
509791
550424
415852
469046
513066
525745
452885
474520
562638
422806
527170
492550
482659
522622
421201
494670
484916
538850
490839
497290
474156
490107
521858
453318
534664
417178
497681
507982
411845
523065
535009
490939
538859
422716
521097
445109
476687
462296
504381
493854
516154
516648
474831
513859
514268
531955
404548
522449
478499
465143
439033
512960
522064
451403
462991
551874
505525
528550
398944
485778
501728
510866
499462
553566
411832
492053
481669
541464
453939
513437
430250
474783
516950
525016
545071
400195
540288
491105
565479
408299
517919
398908
538092
436972
480960
539632
520193
528754
447201
509203
493735
529445
507394
443285
510954
466919
452198
477512
478196
471897
511877
441460
503454
520384
428555
530575
533815
408661
521896
515504
418402
536029
432649
509023
433670
485263
435784
547074
405600
516331
511877
540644
414078
502875
440342
546906
413261
476076
442289
543190
412462
501210
506443
462710
488913
459587
550264
415867
505591
548928
408568
539246
414056
543980
516959
400512
515143
509804
567374
432370
480390
522246
498251
508191
428694
539154
395819
465143
519996
395547
493718
483047
490786
489372
494755
482649
460289
522852
491405
500287
465690
447936
520459
473575
468331
444794
536524
375636
483993
469713
494110
501770
500692
419905
501042
456187
510990
503280
436629
500889
471758
454125
519374
531554
500560
401299
505109
499435
486651
523341
552871
398759
522403
466318
506739
527941
471754
450837
581240
494372
423679
498598
458057
535717
436786
464536
466802
484025
417498
476621
495171
477534
521626
502293
457508
525711
439858
462565
496631
520437
405699
500130
470109
465046
519905
507838
515040
493754
458282
515222
410445
539571
409984
496994
503979
536083
403439
469795
377721
500541
505994
408333
456352
511998
521935
500897
435764
464816
453356
498953
499319
398180
526176
431878
551408
474423
464675
521622
491450
419243
471749
447762
497512
526159
410344
468221
509203
490403
493125
446410
472237
498826
413565
475091
466408
527498
470040
462743
522912
525998
385014
531634
473327
468465
511618
491504
517734
409127
444069
483315
513859
481738
463684
508700
476878
598632
479451
505621
446867
606000
507130
437315
526226
397788
540829
508467
532523
415985
465111
499250
488464
531953
510170
438335
478978
470704
489861
511039
519709
518175
482721
486584
518069
503252
517619
407385
504337
497037
396333
446859
453011
547734
398003
470689
443709
474882
495848
494001
486827
496996
391689
483615
483069
511410
486177
509333
468535
503678
496957
445553
474439
552579
498909
461548
525504
528144
411109
519769
527878
492237
501217
513330
525659
444048
484821
457700
523710
536349
396352
503848
482427
508147
503838
507903
483106
514899
472678
493938
499508
529841
395069
474893
460695
528161
417883
530070
420059
513945
489214
544607
506449
419932
545809
413088
472098
525851
531843
483162
516361
493361
534957
379749
524059
470218
503488
472772
533656
502316
405768
493538
490444
509773
534819
529992
520317
390043
486253
528079
427435
473281
480394
548990
504930
450142
561135
513874
429796
560673
441026
498218
491804
481987
467166
527940
444632
423864
470634
542550
450536
494389
486719
464300
502960
483633
481539
508103
491081
528832
473044
506369
534382
500061
490547
456268
474593
532250
490836
449569
469568
503395
505187
448599
517565
441264
518084
489697
477930
540552
437902
502498
531161
511970
493195
518731
486161
496740
523840
513953
468986
513428
491448
457254
482480
533509
507423
453707
483323
527347
512873
537936
506488
440241
407198
534913
487385
523630
511975
519440
530249
538889
406648
516200
484921
521324
530478
532067
420808
496702
512601
560510
433321
494953
527738
549020
402960
518323
511565
509103
461174
489063
475231
542783
413448
520022
484671
411052
512781
510822
408396
476909
464601
517763
506764
516789
513647
481772
490960
527813
511501
526131
512841
498246
468511
544309
495640
465564
385040
486892
465753
493001
490446
487312
508581
528835
517033
537331
414306
502531
466440
453682
475813
447405
532317
443361
501413
545234
422396
529061
477086
503864
510172
554967
497379
427957
381091
513566
484718
476557
468012
539038
395838
524017
485688
448363
410195
461673
411272
494526
478594
490989
504764
432253
539635
454406
480464
536169
498597
545162
412627
481874
474407
529582
488443
458235
498494
547998
487906
534672
498160
521201
501843
452182
478272
519335
477595
540427
412314
484483
487230
526069
459722
586258
506641
515910
418259
512186
532236
431818
472664
511958
508207
453866
470705
472589
478252
499551
512217
503760
522193
516259
487102
406744
521211
414690
515677
523084
503082
452475
504615
532141
402533
486970
497247
587986
517162
503031
416688
419657
399829
567543
507515
530215
441108
472690
530317
517750
561842
499922
466294
384113
455877
464990
485466
507776
554205
409960
484324
516844
507257
477515
524712
443855
388787
469597
494843
524170
500230
387826
509635
507775
432614
515264
502223
425399
557307
411689
480335
538895
488227
480797
513710
531026
425992
532351
487223
387206
506782
502836
497845
492728
519280
505480
546893
503556
412705
470772
500104
423397
425177
476947
507500
507675
503876
452257
479837
455206
578526
403262
444575
398951
434264
447315
566800
411748
494876
519281
494572
485630
519544
516659
414497
490408
519186
503298
507099
488638
446788
540853
501050
511613
509403
522615
417505
474700
455948
508205
533684
403801
489073
511081
511236
419757
477028
414649
559738
391972
477764
485501
442412
493890
534345
429776
522861
457099
481873
511704
409732
533493
404688
527037
472770
499349
502366
507642
453256
508868
479635
498040
441124
493835
516607
532785
490199
533648
494319
480593
498621
426982
540271
459174
430680
404631
511964
486626
466564
533919
543547
410560
500447
488282
482022
515074
482074
536356
396070
546216
402822
512708
481858
486513
469888
518502
548447
478349
468507
487901
500249
450359
493705
467593
494744
509918
394773
507627
548405
495410
482121
511275
468560
461752
512369
412331
516872
530066
502611
512773
499424
482052
484933
489658
475632
483015
460038
496375
498896
486515
531596
421249
508050
482066
526584
518154
400086
514491
447354
533348
430833
467964
498667
529091
406941
476610
521118
530388
398212
522519
490479
523912
515159
401695
465825
491556
489615
514376
486410
469070
512021
412273
442217
481094
522574
426154
549484
391811
504074
428867
484851
481135
516821
495298
496815
388335
465968
462199
460429
488713
469079
504156
474049
476957
514699
470813
513491
478511
468987
451218
510388
399540
524944
413817
515961
422091
476278
467765
529510
548713
406735
472900
460652
448705
527242
535409
396318
500506
495576
486796
495763
480891
426280
502877
497113
436624
477837
494201
534181
501581
499055
535335
520934
498469
412045
473279
483155
521716
424942
487062
508266
491886
531423
512943
423513
499454
457640
476964
448774
527297
522711
402260
511061
467641
504214
495092
482833
452157
452919
460811
533168
497030
501439
394999
515668
524558
412717
447611
513876
497648
516430
418524
558242
413624
472926
535546
487035
558340
431252
488702
494644
542706
501007
410565
486249
501742
487693
491068
497490
552964
515405
445344
406268
500525
501155
516846
517067
502012
484010
449972
440197
493911
486806
511362
398359
483008
456373
519537
528742
421366
479398
517176
495492
447033
467347
518695
478837
489292
528683
424391
517730
410677
491949
502650
450102
541290
420798
558320
406917
482389
539678
400279
503491
455709
520726
395424
453470
467881
506692
497460
531583
412880
489992
442500
543751
413479
475487
451058
496217
522223
407120
512511
425446
514194
418258
500168
530315
497227
549041
410460
519851
495969
534257
477185
486091
530652
436906
512455
439832
481024
459972
500969
444995
527334
519960
516161
496818
419663
465657
482232
502245
507302
474137
469247
450643
526906
523359
388873
508344
498563
497450
507005
460995
491087
470716
472939
510075
495862
490135
498204
554430
391726
486845
512232
548897
420356
516727
404771
544555
462518
518971
525074
525006
397379
511912
488411
502117
517460
525002
396191
530351
475758
490080
522949
549133
404104
488098
496648
553246
417979
488945
501787
509927
495720
450880
509965
527695
405624
505614
477460
547852
505344
521711
417140
488180
506149
438752
482875
480660
462886
524326
402992
498356
511404
410794
530913
492750
469501
538121
481174
540693
437572
471679
503045
554038
506063
532153
407425
491535
515061
427434
490477
522992
428392
475518
500711
508870
425890
563293
418381
518568
514487
447774
523792
415004
489021
462744
529764
522392
429325
497691
468248
506931
500760
524136
549099
501057
522577
385666
526630
494413
489389
455065
492072
528080
509491
425996
510593
472508
517104
534056
518086
483323
498412
444085
539138
511197
471167
511176
532489
407135
520745
441370
473903
479526
452072
525462
419554
444148
467701
533830
494239
515445
499418
412771
462687
521300
481715
440904
483255
450364
535290
496714
503589
406592
468122
492814
484881
479414
482320
486822
480761
548408
462504
499731
501110
401232
482288
463638
509237
509352
462869
355625
506448
499064
489654
509983
497943
442159
495803
441542
557158
377357
478446
460027
513519
437341
544964
485801
452206
489297
510473
491949
490688
510271
434243
489443
483966
443125
553685
404804
514907
507146
515296
419104
495097
508911
556850
411849
495749
516752
503145
471448
501037
508617
533590
411282
512418
482608
520293
501954
550869
415158
477159
507887
547978
404529
480233
502158
506831
399110
568730
497752
507382
491354
536374
397849
501646
518072
490737
534294
499129
491699
510121
540551
479603
489969
497136
463764
512334
539477
480382
541176
524395
463085
517518
486923
512775
390214
413534
489947
503876
485859
461731
525801
407124
508331
418563
547422
419590
474297
493390
484503
478848
462358
540074
413829
504626
490872
462332
476144
505257
520726
551809
506688
448921
477828
469629
501559
536559
407821
510165
524907
425509
524939
419654
517978
514739
471779
502518
515316
540668
457317
487496
461926
455581
479001
478384
490929
451802
520262
514795
495797
548357
400841
498295
473965
478031
496874
529052
490986
502651
435748
466021
517483
491886
489219
506568
468733
455647
444195
473099
511222
534964
403599
506429
537806
501088
504001
499360
503986
452931
477231
495957
443050
499326
469588
476041
527094
394294
500687
479890
387272
482269
474248
504110
525073
499726
497465
412475
466657
477574
500070
479751
484768
469677
533204
416723
507506
493923
388207
495257
413826
525216
395628
466988
492425
448497
526513
428086
508476
416914
533141
402123
495497
546759
420352
470640
544087
488233
404402
490721
499848
483670
528280
438638
465425
525141
491587
435837
486499
509569
484952
476272
508654
498146
436595
475235
471297
499588
478177
530300
524929
467801
499485
497324
489376
445273
461298
444698
552464
396343
456898
532745
533995
511584
412444
496264
479010
509906
489624
463583
421246
467870
510056
531241
403351
465904
497826
445252
507411
476252
488297
516367
448300
524169
422037
462997
488226
502574
527169
502359
516359
464841
516246
507339
495449
464991
549554
493147
544084
513559
481462
513298
549512
411281
484070
488420
499956
459868
506255
489578
498400
491797
488768
501245
501968
467961
539768
503124
450910
480302
536759
407484
537795
486640
460237
501713
518932
403015
500262
468881
522598
490984
471443
502333
546169
482085
483274
504257
544776
404942
518262
401387
420688
463387
528143
519067
491056
541321
404731
481314
489431
482783
533222
496436
525202
466118
519888
497531
394326
499876
483689
470079
512085
506744
534539
412265
500466
495355
518181
465717
483734
493176
561193
418379
494442
513714
496334
495168
517603
403903
523973
489169
525315
505705
470377
487227
566987
407519
499019
435611
532401
391794
512844
497650
501966
489398
462191
520490
511216
509129
567362
449952
488262
517211
459014
486704
506406
448620
522729
469429
527711
429868
543534
396100
541341
481986
451612
483222
526709
407001
517387
517105
408501
502533
461063
478069
513245
499988
571691
433331
502637
451780
524489
494059
495765
463071
538747
489100
512290
436987
487955
533822
415858
461538
531730
429249
530629
496716
488085
498741
483004
445627
543966
402463
500143
509306
521786
525451
403248
510528
498604
489206
534076
407352
529955
449171
531097
430997
527634
478283
541516
395638
491595
497868
514092
481963
508636
509532
552335
446818
513204
516570
567933
424969
502082
434545
508505
434814
534431
424910
510786
413093
488126
506673
501842
509068
525284
492684
447421
512336
497426
490316
452139
439142
476844
514274
512657
448496
511969
410819
505439
520532
512345
569997
392617
510220
472109
510355
506432
557552
408688
504987
498997
449643
488436
541015
480821
500988
519421
513391
496747
514353
509470
474183
467415
490578
476168
502504
480066
466919
494545
529898
420995
515846
461656
485558
447300
564865
442614
394956
513988
518224
491623
489818
468261
519392
561263
405387
477476
519681
498910
457885
501164
518263
523153
453584
483597
544280
415164
476456
418571
487131
510736
445231
487500
524549
417527
485903
436898
487068
442137
515872
513974
461006
469438
535570
496375
514001
481340
510448
491977
511787
498439
439601
455186
486421
466503
451083
472554
518344
517023
484034
527294
492356
524288
531378
414289
429217
510831
475572
546377
424726
468352
536464
458236
532352
433911
513263
427881
533164
407716
467588
541163
492420
549171
536602
528985
507214
403669
484092
475327
504836
541145
419337
519066
490429
544944
503061
502764
402483
514992
488897
494250
510166
412540
523132
520918
412050
469136
472042
474050
456858
498877
439186
517232
516278
514069
435175
481547
498893
480488
465604
460278
493252
508818
478812
544396
500047
456510
495080
456244
512465
539078
392778
485603
511757
506537
411670
482528
469058
526875
499373
559710
515674
415353
479674
534248
447574
485389
493786
509516
481637
534067
497957
451564
461626
492641
513582
514420
513643
402386
482224
500471
483492
470391
470158
517393
488257
472846
472707
577615
435998
458464
535766
483746
537217
507670
502720
495188
407402
474039
534937
494557
550357
441291
474347
503782
445749
552670
414042
543347
492311
546411
529238
404075
504939
517519
504470
554084
400697
502431
490765
480029
442739
483040
545788
525188
463724
487815
526279
514089
498193
519253
510258
495831
483992
375667
537959
430099
487867
462739
519964
393964
476915
425185
368986
527399
496584
521541
496769
470412
501121
532086
397882
463166
513156
526940
491554
425481
367961
391222
482142
452413
495107
434897
462356
519957
536071
422159
480041
494932
430360
510037
408159
516264
401465
468909
485165
495286
429319
470387
524137
491988
469947
532269
395152
436883
500043
518540
477404
536724
395031
490225
549329
471034
458982
535523
531648
493727
395737
466072
442385
525976
387579
481340
492601
416088
370090
513416
474262
486452
450742
492660
474084
503358
410217
543485
504192
460443
530593
401262
494413
503337
504104
492788
544898
393269
457303
533039
424222
458810
404730
477657
484330
536192
529256
393116
502681
480616
502967
480525
482855
427725
489889
470822
501406
480060
463316
500114
485295
462505
496569
464583
457252
454183
501660
482674
513564
514838
409158
530808
394601
501177
517567
530977
414444
523552
493279
466425
540126
501480
513481
407900
512797
489065
488585
487128
541002
425887
495241
498878
509874
493928
564275
489265
460722
540417
490404
440847
499892
526065
488106
497726
510214
496758
497097
455788
536416
435416
467273
508051
512133
532658
465012
510456
475180
502064
525060
494581
505685
507809
478103
492944
509027
495975
551089
509770
508754
523894
490099
405943
493205
478049
444672
483276
458270
438023
484927
518425
476319
488093
510966
548650
404767
480101
503358
425958
509033
407943
494990
499147
421624
506942
491523
483476
498657
454450
500101
540902
404758
500343
466407
510996
510044
444225
496569
533220
427329
520246
430503
515434
391641
520546
510759
387775
495153
504457
478659
459578
475333
460166
489353
530927
400874
478755
470678
487902
443273
532758
410254
507150
475699
527752
449702
532526
403956
443798
477168
534171
493942
488322
492730
455464
536155
449221
465232
516203
504829
477467
469081
523256
495692
445848
510181
486012
490938
514625
469373
485634
460255
497940
467127
479492
488037
546564
399869
508499
496638
470242
450143
542411
399288
482787
534241
451535
472910
523414
475662
476564
438611
534420
408923
508604
490053
492580
498517
487625
478296
516881
502522
385122
430901
495329
503674
419318
483872
538431
473081
649493
505560
539671
395782
541886
407897
449722
483390
518134
495242
506903
469114
514486
499010
444480
472161
488576
495590
445325
390368
487940
458209
463896
464948
525109
492086
515651
406315
472300
443493
549178
404336
479544
538225
430826
445934
493562
475206
433291
479495
475293
420223
529095
465546
503747
546992
515570
498601
510149
490890
524708
400351
519504
481511
480304
474183
514057
516859
475426
442790
557462
471242
492570
514918
535586
394598
512119
499922
502444
510788
491366
459563
505092
482154
453900
476633
449969
532361
520883
417948
441667
391159
496611
532631
411445
465229
551814
507053
536992
423281
492103
496025
520055
511960
515482
418974
503330
507147
514378
452431
480333
553456
420294
505264
520542
415915
470437
488208
448074
493366
450719
491234
499761
453366
478826
449874
541424
413068
476904
510797
488176
522465
464017
521906
493835
477367
500363
539122
402757
478464
515268
484327
507110
517959
495917
408083
510086
519671
382763
477690
461069
510414
495380
508351
432397
507659
400535
422994
497877
496115
475428
451617
517956
425495
501877
473946
551395
411261
495782
504882
503554
475233
456795
462894
513143
498943
487345
446333
561837
405191
502210
496023
510065
495094
513626
489012
459131
477120
513342
481324
511223
491390
487375
470893
508386
513791
482252
455379
545876
395190
443587
487643
462567
518098
448399
492956
500128
474473
519832
503280
474845
461094
504112
462084
474756
439024
498619
465200
529748
491613
451664
482496
508818
405556
569098
395816
486237
535173
433577
486399
476464
455136
518854
426195
500847
486632
501853
437699
466494
519695
505508
420591
496281
506431
491249
504901
442046
515991
461573
474238
519773
529738
430100
511085
521483
540914
450255
453287
465651
526963
435419
476284
490585
515225
491045
523341
522402
406623
512838
444603
477775
471627
487043
520178
496142
511477
432795
501514
479972
528304
549035
393219
487551
531883
499385
507704
448775
487851
501908
517673
430671
514486
500077
465469
496548
484456
554318
417622
510438
437219
483284
510050
489255
469783
506368
545099
407496
481006
398207
466413
525568
484396
496921
512020
491621
401561
487487
467121
517067
564449
399350
504066
368898
461834
526849
505847
477600
461425
460986
496053
448408
465189
472085
511163
470690
505929
478793
477460
440194
528583
392938
490934
510410
522771
529737
486432
394000
495230
462728
535951
430172
476138
503750
562772
393654
511245
490748
502606
455165
431911
504970
429802
505244
482482
500122
486730
459035
478757
521922
468795
501960
490076
498228
423750
472359
514728
474820
494755
442290
483422
436603
533989
388148
466774
507025
530465
493313
433301
525820
468590
460474
508093
400028
378906
495782
492138
464839
463465
508021
452122
468649
502640
440098
467717
444652
509905
395582
470224
495137
532846
396797
468153
455462
504338
411029
516828
519684
514549
496094
424435
519775
419363
742860
409684
508200
517278
483439
451435
518565
472193
446012
499700
487358
480944
462560
546749
408666
508258
500361
421962
496402
434343
509085
502219
485655
488251
487387
431346
461116
475018
446129
511962
479493
514264
436415
522926
409545
499015
510331
492920
505090
528110
428019
528052
414915
495024
516311
441283
520623
516643
523339
410688
498344
408133
415796
501286
456368
442158
504794
488534
513540
419726
495325
473538
507598
533022
411477
518660
421326
553866
404035
463628
491678
498007
486897
481436
481659
498138
509872
526258
415137
460866
480545
511162
516175
483801
473756
504903
487225
444555
446638
524495
420141
456533
494710
499763
440985
481575
421105
467733
505070
444796
472566
417429
505829
443931
387097
473263
450081
419068
514118
424878
480353
504304
519549
409972
879140
463624
483214
521101
481880
523956
505890
430818
484622
498271
492224
398117
504553
435623
499182
481585
494152
453944
519594
389273
485572
503231
901542
461752
505938
510090
440959
506472
492573
476529
601657
463570
486578
491138
501249
493056
515548
499918
496132
502299
491337
496077
404801
462841
487426
437271
456812
461335
488926
491420
486585
471418
492659
560209
392666
460220
526177
485159
378745
500179
473577
505211
536930
406540
461451
515431
472248
461086
509457
484544
469454
536605
470306
457700
479251
467835
485729
497012
490760
441461
473169
485542
426203
434453
455148
542428
490140
507367
435151
464144
460791
525459
472389
399407
504407
470858
499717
521877
391420
466782
481053
443736
483084
503301
502372
399799
487193
446296
517714
431344
500588
477126
514566
487600
471691
498185
528187
403837
496287
473042
519743
414876
516894
417877
493281
483935
477850
456256
444607
548255
391638
468562
486755
493922
513835
414706
500284
412674
517391
470216
511330
524730
394428
477165
493198
445448
519201
434598
459767
493364
426015
462092
510035
481272
429263
519521
502015
506613
412606
493954
522802
407780
504957
378161
511923
394947
503188
515497
515467
386460
483329
478760
520391
398508
487603
477440
509615
501283
436446
506872
517446
416833
518264
482522
400406
509656
484041
467926
464603
498858
535788
430452
474931
456985
477133
447544
550098
401626
468633
520462
486685
461303
526967
491856
508543
402593
453976
454639
523008
391318
472772
521131
442080
393505
490249
509707
492272
505362
373613
507082
511286
372286
530448
494662
490324
366314
507268
488959
526148
466985
491324
511365
472475
499066
518772
407067
469699
500986
486231
445550
504583
482369
532869
516301
491891
513468
500990
523718
498539
492526
479994
443502
478585
444974
496708
495953
437955
471875
505600
497677
489664
517633
519753
483144
437705
519656
387614
502644
491329
482362
500863
517072
420071
564207
491312
511239
436481
475587
495436
479632
465844
506439
486641
473737
455975
520478
390686
512107
523362
404764
533023
403379
474094
461293
481596
475928
509247
529758
385267
507933
388773
526988
473407
444266
535519
408557
467929
519262
494707
469456
502932
521177
389053
466572
468575
536952
488899
530289
427468
473566
498215
546127
395576
477646
491228
518792
393206
469729
454721
513920
476062
442147
491324
452668
532724
502357
509145
511175
478021
488073
500082
519828
391206
519556
479944
424240
491138
440600
530467
432893
470675
512161
484740
425179
480697
446767
496348
434335
479713
491113
435581
482107
444699
546028
398213
464510
486482
472234
499659
510569
395327
484237
470476
447422
515764
482654
473469
468195
440260
