3849397579
712990
609437
544542
1347223
524642
479520
484336
477157
522676
559685
527689
535602
601954
449320
566704
512084
467605
553176
502656
564967
519514
547639
493942
605587
543644
536721
444937
522708
482854
552453
593789
518579
489743
528841
507105
476262
524060
449863
521336
550240
502968
495695
553668
528122
507946
455540
565348
501471
537932
516109
575873
632557
579201
526101
526304
493978
512692
478628
576127
530607
554404
522109
457870
568521
587145
517141
520122
495989
537966
486934
629704
444448
602623
598770
504270
511831
559832
512303
480973
582591
555375
604412
591099
549313
485995
493677
571412
466012
492090
534400
473141
521054
523272
553999
495275
552084
481547
565648
540025
516156
498737
578444
594512
467141
538173
573557
569654
535538
538875
530432
517189
514229
515484
557441
530782
521617
583388
533551
555881
548379
463575
524472
632831
509904
534635
533445
526613
466970
601161
501024
587877
540485
483295
555303
508799
606670
543697
548432
546013
549538
528500
439647
585523
490463
501234
499603
557730
556822
505383
569628
581936
616377
526242
563229
453674
599439
583934
472119
504425
583493
473423
502910
531418
483513
567616
483733
514642
549894
527099
517888
629111
559479
555178
625663
590705
512266
565084
598813
591932
535950
470551
552751
619789
605089
570373
523882
481260
579689
545880
527003
493884
467009
451744
526425
521180
486729
583368
580267
615675
593027
465801
537214
530252
559485
471505
548475
509479
602725
619078
537465
522068
544446
464167
541071
544925
654475
565589
474518
536143
531898
544810
429921
530217
541519
425990
573073
583779
536183
472302
566730
604916
536387
533489
561588
527603
489571
576655
585910
598774
538283
548402
489547
558489
610085
501176
612255
624893
613443
558487
443708
591272
572798
572700
553153
609816
571267
477033
547614
379228
542095
506831
501553
451728
512498
535177
466259
471902
441928
492558
493716
477050
505088
467151
418339
512396
535045
574348
470993
426949
543409
465858
507231
550520
552266
495701
447394
588215
522909
497309
537508
470146
451235
539742
529081
532935
496484
478849
470441
472456
493840
533048
469670
468688
472763
438099
387955
504537
433673
481642
478278
469637
495009
559362
558029
557235
523444
417289
488903
434747
564814
517413
478683
569990
512818
425460
524222
501839
451697
523800
513940
508332
510868
492101
459554
538543
417628
508745
471628
470203
582666
517245
512438
521687
560401
450159
524063
617297
588118
494584
496176
532989
553191
586384
450913
554743
582277
604419
613449
597527
456826
546125
495891
548457
492083
609377
503349
436564
460987
608497
578282
475635
460839
535637
507924
497374
513458
541916
571812
469910
520793
522107
493867
589904
472873
602423
574550
643786
581770
555359
618399
542289
603039
600611
451298
506291
506411
619974
570450
508183
571049
481563
532239
516676
477945
515618
443591
500282
484954
521794
573611
527141
549270
502122
494021
526902
456887
579175
485767
441156
570008
546206
495813
457746
584185
469355
580515
523161
558968
454266
552041
550167
489306
497812
514263
528935
584438
492899
592598
655195
583132
511324
546724
627354
483737
513446
558187
510813
536400
559999
467992
634336
581128
545951
469850
539904
474114
586898
438073
583214
445056
560200
511959
548017
546726
447897
502988
543451
561491
537417
445471
565743
545970
600474
438688
558533
487659
517632
462461
512330
523760
462370
528837
444943
522746
478412
563217
430935
596120
576016
526152
536537
521381
498972
420348
505461
471927
481646
525314
414031
513233
468740
511418
497436
457973
523431
466109
532044
438390
524152
410953
488170
468521
547040
558874
577515
534594
497843
522711
451877
559307
541858
509812
534937
481811
470745
550324
545677
393477
472095
499880
387407
531002
555007
440735
382769
561214
570814
554065
601246
473434
479100
484482
415393
538314
588415
453348
424120
550402
546013
519184
457668
592513
592537
462264
506948
465503
446930
529825
484178
415130
518035
490988
522041
547424
431762
502424
476697
546769
427742
527954
568729
445675
479091
435435
478649
530467
462411
543386
502317
509941
497332
509603
538888
384828
516607
577322
430268
538814
550628
484762
433516
477715
504308
500373
450173
536931
428122
496826
467107
468378
434386
546944
489752
465612
549298
487162
395062
438840
546768
541401
477046
440513
377375
484231
435537
505174
540880
469708
469483
479233
435796
504593
525253
491453
463883
558910
464062
448813
474873
425961
512313
478185
461674
576525
456368
486310
463154
470214
532524
562898
463587
478248
508208
481867
421851
443927
491341
521107
520651
521097
455234
489941
540695
382957
506858
546552
488161
418624
448581
572981
394460
458111
503192
485684
468812
452138
561494
464060
532938
527144
450047
520464
471913
411400
565737
502293
494773
462743
420179
516224
562773
486356
487307
526739
499046
493918
518692
515099
544383
546257
595409
500469
523640
577996
486983
450396
485225
499952
434858
513732
513779
489889
558028
495042
501469
522975
510442
563829
446085
549359
544991
538698
399588
520979
482755
419079
525765
464848
419271
567229
479200
483260
490053
470551
469343
509917
469534
518163
485297
417319
578248
492556
526270
554505
573484
475107
462156
484036
479116
432483
509954
459237
515401
521279
491209
469105
511476
455929
427296
460776
448617
486749
445202
502626
469670
482167
537118
447290
518518
444605
467955
400971
506829
497219
500383
503080
473280
517368
551268
525341
404277
483458
451485
471995
454528
535789
434069
513059
464856
542360
487467
482494
514421
455161
504247
507501
533345
520842
536653
488752
491680
578493
539224
488525
486715
543352
496822
538616
461745
532468
505532
486022
541640
557140
435643
530924
470027
474647
517995
447285
525215
482012
493449
461469
366472
527659
506276
404609
479770
402710
435580
385001
483152
424805
557556
406705
500576
451940
547002
562437
535567
492296
510540
451170
537568
431301
543408
479518
641703
500182
482516
498732
509382
499452
493938
504996
496419
469970
517404
502704
488726
574502
566916
568741
558103
536794
500688
576980
553945
522870
484798
424496
496345
501519
486767
464855
485987
484205
452809
451305
531289
426568
463773
570622
478295
526899
505007
476424
505690
489241
528725
525238
539909
517907
552876
547637
530369
486610
672975
587407
514081
525809
454171
435612
495240
443185
489490
480158
583537
544118
508940
509155
468389
541974
524678
474497
498057
514027
495729
484351
502300
514467
435712
504210
486042
527520
526518
496476
493951
483580
437671
607887
472817
467149
503424
453522
573847
512355
472383
452038
522470
555928
544419
425611
521992
453773
479015
461458
534256
520380
497941
471562
494982
566317
575858
524743
521981
556109
549328
496642
550930
650016
556520
567495
528446
576723
543687
550149
587321
592769
612660
583381
537076
534824
540946
565027
599112
570333
563391
552504
493714
599560
593727
570790
528500
541581
573659
466068
582343
453890
572831
475325
567893
547699
536042
546788
463518
535296
500620
598692
503957
577315
478846
567750
538121
483132
515141
622427
562884
521777
554452
459835
520306
521570
624532
577582
522376
590703
515951
500548
607633
494962
474919
520781
538248
560933
528810
578207
563714
492349
501169
552473
635064
516667
622139
478793
607258
465414
614465
521852
497563
504324
577119
496995
533585
517586
546171
577875
514478
586650
617643
552287
564372
555122
598353
515017
521301
448145
534880
507426
624060
581096
614895
604576
672300
598965
570215
535655
506299
514093
601200
537219
558672
555436
505317
562798
520035
553873
528253
504010
572864
531111
580906
638510
613914
498374
607695
512559
591119
651917
523280
563301
492458
568943
572336
591307
483601
629632
517018
489911
589583
578669
543790
546978
622393
547641
535316
601293
545312
667527
568774
541806
500454
588845
598646
596048
595095
540527
517011
636739
582564
564326
574496
544075
570733
588218
543091
594387
608292
604557
615663
538458
500109
638705
552619
533233
528023
519943
528557
583366
496296
548525
541903
579278
554255
609578
604426
600170
576668
503855
625284
522996
574610
537494
549076
515998
616979
520837
531541
624423
530994
591570
642117
611462
575473
553974
574898
513949
629048
592580
563877
489945
624224
536421
531383
600021
541729
526530
564358
589773
591134
521262
585400
538827
568009
553410
555842
583987
551215
581353
583590
577112
537207
607366
591078
489940
590732
576141
624675
582123
575852
610016
608754
599945
613027
636006
480155
575734
570255
560354
537288
579982
507774
550135
643783
628758
562200
618938
478159
619575
541050
447629
547287
530564
567553
545605
596108
542443
537849
530097
564810
545762
495474
640993
640105
559321
548350
495189
587962
552547
540159
639339
494101
584563
576902
602760
533753
587146
554055
493736
533433
553757
495957
628637
503588
573064
629029
626869
561374
580357
587366
542168
620483
630613
495854
569910
650220
649622
596840
597706
625905
599398
563334
589635
476451
599200
514309
568092
473593
623132
573781
512339
581449
557168
611320
530486
639998
620891
574797
542648
587045
583583
495161
612981
503639
628486
625625
548398
470102
649562
473521
651093
598849
551245
632230
627499
611971
618833
616399
593391
571906
522752
636125
655774
610173
577382
540060
586843
557818
545458
524975
555632
499957
603317
594372
555918
553457
639656
536105
555036
484035
608962
533584
633243
618111
562593
569446
553002
551623
566261
485175
571614
572484
576626
526434
623105
609384
534112
593222
568224
586723
562786
524544
605080
565130
519695
599340
502411
488431
597957
635828
529236
570874
577282
535686
563705
530176
585477
555102
538366
477367
565792
460696
589707
590992
540381
539613
612647
495295
545943
569577
513791
492179
557101
553216
514134
542544
570532
552631
499691
566233
532267
574318
590226
545237
591203
512983
587451
580057
666011
581922
646867
669121
556867
576513
617735
597383
609257
625523
506166
522475
511849
551570
549358
540303
575185
559085
527997
566119
594330
601614
630555
598462
635045
602009
616844
594698
632683
546388
597303
630908
559612
526909
583324
521975
619357
592951
606049
587597
558765
511279
603590
526096
665730
599071
573470
565446
523141
570583
521578
616136
571997
517798
643145
582531
515292
526497
658308
617763
578054
601151
588806
498832
648573
514224
663702
621393
644865
614164
593766
579793
574588
509248
601463
522767
571665
502995
510583
598289
520563
549830
547113
528629
522196
547368
606963
557217
547621
574623
519427
471673
620920
595589
520293
604116
547616
542793
597468
630913
518343
591944
540168
636230
588728
586208
582107
546324
636371
627080
710544
603208
535149
517253
552372
568202
530080
551935
625496
616213
551988
593025
595251
593654
542935
529976
564050
442731
555499
540007
523249
554326
521376
610672
570303
619954
559359
505229
613276
538254
514649
629107
548294
513845
493726
622528
561036
579783
630345
601755
532595
541538
578635
503399
625210
606264
577364
551840
555067
527956
596617
508664
534534
461246
573774
565531
521496
616344
590814
601654
561890
610158
528699
630036
617204
461718
488662
623671
522351
519006
562582
503705
542742
476201
536541
610235
537653
563663
560632
538660
545276
646611
597892
601879
497142
507119
584182
544596
542098
511274
593318
539537
528194
569515
508121
606327
509377
571413
524779
580053
487503
571039
531581
537854
556292
489051
554450
539797
492690
526387
487587
582493
568350
517980
614776
581247
534626
555422
491364
525522
616172
498318
495258
633132
558278
531142
516795
630772
468385
538761
541204
464336
599597
619917
561549
523577
558090
540123
618929
492626
573849
665255
546256
560878
527211
590849
540071
564194
560190
544925
511123
589240
541507
542496
544666
546152
517682
493405
465121
640513
552118
541106
609732
571852
522775
596728
552617
535653
615484
551373
562006
478577
495809
615063
617237
599973
557022
506349
575119
646062
529348
562688
509267
618631
632077
517594
575680
559137
512953
628323
635951
536242
576622
529329
587706
533440
539995
490251
616406
608599
676576
532305
594672
542418
640179
483902
570735
525104
533698
594981
562217
524455
639421
590132
539972
590175
622594
593301
455661
606180
530587
497527
647354
548820
512980
534894
584503
475183
589064
638653
468327
580737
617656
468512
565613
604721
562833
496965
547040
516396
598816
542352
531306
501926
528179
492017
608018
616075
568372
525977
636966
620678
623192
531374
643178
554255
480207
615888
641404
589038
677047
595524
548838
501783
543084
535914
552713
574098
500290
577557
605730
599673
548330
548820
537250
517703
628013
480473
570929
529853
553679
514263
549620
533539
588950
505968
537475
559590
545406
490782
610819
624683
497281
541752
556378
520208
597644
503648
541014
558995
524648
593521
568622
551098
578738
578330
548755
501503
535104
623840
601470
602149
650193
591243
485220
551778
481084
550202
620786
567168
478118
584400
583067
468433
554401
552592
604605
522553
524830
425589
513976
483350
589364
461674
626331
599442
524196
604882
514822
637597
592927
552197
561481
522928
606242
527412
586949
577639
475556
553100
536353
483747
583447
555851
620343
630989
615122
583106
530990
576940
566197
551857
504264
586526
609292
562709
561439
582250
521927
517017
523814
558685
541669
550045
592590
575627
568316
561657
600858
622075
573955
548126
583006
523952
548343
533337
592891
534227
572202
567798
644448
513212
579020
497599
532460
565735
538871
546528
544185
578302
618603
516373
598337
534160
574958
589588
554082
629802
480046
578913
589992
526520
607664
517085
624164
547222
540189
588126
567206
578061
583945
588094
558991
581478
568674
527312
622010
643481
486116
540719
503829
550536
516391
583045
579459
544642
518184
580682
565089
511713
559696
544943
550541
616687
524097
615918
509006
578633
622724
484061
591815
567726
644397
527056
585409
554197
521774
557858
645832
572901
526101
455371
584739
575473
547371
611925
617700
569677
562898
519129
525280
632354
597812
498778
578000
580904
539354
552022
623398
628212
512545
625623
605897
574348
529118
481532
579524
527208
624002
614546
574177
514704
615149
569020
534083
590661
531071
505003
569728
622788
616772
584589
592413
585638
519726
559140
549007
560988
590086
501983
541411
618895
486821
545996
580050
507918
568935
479483
546050
548618
563245
477670
513711
587035
617696
649666
494966
603971
617783
617494
494437
546072
508272
610943
661600
549362
503545
543136
578613
554271
503718
575800
493158
596125
519256
581173
533644
587508
511529
607379
538840
496702
558886
559810
519516
615044
586364
540794
534943
620101
485451
569647
559587
567038
551530
591495
514707
561541
583250
617099
606441
489221
577761
601238
553814
555361
515774
542985
562965
504234
583339
525439
676503
514108
583890
525445
595446
595292
454965
603789
605563
622612
582770
530796
564765
511876
619524
579939
520560
532496
587317
529153
602183
574814
633824
478033
496481
598661
508361
564704
537884
638870
585221
565042
530568
610585
566342
564541
602389
504828
564132
508608
612179
536581
514169
627536
603220
545373
545076
642745
519190
512634
607308
567800
550423
590624
532040
553404
540813
559671
480900
582548
587651
584858
496584
588571
578207
578354
545663
531136
538356
498873
543924
538050
504021
521733
535840
585201
559005
550181
558282
546467
473775
580314
596444
598375
641848
586842
520899
530829
537357
491430
2165838
490496
576368
518772
521995
576422
527703
575144
475028
536195
482901
584903
565706
528740
522491
539885
515825
576006
508420
617994
596217
614053
606852
560423
525794
580878
506741
584799
505239
598117
593764
596452
615366
540022
562645
513753
572244
511678
611182
549282
521859
510041
615938
551395
595049
591620
649020
607881
611399
602460
607077
614574
605538
543382
517420
537750
548594
549712
514419
493072
566983
547154
528554
500088
512932
546089
542824
540161
537822
513470
521450
529217
516935
525992
524179
500662
437632
623547
631515
602302
571649
552690
623430
471637
513325
584126
467296
536247
587345
497487
560642
556998
538452
527556
555000
514451
549259
532476
603911
512442
573502
529459
579859
578933
529751
543865
523355
580950
569713
565437
560431
586241
512955
592729
549213
518867
612437
553442
556611
511091
607881
569255
548658
568978
557027
606237
557354
589804
637987
590804
536973
567910
532293
601475
557150
493019
451310
597807
620787
529714
623313
505297
613670
518644
574033
523947
552644
501866
580451
540727
511321
596277
592128
687581
529704
578387
493876
586868
616520
506287
557221
538521
611812
493985
636104
551381
475854
629172
603031
601582
616158
591967
556372
537931
599235
651319
512145
533602
543021
634794
582052
643538
553695
572624
556135
542561
569331
561242
585309
609451
535281
551572
558162
553245
517514
594575
528598
540109
612519
600662
597285
612366
580595
506039
548489
529552
540639
539705
424386
623819
627556
585726
553149
535766
560596
553849
536029
473649
521896
541979
561596
592040
519520
554333
553334
587153
625480
649016
537280
568763
539971
613380
634556
589047
565799
576980
553073
555727
557994
565864
498694
573716
541816
612511
559557
523290
570084
551291
584259
540236
535620
486894
519280
553711
504048
575128
509925
597292
573816
522073
581823
566301
560985
526858
595647
541281
569961
548560
531015
641682
555643
519513
497377
428926
587467
526861
579872
574049
513596
623883
606651
603075
560828
561492
491722
499086
491957
616787
578328
535421
612403
572649
520571
589576
548877
518985
628713
481462
597507
638174
628738
583855
636202
632710
506350
505427
597458
519724
547464
587069
611457
615351
613571
535017
559531
495675
515800
604706
517010
578927
555097
497638
608238
488896
541049
564110
550054
547524
514794
573698
534696
575756
580540
521174
589597
492757
582182
611589
541766
517044
593877
516427
550805
549222
554579
553667
520384
609298
496910
541227
521702
603722
596723
541277
494614
561938
578058
575292
570897
532881
503941
646572
504579
557713
570986
563790
577563
565459
538564
617521
552934
538981
556122
640832
629895
627349
500652
651239
494873
640473
587040
641798
549340
563095
559255
537248
536619
561712
590819
576630
578460
511713
649867
485567
585002
521718
574922
527562
572925
610263
524849
575057
533383
594374
594958
555895
580074
542249
556199
586682
549938
546343
523076
531750
619897
494067
529765
532951
561287
542331
493039
510815
603203
493489
471679
564272
576883
547936
509863
613730
564490
564171
546962
523178
591908
495319
542381
536633
530123
565862
532466
544107
494130
570960
529430
520225
537698
532545
559922
528588
491505
550643
506242
588006
569844
531112
488386
564361
535027
523185
531454
583071
535632
565632
548868
544669
488129
596493
620740
616207
475910
524377
615658
482474
599728
556855
562381
547905
504045
539845
513225
579772
696850
580996
562497
588560
580943
552046
548909
529443
646170
618513
567020
457880
540356
620760
598033
516404
587377
571097
513200
652270
484327
564614
574855
512378
614708
562721
568715
539322
553979
547558
497782
573438
671945
590592
547172
516735
576262
559695
579860
563752
555952
553899
554696
435230
604756
617347
619283
608073
511633
523473
591283
551240
512839
513264
602146
501794
544281
590561
540045
2115895
587274
494571
476711
453204
509054
453214
574028
449831
492221
471388
559461
433634
477418
527069
471474
498515
477812
480185
500646
496008
480482
456852
537196
454402
537579
489206
487533
457209
566433
537410
484732
467986
566364
475176
431333
509174
489033
539944
478219
536167
540861
497594
596424
479010
488697
564668
605855
487985
537038
630395
604411
614402
461641
543639
558576
550277
546701
576610
489094
575180
576849
554126
552179
559279
539517
557151
537723
531810
604513
529072
559433
553515
548741
550987
535207
552904
533236
541877
540080
570603
550443
541708
540844
544461
491796
530751
588000
484972
540136
557239
537792
540598
561381
568794
514067
556417
527278
568535
551312
530989
551698
510340
556297
581624
551853
545739
560859
524795
622925
525651
577686
489753
533893
585603
536794
479786
572672
555085
507592
610809
619394
515939
605864
650357
583096
569953
558786
636719
540965
564118
558024
542087
566658
617107
583000
538753
581283
537975
628753
548822
545498
536571
548571
534011
541514
547910
542036
509639
505739
643783
568452
499622
567842
557221
518150
602128
613233
588913
589932
608386
593265
568261
563208
518157
597711
591737
506275
625399
500549
521911
509120
596907
543310
607363
537813
566967
528394
596013
547616
568275
512332
581871
552330
541733
505742
590028
516544
588144
510046
596432
550069
554534
506321
575386
610203
531702
565798
524871
598033
511904
628714
579865
539898
535784
616945
551627
551656
626953
556252
514141
599043
594016
599186
545742
552298
532240
595418
548081
607247
492763
587156
489328
550311
556930
546789
583109
544548
619171
470026
601613
625267
485063
557109
507232
641119
542101
496057
569556
542472
622686
499794
479083
428362
604440
603027
569456
618945
582641
546418
618414
569350
537939
514598
573935
515664
617055
601580
641424
637580
599793
597081
571591
515311
587383
570866
547232
562301
522367
601076
615353
527343
542082
560252
552057
495117
637204
617619
544682
471111
573794
533790
625903
521481
595068
609285
602742
523044
637261
556443
548546
518196
611839
545728
540574
553979
575822
510100
596936
633320
488271
616911
605749
494350
563443
539037
654169
495914
605276
526684
564549
517354
565119
511434
598760
564858
555896
523948
681610
577628
534472
601529
501360
607568
553577
559669
553045
512562
581864
575983
538321
570470
562678
516299
563457
583619
466441
583654
571615
526333
603782
532557
599106
573477
568625
511867
586988
561364
523968
518080
503949
636500
493488
554021
507926
638401
546063
594315
464205
614741
627839
611538
535742
505027
547740
534944
623713
569741
599530
618541
597203
537424
555320
510047
460563
616531
639510
462517
623150
593858
529616
634545
501233
549435
619677
609529
532664
590205
593414
541948
544164
545952
557721
511746
572137
530245
626027
604106
511604
473778
460633
464722
500690
506509
570461
503969
497473
455588
498434
447102
466871
473021
439042
435881
476329
447564
435566
444145
475370
420991
437805
450047
435829
441427
417272
448392
420524
492057
493268
472386
513533
467185
468887
478682
460781
532898
560863
495008
459193
491541
446206
469927
486629
543910
476258
469610
458522
445307
438682
454337
493555
573066
455600
485389
465077
514781
457846
464985
458917
509259
458773
461247
484513
460262
440836
422640
462231
487067
470355
578050
489220
511116
454088
491063
455081
548733
458831
434191
459243
466678
463053
502132
552697
499161
580992
489540
444205
395120
401225
361814
401344
402086
424131
403219
410451
391169
380570
373945
350944
392848
435583
403427
383515
570954
553840
515361
456903
523977
394681
507984
525229
545473
544825
523306
542042
438572
528183
538689
520570
523059
537670
571188
558660
406748
393850
369651
387738
400917
396023
404714
393712
398493
379905
413359
385993
415247
394263
392063
414230
407637
365506
408447
560764
2038326
420967
408883
393002
401841
383637
399944
383654
399546
397826
400676
416237
438323
400634
361363
383033
361790
385896
381603
377701
361339
400517
428553
398346
400530
403406
446160
401040
411860
419506
376253
389203
386779
350016
394044
394619
387606
385286
378589
384736
394769
384713
396057
381126
381789
382913
414606
377489
394279
398216
388025
384815
391109
384992
390486
385513
384766
378143
403539
398019
550080
517997
565086
558882
394603
392612
390496
381672
382303
411263
400778
392362
417055
384148
377275
393651
380855
382502
380448
388115
379348
522216
582946
388225
540289
545655
422895
550425
547012
572555
568418
536359
568572
551771
417404
542817
516992
506598
527457
536659
524438
535794
517211
515275
575988
544728
520634
514412
506530
512108
501994
535893
535694
524881
566063
408590
554295
548479
428772
378983
544099
559503
559327
560501
502839
499932
542433
492708
552576
528786
547097
519556
494742
577114
590879
567669
546436
593864
576341
539249
550370
505794
502035
588513
547251
546182
564232
524800
519963
481025
596270
584384
560701
593292
549229
606711
583711
602426
545540
498487
555696
567613
478390
578411
545448
573302
557777
552212
566083
549260
575254
555182
558810
537251
598149
576929
470410
547528
547229
480456
578143
619449
541359
513713
549991
530051
535772
547927
545085
554769
530103
554263
538418
576039
565264
537805
512822
544532
499123
543434
535405
509349
487004
650025
601282
607265
609302
543566
489016
553033
558207
597713
539383
585791
595875
487649
578093
582817
533185
590239
539364
516091
501071
596759
605680
590704
619335
609266
618293
603814
516275
607913
601844
473034
597418
536168
520220
602766
473859
612875
525655
545301
491887
585148
502638
591038
582228
541044
552840
494460
542687
546843
550936
547860
496166
598356
505825
576447
532412
537476
526623
499255
567669
539242
483925
533345
510041
583057
592388
596218
584224
511454
543281
500811
534824
532607
541231
535817
512333
594943
525356
538859
494889
565126
639179
590496
544989
553249
505768
530909
535458
487690
580692
489904
555418
503490
596508
502547
543421
560241
539263
551544
499860
523370
534854
524523
614954
528840
541964
564823
533854
513873
612270
622347
599573
492859
572326
548002
602937
493079
544369
555896
620605
573885
518259
598493
521178
589852
663419
479851
548201
540657
578165
534318
564761
564018
511561
573321
507004
529238
523360
587568
517554
562437
530094
537410
588463
536649
538753
486643
545746
544452
511523
484520
606731
590051
638765
564609
537323
534496
524090
539721
532635
498646
477403
508904
589562
490479
502592
619597
620717
571994
587311
506815
596622
598896
616430
598094
621155
480438
629022
600767
607387
484103
608311
546835
543638
533409
578743
597327
603617
483095
513047
599774
531151
535965
505852
572092
506423
603836
536737
531191
569228
528292
493579
608024
532158
530749
561272
503453
586104
622731
582568
567265
617196
608929
611623
605285
570516
485683
593801
497751
633532
589455
552209
531809
495433
597178
543267
483343
550307
535037
494724
484061
532562
513149
625111
602947
462583
588881
567653
595963
614773
537894
503304
597616
545923
616237
533687
473418
605829
549309
545147
555347
533408
526805
527640
518240
554584
533935
555239
531293
499957
564982
545602
519142
596444
492470
568601
512015
561849
527340
536371
555575
550796
527799
510323
643782
554201
490459
592543
531977
540581
542698
475732
556720
451213
580648
613729
523289
584783
472937
569487
517596
539029
511143
543221
573268
491532
545566
560811
495824
547688
461395
478656
563987
605881
527758
494739
587279
509407
515403
499808
600276
607321
646215
460748
557666
536512
627640
505956
606904
535316
555486
501930
595374
586031
634688
562919
502924
569831
464678
602019
650739
641807
560890
518618
593860
559920
558180
505117
609229
627223
586861
603221
541735
621243
510726
594534
543310
580775
540249
611597
518027
591569
590416
561316
520194
597208
519365
563222
522660
567934
522818
561138
539776
601548
572627
514802
634476
573144
603161
611652
500235
522435
535523
609342
636169
534563
518100
627391
633132
596842
582517
585138
580494
571022
566896
583376
563017
526408
652261
634419
521496
511232
553392
582878
579327
529959
611542
517152
599268
574328
572580
588400
582483
571199
547905
630579
612315
561461
500573
613010
561326
550185
614482
572821
578257
477084
582617
545809
633836
577359
564491
500029
591200
571896
532038
594785
506791
530461
638421
611487
656070
675113
520555
627341
636605
589830
477389
559043
557139
558712
571512
531531
552691
518233
604683
625458
521285
550431
499985
633671
604050
614737
541196
604873
619648
581057
550487
573976
546419
610145
583415
575955
563255
545861
609690
490512
555695
548562
582278
522531
576623
504776
609102
615798
618161
603424
560960
546279
500009
575204
498330
631180
560976
562661
538481
509404
579214
513336
552466
594782
500825
547698
508637
614333
539242
590695
555274
543264
563163
502269
570219
633969
600065
550884
515897
633180
591159
533958
624249
551429
510554
522078
542475
518898
578056
524781
472732
571884
599831
548997
550951
542309
547043
536978
591303
564775
511606
571698
586656
462617
577629
604444
561998
565490
649618
510445
534057
531165
612896
614928
617303
634607
473845
609957
578339
630994
634172
536602
483337
494272
545116
547422
505986
614779
467922
563024
440698
578041
639468
606564
551822
559336
604501
562413
506363
604125
604639
599392
512486
535964
533635
580734
521012
585646
607941
593610
590995
583132
562470
519208
570830
592038
580093
515501
551965
586704
449794
541050
527858
586862
528380
627419
595793
633868
600157
560274
489102
589165
524249
581417
486102
612220
666332
626774
552798
543798
566301
568409
523720
603526
521761
470295
562077
530718
602739
567558
551132
494406
538559
651788
613928
500730
625691
638036
622261
631776
575450
601966
559192
572320
542363
546946
560731
559031
549934
545735
527322
548281
527646
544946
569120
523473
546363
526078
615234
514464
589958
587475
577580
553056
567437
539020
547297
500658
624148
566948
495716
549042
634833
489539
609817
628218
504101
609621
614339
628179
597829
490605
556733
568950
534060
481877
572527
520601
559331
635426
585810
590728
637879
490483
555796
531209
619217
574274
659138
611702
513482
597739
655056
545056
491213
567583
553320
529000
629948
484131
575178
611459
592502
548809
549400
551429
554490
500117
558771
533277
546282
555734
509725
590975
615390
467515
622767
582231
518416
597100
552285
627166
543942
466122
624483
570710
530372
519493
562534
549301
571558
493784
560393
540502
559780
592404
608684
607994
497633
614651
420187
537408
618759
599345
601899
584970
507816
540764
611461
483681
607154
615295
616811
522029
484697
604778
612558
544802
610254
552301
524185
606573
618583
604264
513334
566345
608640
487280
522004
526835
608649
497279
581843
632451
550112
497329
611291
614048
631988
480535
612114
653267
519977
494014
625046
621536
541795
535755
538579
549700
614187
443130
533268
623686
609473
552163
507784
602065
611550
596001
618858
577089
517884
575594
607575
620392
538512
519426
591778
612492
661196
543657
561251
654676
622526
580034
571021
571246
541119
526066
565667
621501
631052
602663
568143
576628
612249
582416
611924
543081
578488
542923
550580
488750
587038
601339
637930
538747
596998
589623
500290
555747
538400
551255
552795
550106
483807
556461
531162
492199
592553
623804
642933
619436
495480
447446
616184
617241
551367
600804
631098
482918
613049
640101
594028
557078
565389
477716
481820
553357
580558
553479
559617
550204
504774
603443
491087
569111
453006
540125
498133
626338
511402
550757
560901
502240
530655
562095
546594
567594
572130
656979
589406
601304
609613
580063
537889
566563
562954
577352
596108
547855
462797
509188
611076
653859
596349
549964
593939
576904
500078
626663
521817
572233
559437
438511
461640
624486
558549
521015
629589
546810
533396
585554
539148
471515
622531
520715
603237
553302
564840
512804
579589
480431
568689
583641
534428
520459
490123
578683
532830
600962
638127
615329
534672
531885
595470
571814
503855
518624
487437
542503
549097
515336
558164
541025
603141
498538
583027
533658
545222
611057
497158
603640
581191
523158
632001
543199
556403
491918
571643
521367
580722
628328
490941
563050
589136
522386
589115
557467
499937
608920
622554
592435
621111
619778
494729
462437
585859
597007
525948
556366
563109
554267
566296
538332
613646
549218
542594
596307
608648
624731
538033
756473
571599
554209
532657
598549
591422
521629
541561
544741
540215
603501
589550
633296
505866
624257
510202
604826
501632
614792
571335
499231
621832
588711
526744
561713
618957
606612
583893
554462
534812
545959
584698
533681
547134
613868
490256
621258
620941
593863
632666
514452
611645
625174
570229
641381
654749
553224
479501
598229
512547
470910
565220
492679
543908
556638
616769
540088
482881
590077
614994
839341
614228
576620
516319
671250
498041
555594
532554
529861
613504
584861
533667
621867
596400
501184
555053
516129
568539
608095
543395
576812
535765
593917
490830
573190
499283
604714
519276
613410
585483
578795
544008
486549
601919
569958
532907
625768
638144
502936
495891
665111
625110
630289
502656
584679
621762
628519
559712
507268
543136
464896
569598
515319
586570
499906
515577
583515
499515
629362
630981
665797
474648
497032
617616
619421
600971
607995
577952
536163
579594
582527
591292
532716
539512
537697
556847
540255
527289
562336
506783
465511
578822
538752
462479
631137
600421
483365
564433
567693
509445
588779
544876
598920
565451
498381
568276
524156
601030
614484
563388
530698
574360
476470
555299
590217
512553
562561
552238
574162
587529
493233
600944
610641
592039
548810
545930
537721
520985
567403
535630
548314
606052
539752
517649
588620
575941
515664
477642
588156
530087
597085
548955
631636
587156
551297
575185
487922
429465
582393
570904
522428
634043
597510
473966
504567
669869
571693
509796
623647
642327
575219
646303
517477
570945
639856
524559
566337
534378
555915
537672
541490
496140
589685
625935
538292
566067
499644
574281
550651
563417
493832
508957
559381
587239
556028
551874
592608
558137
588681
522224
608646
635851
523112
580328
566432
580577
518678
559878
1067228
620042
608578
584863
554968
570062
575071
515700
611768
609773
627315
483600
566212
564011
500236
626955
629933
622248
516240
591008
520702
610514
489636
630391
632020
543409
590690
439715
587585
616406
528328
614879
570461
570179
537595
522280
562098
542574
589218
558120
563459
557198
553989
540848
482132
583725
646940
579472
555272
556047
600716
604775
585956
579908
501442
566645
508303
550485
533430
609299
488597
520615
567854
509562
577218
531769
626991
562753
534418
592510
528391
502960
461518
571217
616569
639881
562933
543431
575613
543441
516552
596628
520340
529037
491926
612265
520594
614259
551878
550353
574164
509623
621421
609903
553284
529563
634831
588206
594172
555757
560349
586991
555953
557736
551131
569673
581357
543313
574648
539973
581322
510705
553083
538839
519334
562550
517122
558420
557149
488897
607292
610701
540630
561426
528237
616536
479906
599754
549232
545084
578253
503106
493496
573383
559751
539510
537569
556297
485656
601838
593753
539155
534241
564653
548964
453359
557858
560797
525355
507937
619833
557223
525247
598923
500358
573901
532236
575657
568703
498668
600243
570402
538180
630707
506762
572704
560022
605939
519766
570811
487000
647340
546148
557779
617805
568558
542703
604965
540651
590453
545624
541363
539605
572384
615312
564768
559239
621852
549127
548943
528258
551697
584808
545606
502362
536241
602754
504414
555876
507692
636815
567953
558991
599871
581119
516613
614224
570508
554400
512369
528101
616429
531974
581156
650809
613034
628560
540518
631327
610382
626881
516987
601686
630474
623890
590968
622680
520498
427066
643863
571197
550582
557827
541829
594124
502976
609727
552300
581162
513373
603746
575250
502585
600417
629572
578734
568875
629781
577035
543048
586076
512437
536120
581525
628217
473092
590634
595459
474384
582116
577761
630899
606757
558659
569784
557753
570998
613771
601419
612387
557852
515150
625172
487247
586635
588167
552903
609791
510256
617191
619637
582591
579477
655536
616250
562722
564967
517249
599698
603926
635995
545096
569591
550403
504371
553756
515282
604883
501148
594650
567618
550274
537423
532891
495267
585478
522624
623925
503520
547308
524383
631512
582108
587045
540646
536558
575527
471565
596667
461769
569085
603873
661338
545282
552601
572869
466527
636043
554865
654760
531665
615953
463891
634341
656553
528421
436879
630054
608679
552347
615185
606486
554745
567139
513235
648672
554381
548795
541276
491187
603592
680307
614551
561411
528153
632718
611380
601441
529076
559911
503898
585410
572381
533109
630784
529284
478906
521141
576583
492403
578565
486982
481330
482508
656744
481516
546093
558490
619076
586510
632925
500121
584914
542315
612003
606521
621579
593430
545394
524805
607324
567876
492243
525975
608395
569231
555551
555284
503270
601440
649110
501189
514846
626230
508422
543217
525335
565606
562731
504392
624313
486677
502303
540413
616023
507429
544095
630712
620597
605198
637467
634901
577560
575934
582889
538959
593111
513799
566094
490691
621346
471040
587936
544156
497372
603236
559537
637062
628616
558197
555738
516613
477908
575470
549558
489725
615070
620681
521759
561588
546535
555434
558694
525673
499614
509738
604300
525064
599406
574976
546066
633027
585344
648141
602913
617397
566705
480056
552951
526640
590310
551802
561979
440962
600202
578269
616755
563621
515933
504974
540532
487320
535129
561503
512432
566402
539744
541917
531630
567274
493197
566456
543297
612243
534910
529585
600596
552347
538632
633450
595544
594975
556259
495764
480206
553187
573768
531460
615541
646813
620770
536198
479109
596094
575579
510183
619478
544709
565046
497738
551200
512284
592959
530826
507025
588695
509807
537427
575343
610068
523845
541906
522441
595763
630701
596398
595773
512414
524329
499617
486961
595495
622434
507188
532993
574942
555763
538700
475315
564509
482681
548558
533396
625364
540716
519166
594844
609353
614517
499989
570459
525344
584772
510416
620572
601356
528087
501985
557886
564012
528719
615300
500161
563922
540383
588015
490140
604041
625191
496129
513444
444561
582292
580009
518840
619821
562381
548262
535393
584737
539991
524311
619359
617476
495550
569551
537786
557233
531414
529894
583441
580226
527019
613734
573901
568931
554986
556973
548053
521921
563332
564762
540114
561881
545748
572638
561886
578763
522481
634406
669106
606087
570940
520758
568443
517327
612331
606241
576085
594083
515873
625251
496092
639739
568106
494291
539299
595976
599310
534990
576981
570528
505036
600813
552334
503672
558910
582337
543245
507212
575493
553824
523034
582722
535546
452703
570271
531164
639819
467466
604947
553411
515099
583873
544780
559651
587055
540155
527816
598464
510947
545985
486252
510613
597885
501451
612469
565706
526890
539021
579398
544729
563710
517937
618878
562429
527324
594334
512868
577728
471999
634527
591798
560961
462705
566010
519473
544148
576516
558041
557335
550177
490382
525827
540125
626454
559368
505164
560653
527505
589661
558109
591337
602683
502702
559687
543165
544127
527443
519580
603950
603445
563187
578493
612452
529200
553218
497557
558690
584608
540650
583339
570851
528052
606366
555610
603982
549858
565743
516067
547503
530951
549251
547138
550731
539884
560252
514363
490976
617535
468956
539062
515660
628902
492294
409382
604004
599823
540605
601272
535719
573481
508226
611160
627231
589933
542134
590057
604578
550384
527941
567077
512586
512131
515621
618600
592631
639077
575622
461817
496548
563348
531136
541428
549526
565772
469557
511426
591062
524714
625163
548081
563856
569272
538516
539529
545034
617480
580558
489990
570053
545451
525096
571678
572767
509648
643954
599305
511204
552342
541931
572696
522815
566993
623053
609734
484439
607691
540120
554604
522435
454688
576923
567878
605561
621226
600268
606161
496136
575659
529953
550129
519095
624400
534931
528171
606772
604703
515824
642382
568563
579610
642154
590889
634383
607237
541851
489991
541846
536020
565712
586419
474183
564488
468271
535557
529705
563984
544765
527780
586777
589773
565389
550407
608732
493689
570764
551131
520513
607270
593341
518016
527446
537536
653539
554569
528453
569201
547138
546823
603290
538772
572275
509064
565588
513055
523617
599474
563334
505746
562990
531005
612656
512010
575431
516212
618849
509267
561468
506743
576653
546441
540319
590954
497233
605687
625777
583220
597288
536119
505070
559250
612895
590709
570916
531788
517275
615716
553288
549421
545972
549483
543400
485741
601202
554792
514628
620919
491892
599665
525322
642947
578465
509984
579519
517713
569738
581841
509702
535881
520355
605773
481566
581273
699970
593551
550360
538860
551405
488544
559654
528347
630596
489415
541894
601554
565663
583863
631573
510024
632870
543696
642775
580202
515096
604454
542076
607096
563921
482351
596573
555559
530368
671318
467426
590836
556665
583832
559918
553907
585090
578625
494495
516001
517137
555689
531245
628137
526690
537025
538442
554628
563161
488000
572106
532728
567861
530333
636193
594745
597491
524707
580677
617262
559922
609572
489783
539069
611437
592375
527335
545844
502402
536742
520661
573141
519594
594474
598832
575305
614815
500487
584209
518551
595382
551633
591746
569026
539215
522624
505654
570413
575959
566295
535493
550304
620632
537995
500137
524724
548644
495498
549715
554257
604943
503833
632535
525348
522248
610957
568769
494131
502854
635090
476303
581530
508325
489837
594897
558173
592085
642007
537476
528601
563121
530176
563113
552025
539441
522673
487043
570060
557590
548505
531107
528882
586826
512568
451386
605726
510632
527964
539660
478799
590351
521450
630706
614575
545963
551833
454391
584591
670186
601068
531888
522953
533892
549988
547784
596829
613525
606016
500519
596138
519367
610303
541912
701905
487290
585753
549081
537578
515366
620998
570801
547109
533448
547010
540430
507969
563308
532500
596026
549631
553073
534143
468024
540340
509342
511174
567461
518140
582172
499153
560653
599921
591251
502570
625050
587137
554317
534132
549608
519471
589330
656892
495264
531376
580759
534631
584387
505842
613702
534156
544176
585438
620848
598917
604920
598344
512091
523749
602593
592547
617873
611015
497207
529937
553168
531952
527460
630901
610265
477974
532063
585885
566674
573923
546530
5796728
593449
540408
518694
583585
595806
487004
522981
623304
617620
517840
706943
547432
606451
606984
641522
465920
604688
605788
530997
558121
511250
563533
548165
531055
529212
629991
524364
543603
525680
567051
496347
569486
512829
624476
620749
502945
553948
552730
561210
550783
569213
503905
489655
458698
549399
521561
609945
502294
550354
555823
597990
578703
595419
534041
482091
545515
513247
544690
569037
582207
544900
574600
512256
579939
482072
532638
512188
469481
507864
615180
525416
546850
548723
549129
501669
603931
525508
589141
603004
613660
509713
636553
545205
551723
564273
510335
597712
523991
574967
562457
491560
614067
498412
603769
540652
543342
565918
527362
543167
564464
552636
538245
506138
612529
582495
602248
547138
557675
531875
571041
538234
542700
552303
521245
537402
531858
527838
595514
580984
511042
483328
554115
529594
574100
516250
547773
583219
510572
609082
503059
592611
572931
523301
580879
509751
577245
548965
550567
594223
591801
615010
527929
580776
502759
565108
576272
815082
663461
475173
505823
431864
575694
628224
478870
613593
474679
661110
428695
621855
651578
597441
507497
585433
467972
545791
525047
613924
462637
568301
484486
534356
572076
539811
514384
621355
565374
581056
515645
506372
561975
516082
544178
530151
629723
498252
561841
542708
581418
575937
524107
589130
587726
571025
557042
534418
619302
454957
588425
527842
536315
532324
563400
538587
505316
557430
543509
494025
547478
529791
562532
508477
565607
615900
463842
563335
539435
537647
558354
552104
534057
526913
564235
536072
444146
571007
513412
517398
485132
563955
520091
560368
546474
441873
530216
510659
614449
493909
522727
567096
540884
456762
609819
570533
510707
529728
556648
489189
493899
492710
530398
485651
573148
501572
546506
484774
535811
536318
486233
586544
559308
495125
599276
545845
558565
577860
549940
489637
590588
531499
475169
546994
552275
503089
638394
552964
527775
484282
527996
530033
593854
535835
553025
493170
503670
553351
511535
514150
550220
471140
491302
591366
515230
545184
496294
527212
594801
593238
487335
582980
553316
448990
595798
601095
580637
550907
588498
541915
529560
516205
580559
580713
561050
500101
602412
536105
484589
571711
496785
528966
508383
566030
522455
476989
567631
525847
551531
500096
477416
577104
506628
445318
564714
562411
436548
552119
627541
626998
550841
454529
623293
551961
532398
536163
545353
528184
553632
561563
541197
563558
502925
588216
587247
549699
577875
538649
574747
656784
584525
633588
593492
596555
567505
504614
580035
649858
557805
452624
568698
624084
601866
489107
573078
500278
534818
543808
547264
532615
587151
500656
572204
582277
570403
601077
643084
582401
549026
540074
518807
572473
549717
482286
536480
515400
530057
531726
539433
540183
534356
537506
506163
531579
531397
494103
535046
550502
511740
610830
543299
472349
554336
490939
532365
535673
548302
512856
568106
480726
538429
547723
534646
470765
583703
462017
575605
527248
536016
494466
536401
544315
513582
559668
600352
516711
521792
548428
518122
553111
581669
603145
543075
542608
480788
530878
521335
584843
493572
577662
553228
526802
545375
560043
594475
509912
526492
600275
482893
524745
522992
535939
496319
534648
450529
549113
485945
601036
448529
578846
566932
584363
539889
583395
571823
547259
569593
490431
533659
533985
609273
496158
561340
567740
566667
614195
545852
581124
498668
497026
542274
466910
580115
567110
496934
601385
443809
501018
571189
505849
526951
551391
515439
534740
517571
468886
475657
607641
590804
558181
519721
553396
535396
552318
507189
517026
589691
566822
434049
545034
505558
621397
515184
555756
481130
512297
599762
546133
559215
524998
564827
495421
538089
542033
564314
488968
580220
589834
497908
533753
609234
480624
580175
549571
544348
528039
517460
467145
551719
559457
490014
519182
504163
527304
573916
554840
498207
627456
527023
519084
551089
621557
597037
548353
445519
592217
572609
481989
612425
548792
498220
572941
588787
547769
494134
521695
618656
621554
625084
594412
558850
568945
607416
501334
484258
628999
612927
493158
590140
548950
546121
586986
498820
604374
515529
589343
601601
565782
574267
543510
520845
558383
616918
493803
607470
615215
540970
599422
582513
544098
539306
598181
518915
600287
612012
511639
556251
518045
626848
520429
613184
573046
602753
619031
565583
511411
561699
495107
581719
508142
554431
528166
607275
463779
571930
493321
616800
595785
604896
532261
515792
571969
615478
471626
570018
551332
614438
566516
644681
560102
546730
503524
471423
630251
618635
542817
621805
541707
612141
534836
584002
490512
609600
558381
597839
556221
533426
488440
614256
449664
553507
493920
549578
500506
573267
519995
508673
564035
420599
582665
516112
596524
552155
519677
588849
463507
611107
553822
499627
497032
616500
494115
568353
487135
554202
484353
517685
457589
552471
636361
579718
561506
488517
569535
464767
494860
621713
592918
568959
619367
557168
537109
479878
625870
491246
551005
506822
543811
432705
607034
557011
641860
576962
536029
436238
594890
529355
623320
540658
506206
581593
523388
476336
539302
485686
553363
502791
553237
562885
609901
447425
569197
552693
607651
498705
512991
536991
580743
512748
532622
606168
574976
530056
450210
613116
581917
568866
610998
568976
578098
613853
578591
544774
441002
503658
482403
502435
511209
567392
605141
464022
540245
465513
587268
575626
577428
531166
531686
600395
588163
526522
623804
445862
453637
604880
526895
492340
515349
568658
536547
571308
614448
575789
488954
550817
502841
539497
494142
539444
509016
494205
554917
499565
522589
550260
513275
499426
588049
508389
555312
493100
574677
536598
521844
584041
581694
572516
489424
480049
568924
522924
516029
619924
520059
572394
560029
483555
649726
650786
640580
556869
552930
523240
551058
500341
596529
558947
638816
473034
582430
618543
571277
570575
530299
599864
616052
593374
615198
625783
527957
555721
524456
550770
460818
567283
607042
518572
556187
522257
492439
537477
531885
507689
579358
526194
554082
567794
574322
509596
541721
538402
452330
555745
505499
631303
603075
557513
571791
503082
477639
637548
519527
569214
557045
596662
546854
569439
588999
496237
603555
502236
603321
571756
563783
573261
505499
581761
520124
580692
461263
533441
557787
514644
516669
629240
553272
520699
552684
621116
618787
552828
613565
599453
609368
612955
545331
565304
537419
559787
564199
609569
592591
544222
570706
472771
566286
601794
465824
560886
593594
506558
491029
621229
543139
546431
499574
631206
504491
572921
563749
556934
539935
506590
539738
469519
609014
598015
652180
600543
620359
506878
550890
521378
572117
562838
522625
569684
559354
660906
474023
543747
578598
529599
527999
611566
586927
506480
491618
491952
612270
601474
517765
551868
537368
567089
579736
563127
568388
505305
545702
568623
597579
555387
494714
562922
550603
567433
459890
550241
507052
571771
421408
616090
546198
495154
649286
606799
616171
576941
569285
576591
558382
561159
544000
447811
522068
479918
602500
554987
559711
488661
537966
587385
490326
549607
590817
533788
564286
586236
501864
603961
538990
468618
603010
566613
525691
594518
560225
499042
484195
511366
479767
552774
547032
565812
523430
585488
578592
582551
548875
520116
595854
580934
527431
596876
538863
601218
561740
582661
516635
603176
535986
644230
483827
553545
537125
603080
559074
538458
574075
565925
525115
606283
548567
535161
581822
595719
544596
569566
523377
546138
525628
526443
467417
603964
546301
522764
607198
491892
586910
633443
538262
563051
482866
602438
575381
552325
546308
532284
545826
552454
577956
541362
524420
593412
506785
572720
527185
525511
460489
503558
549769
497986
596175
594597
548875
553037
483061
515127
506046
544042
456510
566819
610745
600203
577639
531187
558282
551397
544076
600001
529623
554712
525418
414879
551488
577210
587854
505495
586600
487405
566237
556979
558501
516599
555416
558098
587017
540545
594051
477605
543984
517519
564258
475581
577113
606375
537710
576152
471924
551399
588859
493831
565126
581231
496179
543825
550416
568355
475969
555377
546785
537608
526829
595018
565426
541564
559261
539803
556191
533297
518541
594547
537915
567925
544417
623639
592277
526880
455125
584307
495612
490831
541923
513018
456067
566396
494724
510732
465514
507896
483573
566001
471437
474205
547771
461258
537021
553229
519838
517080
544434
458977
545639
620275
553948
469954
594334
577476
492735
587837
539313
524186
479632
573225
565954
450480
542260
579463
503579
529681
469646
575875
462319
451537
559101
539700
504295
446049
527664
532054
493557
492073
460915
569955
533187
483250
471546
547139
514497
457867
526380
506323
490202
396432
499342
554858
497012
550982
451961
501038
491851
482934
536013
446228
432611
498684
474830
546824
484176
505002
580047
546937
573413
508137
529066
459171
513344
491660
463743
474219
557226
454585
582234
573854
543328
515795
469232
586807
448230
561822
488352
501835
524474
529041
526106
483292
563862
452934
553473
592597
584986
454932
576471
510934
467643
562537
468452
543132
545543
534283
474249
492746
504862
423201
509800
468969
588003
605622
629655
520991
574596
489962
612678
529568
578144
577834
568189
509022
616259
509800
555635
484572
511192
602650
576621
559961
547817
546714
555204
551482
542266
592333
633195
511571
567706
621197
559162
506779
584010
579067
551112
579978
594167
607874
625506
608840
513939
586744
546011
622097
619521
560791
541768
617203
507223
524314
567289
553743
572150
550708
574049
490925
578463
587325
612273
551789
549741
597378
616903
603817
542515
558609
535507
598127
743825
478231
636420
660500
637315
617195
658260
482024
560102
522176
633031
554208
592026
510276
632710
620111
574296
576330
558245
533638
627013
565210
558985
505719
624876
520954
553908
544812
522888
548031
561518
481192
588879
592145
586562
597126
559986
533504
530954
788463
537196
612894
569555
551833
487520
583969
510186
572710
611317
649878
608145
623563
566647
612652
508272
639914
535488
627932
514353
605143
630485
566545
577512
493700
559280
691306
559906
560550
571722
563693
547521
576283
551173
493217
579406
664540
571603
573652
536456
631152
548013
534983
574868
544682
615757
528415
585149
588329
629188
622005
590296
623878
571939
543773
592611
513219
534940
606700
626919
576723
554497
567999
515186
517874
644485
522107
550374
554596
544950
533374
615026
618274
587885
553229
644883
550532
515882
524323
539195
599679
557416
573639
505972
488833
493894
567692
551326
532311
620296
584636
564811
595486
519229
588982
529386
555943
571515
562032
563920
522038
585778
573873
540351
575446
524787
630795
589900
528558
526992
524482
559550
491468
467192
551670
546625
540199
577394
501582
619587
599394
540861
572217
570111
515111
620603
499893
533912
533603
502120
635986
620860
584377
568529
627350
562614
602109
610013
637100
589039
634313
477340
621729
554469
616534
583863
550571
623688
536504
656351
607996
644144
563521
563333
584955
494493
507872
566456
572547
534696
549616
552395
538173
578308
574459
505166
1097101
640221
598091
510979
610338
490289
566290
537545
481413
622925
545009
565171
587072
399933
569159
549960
557184
496082
550397
582258
481943
633074
432582
621124
607672
501474
562398
496459
521071
545876
563988
469938
599717
457677
573793
604137
556592
610501
530589
564913
495371
686963
532477
526872
529197
589638
523242
634801
597102
501280
563762
557610
483754
506120
466876
551122
506359
527648
500789
574906
541979
511247
543122
551887
515560
574530
487785
634149
534528
541021
481173
439071
509493
565807
524743
546994
543465
532649
475288
569499
535601
618425
503960
517704
579720
427311
587072
606787
593479
605877
563139
497179
590191
622631
558343
493021
554305
552998
498618
550931
587032
481223
579931
627350
529158
557393
495097
626545
600958
571342
499869
543145
497605
568201
544293
511864
552842
516937
585002
547686
481698
617426
539604
542046
589387
508878
607844
583205
544453
540228
487199
592807
564785
503670
548081
527629
509051
529319
549074
537629
532694
560295
430159
487824
568247
547670
494912
551107
566285
532343
561501
584637
627582
506452
570014
604716
525256
588595
460913
493741
501816
456687
610167
657080
554065
491217
538621
621003
560137
578029
512997
574522
574891
617349
575026
509464
516740
530384
553449
532084
549431
513783
580075
624990
584051
544412
553537
516738
588833
480571
590717
535527
632916
570691
500568
562410
542375
562049
556511
548399
490226
573169
540231
514695
596627
560292
543137
473950
496675
539974
537168
618377
652258
557526
569177
521247
618584
553299
513247
576973
528015
495880
556818
560656
541221
574378
555650
541738
568087
561339
550347
512072
604872
592040
529903
563994
542566
505706
558395
567056
513245
614481
519363
521911
631759
558582
512933
577119
570225
542150
556799
494790
585959
620722
591127
524732
604007
606999
589345
620970
549694
493489
521015
579594
553656
547258
501700
516419
574804
595389
549202
538327
494084
507664
511376
463664
574747
505526
591671
591273
501045
490650
554076
571475
540603
572111
540454
616606
523940
602300
539496
596215
631490
499775
548601
560186
571061
516816
549446
570940
537299
558978
552968
550085
524258
618903
504695
592328
568143
574055
571767
561052
518977
608770
573358
582190
557566
511024
583241
552813
507684
619150
588555
533070
597502
524871
515880
620975
551678
504249
595192
543484
634342
613381
613424
519938
588837
577575
573084
556707
551840
533814
558887
539455
623893
635862
600998
480773
610650
482653
604257
554827
568444
528102
573492
646115
545248
555627
587774
537363
583286
539753
616942
586752
520212
575521
542454
532144
528019
547289
514165
476591
570635
571025
546157
641767
481420
561247
568463
571426
545015
515234
473781
506379
582706
567826
566739
520742
573381
561758
489573
594661
538278
492757
555639
491722
499351
592685
547091
457513
547563
560929
490820
503233
624499
601139
575491
587891
513727
566710
543443
604186
567422
543608
631799
557934
556047
617771
561953
547676
564322
559548
507761
548644
526747
502526
572652
621529
562390
626259
581505
491187
504320
550623
629681
533700
546272
476065
621962
629147
508010
544796
498749
598335
527668
498408
522131
508684
571981
547040
599576
504765
622435
456864
597231
484177
542737
580401
518753
551744
558038
552627
622343
527903
535668
538523
518034
613202
517318
547665
519400
621306
623811
549601
504176
588145
513440
518964
554252
544000
525806
498377
494215
610604
511748
540220
505597
564999
577104
600343
454577
542576
500547
543312
560774
501934
543860
468275
603683
502034
573919
533625
538886
575530
478185
637520
588198
617343
515705
611707
532444
560650
517244
551013
541287
569339
540297
562959
512760
531969
575660
474540
613266
637108
484299
501226
576005
534740
497125
563176
497892
550366
496632
574143
557121
562240
571977
494688
473254
605568
595187
531765
551049
564331
495993
489077
579990
527534
602309
535174
558656
526386
590095
457799
549321
474802
580301
552630
552110
558059
554831
597416
562291
550811
509163
602171
508986
590064
557709
548028
574576
544777
565456
449460
516812
442259
525902
547233
623790
587038
532163
547498
547241
544839
521521
575671
578476
560994
538437
516655
598357
620736
591328
522523
565838
518404
606376
542725
595927
522015
592674
533003
603811
628923
501915
612090
510783
605412
578144
515669
582942
489140
565166
515865
577630
454734
494717
519092
633778
524183
536112
538968
498059
507505
528217
567276
553919
683584
532162
547234
606347
658465
540544
567112
511281
598490
510883
628602
494990
592703
496977
625952
501602
570721
502579
601758
511520
505149
566681
530954
631769
562481
579419
460092
620151
592675
569261
537107
598895
510708
633327
587042
502457
596259
533258
615240
505902
556950
516350
458564
470357
579846
511875
556817
537262
585391
524975
638776
504887
503595
570419
551719
542691
537218
566753
517372
595781
545803
472134
580939
532542
575888
515999
475194
484709
420392
601612
619000
581712
568209
446980
600769
544128
508820
565881
507111
462935
600740
610335
515797
643849
554327
503631
603605
553987
493080
543791
464672
510320
587484
549897
563832
494496
536299
538641
490682
590074
620997
617153
459756
587961
490268
545035
548990
572904
481728
637806
534857
564608
559648
607804
486817
557665
522782
540970
571401
576737
502821
600557
492208
557022
544896
616152
559665
582899
505553
469611
546318
444972
542701
555605
530019
565817
556692
538042
478446
557718
607048
540910
602214
560547
530421
579729
512377
580695
557929
508769
528285
561790
505936
601804
531715
554530
444859
524234
615288
531656
521463
541421
546418
556891
516384
614719
607356
613793
624312
611736
620166
597324
599809
590034
557414
556272
546259
545893
623184
625148
636360
647747
615231
599810
607133
590107
624294
610022
604031
548939
536735
591465
539270
612422
465299
577953
619898
543457
468394
487879
555376
557951
569323
566587
543245
496215
606650
600626
552713
450051
457175
544120
553161
535452
620907
538095
548287
513350
565402
514670
616858
580275
555956
524499
563199
537431
558525
543231
512141
565172
554223
550035
515912
557443
512259
585840
618325
544306
523210
568075
589043
498738
606889
612007
566850
524772
567759
508015
463149
580324
619765
505260
545781
546953
565857
507748
632720
556794
502291
561343
493977
543143
512736
586606
607609
608631
630062
605644
609460
541126
500470
545718
552403
547235
512155
581837
555860
500676
565246
518628
585156
549154
509562
469039
580145
609320
522073
561875
548963
577850
547929
549469
608908
489492
656757
625224
615513
534087
599092
550782
543351
602203
543340
499158
554819
524881
594715
500694
517543
509562
562230
531137
575952
549265
518275
544924
478627
636314
564631
547321
570310
554277
560230
527540
609240
581454
620924
570001
489808
501857
464963
556760
504253
603764
633823
608187
603371
628880
499046
546393
534347
633293
552486
516586
546883
570619
528146
640420
490615
609490
622633
604779
497859
589875
541629
552959
530055
546526
539642
537961
538282
550958
541565
530385
588802
445096
507348
571596
545922
577595
561822
553272
505678
591921
535748
556494
553192
567778
528907
638712
609424
581731
545724
578068
526290
588231
516500
590408
514310
621411
488501
535427
512389
604778
491126
617760
549790
547679
607560
561643
541596
559789
524155
468620
561540
540046
541980
490366
481276
614029
610080
595183
644457
625062
553449
529948
632220
590242
504222
624322
502898
514348
627402
633931
473311
626679
486651
439782
576885
547375
498751
585521
512135
471454
593572
594027
529160
534248
522662
413091
527947
556222
576337
567115
512173
571432
509414
608736
502571
614963
568512
526063
574818
562954
554792
557087
584223
573264
551893
555435
623053
539205
544063
469233
489878
565650
420804
571360
398874
572036
621865
506017
557865
633100
597112
519312
561490
512169
572247
537402
483704
504059
515774
475728
580990
514322
535108
536556
490758
591713
421485
602041
551342
447120
581452
575633
569453
518061
530152
601558
535893
517975
575444
485408
622790
629409
649881
490912
643165
534510
641829
530467
590952
602780
606109
592664
463895
580541
442600
520784
590896
530112
467537
539659
514524
562520
505657
491930
589185
463909
528955
485916
588853
488548
551253
622048
555870
501471
524300
578985
482247
600055
490437
552226
493422
523867
523825
502003
567105
450416
546042
469761
566345
474022
617364
574644
514603
593863
525938
494011
510724
592672
634192
603331
474106
580174
520870
562871
506057
512677
580115
510259
522885
480678
543452
492402
562356
548743
455964
545578
486864
572772
528965
461142
594069
575292
578736
541374
614747
560811
490964
558305
508713
643119
495725
554120
548811
510310
628091
469564
610001
585522
619985
622452
615960
535075
614687
487847
534444
483660
574884
498075
603011
583513
523915
517200
582504
502726
488947
535521
501904
611394
541275
506745
568201
497493
594657
556612
522047
512483
582631
547071
504585
548979
571079
581333
552523
499935
584320
525288
558555
475774
493348
527489
559896
543852
511576
588610
497676
583984
524427
625044
619105
592183
565536
521832
585136
545240
506823
710091
606139
567882
534419
523159
571380
554796
560704
520537
534267
520814
577288
554971
512555
627937
534233
566112
487040
567765
590263
493905
581747
513725
550121
489316
537115
574609
552882
583801
564839
524434
596190
575845
588700
539015
551287
463771
589576
480101
580830
522522
544613
569206
518590
445770
586378
648237
625159
579487
502515
593647
496763
563481
504422
604402
471028
604516
610222
550290
522865
584187
598389
575560
481181
551481
526452
545490
480637
438695
576895
570842
496728
561500
583338
577533
514918
625417
462861
451836
560051
497763
553183
470275
504430
507002
600417
507808
583740
503168
603563
496741
487703
629089
581534
590713
573255
590220
565739
543270
520556
563371
519450
514291
536410
532337
546739
520234
572941
604766
591738
521166
503068
584416
567821
569010
524991
455480
570392
583458
534463
590641
568580
522329
589608
498753
529450
506746
591467
524892
598159
507817
541632
525441
577226
562981
510456
586612
503777
549475
472550
581675
512893
618739
562310
630492
524677
522912
611188
561269
537454
515143
529535
590527
526842
543151
516813
600175
574147
625549
552747
522179
475548
560712
490597
437409
595238
645982
617312
589109
641792
541733
531811
582741
482015
553684
665282
560540
470372
606788
545035
518364
539629
547055
560039
599748
598327
530365
493303
598935
600245
562662
586895
597313
497734
572053
557342
529370
614493
461547
411309
627425
609206
607871
487483
558648
522789
532005
485249
597885
484453
517402
497597
487582
581728
542826
578972
582783
596761
496629
501422
564727
493399
506947
534099
511961
581269
617702
487953
625181
643013
650818
530319
475223
590455
489076
471458
635833
584706
547830
548025
554897
475612
628177
585993
551308
525652
502624
423087
561532
528560
588319
519066
550007
482104
588665
539296
634318
554409
557859
510627
581351
533913
508187
582768
541876
507333
567309
508852
591393
623779
610065
507790
478168
588853
621197
572956
618826
538970
589409
473375
588657
596771
555202
558314
549338
543676
517463
560235
502346
581691
530768
556642
554117
649072
550185
534077
561668
531596
527014
545571
553733
512833
483785
504389
488933
524347
590129
537985
493031
542618
541012
529794
490589
580483
565418
592182
519588
598278
590978
569753
547296
615985
544412
524717
592371
596260
579498
585505
552766
513441
577304
592619
602447
540317
568950
529280
585781
484070
565231
531509
509303
604950
547815
558619
561047
468974
551273
535980
593212
513106
522514
594835
565213
522054
535021
506391
593181
511164
598176
514083
489344
575619
516043
612945
511435
606576
516378
471998
585834
578821
501101
604842
510929
458406
575587
571680
536663
604668
613115
601258
533864
620145
522404
535675
528208
598046
609705
589326
507653
532986
561924
515411
531760
541711
544391
564551
518448
600444
562538
494848
543102
528432
555826
497260
588580
518620
538241
506991
600264
541930
576031
487081
559672
490186
488249
569313
611826
563330
544556
495190
554918
580444
513525
590918
503604
585895
609322
501486
564843
578940
602437
554679
475280
550510
523073
540124
495241
580632
526205
494998
596002
539457
557257
1557420
598480
627256
543197
581274
510350
556365
550185
542778
523513
520188
549109
528693
566839
526934
531956
535151
529907
513562
477581
552135
539198
547702
544033
545749
567375
529366
574303
502526
613969
497860
558841
541074
539644
598215
516401
544852
541932
481269
582162
530656
539723
540723
536110
543800
495517
522471
568578
500019
545373
548025
505350
531781
542725
631588
488882
596056
613269
551110
526644
527583
573410
522376
605987
533499
561110
572070
476656
610124
495845
569944
543726
595240
589314
532189
562005
504975
492763
588908
553766
496145
599042
503230
501346
449643
556785
445756
501795
541700
412327
496865
508654
530625
500026
548312
579457
578545
545823
523047
444778
523344
468108
583362
501215
395029
572877
570502
482100
630984
446696
541748
425692
574174
461495
626297
484024
557396
477561
586509
503653
597579
503186
545782
522037
536854
566666
635578
569198
543796
525391
521748
456144
589650
487654
618645
562270
606352
582497
571717
581969
585100
599833
557662
499901
583750
538363
517969
599764
507664
513633
615581
531332
546894
526815
469844
569075
521570
501334
581123
521547
560056
527283
604279
558904
517408
596476
504558
601129
620115
617132
582481
601852
565057
490186
555567
511645
635530
545256
564837
566099
530943
520788
554237
559152
521876
602108
605637
578179
609826
604468
580360
507442
550866
538807
533639
516781
533270
546355
555053
501017
549650
518164
586737
550004
486198
550281
491535
547007
558715
546214
535203
503230
453525
571327
577986
511044
601566
446147
571756
526600
596815
591454
560319
529653
494351
537070
551708
496197
607218
530896
553575
514946
518868
651340
521531
592294
589231
519642
515168
602780
558895
518792
564067
559562
495377
611766
542888
600216
505210
537191
520784
603036
584420
556192
508697
527912
558097
533255
485747
577939
525260
546988
550914
558779
460736
469558
606000
432964
585090
468631
531570
517028
528790
509531
504066
577181
532229
501818
523893
571368
542450
484847
530896
546931
461479
528868
579090
561590
471745
490396
415895
600671
540323
548722
500424
553160
534935
503251
587739
580672
570284
524879
577376
488613
522332
496597
599984
580842
478370
585407
542162
484137
599546
491362
520787
497589
472934
515293
567899
499381
481552
529478
489057
543067
501985
512338
563496
514042
533988
521837
577502
547471
480996
504525
522814
528770
510181
613518
611960
525101
513344
559023
426778
590420
390365
552735
570794
484589
582192
415706
589952
507767
605556
426505
477341
417419
439675
539800
522867
511781
447653
536646
536985
473037
595740
495808
527017
557576
526864
479284
601873
503321
465313
538443
589338
473889
610152
546518
477539
588963
561394
466535
608996
487793
515712
525441
514987
536510
505771
446012
557213
505351
573431
553175
527625
462023
580575
543928
593230
541251
496428
584873
471252
524284
517169
569985
481970
486169
521055
565695
461888
599138
484064
566381
522620
480847
564187
485787
580386
480216
501409
556009
578886
577016
512555
623865
498752
565975
500021
541464
524380
611076
592157
586397
581215
534772
588202
589375
586519
440724
580409
515868
604565
520621
517408
520260
581675
577953
521389
599232
487143
598300
507939
572380
563206
560699
553202
546489
620885
498715
573478
611071
492705
540404
529321
570381
559707
553284
514444
583377
542057
540973
547222
536891
536116
541312
543825
539712
616795
499952
590468
496715
583318
475314
506227
592534
476026
531717
533323
559416
533627
574986
501446
555439
538789
607885
570381
491161
557455
505614
541521
545355
551715
564398
561618
553090
510130
539944
629054
578124
514989
610434
632426
572626
635447
611189
539392
579355
577799
552721
546147
561218
563203
517076
607571
576910
553890
526919
505041
565879
619345
588947
493983
602843
537869
545431
538214
488266
611545
539758
555425
504860
547690
534459
498602
566591
499834
444126
625890
586922
587042
503620
640967
623596
517635
565522
454494
549891
571197
564010
499599
509431
608275
548054
489192
604506
538197
508020
598707
542857
490809
511465
580411
500084
590220
578600
565985
584118
490823
486142
445655
501638
583448
619287
534050
532053
476115
535791
528174
546923
545762
543608
543284
518860
539813
520759
561325
512248
611508
505764
569693
512059
532239
559995
500850
2096009
572243
607979
549061
555075
599361
488020
619437
605890
625010
520972
584802
573235
544662
571063
488932
551971
530621
610673
525086
598973
550148
547018
615025
502904
506120
538581
525725
568034
474513
557916
617372
614932
528308
599784
571650
537700
545496
537692
487178
525170
553007
640056
563550
487285
591071
497525
639054
475028
549547
523197
598439
540967
575391
541292
548851
498685
581229
550495
514400
552455
537773
587151
553969
550734
565594
562940
575144
506505
548890
460674
570714
556854
523112
592680
430544
465383
583001
560529
537727
619799
482529
589972
510629
602164
528788
592141
539129
482300
567571
539132
598351
543135
561509
564145
533859
572501
484495
495486
578842
468206
611734
615362
551903
550181
571823
522104
559221
506640
565358
578130
573729
573449
549980
545638
538247
553998
530143
581768
449151
578703
553208
560660
547984
518318
620191
603238
510149
566332
509349
544140
575879
537299
544669
522730
531207
566466
541847
537515
553856
536925
580132
631264
602985
544713
532211
527340
562900
520789
596117
580155
568670
533464
534509
499814
635472
628410
589132
494172
638914
497765
559727
472980
622361
588160
606439
566890
552249
523878
528183
558808
558701
488816
613392
498234
566852
535787
508296
606869
618494
574349
588714
605980
480685
525204
498609
569515
543543
499605
556857
519425
521141
556283
546582
537108
536283
545918
482690
570969
610042
587566
616960
623520
585399
609556
559140
475952
499824
642313
508171
569940
602239
580014
546299
471352
476924
598319
588268
489642
586031
589235
503193
554982
541260
553195
534837
476683
620452
655577
506238
552097
548924
608572
493510
587559
590169
546983
526595
572681
488340
511078
582301
563328
555940
559937
510322
589147
539836
488378
575207
555629
556281
544872
547724
565451
470158
563714
509516
636101
484160
555688
525327
528660
537556
494674
506639
608808
548419
507095
546620
558632
529218
501074
586219
514108
549456
546161
582887
522182
593454
463035
554241
557367
527552
505519
593896
615610
582013
559787
526930
494557
575637
576857
713388
590174
565295
516026
610776
497599
578047
513830
485790
581604
603907
594172
475604
627355
516832
547825
524202
617970
542967
508524
553657
556668
560568
509428
546929
479272
544113
539439
536300
548637
559563
552617
510425
564124
478741
583952
624305
496362
485315
629739
512833
541430
601877
476618
504238
631502
642258
601352
506138
584256
584236
590763
537343
540166
548727
494021
555641
473155
531905
530159
606482
532626
571797
523076
526529
640321
622847
483577
650361
517274
539335
574465
521635
478996
602603
623080
484190
631693
622677
516561
571841
526708
535532
556119
547912
449585
574013
555936
552224
524270
593798
480957
510525
485401
601986
606903
516592
621943
599937
468946
570311
496287
607480
597984
541584
533665
549122
595603
464054
560958
532125
588683
555892
495340
621031
569028
485193
468100
563408
460955
590139
603873
511931
627645
566571
548865
537156
529713
595286
627420
550353
533134
562678
518532
549796
519923
605084
492181
546649
574803
444770
480624
542315
544780
548133
545031
548054
520458
599599
551683
572385
487326
438102
591971
516281
559048
566366
557990
545884
608574
511064
539866
495036
564198
518252
590693
548480
489730
616411
533328
538302
527723
548873
502718
617372
523620
591411
487114
592148
542639
544537
478347
606761
484485
548923
571850
510712
495892
531319
582990
541308
497317
568406
538646
508333
569108
585258
581899
488413
513242
597879
590413
540590
554491
533217
587005
620426
611667
565361
527638
560105
531891
553464
530981
559589
538196
508506
618891
644485
578413
550960
529323
617092
580112
631557
566597
559720
509698
550376
461869
596017
595841
531965
547275
529816
560487
549204
512132
588292
575326
595463
531874
513854
565505
541823
530800
589921
491245
581176
543676
526637
466690
581005
614632
608480
489210
564762
471909
588027
671074
608614
519528
612676
607179
538214
535394
563496
559826
511880
615785
545698
583136
591001
529408
591569
493800
588694
604635
599495
507832
579156
537731
573022
556965
528386
636684
531417
557464
583126
479839
570514
591644
554988
541112
563348
529485
534453
522546
545827
530891
545309
485836
518403
593931
601595
609959
586720
568750
556157
505855
525295
531017
512441
586022
638960
528603
609524
601472
503565
578547
547874
509584
582505
569180
538880
539694
497734
628675
609783
641117
545864
545774
543643
460613
584398
492931
526005
488662
564167
592951
550765
625412
581833
599698
646539
549413
570250
512954
474843
544614
602950
572060
521585
527182
607328
502382
523369
546905
530384
563417
572697
584020
506450
616192
606767
547199
513682
579131
506388
608968
518664
516511
596441
589474
516477
558989
532623
613049
499301
519984
568768
521474
514933
560351
514397
583364
509037
617553
575039
516365
589395
521964
469713
588758
554684
559837
526570
587500
613456
549817
508839
518329
545328
563182
541744
538466
532837
567078
478266
585263
570537
587606
624016
509382
526445
561638
592278
507714
645814
521073
560000
511219
610932
546630
511319
591935
506565
607508
516948
563714
503870
635451
515079
570323
585562
553186
524903
581202
530668
543734
511834
540801
494586
528286
528046
472073
551289
531219
556539
519665
609741
639815
588241
616477
631171
628784
640803
632593
528855
581445
522388
627508
612448
612748
580821
533034
542577
521763
518346
474520
430300
606285
531469
557649
540593
533338
475914
546339
618830
551780
581184
545444
495202
504798
532636
522351
555291
592152
524112
520409
621691
508381
583998
517414
586159
565576
546523
494708
553851
560215
557513
464986
607000
587198
526032
636032
564739
535287
592415
544511
540722
540952
556717
546631
521768
548739
510066
609277
606154
536320
639744
597975
499608
588087
496670
613731
535612
531969
634463
510850
530367
503107
628639
495779
573903
552433
565591
592196
487096
543833
500774
583298
571582
501975
601479
501563
561908
527145
531159
597541
603834
581686
521614
601385
578833
517006
550097
464906
617565
538335
500903
598444
526291
609949
530269
550592
511966
616484
504098
565601
524956
538699
546503
514004
617702
597219
575073
538357
601141
539151
531979
557323
546860
467712
421490
606828
636715
542149
536874
480809
602267
517292
549166
541769
582795
484294
540368
536059
598478
587874
578224
514460
539534
572044
559917
540863
554979
602059
601263
599926
556849
534705
531058
498472
582662
590585
502058
652188
597174
475147
539883
595764
544873
491569
560960
517360
635450
558055
548636
599628
465858
497795
600158
573888
571047
513007
596707
551527
516627
554037
555907
524493
448452
445755
598545
540839
497132
523231
566605
509547
574912
550097
565684
603791
528277
525944
584186
508892
590007
636113
549552
530342
590842
583963
574009
520138
606385
561347
553983
502561
604604
515093
556660
479996
509217
593493
591114
543776
556422
501219
540309
529895
580985
580577
600512
510542
586245
536638
534290
537810
541711
470097
445749
513859
570168
553360
505573
542546
523705
602642
512639
593629
487175
456314
421947
610066
627638
501776
604975
447007
618084
594830
595543
509160
496632
490115
431022
572525
614748
600391
569270
539120
598210
630286
592769
510082
475662
590521
530791
507837
576073
501050
564070
520179
601579
600096
610289
575318
520224
484127
533813
518563
596513
546879
537009
506381
537751
548418
603588
577091
512100
439099
441136
629900
605406
630491
629561
595338
643487
637170
553786
501980
580433
547355
497992
628112
522194
547737
510947
549450
529580
602176
496922
559722
501841
463901
579608
543988
521180
603174
562307
582456
617116
595399
516961
609624
540498
512634
591527
599114
627110
611049
547778
551385
485191
543584
532067
555334
556369
548233
601403
503789
617576
566102
547964
515531
572534
608323
605800
557736
497368
574348
524201
595941
609714
577167
531844
529837
502899
555275
518078
530101
470861
533398
526530
641257
508904
582291
592684
574059
546473
504090
621001
488141
605382
571713
521254
542444
533535
524723
500684
555157
547911
522198
569517
510506
565623
578807
620782
561812
518610
599991
541975
560279
565483
570696
550248
547738
505316
601966
515613
553381
551183
500113
540371
545784
533655
482165
543796
485720
554042
478055
571109
543040
611310
497258
592566
574339
525720
514687
507922
553829
539769
571104
595891
615249
586443
492017
538531
516021
609896
495953
547684
544954
490655
614356
544733
524160
510327
500017
604008
517179
513990
623984
536278
545448
593866
562639
462160
605755
614489
539723
538331
611447
488165
524362
499486
595584
544861
545159
527193
539171
525405
558042
538416
485342
535030
583674
539048
503978
580699
514057
623834
594548
538961
575857
521073
538281
556752
539416
549184
550921
472422
562666
557360
530277
455237
564757
560065
556033
562770
458718
562978
567942
457846
583342
458880
591815
644867
604107
557762
515034
576646
544344
535235
597987
480114
604930
511737
610033
556844
487391
594334
535551
622326
547368
537490
518440
518606
551834
533132
554756
553781
541259
485117
580933
547703
523511
593474
530815
560993
510178
545860
524611
559773
607194
584423
544693
552915
492856
547381
545633
626598
523998
486907
572779
537547
569918
553936
486655
546092
588387
507824
606101
496975
446612
601585
603310
522272
550714
539594
506979
524967
547253
531717
508768
550670
501058
609107
605888
624942
583968
536055
569206
514144
559383
476972
611022
496140
461802
557171
530899
506060
512598
449567
600758
531155
552761
502393
513674
607572
555710
539439
527110
598801
603660
620481
607816
547456
515178
549726
529859
528748
553584
484262
568754
498312
564270
545706
547454
517294
500848
612679
493353
576850
517109
610276
587497
582744
541517
524128
576582
496579
560854
538150
533214
567768
491368
590570
535243
536424
560365
532332
524575
538676
528810
539277
519508
601139
526413
537356
544317
545728
540218
530105
529157
475790
559577
539571
503175
594546
482462
593027
569081
606635
551702
536486
563887
532517
540461
513922
515932
494762
549546
503264
609938
593509
640963
607750
587348
519971
534065
560226
529833
541027
548468
520524
574815
561572
553659
524770
574741
545248
577119
506973
539446
599047
606605
590365
549042
514163
562490
536051
548315
542132
544596
530980
580544
499658
446411
619226
610593
540704
569480
501361
539472
491436
495926
539374
622062
610066
535880
512354
536321
520605
531222
488246
641027
597114
645508
614006
560416
512023
454170
611908
529348
617458
508452
561532
537208
588066
542258
494666
599189
512969
569489
642344
592829
644537
483036
582904
526637
595495
507690
557167
537764
546445
507474
597555
498934
608802
548928
543245
501365
525839
446215
544629
563429
530523
551282
543473
480910
592460
460757
545063
606601
511663
576827
574454
556021
549544
554708
543958
501511
576748
510232
587815
542086
612463
522253
475076
564473
535680
534293
513470
568857
607075
596287
589064
502714
592273
549915
550007
498621
510668
625073
595935
544406
677376
530429
576806
499083
567546
596504
636933
529059
549774
538677
590251
533290
524670
611894
601878
601498
618831
607228
446981
613521
501419
492435
592016
548735
453392
557886
431942
613759
605636
583320
487426
548804
567344
493804
548734
461324
565664
561184
613431
555845
530657
514367
558778
536288
462296
542195
488809
514080
514899
594643
466303
543677
556430
466513
534272
498861
511071
621677
458063
560443
586519
522986
600698
571412
519484
543227
502149
544666
534869
484631
544011
450741
562214
555353
491828
552681
496104
581847
516450
544936
437518
448311
557065
552464
532984
565234
612877
620510
560985
544945
531894
570278
550563
503389
598073
549992
487508
599198
492990
506881
548763
571406
549292
562895
476665
588604
534184
540583
468982
597689
539969
616879
611081
498997
487550
447239
547812
429808
563722
580718
615504
537257
470443
568613
514455
616039
478721
436236
501449
544160
540319
469254
575134
507341
583967
533244
507493
575676
435192
511787
547794
492026
568703
594352
518628
527625
615485
585184
507630
524110
516776
502379
549742
617271
558948
600213
491456
568469
552795
525708
657338
545227
493460
479119
560386
558308
459721
559698
473611
497140
538402
533498
467304
619668
520009
457998
508798
425397
484086
430715
545602
592090
455565
596529
504151
532197
602446
562216
502011
479188
624034
472253
579489
463601
551997
503419
583311
528967
491556
502418
490919
446717
590957
576696
517275
465337
564277
625933
491515
530844
477790
553193
558921
537711
484406
543826
463212
540725
577131
478200
516611
629159
569282
465639
571916
473891
560284
538981
559823
536262
498654
535801
569693
530205
539628
499940
546307
555162
532858
592507
589374
608393
542538
525134
484240
583395
536298
533138
534310
561769
496059
515714
556353
508466
506318
519533
615130
573686
608205
464367
623926
616066
593442
469604
595077
602233
538782
560451
442873
530136
502135
600258
602094
538706
573646
477598
577587
457133
583396
609062
593367
495480
555372
519268
519137
588580
506459
539416
531342
498532
561286
499096
559063
513487
553982
480372
566008
515316
553974
477667
626611
515962
593492
554164
494914
538164
514314
553995
453885
553803
499867
532564
550567
500578
522396
493480
577127
540757
564795
523871
541859
560705
455093
588950
465498
627392
552636
539850
563144
537718
434571
573307
481418
562136
1070661
495276
587474
449301
600649
541313
609610
526151
461477
561155
468008
559116
512792
515863
449424
545608
481801
546546
504504
532220
530680
489484
558902
582172
444682
533867
521414
531917
478754
515769
601796
594666
527748
570303
501934
506841
523639
534553
476502
559260
495030
475547
578291
607732
646807
499216
596167
557211
485705
543198
516059
601604
580643
483520
560358
472092
625236
537970
500766
537781
551478
557639
493407
508989
470993
552844
455898
623222
524572
540482
556644
483384
458268
563492
532612
583655
526647
560468
529957
530641
534148
541049
536666
526956
531590
471873
519679
589067
603550
497197
483517
526511
543861
479745
597259
542326
510329
580643
556754
553870
533840
621961
589398
600681
564242
565222
508225
545829
531535
588740
469080
551030
542923
504214
605421
549418
450414
521458
545879
534985
597919
489806
627106
570867
611467
613788
546065
603211
605098
579862
519171
534579
523139
534003
497813
595167
576636
563923
517925
541970
556114
461378
445052
557952
526189
531839
565487
536977
509006
564174
490553
486248
596288
548398
525865
553708
544976
541709
530239
527433
544313
603514
541731
518680
514818
555177
513994
563075
545685
496012
556729
579006
519156
557037
558114
541066
534421
563218
512567
506721
608485
497062
536195
539203
545380
547409
533493
588160
495563
478940
588105
521245
525335
597219
737040
554517
448641
589530
602852
540930
535092
538114
449172
583102
551740
613845
587220
550895
494837
605029
548174
545713
537818
539403
480475
580940
530596
542030
514422
562237
491569
533501
550830
515519
587607
568890
544402
560500
528651
549126
548088
548854
556009
524711
521486
551245
497253
528313
523054
619823
540621
546459
556575
529753
472151
560684
536099
512400
537053
503911
530010
458602
567871
608499
533238
518795
523928
569449
614711
599453
524525
577177
596679
534001
528522
487967
584499
584991
533416
479958
487933
572122
497746
550319
497761
573679
494781
498759
598758
541650
501034
563023
492847
571370
513068
583554
492345
569907
529599
541421
624333
554308
488829
595355
530308
518082
628801
455375
601937
611140
575548
567663
598458
471882
594492
527824
529973
530920
503489
537570
520812
507001
643276
469523
497187
486375
536094
499962
574937
557615
516630
490928
565652
498560
578269
680886
573724
543216
491840
520258
540267
491788
604994
542554
546889
503717
534914
543086
602984
521026
565510
489769
574954
508681
614237
483957
420038
612854
595702
620740
533109
487239
579778
501769
580084
487622
526996
589195
480959
543214
553202
551657
448945
571094
567694
552875
454153
588071
528346
487704
425447
589004
590585
499246
521051
549632
456644
550866
479079
602241
562556
592321
597909
534433
512778
568186
532537
542592
594707
480377
529962
608044
596175
596670
567974
504382
597720
492721
543253
503478
603414
616027
476109
585994
598912
509869
573031
542693
493336
582162
526246
523191
589506
580877
485008
535727
519831
561035
551567
523972
505517
547435
654040
486611
588972
593100
526245
579734
592447
539666
486537
586682
623197
522761
505543
557278
541554
515586
572430
504370
555961
535991
501668
573163
526773
553273
606341
597445
580582
558630
531356
556667
492471
581632
568998
521473
595024
504754
517281
539272
545713
526140
550808
530838
553019
543106
528299
535853
572930
479237
542905
461646
569106
610731
610278
485544
523546
558246
470319
496824
604147
528651
517446
543129
530034
535784
552452
449265
512760
499827
531728
522621
538809
460063
545370
587654
495521
504322
636053
589090
590531
615188
520182
528789
569606
760348
499997
532509
522499
504953
534347
557648
528878
579792
598406
494793
526127
524514
516712
494203
595977
570118
560108
536039
541789
572707
522434
534580
463034
558648
542878
562326
594631
552954
509818
534562
521583
504630
588014
593545
578623
556136
538456
595861
493440
651718
590473
555407
520307
546205
468241
613152
539740
539664
593362
485010
439163
613372
623328
537836
479319
495148
627181
590627
540062
522794
503171
577556
576949
479886
530683
528633
485067
530650
531397
531738
473694
601183
567949
529838
493636
625736
465019
585780
568403
471959
593946
626034
520386
520392
503177
576620
507425
535225
503496
630706
518508
554838
463369
545343
510324
587108
548605
469208
578068
519516
640683
560435
447689
549693
529998
526371
502849
546199
444271
561380
469202
569305
625038
434859
462765
502585
480670
545936
609470
565104
580993
526136
549732
512137
582663
576682
536704
479313
510203
584722
541400
525397
559532
512647
564033
540962
521101
505230
561092
535985
494998
556410
537663
618069
607324
521767
547199
533384
610800
478375
566735
1101688
517334
599351
557812
606002
510870
517330
628699
601895
624543
642965
472175
447176
575423
584743
511061
603659
531714
508091
581459
525890
546201
563792
469266
484042
554087
479484
594943
504420
596942
533353
528764
550545
559156
525994
548419
541337
535102
544553
544934
536863
578021
532879
571143
503024
513882
515260
498135
550402
543245
577338
536090
540034
595463
557460
519662
547463
530004
553942
528930
528612
571467
463344
595999
551650
501405
633886
591031
581705
627284
609775
483332
574260
509325
554714
538208
550985
533591
485779
509640
620188
514712
572014
523254
527075
580438
570428
536053
563928
622127
503460
587752
627993
520864
527895
569784
534502
546632
531221
549408
528270
563751
523376
556034
526489
603657
491018
571002
537514
548098
558596
542567
486978
582180
527395
509060
562111
529026
607633
498235
564963
571423
545162
547436
494774
517826
497924
603385
604984
609015
546296
536483
876956
612672
584598
629875
613729
537985
515081
588553
527243
527020
485583
592654
530327
541152
581465
569506
543889
525330
515640
588778
483161
573695
500297
590728
543179
513359
579910
560577
571864
514607
588121
542102
525716
524769
528747
526380
546990
531381
553108
536955
559599
496646
613803
620408
495557
604181
594142
543978
542912
521445
614346
483406
504100
607044
543971
510287
531401
522776
525483
510543
529167
546481
545254
550211
545561
559164
492196
575923
547610
587737
496813
585951
491547
616759
543094
496654
556786
563913
530214
579367
541571
487838
549329
517052
484522
574717
493626
543653
550014
516801
590641
553632
511402
589089
485950
535217
615947
526064
498615
599619
532998
527829
572453
502607
502740
603037
530605
493872
492145
602805
566796
543187
537863
509370
597807
644735
579946
528858
526662
540286
539341
564110
516440
620519
550856
471642
560701
561782
536395
462076
568318
539633
633191
604190
618418
588880
488474
566120
511331
580723
552151
505253
593161
593808
556029
534001
541446
540068
477890
527008
505000
545241
554305
541182
527932
535951
492833
579602
596088
553986
527418
570389
554078
551883
524285
534853
559308
614417
574132
585850
528181
505670
604028
585910
572095
499303
582868
554541
482006
591985
526363
554622
564116
482658
549693
547105
472553
495825
629333
580179
574423
557102
459904
603960
586519
534180
589734
581943
487080
580529
506484
612276
497844
607423
657645
597996
530569
525834
583833
548344
488936
567154
496732
611277
712013
486110
536692
526214
548529
521794
537300
555962
542951
536962
545601
553126
528964
540282
519851
534072
495900
573026
528801
534290
619269
566327
499501
568264
526082
519814
619266
478331
583263
517670
652650
617322
612151
623637
566805
468463
607260
614439
548453
475852
603778
694478
609033
479269
519397
568030
517009
568178
588860
591099
509074
565020
525229
591041
595514
508976
611935
516636
505726
612478
498647
548312
549734
510727
550082
552609
534404
525136
481824
567433
551709
464201
592997
530190
520898
565211
519626
584915
540144
539530
518116
606731
486783
527552
581215
613400
538002
481494
421680
565786
494967
455473
457265
580692
599189
526900
534024
557236
527746
538651
544800
477825
593474
574051
513425
588675
568880
571263
633168
612015
552640
490464
593764
545726
536888
566530
473346
575332
490257
577003
488511
476838
598797
521282
583374
505220
602042
538322
529409
564986
519677
591931
522936
526818
588647
498086
586038
567430
546252
532019
519134
490486
584678
587873
565446
465221
449743
592546
578468
487906
514860
516987
604351
525008
548998
547205
515450
512476
453317
546980
585584
499391
561492
527012
507952
496164
605386
519546
583874
465537
562198
526414
545152
502512
586270
564847
541024
497510
615521
497695
520215
487222
553854
522772
479115
577248
572789
490302
585070
582001
607626
524981
481544
530672
623382
546283
515747
573274
531148
547105
514065
525162
504492
579550
488972
551557
551465
513699
530590
542043
459213
552494
535964
525070
488224
537599
534493
551207
490923
531874
509748
535260
494342
570525
519593
544076
500907
509638
591551
490985
553309
551547
532570
516447
489425
580619
492598
521782
532316
535073
558434
496137
601214
516884
540682
528949
615344
544521
508548
576828
524625
547719
469229
500076
508434
541387
559608
546495
530132
514959
458343
538229
501973
609031
530324
498375
584422
530909
520682
535698
500544
450669
587068
554234
544850
530872
519665
483797
548202
499311
551450
514887
598503
529047
550521
522363
530039
563498
506317
478722
555512
541177
592407
519352
567428
605674
586536
515591
606494
510087
564712
491635
594148
508366
568739
543681
530717
526225
519945
525201
513436
584602
506472
429150
596963
