1855056867
6360151
6329144
6356022
6438309
6351669
6402339
6467794
6472677
6516244
6633569
6118495
6096253
6186724
6145647
6146467
6196354
6312358
6192409
6263486
6261329
6352716
6342846
6431323
6479250
6549948
6569899
6483599
6572689
6601210
6598933
1393304
1403427
1387461
1442785
1389745
1432522
1422472
1427318
1440136
1519026
7096913
7090667
7112033
7060377
7058061
7107511
7198171
7154301
7253202
7260199
5385861
5323387
5404851
5491622
5493416
5545246
5601896
5530003
5642574
5622734
7832576
7833010
7938977
8001647
7893368
7969921
7962188
8012279
7997532
8034792
9736694
9698883
9681214
9776444
9722127
9874169
9861753
9864043
9861073
9926910
6853795
6825668
6722035
6781349
6713896
6755186
6748894
6754310
6804695
6858041
6289095
6266755
6418913
6413274
6415581
6512498
6619175
6557566
6685899
6712950
2415918
2403774
2442905
2381202
2426005
2415656
2497013
2412833
2482347
2508837
9631733
9613486
9587987
9664351
9580630
9637151
9585085
9580662
9583808
9613725
11791212
11791812
11786083
11822819
11906447
11858260
11945164
11961179
11963972
11995045
9510010
9499864
9482934
9557315
9507571
9606365
9585885
9692892
9643446
9746523
10114708
10097797
10139128
10282902
10214416
10330717
10371570
10378614
10626956
10781087
49815401
49797384
49842008
49918196
49830293
49920503
49987594
49984617
49968078
50048548
30538309
30651329
30655583
30690633
30676477
30708044
30647324
30739928
30776102
30777611
11180306
11227036
11174279
11135246
11182556
11083890
11097657
11049651
11052614
11007154
29453347
29447124
29500848
29574826
29574372
29608286
29632982
29634253
29647211
29708317
10083778
10203666
10192779
10193226
10172680
10264351
10176790
10227144
10238188
10239541
30808563
30793486
30843221
30938148
30811858
30903545
30933662
30887869
31024623
31040964
11566647
11605348
11669572
11572582
11627679
11594839
11592179
11596123
11622074
11621234
40544875
40537019
40555283
40638160
40584724
40723162
40781383
40786443
40852044
40965802
21304033
21401887
21418305
21422888
21465972
21544880
21482663
21531991
21538675
21517392
27604246
27598053
27688001
27802620
27747753
27873337
27950525
27951811
27998766
28073210
8374644
8416528
8402129
8435442
8487083
8440796
8497793
8482817
8486525
8515111
28691381
28675178
28694672
28774546
28789073
28863174
28866464
28871015
28865652
28932403
9404181
9390888
9372640
9432747
9374697
9469228
9487909
9485798
9389266
9479300
23295927
23269444
23332782
23306936
23311390
23352814
23447361
23350525
23419945
23402370
4070614
4067651
4096669
4183967
4127046
4198457
4201778
4201702
4209042
4292299
22234905
22229998
22295060
22349547
22345150
22383345
22370936
22432983
22397813
22396160
2989639
3081820
3002266
3083727
3090888
3090835
3062331
3132765
3083006
3147830
13677915
13665048
13661209
13656849
13656942
13636487
13718838
13652294
13744002
13737319
14759781
14740978
14716016
14751440
14662633
14760711
14760819
14759855
14778196
14827270
14556250
14552727
14541091
14595208
14584693
14553493
14527137
14577043
14526710
14843150
4195769
4192219
4206836
4245190
4196334
4288102
4302749
4308976
4384910
4523758
6445275
6487321
6563157
6648762
6624956
6696677
6741234
6743790
6836431
6905904
633184
633472
688713
783278
764698
847611
892356
900351
986969
1054317
248046
239205
280614
358713
502229
504625
569170
649111
608864
791624
551179
549396
594698
696362
679714
779100
809164
811024
939478
1008095
555120
556345
586010
644475
610602
665429
698941
700955
753312
820481
643875
650754
751807
802686
778987
866714
923204
926505
1044130
1137526
745168
741770
794723
892780
872251
1010936
1066384
1075778
1136186
1190369
791611
795517
837423
882862
861151
905633
978470
983818
1030493
1083342
354847
357861
390338
492453
486632
568694
605388
650278
643549
676965
695287
699347
797631
883910
845321
979677
1020429
1036777
1089093
1116322
459144
461652
548323
606826
584367
637777
647136
648897
660198
754155
482534
478617
537991
599517
559659
647693
671942
674008
698021
795025
420843
418189
511344
587152
571250
656922
709100
714146
812652
880446
621332
627844
681303
778324
764101
863331
899543
903052
936782
978785
585892
596757
705333
883602
846211
938575
1066829
1070364
1088286
1116118
598409
596508
752232
799539
804525
870953
914060
859234
908751
939006
599379
589566
591434
699470
664721
764326
794505
795692
825330
883211
459272
464663
495717
499174
527547
594613
671942
642135
768405
815882
553396
554566
567414
612023
639672
659105
715221
744619
706040
771054
672713
677003
721645
764556
755254
777496
825186
975050
979389
1025606
619387
619702
651690
700182
687029
772847
797084
801269
861310
906886
512231
513666
554369
618410
583244
635458
658997
660680
661627
735368
360785
365831
393104
444489
456067
494502
556840
452864
528097
531014
445801
442753
442904
487593
448682
482011
539861
541870
533734
619652
518230
520804
538008
603343
606934
745041
844160
853907
920774
988912
682234
680841
735402
781206
734430
804416
833465
834957
825716
882243
432355
431393
430650
448614
418642
538381
570065
572393
613510
650264
448149
446825
489924
588487
577585
613616
697641
662073
755897
815110
483842
474074
506866
651838
631757
723330
763682
772080
856197
908993
263686
253177
296948
783496
798096
886217
985480
954145
1009805
1016606
430660
422221
447926
489186
465028
502115
525688
531493
573112
642243
621206
625232
666168
669717
661971
754855
902109
871230
943379
983942
457918
463308
532138
657188
637586
782625
851006
877231
888365
929661
9208629
9212705
9250138
9292902
9318177
9387412
9380325
9452761
9474272
9475872
443980
446509
539541
653926
658652
682591
704282
706166
783188
857317
391784
386937
404888
450332
427054
501560
501403
486269
472934
521979
620143
623138
650784
699921
681819
780466
796411
798384
818637
870508
712317
716294
739268
761827
735590
802040
825157
827147
861062
897784
275980
283271
300156
330004
305837
372010
460991
422661
485625
481896
446222
444227
504862
579522
536586
638836
646414
647916
657971
695198
750029
756218
811459
857494
836845
908074
954786
966580
1007947
1046404
516965
519724
601403
666442
643110
750623
813412
817163
834853
880693
595745
585280
641626
705339
682254
736276
765266
766952
794867
898037
487965
486118
563486
625388
590007
649026
660630
651620
654808
703423
421472
424182
515863
578515
581838
645143
741422
714469
806363
879153
316996
321694
376727
443513
414881
502539
573422
586524
600421
625465
568191
559280
640806
641751
641822
685356
733138
700322
788940
820607
549889
542723
578571
634906
665106
655697
696814
772486
756216
841671
656840
640834
740974
845796
851906
927603
970528
944946
989910
989029
731706
736570
756864
819201
800207
852603
924035
914882
963745
1014334
675705
674614
785089
872055
880451
950487
959358
961065
996053
1044780
502396
506273
543241
620784
596100
665063
683979
696046
727304
793145
213023
210940
382437
376243
411444
464427
444942
511123
557270
552591
721889
711842
722137
770058
743639
825050
950302
956289
1009100
1041855
268101
260922
345692
595319
598795
624237
676936
704566
775134
848393
356658
357287
390564
458302
540876
510088
602987
669807
621052
693415
419048
424927
468315
626827
607014
711405
739071
768989
835714
862634
437059
436006
471629
511320
484495
544441
561819
563672
606636
660710
326804
335962
400822
471813
433545
516094
526104
528119
572066
615662
344845
346015
368297
426171
390934
473244
475566
416585
498954
515134
279635
281099
370274
508880
431747
512828
546584
619464
582865
680306
596322
595404
613119
688473
670010
755364
799249
807656
955537
1076616
374097
376961
427776
541348
517736
609950
618633
742893
739750
913913
302675
304005
363456
445602
425615
551694
631315
636592
734103
829040
359034
333513
427414
479512
486563
588734
713888
709959
733107
788400
543909
546614
606924
665451
822565
905994
917381
1053143
1106231
1113380
355048
360764
412646
458203
460952
572757
636752
639276
729635
818931
467419
470000
529734
609295
600053
709756
837690
812710
957531
984578
479921
482836
519043
556322
529724
691256
755773
765265
813565
909761
462057
463870
516962
576675
541852
618593
657994
660231
707378
758539
711794
720356
758744
868952
850932
913588
910521
909932
911057
969950
577628
580793
578607
627448
640962
686473
826037
791514
861154
852401
427932
430887
502196
568359
515925
640514
722396
710689
825191
875171
253356
255089
290222
363405
525480
532680
665558
735524
713935
784881
739626
734093
818610
956505
924304
990283
1003103
1002630
1038158
1090846
344324
344240
379877
413253
378401
462080
484767
490111
496659
576751
333164
335322
367906
437315
400140
457070
610976
614410
664539
755753
846338
848506
977985
1073823
1055458
1172036
1240985
1246657
1302074
1374930
529591
531123
596251
662676
668818
698408
731098
702336
839747
909226
565359
565516
655979
766745
738880
823006
888615
981227
1035950
1041799
635530
625934
662517
739464
742964
868831
956418
912167
1002777
999185
554504
552236
599236
669231
632855
687151
694655
689198
678091
754371
779201
779103
820306
950585
925775
1006305
1121886
1084516
1167380
1195283
505767
489404
528002
568847
567140
645562
725565
682054
758440
783250
301716
306956
359454
449969
420711
491949
565130
536479
594149
652674
517343
518988
586784
606901
608267
619111
665775
634883
685927
692744
810619
868405
839021
888868
930121
991693
957457
1073132
1133479
1136786
354608
355884
390899
432947
402962
458432
509861
477267
544923
588035
429859
436211
515756
579121
581677
654090
730448
732435
916944
1018621
564833
566907
635195
675302
675069
759119
857369
833039
881374
964033
15025621
15021048
15067261
15170716
15137838
15291905
15365442
15347459
15487229
15535982
5479233
5479381
5575547
5667295
5647719
5750087
5779509
5781357
5920005
5997716
578399
579942
606367
677314
630510
740309
784434
768670
834346
883573
507806
509730
537501
619333
596596
686146
724240
726200
773503
913793
502743
496931
525976
579089
555636
636880
682806
687779
754431
832172
570462
570581
574247
645855
596479
684608
708645
708679
772104
834996
767039
768755
785344
843404
818024
923167
948326
1018332
997289
1049929
241054
243035
393258
396736
406607
490871
469582
534322
541226
554051
681638
683352
728775
784354
844475
922107
999849
1016260
1047213
1081614
271823
272794
304186
401216
578107
497956
568304
597229
699034
652648
710653
711364
735966
786573
760088
851347
886729
936930
1008838
1063739
488333
490965
537970
579505
560376
638199
706750
737778
775244
867801
656236
655729
734850
809790
778351
892765
936416
938889
990509
1041572
308757
303382
333636
381100
353871
448447
497924
499547
505904
568876
539902
536558
594877
724232
692278
789737
766454
846805
848441
899773
325733
325034
357575
419709
394179
462073
489700
500504
507324
566095
629634
619753
662775
719921
783040
903360
883759
969748
1017671
1016329
656050
660737
727591
795518
797529
881640
930181
927354
976641
1063976
416569
423563
515348
622433
592769
674501
736186
743706
812948
892988
743822
737868
862414
980515
958606
1053383
1095905
1162001
1138140
1197070
684516
685237
721393
789279
814556
883298
969885
927207
998799
999721
732227
726041
781680
846818
823596
895225
947522
949943
1019787
1107938
278444
276577
303543
390376
549336
542608
549126
592839
549128
604634
487546
490056
567835
628284
593605
725925
796904
809751
824918
905339
310542
301330
329409
410335
361883
662968
667534
723197
832305
810092
757068
761331
819272
899136
873229
949853
1009393
1012090
1067669
1132600
286781
288239
345306
394058
364281
653143
615713
653571
754213
732190
486412
487133
529905
526213
524986
584476
647446
619409
678880
678698
482554
468387
498835
513696
515381
551069
609790
579577
640763
663591
221171
223794
446922
376163
470088
506425
508528
553813
635769
598758
585308
584634
599482
688313
654827
739071
796131
787044
925785
980174
495763
487912
524641
589554
580144
650721
692929
694876
740256
789226
363308
367265
397279
486460
458603
548335
564062
523301
610799
627972
457371
455662
555219
656555
642913
728500
743347
830851
788538
790013
526982
525535
567578
655550
637169
721921
736684
740652
763999
803866
433587
430809
457061
504820
492832
517009
555603
536807
600373
571274
578933
580351
608456
654908
710419
717627
792871
904265
873674
964001
209630
214269
278890
338207
278151
345591
388190
391874
406727
462838
313059
321702
366264
414287
524597
528667
536258
614624
564988
612140
572106
573627
570043
598730
560030
604012
619960
621436
609976
685669
333918
332407
345799
383757
353479
416187
460575
461220
532025
655296
787264
785968
771447
799310
764150
827048
872159
874111
912965
973308
245304
249060
294857
362311
337641
430253
446838
405169
491413
486088
271445
252119
264900
316964
257898
327229
362911
362505
379971
409701
440271
437799
466591
476127
482767
502843
557979
521651
560129
601980
766172
761386
773967
820397
801533
880996
934140
938039
1009984
1081197
454212
455935
471594
519967
499950
545689
556132
546530
626717
656717
594968
592516
627684
687312
662978
742262
783551
952950
937185
1019342
485669
479295
503349
585968
569981
696632
715894
720356
731884
750720
736556
731099
750665
809526
775138
886799
960336
1007285
987866
1082210
378935
377424
406193
469928
465114
509703
592755
551286
611523
697597
511892
498647
518346
557945
585726
567868
669153
677047
699189
674399
559258
555321
589117
636064
687766
693035
753299
824882
797165
872229
565157
566415
577315
627623
582500
633027
674439
676635
696862
741086
344995
337037
342579
396429
363870
435641
625230
634080
721695
776721
587634
591864
609683
671569
640549
749369
766936
757121
772774
841145
365440
364129
420660
469895
446953
530701
549105
571936
604456
665748
407826
410393
434771
466846
432098
475980
479372
500759
552642
601977
1639338
1643155
1716191
1797257
1774430
1888005
1965523
1988765
2082970
2161609
401639
401225
395392
452991
421068
483705
503045
600702
642681
568510
488807
487310
505148
572575
550740
629850
643759
645612
708040
749320
516392
518070
526192
578335
539406
614394
658344
694745
725370
769051
779998
784709
819496
869385
826691
925722
955030
951841
965400
1022958
573686
583470
607390
681841
634292
711388
709146
710094
726473
801179
307796
316979
345704
382360
354547
682767
659923
656057
701990
673782
303172
302584
333837
401311
363017
446371
469204
471224
494145
570915
613304
614806
651113
674644
722675
691325
769823
831070
834165
875835
704718
708995
745426
792331
788356
858492
867020
878677
913311
1023912
620597
623293
701594
777499
743719
850512
913235
916382
969164
1025885
508669
508837
550291
602326
685975
723911
748441
772667
774562
841637
697993
684254
681401
710049
676804
742333
780032
782384
772368
825955
528800
527063
606326
670155
673193
712830
773405
745064
846004
901044
297017
299359
338453
394986
371174
484578
497689
484194
497335
541837
502560
499345
513976
545861
515586
577097
648499
661980
736334
855606
695424
702686
723517
777605
750646
802107
822604
825288
815898
873272
414916
420743
508326
537939
543279
609224
590143
589693
580161
624233
612403
655236
691620
732280
699708
733737
753177
754591
867895
975526
380830
383429
397399
433137
435296
450774
494923
711103
702975
675305
538804
534375
621241
650060
619920
751791
765206
766784
792143
815785
552389
550364
563700
564422
568793
582461
631125
606423
710480
743808
338706
337367
338147
389459
360782
509064
500721
493741
532803
445704
239715
241208
269473
607495
531215
667727
716631
719869
742120
836779
675982
700615
717565
744665
763325
765001
800246
849889
797260
819652
277460
280584
354755
418561
550595
550653
589250
688814
666112
771169
585825
566801
624855
631514
705752
713161
756717
824924
827014
850638
447522
434446
480319
538082
626008
629185
620872
598579
686479
704172
673216
678583
764232
855532
835697
997234
1057840
1077928
1189360
1268743
794943
778020
815676
884273
846558
1004768
1115381
1119869
1170564
1269307
241810
240844
423080
414029
437747
511150
413144
429190
482699
422117
534820
530874
545394
588114
567541
648653
714541
717066
813004
900644
473427
471309
544542
619094
578639
663867
695269
696855
738353
759352
389874
375763
404842
480094
458724
537426
657393
667625
707736
791320
760564
738866
724124
787175
755688
872505
1409014
464915
399073
330912
393657
392893
521596
604771
565696
655306
767384
774846
823132
938798
686833
700321
737162
795021
753827
829470
864171
856696
883632
929273
611903
611191
657163
745018
754178
835911
817467
890989
931924
929577
357497
355762
393915
491021
444962
534949
602256
607125
677195
837731
450295
450983
491824
541323
575384
630425
614813
600831
641308
678852
784152
781836
807009
885525
861710
971996
1048396
1053737
1092824
1136135
374220
372988
386998
427195
381871
430174
550279
551742
546598
629777
340416
331327
362988
429735
409445
468023
522352
645960
616054
696655
283482
283955
328021
419866
534902
540300
588522
656361
622082
660943
386073
387359
475781
587186
571859
675235
700719
705817
771393
853524
827251
826360
867916
952034
932099
1069196
1093973
1102576
1189978
1290192
516080
517208
552125
600747
571465
636103
661382
663113
680823
722331
368006
370771
403047
451721
428721
508395
523324
513070
544572
637404
561031
569826
601368
652883
601766
693741
731585
733787
848500
932414
720643
721598
778622
845658
818489
907071
932637
934123
1021330
1112663
620968
619906
654420
741149
715908
844895
966773
973415
1042729
1102427
410744
409922
445481
515758
481756
615141
705773
711969
779221
875715
829167
828719
860905
975281
1031917
1130235
1109008
1211981
1276159
1278723
298792
292541
349357
402112
568089
569266
598296
708053
756476
832404
544763
544319
577857
630389
678797
687634
791117
829058
829744
890376
339822
339145
413043
503152
565492
566761
562628
615205
577269
679543
583876
583241
611002
678548
660770
771086
924615
930285
988234
1108698
9175678
9168467
9231611
9306981
9270697
9400301
9456837
9461241
9628640
9731973
1625562
1628243
1689918
1744088
1753990
1808690
1885797
1862718
2029243
2086359
559891
564533
570982
624036
634066
633234
641956
684088
584728
639018
350811
356326
400243
473728
491904
571950
537832
594684
585723
666511
581262
568034
599400
647190
641765
720293
755012
756799
799181
876145
824846
892589
873125
957192
919703
1004077
1082325
1085094
1212260
1325051
320408
325194
400482
485670
505812
503145
536582
609455
586414
687012
485730
478906
554242
627606
601044
760415
862986
875381
976195
990204
581561
595986
611729
676086
748727
761312
829703
789205
880259
910530
650512
648882
686671
694448
699561
718208
806384
780472
862902
873232
547114
541727
608208
692597
677581
786107
864270
867148
957434
1038323
799961
809897
869182
948585
923885
1037800
1103537
1132370
1155109
1209646
673284
677432
734043
789828
800173
857101
828783
938488
1000169
1006108
773808
777917
825321
882422
852330
934007
934976
932366
951778
1001444
340417
345854
389145
446240
520020
525255
599773
756326
726561
860193
275357
277535
319063
373042
584631
508344
587089
584342
586614
602684
796871
792123
804844
880587
837992
980089
1027710
1035978
1088416
1165662
469783
474272
526475
546521
596937
577398
655694
731714
680779
763508
550321
552540
601118
618144
623000
781278
859698
836404
912298
943073
404023
405978
479030
557358
605928
593116
738197
777388
771470
799142
431680
425719
427097
485655
434723
523995
577605
522037
591448
615260
725456
731397
814786
2562846
2968989
3051627
3090490
3261601
3405207
3468414
293795
299788
338744
506353
458451
526567
631124
702403
643400
762839
613432
594062
719770
794882
818183
866411
953179
958953
998069
1067517
457264
463494
529269
611648
596347
691631
792564
799193
900107
1004101
723154
727443
772107
891457
869987
986488
1027438
1030068
1133127
1247854
636423
638909
670261
751497
792348
799986
903251
990629
969337
1052920
658759
659011
661830
736623
782136
786939
893195
1022785
994800
1076509
415325
414711
470049
534040
529878
613147
661157
608961
683911
708892
748940
750439
781839
847472
827076
960164
1003006
1008972
1125383
1229632
636182
638989
732780
814213
798154
875462
960450
967455
1044030
1116216
668032
668096
711360
802565
896463
911976
995761
1088358
1067293
1122419
847813
857053
953846
1061899
1041378
1063729
1146063
1098263
1168390
1198408
716539
719584
785470
861085
836733
979271
1080253
1084731
1145039
1230630
241846
249081
558804
563234
548000
613731
630755
651685
730247
831440
771944
784866
891949
1003096
980414
1083091
1110608
1200831
1167804
1285701
846330
848444
927901
1069895
1062585
1159827
1291696
1271238
1374459
1424373
658871
661527
748087
838048
845715
900305
965240
970117
1047251
1091393
366852
368771
457210
558332
562995
618439
691998
669819
765395
816456
267691
273130
353256
448092
397350
493667
546742
548652
598635
673905
784078
784422
812066
857293
815015
899732
920589
889500
945162
1003643
376402
376550
418680
514261
480158
572050
608429
596320
711173
749921
529348
535059
607582
692051
674927
756286
828077
838905
965519
1040885
613423
615385
697219
776480
750882
834776
912932
894383
1024074
1118030
799637
802452
897059
1004878
988005
1042810
1143899
1102348
1199295
1229414
563608
566210
596848
667048
709290
825219
811894
949595
1043134
969295
497740
500510
579530
680313
644334
740770
796763
803204
928310
1021852
722797
722268
783789
837485
837329
969889
1046456
1048501
1125330
1195349
535357
539090
619058
682298
651758
713697
810493
845284
999409
1076976
694416
697172
735003
823729
800108
919300
957382
959771
1060558
1134215
825825
830681
864888
902635
908953
970895
1091008
1073755
1231836
1291067
333121
335533
385068
512295
581251
587486
676588
748330
758651
878282
836700
830497
892032
935574
935160
1003115
980263
1044480
1050741
1047330
827907
836115
890943
947707
953755
1033481
1081517
1056810
1110898
1133913
586066
592774
626996
669447
646208
713993
731874
733785
763300
812453
604520
601311
664866
734896
711132
822649
915924
928812
1059986
1169627
296529
337154
406748
500212
462590
618034
694611
701921
725675
803803
327197
330295
406836
524175
497449
623273
694013
665865
752248
806655
6223151
6209134
6283486
6333535
6346883
6420313
6502300
6502265
6552128
6565675
797055
796739
851293
937590
984132
995635
1061367
1105109
1090140
1174453
633545
620157
652432
696013
698318
821049
970731
952961
1070139
1116954
835606
830889
869623
960672
1019054
1024539
1074763
1136138
1108378
1171525
843198
847612
880732
993117
973626
1135575
1193672
1206358
1282151
1370061
649983
650455
668465
721330
697892
775172
819071
824420
890244
939001
809324
804196
834443
906693
883320
993049
1018174
1021310
1078160
1098697
750441
755852
767771
821894
805713
872133
907734
898728
949198
925685
279407
278947
329109
366289
423580
409360
516665
569726
574154
635129
408354
410660
448640
490579
471986
566712
601277
605496
714049
693779
560936
563504
581827
630761
605007
636911
649064
632592
642308
679731
291137
297179
324401
424305
386122
498137
572683
577640
630152
691946
586171
586482
612757
644265
618476
646857
661408
663478
688679
732789
357121
359188
409349
474520
452992
511975
522922
525295
580493
611811
713088
709117
721926
761175
733708
793339
811315
815973
858129
899833
724160
725870
757953
843216
804050
910802
961201
967062
1007462
1093086
793818
785848
774530
834005
788202
926350
1000406
971418
1050536
1057830
546193
544494
579247
623290
622191
675254
653854
721927
743598
740859
706126
717721
805468
820669
824005
866730
956312
923036
985105
972416
446731
439833
474044
541954
498969
548290
544345
545686
600749
671828
748057
747903
750625
787348
760491
792392
913060
932566
1031800
1115807
301303
308386
335458
367724
337593
367805
507060
488263
603803
646779
771074
772852
777117
813860
785026
867662
948180
951676
1041843
1118607
522162
518191
538452
579615
578714
671868
626358
739357
730304
731176
544803
546031
576084
635417
610036
730433
780333
785913
863112
951242
686614
685841
741364
803816
778271
846378
938630
941670
975569
1012416
474618
470801
511320
586686
574561
670585
704570
707610
782698
860789
602632
600827
621205
652852
628226
752532
814923
823785
896723
963685
727484
729254
802537
913133
903552
987984
1039084
1098922
1100978
1137226
359863
361942
385350
427960
404880
526566
543726
545920
569240
622277
375523
377011
393916
375247
375028
347223
396370
328807
369517
368164
826723
836887
923363
1028611
1004690
1066748
1107942
1118542
1197491
1272361
609711
609102
637760
713463
688718
755562
778970
784052
854525
899589
326769
327906
342743
387996
357601
491721
591658
592415
611808
689967
763277
764889
802423
856644
833254
968502
1024524
1039846
1088450
1145792
717590
720175
765022
813143
880896
860706
972228
1016474
1023757
1079622
392049
392929
485094
588512
580940
652777
743225
744194
816408
783169
505424
504445
512924
544588
509919
630232
681927
688322
737032
812256
795582
796562
812291
865848
843853
927506
978240
990136
1076071
1126634
349306
358035
419411
510612
485993
568478
590130
591087
675740
701769
603770
617700
694687
736377
735802
781495
832711
793542
892646
923676
317672
320177
347168
410729
388131
472287
652300
655143
708714
801154
536180
539487
555821
610970
585360
639913
693751
701728
756935
810191
594423
595280
612477
690269
671352
770266
792573
871711
863372
934601
592017
593876
671331
777362
744161
844730
900248
980433
1059767
1063117
557687
560288
640086
728130
707836
823443
917646
920880
968911
1057386
341547
344919
427078
547516
504697
552439
641153
679325
681150
783035
546265
550062
576200
755867
732333
827989
879434
957522
953270
1113389
799093
804756
900180
983080
986153
1071119
1134899
1153799
1237468
1214253
742112
746479
826799
940427
925421
1054964
1139841
1143671
1214768
1294782
823885
826747
876556
973563
957186
1083633
1155478
1158118
1234647
1327779
391306
398505
466084
591421
574198
714120
807372
808196
852983
906045
497882
504280
550458
634068
683410
689295
725268
806288
774323
917914
608985
614431
692648
789870
770792
912229
948033
942766
1013148
1085165
282583
285056
320391
415652
392178
452018
580426
554340
692104
741571
704282
700273
781284
813718
819352
911335
1005017
987996
1087359
1094324
799475
825835
956152
1060924
1068037
1161311
1272025
1240209
1382275
1433929
6166301
6163614
6252640
6357540
6329934
6420519
6476393
6548153
6523535
6620601
1896339
1897941
2022227
2137353
2111925
2239968
2266693
2268055
2319393
2378153
862209
870752
903565
984844
954723
1069296
1135316
1143192
1232859
1344710
749224
830368
782053
963946
1049272
1053191
1114946
1216453
1189856
1297210
435182
437518
481970
595195
701199
781601
788410
901798
1035275
993026
865311
864332
930177
998541
974554
1131971
1189807
1189177
1285091
1375789
774981
776254
832447
911171
887043
988816
1051799
1070378
1182349
1259969
817049
799917
897779
967367
979430
1065870
1175263
1152403
1254489
1287942
435317
432435
490668
536653
592070
685811
649419
761830
879464
891715
470462
470991
507844
586540
561528
649202
686255
646135
745752
829096
614677
615628
655824
714124
701094
787958
876603
872487
1003173
1093347
528897
534884
604240
702149
686709
783706
878991
882155
970013
1052695
744195
743480
793572
881049
952908
962507
1036381
1098288
1156375
1162498
722697
716687
736901
804942
768024
873512
928218
1014024
1000206
1113666
323214
343577
366162
420608
554139
557542
603914
676238
633223
770286
586419
590285
667674
750264
734674
856975
921177
930031
959653
1024476
605360
610916
687644
760307
805562
830674
943807
918301
1045628
1082990
782531
788605
870560
980017
965831
1062318
1117457
1116714
1201582
1282458
533086
537186
627480
730045
708628
776307
845150
957090
961688
1008086
363808
336533
412890
452934
450315
715054
726053
763978
883374
843171
614002
632999
705261
817236
794910
907864
982440
996683
1099742
1160474
810911
819728
922431
1056729
1035172
1127601
1186152
1293751
1268776
1365171
391305
391629
432225
478916
519518
600248
534546
608758
637264
697771
552080
550158
615230
679700
765359
833096
837498
952246
1045463
1033046
451246
450812
493988
580921
558106
636530
684854
738574
739577
819262
754492
756923
809291
878374
843052
963562
1019638
1032950
1126382
1202857
819696
827516
919512
1044353
1037441
1109346
1202243
1177328
1268855
1318026
721932
722438
755280
818862
801037
892012
944740
948884
1013788
1072065
604572
611201
661946
744462
725935
847147
918096
987013
963665
1044062
739015
735297
740398
786216
757712
805963
886871
897240
995364
1136041
531263
524338
587591
663938
638615
753582
793488
833343
912430
993918
553638
552133
578747
641722
608827
704105
726711
787714
862370
861877
531086
536453
575620
641689
618737
732346
855912
864129
922464
1002142
860815
860769
902219
991678
968919
1049431
1089932
1099201
1204785
1291822
720388
720583
772382
849851
862593
960209
967236
1029326
1082537
1073128
677928
700843
750614
824575
805123
907288
968558
928442
1038734
1055372
904242
900040
972842
1051823
1007536
1127426
1150978
1155329
1191328
1258239
362092
366763
413621
485093
534762
541893
585199
641781
585532
648208
735199
733946
811552
926142
903500
966297
1010301
1060055
1066188
1137241
409851
412714
447997
493867
440343
542737
568018
567201
642054
674296
685625
679776
723736
817288
790919
931339
982962
988706
1115556
1214749
605665
606513
639156
675467
649344
756588
805589
905061
958429
960932
506251
493955
564839
639563
629326
706523
714440
716207
797297
849750
841358
840854
884332
961475
988705
989359
1039819
1111313
1083171
1178577
815660
814584
833722
879703
851060
918409
951086
952545
1018900
1073598
283772
289973
740153
722756
733764
838575
791835
890924
957256
952628
723452
732862
787605
835664
907538
975577
982184
1039738
1099728
1059214
708136
710758
742739
809580
769864
886558
953669
927369
1026455
1061024
609973
618363
729645
801511
811133
889838
945467
896080
1002141
968629
557603
552003
624144
717021
721766
779640
929830
976432
975971
1014720
361034
363140
395388
444245
459366
504928
690681
653463
750903
841879
465440
464219
469283
534043
522016
595028
779189
735149
880390
940488
555623
540987
591092
653625
626040
748325
804448
814891
910427
973297
646197
626255
694403
821666
814061
978921
1112418
1093341
1211107
1237610
276389
282570
395406
505254
510427
558509
571323
575776
650839
712516
380056
382229
422858
491286
459489
530089
614652
542810
663141
699047
257044
259316
548785
551556
540121
587434
558336
689138
811856
817924
17999478
18003118
18098608
18221592
18197246
18284908
18327405
18335144
18406223
18467453
3687213
3693910
3813762
3893029
3921386
3999163
4038703
4040954
4092841
4170922
562704
561895
596960
669963
703702
706616
805891
897289
879759
999151
664401
669478
743373
787343
794862
849486
940068
900450
996151
1027233
345891
344179
404026
478187
699449
706044
759200
802101
804521
806669
615293
621817
697886
705672
706415
823950
905531
939740
989455
1017237
684752
680742
686632
726726
670233
762493
809631
811296
874762
923895
581882
584728
670530
811983
799426
871947
949497
992706
1001726
1050986
773091
770538
796712
856969
831797
961964
994080
998366
1095455
1150934
623166
627347
671180
707361
715372
801579
752477
913043
918402
920550
593727
591705
630946
668058
680023
802792
780723
903450
1003610
1007891
802768
803548
836474
898089
898686
933868
1005325
981508
1059847
1065537
324847
326446
350585
412278
334254
455302
482737
486842
570691
648454
774679
776856
847219
946842
905600
998382
1027418
1023954
984105
1007973
778626
777043
823903
906355
885413
1002759
1100462
1111271
1224161
1321770
581674
576138
650286
785830
761587
844275
847096
942817
898749
1002641
269759
270594
321854
457974
452938
477016
537575
489658
574094
599362
830265
838434
863656
926674
915521
986974
1029348
987505
1047924
1071557
610138
610542
641263
700770
673436
689645
748514
745521
864740
892850
816530
821581
914665
1047035
1006908
1084389
1127821
1131602
1179930
1256613
327574
332112
379082
457160
612523
620229
662398
740070
726210
848963
334079
333233
428373
510454
426414
508595
585165
560169
673431
720896
546949
551872
629260
791212
743335
880268
902542
1041290
989435
1094105
826459
822912
864574
964423
946149
1075006
1151403
1161542
1255314
1349316
684599
684551
688320
749570
714940
818275
929188
933405
1078543
1185050
624818
621807
668467
772625
746533
880894
944774
988586
1032258
1090946
749820
750273
775742
829621
808918
909338
961499
1029496
997804
1095352
743808
747022
779067
853940
831113
913154
978868
952514
1038052
1057679
441748
444655
497618
587930
557733
680611
810030
787791
873649
967978
447361
450637
460566
525502
487588
576384
628534
718639
691510
697974
690684
695274
754848
860456
937514
916341
1002153
1043637
1101224
1056127
770892
773056
847036
944103
925378
1008343
1063189
1065242
1151216
1213140
645337
651639
754827
784607
786014
903767
1035781
1015595
1108875
1153155
675935
673393
681348
731845
683177
801295
815092
814828
863958
926179
546092
552110
654444
695211
700577
764525
824571
793980
884782
922279
343333
340821
357597
456877
737897
747291
806530
883777
890209
1023847
324762
330155
378535
447900
602234
611605
702320
820730
769624
843883
490866
503471
577880
642152
612408
730342
752493
749602
862648
955089
555421
557674
651869
751252
728250
929775
957787
966927
1007500
1065114
845589
853742
893730
960587
968013
1088208
1174623
1149328
1218815
1245170
641965
644978
697256
754727
786434
855946
831549
946922
983056
981119
635973
642795
703955
835303
811024
954775
995726
1007264
1080008
1148003
684091
682705
711385
808215
783333
886899
906693
968466
943964
1020740
624253
602189
603252
675793
655618
751234
799853
907353
856856
969034
503758
499832
522373
589111
557530
638354
740230
743262
690036
750310
639466
637222
657410
707803
678281
758214
779756
781308
916607
1011073
757331
756921
785259
875536
850162
986014
1047976
1050859
1132336
1207211
651039
653071
680737
748451
758337
845965
873114
898141
912798
913204
806137
806185
913788
1021747
996723
1042370
1095370
1084004
1165314
1122125
607209
611512
635038
698100
658831
751413
864648
830806
841032
916988
624577
633150
708105
837243
816087
944451
996209
1003755
1072706
1142160
569575
545487
583736
632977
609333
688453
750017
724264
775948
799874
649005
650663
694552
756441
737430
835630
932011
991062
991257
1052976
511303
507741
518323
566982
572649
652815
614120
669438
740052
704556
356883
358109
415177
489408
461941
556567
660841
627693
717777
747012
545611
545712
615065
737328
703262
780229
805038
877816
857726
914398
674773
674244
685145
756818
734025
820595
878732
886842
1001042
1085681
794659
796704
878167
965194
940259
1028011
1037910
1039481
1094593
1157691
10536429
10536605
10565157
10612959
10565139
10610328
10638986
10636168
10641357
10721196
770038
768040
889871
995895
971976
1106556
1171435
1239182
1226397
1315975
561379
560885
613208
683910
664029
771688
818371
879404
975824
996244
607392
611292
688922
797186
785989
862147
991143
969455
1070886
1139320
491050
487551
577450
746504
732614
861030
907142
883950
987351
999823
534204
517966
555141
639723
633660
703024
819146
797322
909635
959463
426665
425504
462141
561117
551232
653531
717186
665872
802151
855515
319906
332078
408056
503427
461554
552200
577662
579465
663435
740328
394381
394225
487343
573344
580647
679397
729740
734594
841413
971226
420951
421657
469650
536663
568987
570877
633343
704776
624462
709167
384416
380769
436267
497447
476376
628933
679055
681021
678221
735956
420167
421315
438023
515431
489965
661895
721520
729427
821740
912953
787102
781636
814217
885098
864420
939391
978918
980589
1088808
1179570
290361
293353
333625
433801
393442
471234
517367
512729
493062
537361
526630
522872
548398
610441
573421
656423
695832
701606
747942
837708
718262
718673
776558
867512
911937
927609
994237
1092247
1131419
1206574
438857
438274
481128
561706
561196
668352
784555
769173
843544
944284
666359
664028
729735
830576
812985
897489
980374
987538
1108463
1178259
513949
517665
607324
682923
689637
757608
858801
829116
963367
1026447
267218
284983
374536
487956
425012
494144
568689
545156
641761
688424
415874
415494
447519
527950
512471
544140
609399
561524
638408
651369
325492
327639
359039
439568
433545
615099
587896
689736
753471
785093
705612
705422
747513
817558
798351
900513
968985
1056511
1035823
1146588
757148
764552
828369
908987
890664
984405
1054719
1029507
1096693
1113904
502202
504139
553567
627023
676528
742488
782582
782918
838832
800921
460917
462267
494180
601221
575946
727018
778082
782399
951378
1043667
535208
534602
597642
689826
714841
710627
747947
804247
779818
910024
748091
766780
811425
869617
866471
975723
1039450
1041872
1148865
1238193
534432
536814
601648
700392
669389
855426
931800
940212
1005010
1115938
613073
610898
633306
706947
750493
752847
832855
934202
912741
1031467
557258
556191
609026
713179
730376
788812
874173
853621
957813
991275
783356
782883
816509
886604
864508
965939
994283
1067482
1054835
1121942
384445
385927
420825
487066
457990
542545
605179
688396
722453
728633
408400
412227
474222
548940
636936
615106
717165
756088
819120
827270
678977
677507
686973
757708
724829
817217
896276
991070
970038
1077863
431834
433788
471917
530433
510189
598251
629197
629340
731336
848331
730632
732346
756686
818558
797123
903625
978773
957453
1068238
1116719
641567
645163
697262
751876
854525
832192
922220
949108
1035639
1037924
517694
517580
529860
581636
547610
647843
705297
711694
783802
863394
698456
703054
768216
844942
829603
931412
1009715
991290
1054596
1102539
511759
515885
551404
606340
590064
654144
777596
753369
891247
967208
724001
718191
753478
824345
799406
863504
905855
907913
960396
1005298
680983
684077
776757
865754
870660
941398
1020115
1122000
1128039
1191931
325013
326944
380487
443283
476553
514084
520962
561714
616702
587444
408298
407613
444449
501373
468252
558308
621774
626438
620140
669210
415495
419512
459658
532852
520259
616828
732553
708258
805215
859351
447598
452173
536065
672055
643295
734468
840786
813427
935828
985451
733305
737700
802005
890568
899029
1015670
1094042
1081795
1183601
1222723
689969
696838
780764
862404
838615
957640
1019638
1026690
1089099
1153276
631320
621363
652212
732010
772231
782449
877602
990501
965509
1030007
576147
575395
610584
676552
706937
773722
778998
870616
948522
961423
498758
503760
593702
678421
676755
763269
838987
812321
940088
940598
359357
364977
406046
489400
452549
541601
612067
580757
703797
700810
448056
456018
539527
623580
592072
756040
823040
828040
872791
941058
945583
941701
970965
1042147
1033309
1140132
1215229
1187328
1339400
1404767
752684
752796
767982
833198
811333
911573
947850
950238
1032464
1054135
579846
582374
616487
664537
649295
694819
769293
739795
897278
971875
9924260
9926028
9981609
10090445
10102989
10253154
10321653
10326227
10445407
10532186
368834
362110
410072
507650
1170211
1177732
1300569
1374949
1354351
1495923
312298
312310
329474
427675
531578
535065
582930
651628
719675
730543
765645
770697
916630
1046471
1041582
1116260
1168903
1150891
1236169
1286884
768413
771905
866005
957181
939875
1060311
1118749
1123638
1193203
1329523
594904
599146
635404
693477
673628
757474
791215
885847
915196
920871
612487
609278
702151
810951
785930
989105
1064242
1069222
1172841
1266062
661785
656320
691202
785876
756421
837820
953333
959180
1032215
1104044
549758
551876
621484
714840
708692
801812
924814
897810
999773
1037619
552293
550738
588010
641313
614488
682026
698057
699158
734888
809607
753074
756032
767343
825072
865421
866167
947438
1022577
1002120
1048213
664951
667872
695492
742129
715551
773363
802453
776407
869316
900979
802654
807393
878944
994658
973200
1075664
1122045
1205378
1206072
1262514
750927
752044
783345
837786
810647
957681
1015368
1078855
1053667
1129075
301138
302696
642620
650638
712314
831095
782883
867561
862828
863332
401033
406148
482271
582993
725630
724579
840660
870308
873916
938653
558898
565337
611788
660140
640631
735564
749382
810372
791199
910013
380003
384694
417888
445731
456812
514461
583871
554887
665436
752583
688468
690072
714300
761510
738533
824830
892552
898722
979422
1032316
309864
312983
325963
360809
352023
513930
508770
574644
646385
679634
591861
594885
608555
639008
588418
632579
604739
604050
616251
656409
463599
474628
526648
583903
559398
606160
605536
696514
731960
729300
483472
482442
511179
548789
526626
589729
661513
665866
737893
822449
774366
778513
805903
820320
825613
841892
903778
875288
930287
951682
372618
375128
370573
406923
371220
465336
572131
575540
627079
767029
613306
626864
665776
727320
689010
768673
781186
787833
905667
980939
289269
303357
366393
442644
567209
574354
636764
732720
702364
771783
816394
820651
887638
958961
962814
1019606
1062013
1031816
1076287
1086092
776292
779094
802046
854017
817333
947098
967632
932518
956430
1001462
402898
414435
458334
522259
489695
539581
576353
559494
655646
690068
684761
687489
726046
791855
749952
830784
868820
864624
875863
916640
781071
785915
854207
913708
889563
1017030
1060120
1064963
1119154
1161888
844243
853699
894153
932363
919618
1003978
1022184
1022392
1027208
1059281
561145
557644
630741
713054
695345
795052
861108
864989
952576
1000349
743894
747224
761794
805061
799207
930243
1041835
1017326
1119825
1162153
767622
762777
766364
801719
778633
950945
958498
959161
960626
992636
685104
688501
699817
741136
723389
761399
787962
799173
930301
996788
594783
600450
688796
823493
799210
869415
893403
898847
990373
1068368
444705
448636
465431
536562
510832
631711
707151
676393
777879
792540
388863
392128
430275
478395
438513
496257
510196
464462
495183
518249
331311
330992
356872
402979
360700
422124
461520
423435
470576
540965
820528
823167
842861
857554
872433
984371
1102912
1078142
1142900
1181806
621397
621610
650713
682879
655289
731947
746187
779450
784459
784640
400230
400786
405153
442224
411288
446259
488217
490517
505811
593593
386698
382207
403095
469648
456112
585734
638647
637574
692590
665122
329283
335787
388470
441971
400686
649060
580547
694582
736814
739867
750538
750594
772115
806847
790747
889239
929008
940199
970342
1024266
416122
415955
433314
470494
479687
539164
637623
609945
710009
716638
358364
367657
404524
450401
410110
564932
573431
621837
701866
758710
367563
368146
387638
432072
410760
484614
487450
485623
474210
525334
497090
496417
535218
578997
544036
599286
622261
632031
698775
738800
309954
316201
353203
438883
477873
492384
506453
558999
510997
554644
294515
299123
329690
422818
661953
668006
719739
813257
798637
879654
304793
300033
326750
444894
459775
474620
534083
557069
558638
573916
276953
285739
607740
616284
640543
702841
729774
738000
794107
858343
486040
487078
526005
602029
567807
634740
647954
620270
674638
667153
484633
483157
503504
549019
517966
524859
544939
544486
579967
614287
14699127
14697399
14743289
14821363
14790742
14848633
14889184
14891488
14989256
15051531
1667529
1671810
1723442
1805945
1756369
1815983
1808495
1809528
1856375
1942696
633328
631101
654600
742086
806983
821030
934792
1014348
998046
1073087
608494
614057
642975
677558
650167
702383
740819
754082
831506
908010
703777
702645
721679
771371
711378
750635
744615
757069
824651
869607
631486
635270
681654
784207
746533
836108
876260
878580
931095
978491
920113
928396
978805
1012388
977193
1010752
1048241
1056669
1128045
1183290
775269
772599
778914
825116
797388
832087
837846
856466
902253
977847
534691
533142
572834
633841
646356
712114
688643
829025
1369348
1676539
365753
369012
421460
540162
509665
649035
625743
625263
652603
709243
342459
344234
386109
490922
470397
585293
591888
665943
737468
697551
360297
367547
429482
508489
489043
587698
605858
610520
686631
782041
374569
378631
442135
498972
521757
524925
589862
606973
708078
665505
600303
599426
654741
712930
670865
730458
787497
783162
902664
975909
335734
336264
373466
459162
396075
470131
542004
490519
583197
644672
432596
433046
472227
606216
562544
643433
623588
628496
679491
756252
360677
355560
380993
423310
414791
580671
587337
618130
686069
636249
518661
520378
588292
660033
633368
728047
783258
790430
867793
923876
353367
352592
385676
483691
460872
576026
658251
656808
714263
822962
793700
794569
830937
890343
867076
958601
983323
1038790
1044001
1105814
746244
745844
807028
832240
831200
951211
1083574
1059222
1149118
1220753
350977
358276
413135
516123
595124
601896
651642
718583
689162
755630
523078
522594
615151
658349
661084
734147
829420
813444
913068
933701
557674
556986
644295
697061
701144
748393
870292
820992
921255
954813
247702
253824
496554
501996
523812
560575
504687
547710
571475
573548
510956
512956
604816
680665
633150
732889
766248
765803
804866
788257
464849
472444
532132
600396
579521
650783
662608
665260
688250
784585
349104
348379
389034
483609
468105
529140
541613
537048
635635
750410
724958
724141
770210
834565
884919
927281
929495
983605
1056523
1028013
415500
417758
525167
618830
596913
701641
740526
701956
758454
789184
804569
805835
853187
910106
1002979
1135326
1111097
1220756
1280604
1283403
557573
554487
610132
696381
668215
764055
793821
793881
830121
889548
618874
617824
707214
797545
780089
876927
945855
948899
1019733
1087620
447295
449381
481340
538225
519848
600709
619362
633725
680322
722499
718210
718343
828073
929298
932969
1015075
1106960
1087250
1145120
1162732
557984
559446
591260
654782
639844
750834
851962
832806
1015999
1115913
316915
316867
431976
473349
450372
523552
562567
592391
649034
758174
433673
431928
458065
512810
481249
526603
545818
553052
561181
608890
430447
431247
472947
582972
574846
683300
708974
710885
772511
844067
414710
413794
443900
505892
479900
571558
673706
657610
730288
860262
496111
495015
573592
639069
612593
679814
758932
803348
807843
923632
750007
751033
779873
846869
825857
1000666
1082955
1089746
1156314
1214062
364080
371727
429801
490160
450833
516434
598452
603974
640909
662167
602723
602173
672357
735161
692794
787695
812037
809718
879909
954119
897873
901593
974916
1031178
985328
1056463
1087287
1086154
1110558
1164425
308522
312550
346483
434707
354997
452978
467251
469503
508858
570842
595994
594148
617244
696801
654442
778227
902534
923807
1000276
1128521
557618
553308
571217
626622
599722
667949
707416
709705
761749
822133
324231
334419
358036
411718
536099
535820
534360
596639
567482
632185
862123
865201
945680
1057342
1035236
1133121
1193354
1243334
1287568
1297466
619936
620472
665839
694391
696341
720059
801552
783196
909240
959944
453210
451706
491875
557076
526465
590524
608629
609924
692420
777456
388202
395254
464868
534570
502491
561283
581021
582292
661986
723296
340031
337481
392498
481007
427070
524628
571735
544056
636013
650169
436804
440876
530782
604158
565254
650944
694981
697305
740152
775680
859189
858424
878850
917136
922207
993055
1057751
1035384
1166805
1211640
314510
315706
356424
409117
543905
517699
591724
608977
609312
636169
584456
579972
608740
660361
635753
721732
785233
793582
938831
1019909
7637694
7642998
7724795
7903837
7880536
8001325
8046051
8047952
8121310
8193313
1297379
1297793
1312704
1388929
1367003
1401208
1466625
1426197
1520385
1524815
325439
324394
351706
400716
354540
548364
477835
584742
611233
613342
444175
446919
485694
535991
553599
609336
572146
662793
689329
715615
648467
646312
693582
747409
719275
829071
904990
909282
960168
1045840
851392
850059
873527
975135
943472
1070952
1157683
1158006
1211840
1300916
721607
722543
823786
917475
920254
980125
1095784
1069470
1165065
1225419
605115
610830
708318
795494
784050
833662
950436
928843
1013810
1064326
342475
339610
365367
423427
640138
641651
672903
710994
753999
764714
328223
327335
362331
405133
381955
448946
494807
440954
522499
563298
492975
492141
589122
628075
635626
726882
807389
746697
780229
867052
805742
809500
867739
952823
926004
1031146
1059682
1061544
1080389
1166676
740482
735865
750988
816412
793745
909822
931062
939214
996821
1062887
809077
805691
853035
916687
927440
968224
1022632
997446
1072007
1083166
441559
444857
479552
537562
504483
596672
661656
759773
735416
860110
796054
795545
828376
911418
888355
994612
1007102
1006111
1030202
1080489
345063
347615
423311
516367
507592
747329
761916
871991
991335
966926
370312
373102
417374
509734
549620
558440
653232
714330
660252
713128
341841
347543
392590
480684
453135
531340
538400
540657
607252
709760
830004
824018
835821
927435
897258
999337
1050284
1141031
1196797
1196145
608842
603301
621520
669714
639559
737842
785221
885840
866315
976452
398735
404840
457845
523183
498831
533907
602425
534040
646074
688901
870332
871251
993076
1127047
1103105
1197534
1316185
1323845
1443114
1546518
345225
348152
394333
571445
536592
638386
731466
737303
845665
952364
281673
284459
324131
413041
366800
420802
469494
466791
503182
568330
344749
347697
388287
427010
459097
680568
691172
762399
871097
845647
260918
261577
683643
622631
736058
838367
851712
937063
1060715
1045037
804766
808007
849067
923333
894750
1006159
1070761
1078451
1179470
1247653
909925
912573
955504
1017571
1004082
1105420
1181501
1163113
1284386
1308016
425863
436367
495089
569614
555533
643346
717668
645336
775513
830095
387685
390801
433274
500823
461120
521154
623058
609670
690798
698239
689907
692909
770049
883769
856702
962882
1003576
1010741
1135685
1226672
391268
397895
467217
567219
550386
638624
650786
618041
729068
825864
570548
567523
598769
656767
695196
697516
751938
807754
776939
855319
318152
319751
376861
429113
484659
478330
523223
587110
557069
618087
326299
337883
381037
434476
580164
540341
617065
620130
707793
768459
519096
524330
563901
621225
608200
666442
741755
711638
769200
792168
760335
761597
797562
873499
855824
1012313
1122483
1129463
1242321
1335277
413813
417651
461019
495969
570652
666136
688728
704109
761578
750016
678543
679250
722744
776573
765295
843309
967208
942839
1082145
1158227
763119
767473
822289
855102
852950
948150
1036492
1007460
1123597
1167916
731221
737331
770706
877444
861980
988361
1114156
1078316
1155691
1196244
314194
316696
376509
450096
499666
500896
540222
625993
603206
691418
431632
427132
461684
469761
473731
525338
606008
516136
597285
612022
828549
831214
897588
959017
931947
1040718
1081208
1051250
1115022
1133790
814706
812298
836489
915679
893730
1048867
1089014
1091214
1186336
1250695
761196
758100
800467
871932
894336
974224
948412
1047751
1096651
1094845
460633
467135
547101
650843
655583
717414
779789
871839
871942
861555
497276
497329
518008
586448
659452
759510
724049
823527
914897
920524
758323
763203
809934
896665
867885
1017653
1065596
1084307
1150722
1204512
719755
715932
734013
819376
788132
936784
1024203
1031594
1082758
1141955
729758
730600
770603
833779
893043
912561
986817
1041580
1010254
1058326
427580
427878
481442
593869
630410
728205
701945
792203
818776
824416
560084
563884
603246
666314
651031
707643
769399
744642
827233
868117
336461
340116
380557
466430
525136
529667
581417
645552
622786
714000
296717
295405
316932
369056
342564
368596
374087
447272
551185
497459
744465
742721
801309
850464
802242
875715
891447
890790
952089
984585
10367222
10367873
10398721
10504762
10482631
10641005
10699758
10711012
10832336
10918064
3617486
3618360
3662284
3747255
3782936
3788784
3909599
4008257
4012002
4074733
414267
411324
461323
553196
563240
702773
764070
773187
823264
902426
637116
638289
664315
722766
682539
758411
770874
770398
799348
920232
858482
865093
912007
967037
971345
1073261
1144818
1101640
1220367
1303902
384015
387492
426625
476300
448918
503554
601223
540192
655389
672080
250950
581853
548559
556502
633912
591445
685692
727724
728187
752888
450159
453106
496068
549473
515265
589916
634566
636501
699994
716009
372804
372528
456921
533247
494539
609966
640683
635852
636406
710736
628585
629579
641603
695797
661198
765082
786682
790774
868848
932907
535536
537607
593738
657629
645855
733382
796802
710878
821766
840743
319864
324734
371778
470409
566940
547958
609081
695310
649248
728977
357747
363603
407985
472675
581001
585119
654087
723336
744311
748102
884826
884101
918615
987580
966085
1046317
1072263
1070342
1109509
1153270
378901
386320
512723
624202
595876
689090
762042
765421
830453
895335
327958
326068
392465
522009
458253
551028
688044
653051
725640
783678
369713
373470
452457
546936
514750
566133
627137
546349
633298
667292
645718
645927
689106
769663
744159
810317
826681
824859
861443
944681
365858
365497
431104
522117
500319
607000
673200
650244
714350
787708
394201
394827
442356
493210
459329
554806
682439
662386
724938
705630
486368
492001
534448
604891
591742
639320
744279
682483
843454
901722
483987
489353
571845
656571
626177
726283
742638
744453
802542
860112
565152
576591
676178
790833
778936
818971
882337
872735
964853
1048621
466123
473212
551298
630627
612509
694522
776092
746520
804198
870223
346253
353694
449839
530504
502127
670602
697637
702923
774132
894039
351530
354927
422570
525953
510278
612005
615519
573264
653568
685877
297906
302482
388896
530962
459907
566448
615882
672380
707720
765909
650875
650853
684991
777122
748523
836962
920533
925241
975805
1042963
637444
637633
695077
793912
770820
859901
965263
972112
1034995
1088851
318832
312806
398081
481998
705987
713130
743027
854163
820529
916443
369281
371042
406019
541457
678770
672968
678863
732439
699912
788517
333928
334154
373060
423618
572922
576017
620950
677029
650771
810398
427156
429196
468877
541003
584580
590108
624449
687125
694481
805657
316079
317079
355809
603946
612287
664483
737607
717265
773955
829200
551725
553338
586042
639681
613620
714404
762027
737375
890164
944181
664488
665223
745174
821414
820093
962764
1037447
1051617
1172992
1265280
263623
268440
690506
648437
717614
720081
783245
754242
930836
1029654
536453
542679
636430
711517
679280
781421
827652
830291
895838
968296
303957
269127
411975
473452
442863
536198
572843
642766
722167
726355
598437
595913
642301
703401
759311
761949
885040
956437
965286
997281
520814
526167
548442
599108
573886
585411
713008
648633
725796
750758
438987
441649
521705
647401
617362
782250
853012
855609
872093
926388
736718
729950
793830
874069
847803
958224
991362
993098
1071569
1148861
650324
656914
698157
756060
730595
796425
817456
822959
883543
957040
890652
899406
1006127
1039702
1040240
1091420
1144115
1116392
1198831
1229921
622003
641397
699904
766705
733012
838470
975465
983741
1067682
1124120
650046
645337
668873
735595
705923
796389
873215
877149
477643
534139
605924
604874
655003
710642
750809
838846
816199
948765
1001443
1008707
333881
331891
343947
410268
588915
594777
626356
716232
684652
783652
376681
375957
443805
561062
718190
722607
793871
874580
844767
916332
358165
355789
391736
602059
552927
624600
663713
720042
637086
702360
398482
400165
447139
540185
507559
704641
803212
805804
864352
978206
877324
887496
971726
1037671
1014618
1098284
1150759
1157547
1206544
1257548
496340
494981
530781
621341
592681
674298
758714
760910
833490
933891
660723
660024
693129
735500
693933
824526
859040
860764
957318
1062145
763561
762338
773361
851007
831490
948808
1006261
1013247
1081216
1137139
702715
714995
768373
836720
815545
948692
1008707
1007984
1074639
1134900
887686
889070
1013023
1128933
1101407
1208507
1248891
1250706
1377093
1494735
4618858
4612616
4630683
4723029
4692032
4783253
4804906
4780519
4952962
4980067
613116
617027
638116
722024
685716
774013
843889
819148
920417
969068
385555
384173
431914
503389
495785
582185
664321
650181
704321
734350
379389
393710
452983
573012
547903
621222
640432
644337
674379
737435
930507
925476
966343
1033217
1052917
1124487
1098658
1214597
1223915
1223392
270062
268129
522012
523934
578320
626342
599776
697486
722215
729127
333126
331620
616167
612484
607589
702729
670588
742025
753982
768465
485395
475579
487300
591922
572920
628338
689853
598746
682160
705474
417496
423354
451740
487247
516844
487704
539555
577860
577391
570016
711300
711925
769082
808461
809857
863759
936046
914475
998041
1027856
743403
742166
796162
855611
859244
958594
938586
1013822
1059472
1054647
530756
524572
539942
597346
627013
694778
666002
719900
755883
674150
838581
841215
904065
1028525
1117805
1125201
1173703
1222064
1276824
1279944
754312
756751
800569
845528
858549
963553
936821
1009868
1057389
1061589
385081
381146
400703
453400
417865
541559
581261
585741
674287
746766
283164
288508
346764
446967
576313
586359
636117
695620
644124
720549
733748
733557
789159
909608
885153
1033050
1083263
1090974
1164932
1202644
822584
823587
841398
891911
920572
920768
955182
1018846
984398
1060511
817537
816169
834477
950285
931411
1026555
1103633
1106794
1162644
1210365
468224
470449
516783
573093
531646
603195
627427
570603
621692
628212
370305
370744
411135
457959
471612
563362
520889
566046
634774
610859
741495
738570
764572
878847
848619
928444
952963
954062
979839
1028741
819399
816128
827116
882271
851411
945152
981047
980026
1012560
1069481
727543
733869
797410
825499
886477
934570
939758
998687
1056055
1012303
834729
837216
886991
898197
945844
958491
958244
1002350
1067913
1042300
600760
602927
664343
764203
746289
837224
866303
879084
940222
1000682
794720
794927
861134
949130
918994
1045356
1095744
1093864
1132756
1205884
629952
625725
633999
694293
708507
779309
739826
856826
899233
899660
807064
808935
836649
909389
962711
1056636
1030076
1101584
1143200
1145077
797202
794554
825893
895658
924320
966439
906094
1041709
1026387
942028
682441
683155
726920
817740
801223
914409
952552
945583
1045786
1105393
390154
388630
423408
478000
493103
588780
537055
606197
589808
583469
761817
762004
845461
915261
889888
1021445
1066889
1069034
1106551
1173540
612970
611530
659254
718876
696746
800108
855322
857718
929708
984768
682155
682746
703019
757940
783668
852843
819549
951558
985889
987799
738316
733500
788238
836680
788624
881209
895641
895987
892237
944355
570893
570741
609297
664524
637660
706788
788709
791484
817992
880401
742208
740864
752902
789000
770858
839561
863215
865017
915701
968947
778471
791981
796368
828961
840204
908093
879260
916887
895528
896086
569039
577732
614102
670319
639075
709866
716844
718344
744183
772307
408575
407864
423511
456722
431277
573032
607477
610304
631456
681657
499046
496475
506032
539625
519555
594288
606490
608203
647999
669546
856454
854647
879908
938754
919423
997777
1038752
1037693
1070223
1120936
749227
749267
779171
840222
823554
963095
978954
980637
1013238
1054821
495697
500030
602377
653948
617018
702434
744211
740356
744107
803306
367256
368531
375424
465801
434000
593579
570751
581703
626686
670822
801468
812532
828857
866401
833238
867309
882552
884763
913566
945388
869495
867839
863408
924720
891949
976436
988805
966726
1011559
999977
343064
355106
377979
396478
397634
569658
577910
586966
654991
640747
653631
653488
663962
687649
621349
689873
676827
676185
663364
708295
746730
757853
869691
952057
931006
1028557
1060074
1064497
1120596
1150674
613511
616950
695638
735474
743299
777601
818002
772080
861218
850945
429540
429603
505238
569240
544071
608652
608638
609690
619846
614377
641818
642171
630036
659151
617530
642456
666945
628525
660810
653276
806519
805705
812757
838166
808763
891143
939673
942492
975943
1023338
718252
716430
750284
802429
770470
820923
853578
856021
892666
929966
805196
801771
794119
852867
807309
870381
921298
891071
986636
1004608
11683380
11682660
11717253
11776865
11759900
11910617
11998512
12009758
12100688
12199849
2148339
2148515
2194531
2232974
2206628
2313680
2339273
2341536
2365314
2474838
511026
506779
587192
590958
585529
594511
618347
619538
689731
757146
637215
636449
647368
690318
667075
783634
827303
829884
877424
937105
629060
629814
644260
677350
634879
721532
732627
730495
755184
799510
443210
445602
467551
509537
473439
514128
563841
572308
637945
675572
623969
618238
598300
619933
577247
635956
657663
628588
662130
653971
294540
300918
309428
538168
488195
561143
583273
591060
627586
667283
286053
287071
336656
705937
708925
815259
854647
856593
907515
951168
812609
817037
841291
928943
901205
992126
1002034
1003883
992337
1041745
441206
441509
462214
505614
461122
554958
583024
585444
658829
704545
325740
328946
372770
461675
382040
459401
462886
462911
470460
512974
859537
861620
865525
908925
871910
931938
919512
918224
907067
983994
735217
741825
787104
837000
807269
853753
878470
880909
903608
917500
874707
869705
881515
914542
898633
935396
937142
944259
978261
1039342
630896
627951
657652
707254
681599
788091
783587
784847
806291
844411
650712
655398
702824
735728
702653
734975
751344
753322
802310
868391
671267
668953
699444
703188
667284
749569
757564
823832
865022
861403
296725
299734
316888
669711
587431
637180
614466
627753
634007
665725
862411
857664
849647
922305
897162
990470
998326
999651
1029122
1172435
585200
581752
611710
686294
661997
741492
764926
766263
828350
889290
501252
505455
526585
569025
542697
577533
562917
571117
596559
642358
467526
462798
495485
548140
526125
631526
648206
650995
667770
672811
705176
707546
758390
812365
785930
855786
883015
894102
919738
982401
520350
523879
543561
579745
537622
585020
598205
552369
598610
588840
716704
712313
760720
821329
763698
808851
816776
825796
848781
891884
743683
738441
769500
810523
808567
899124
884160
959824
955028
959085
616487
613256
593205
625053
590681
665885
696313
692538
705461
769199
717720
717268
742250
792310
764109
820928
881438
883880
959253
1025623
547399
539375
595447
619808
659421
699977
691469
744820
751833
753325
519231
522783
542600
611714
563124
698201
724200
702307
779004
819393
379834
380346
445627
597187
536968
655386
738449
712105
811350
846071
418724
418056
449370
507990
475509
615402
693476
697184
748612
839399
505387
503383
496352
575211
543845
634740
673637
675612
699702
764623
741120
743491
805273
850819
821155
950175
967743
969021
1021495
1067102
394867
397483
443384
506400
544119
579326
582476
653848
754563
725852
709771
709122
750927
817810
793256
888228
958402
1031640
1005844
1084009
752928
750627
779704
881760
836327
905951
921145
921695
988656
1057535
644179
640114
690314
755859
731470
854171
948002
952223
1064478
1167256
845575
851196
913687
1006499
944935
1063655
1080410
1081700
1112567
1169706
866512
866879
887873
946060
904482
999064
983346
980340
1068025
1124579
656250
654595
691335
766683
730582
821401
875027
877717
958374
978139
756264
757067
851394
988752
966970
1062314
1139710
1222733
1203710
1287895
334153
335524
376017
504682
533623
537198
557130
627341
696042
698521
446984
472729
586266
685802
665042
771084
813811
815928
948326
999062
550793
550853
579828
624343
581017
638774
660994
665556
727941
828193
660940
661020
675091
721892
678089
731991
747852
748383
802225
853182
717565
715363
774667
858604
972030
1052985
1056276
1123298
1185991
1247238
829949
830187
855313
970262
949076
1033013
1053718
1058663
1080592
1131324
767710
768771
808498
875745
812810
888515
902116
907515
949239
1004192
347964
349803
397226
543610
549344
585005
627754
632496
633867
661806
632321
631456
655842
710347
681912
778091
864904
961416
934412
1016888
500125
499603
539010
614264
696849
797850
767817
884961
911621
914863
667193
662676
684098
756065
731621
823759
882289
886344
933920
964001
696516
692102
728107
793533
773693
926297
1018500
1029925
1109135
1190361
702195
707071
789737
893511
870448
992180
1034398
1036802
1094773
1158206
292349
289216
495411
421983
518199
556706
673682
653878
754828
780015
15241548
15244616
15323772
15425101
15401603
15519183
15558538
15622740
15677433
15686646
1175687
1175784
1257635
1362436
1337057
1406342
1457326
1460383
1518837
1578219
435053
450985
507024
586053
525193
671155
677227
754876
840442
821707
665056
668981
746888
863929
840294
950456
998054
1062854
1040848
1113261
683769
684147
808741
901491
848773
918921
937452
937515
959245
1012872
474332
473768
530272
616091
740042
725403
890689
985335
943771
1038916
569536
570016
656439
692890
822063
784600
894381
937419
1017398
940299
307055
309215
344116
401403
492056
493567
600051
622414
634335
731156
880612
878315
972984
1044951
1018399
1168326
1243079
1250702
1332842
1378798
602183
636642
700462
773037
746371
805983
860329
842986
1000207
1048132
444876
443697
500528
570363
538876
639553
688815
747923
695542
792105
517678
520400
543559
665657
647014
775964
858588
862473
922928
941874
675538
668132
734472
812578
786343
947800
1037273
1041689
1106890
1163296
874452
876527
950357
1045017
1021127
1130257
1166260
1281016
1261852
1313485
880116
884748
973447
1051490
1023982
1111525
1221514
1177282
1261291
1292188
810960
813246
881379
1011662
981454
1067922
1090870
1092285
1150041
1215023
289117
290858
382449
543110
475890
610836
647526
655113
743463
822948
801624
814692
915469
1042126
1012571
1086367
1105596
1191383
1171868
1265718
882666
888208
971943
1042379
1004728
1086285
1099789
1092428
1096751
1147050
754164
751691
779326
852605
832871
977565
1054669
1054135
1141579
1213483
740229
741397
806808
814868
895877
924161
957965
939720
1000559
962995
700149
701299
729855
789633
766333
871809
935863
945185
1034795
1103296
736505
741459
772446
851772
912539
922724
1006844
1123195
1080000
1166957
302681
299971
379529
466939
434713
541988
546052
546950
539944
548163
298551
299084
352611
464620
408593
527984
648715
656353
751188
823414
796044
796836
839998
922630
902228
986501
1024241
1122472
1091959
1198646
307558
309604
357169
452932
538781
537471
636039
715002
690525
831238
363782
368006
409718
466412
437072
527928
589321
662424
604335
704129
774113
769597
803860
855002
907949
972617
989153
1060181
1016010
1145529
813169
811501
838534
922527
884614
1001188
1066932
1070399
1148917
1233417
761934
762836
803434
881264
856155
943369
1026262
1000030
1085782
1107586
323265
324178
359664
411832
453578
434359
512890
621440
587216
693522
673360
674027
783259
858766
860602
968885
1030802
1038492
1138961
1223097
629661
631700
662707
710635
768155
831532
804713
900521
970105
934504
480131
475748
503007
557023
530443
608598
646554
648315
805164
920470
378010
378807
403967
585544
712246
712574
748439
836918
811800
884175
640146
634773
676822
780543
761999
893311
975629
985321
1087094
1172115
530430
529288
610680
673330
636266
710957
762312
773344
919418
995467
439457
434099
465464
560631
539317
645795
700661
756692
817009
823279
505262
511312
565309
670815
642600
718526
764358
805866
778571
872535
273994
272182
529506
533358
585898
675392
726672
739980
863421
887285
420230
422276
493311
575310
543176
653828
704212
704927
677768
761027
633511
628603
674441
744310
702952
798378
831893
827071
874877
936401
650259
639992
712404
781785
746806
845696
904134
909021
1017826
1082959
760740
758819
827385
891717
851335
999470
1007204
1012925
1056800
1105073
322330
321873
585513
591121
630575
703265
665249
810822
854141
864062
814085
818140
869368
965697
948118
1043231
1100832
1106087
1175055
1215272
773675
767813
808937
859799
838378
953549
1023941
1027164
1071973
1135770
501707
497371
547513
609864
565590
649034
699906
563827
698953
761503
630519
629645
684141
758921
742190
791012
879305
860434
956109
976796
369458
370692
407461
473252
691602
696022
709304
758836
710007
795312
607508
600266
628135
754861
743067
805801
836554
896430
873540
983700
765159
771325
842596
918408
899662
1028681
1088277
1046856
1173509
1231759
521734
527246
607399
694959
671397
767922
849926
877516
950196
1021792
597081
594555
618541
682033
658979
786506
844455
852148
920089
1017356
830009
830289
913093
997808
976232
1077247
1134120
1133845
1232385
1291969
810565
811853
883804
976956
958152
1059548
1086390
1088588
1134667
1203101
838293
861049
992627
1086847
1044647
1161408
1228052
1235274
1329241
1421745
2517920
2512496
2564519
2637237
2612185
2744804
2813617
2825867
2942151
3068270
1381632
1382042
1444494
1468219
1469620
1503158
1554434
1521206
2050810
2295407
373390
373295
516157
607184
691346
699033
728657
838647
800470
881015
799625
805917
848039
903501
889693
975016
1034870
1008756
1133068
1167987
394600
395098
430152
622877
596265
691056
716623
817753
775011
821581
368338
375138
585910
656751
626662
711669
875175
846057
937632
967355
727531
724249
763781
872123
853827
1045318
1112367
1118448
1195140
1273464
828613
852172
959693
1050423
1026344
1116709
1176551
1182455
1275706
1390088
736730
735430
784562
886826
860627
999660
1136184
1142067
1205122
1274957
292960
287616
339925
420858
656428
636908
725825
803981
814461
969813
519060
515831
593283
657705
630348
766833
848490
853348
991483
1123434
745326
741818
751422
824938
803154
952297
968931
971187
1069484
1175858
725084
726635
761411
831283
803277
977374
1072979
1080842
1176391
1263284
813823
811704
827118
914579
887670
984174
1058039
1113311
1098261
1177981
753076
752883
775364
849982
910594
917800
993451
1069902
1045660
1116933
613028
610778
675912
789737
766573
883210
1010815
1017353
1095160
1175579
800837
804050
892049
1009657
990467
1109083
1154714
1130138
1226836
1268108
728413
730603
888338
1002836
972847
1075663
1125738
1181547
1268586
1242481
796782
795701
830876
883047
875733
960218
936453
1011625
1056501
1058771
326832
329694
382656
426102
362574
438381
470969
472958
554952
619798
658468
657630
708830
777892
794393
875549
854786
988085
1030318
1035415
755552
754913
801869
860291
867245
956131
1080926
1065090
1162660
1199459
780237
785153
843509
874099
979456
957725
1050650
1081666
1078294
1124377
694218
688971
708251
787552
769024
955153
1048262
1058766
1126737
1173354
799820
798346
813791
871725
843739
956016
1008522
1007687
1083482
1119542
795930
795561
828063
921809
901823
1000285
1057957
1133121
1120674
1190664
534594
535268
577119
662649
675948
819569
963781
952787
1072814
1114706
660599
659575
719914
736878
736181
757845
841645
816901
971130
1049049
678153
676263
693460
746085
698009
759797
785200
785582
832829
890115
741494
739026
767534
836962
830642
883833
958043
940662
1042141
1087811
316859
328859
416894
488319
579459
583816
623424
664195
633645
688461
723592
724698
753225
813021
785331
906487
938872
937142
967021
1022259
896971
901540
989023
1002700
1001133
1028239
1070871
1042972
1113190
1089656
830202
830619
893322
940300
946476
986814
1086103
1066643
1157653
1207868
860478
861603
895704
1040062
1015702
1096920
1151884
1158733
1253078
1270619
518411
518042
552429
595909
573515
615290
687343
664474
762088
800604
316354
317844
363827
489984
463285
516529
581957
626590
646084
666463
309925
306977
343690
400816
323864
413195
434932
433318
453852
528918
534168
532799
570903
654899
629402
762830
809482
853796
928118
999120
365827
364758
403830
446861
483397
573839
559619
563327
605019
660776
335702
340652
379161
452113
564081
564187
642518
740056
716861
896102
286635
294274
347049
561008
502882
635502
706114
681232
780397
840955
309073
312474
394991
460575
628865
632512
713917
825813
794524
884680
363771
367363
424486
487685
468720
508990
594760
564198
623994
667432
861297
861581
871358
941596
913369
1015080
1054063
1056416
1075584
1117181
311082
307489
376527
492566
576085
584646
637148
733434
707582
814778
693810
696965
760774
866538
835960
984952
1059735
1071821
1146797
1201767
709371
708908
780375
901992
888482
1020581
1123113
1101932
1203717
1246711
559033
564427
601066
671548
645461
731607
769040
770947
804737
858964
699225
698529
726699
792788
852520
901399
904331
965575
1038043
1013825
894264
893954
945588
1001967
1067631
1195389
1169513
1259823
1319141
1388494
744061
744545
801479
844211
903209
877787
997462
1040420
1044237
1127060
405423
410118
495621
600656
575366
698767
721666
729873
816059
896210
748003
746671
774677
823766
800956
907261
971497
979557
1050131
1114636
248130
297816
267075
560991
565655
608319
661422
701209
773296
783215
587101
584872
607182
656998
628375
693038
711598
713029
747923
789891
832121
814832
833488
899212
966246
1066983
1046406
1138006
1138930
1212532
13539633
13550764
13649573
13698614
13715850
13794365
13981389
14022091
14102244
14240283
2678672
2675678
2691938
2754837
2720282
2784069
2862755
2839004
2916146
2943306
758359
757448
792829
871544
847085
922191
970120
972730
1040554
1130946
270112
270596
550791
476255
556429
597307
657716
744300
749669
823727
379528
378761
417976
511587
557494
558257
614279
675559
652288
744699
874082
874726
898872
961842
981861
980955
1070326
1199049
1166195
1245449
741016
739841
770483
826292
803040
894335
962838
970575
1041108
1094166
747766
748349
769484
818158
787911
855200
910964
915984
957058
1021622
744644
738774
768848
815234
783261
851059
901724
867193
964010
974213
547568
548120
576620
625016
593503
682908
735787
738740
790692
884808
757219
760273
819957
862867
833994
926976
974167
976423
1072770
1181256
529402
522440
555239
612632
589666
683558
748293
753355
802125
865282
773950
767413
785047
863880
843512
969051
1004813
1006722
1076078
1126815
284936
288113
485280
489559
485774
571668
538459
623466
640859
670611
856920
859184
912587
995696
974227
1051727
1077601
1081937
1134514
1180582
626817
625940
650283
696758
655991
754383
760979
830940
904421
904885
342654
345114
404690
504954
433631
520352
558444
564991
630242
699627
823968
818999
847418
896041
848862
951522
973609
974414
1023354
1070140
342723
340199
374225
452113
420720
511348
621500
587682
685574
681407
598271
594475
670978
762929
729924
852087
892114
889005
891642
945579
658369
661050
682669
776248
734541
839566
889476
896731
947862
1031548
325994
322134
343063
403011
797097
804687
876247
947531
928464
994606
427601
423252
458346
509442
546906
635892
577845
737212
821632
622931
821259
818298
844627
889784
858659
957947
973475
974444
1013443
1076914
582372
580627
596840
640075
622368
731154
773511
776013
843939
905040
601746
596726
633676
684016
659500
755734
774721
868624
840558
846993
397160
397440
436208
508747
469528
544237
582767
584923
666618
708807
366396
365575
383414
437835
574554
581285
667552
790356
754596
849231
497234
505371
545677
589975
546072
630807
713019
717711
775737
849958
754818
752503
769070
823396
793040
902072
1012012
1018318
1072214
1168441
496146
519409
647151
769639
748136
971605
1030910
997445
1113813
1169128
751680
751454
866253
929583
915184
1032713
1137392
1132941
1212372
1256986
679344
680245
731575
835909
951051
964252
1067021
1152550
1129899
1259456
340146
350209
470382
570161
708844
757291
833720
910777
894665
1032036
538532
538619
602729
767447
747896
859729
951647
931539
1015861
1162233
458420
463857
626237
705210
672881
753536
848751
820800
972070
1033399
299064
298910
339073
394481
396976
438364
491436
470022
572194
757934
448115
445356
476440
527187
500238
601110
616985
622122
637740
694655
351748
352616
393464
456826
565653
656684
631288
763498
856741
838869
811135
810770
919581
1015494
990791
1068783
1115285
1122391
1274042
1343946
461197
460963
638732
714522
742381
833433
810163
947495
1048340
1014295
327254
329798
442958
651400
606089
756214
851914
874618
967304
1071508
337366
334040
358149
440452
722220
728619
787769
820142
825072
878262
382480
382460
414969
492846
543643
542895
620273
672321
680058
811399
447004
448990
477033
523755
483574
543522
557360
541651
602393
653778
827253
827091
894815
998452
979401
1086604
1137840
1263134
1242558
1384494
421434
420125
478288
557836
577326
668961
647772
883245
953285
925870
373473
375445
431515
500338
578626
716218
721883
782748
886078
863238
796498
798170
909558
1065523
1045537
1167182
1244936
1252592
1361641
1449914
480109
483870
531605
612962
671976
658878
782211
832067
846316
920932
525540
530674
662980
799582
773587
873442
952658
1040960
1021556
1094251
371306
372755
411867
462498
447481
503060
580279
578339
584355
645531
415210
415648
465792
553212
608265
686610
686830
734508
801271
812876
617582
615573
653544
721309
702753
792515
836300
834617
899190
932535
327087
326567
352666
419977
700130
700843
712012
759665
726508
842624
733187
732562
775805
863701
836190
942023
994615
1000619
1090146
1139766
383062
384090
425892
487730
446295
515459
487210
486557
576614
659626
296184
293296
321811
400930
461929
508900
555942
573502
574698
569785
8626875
8629080
8669896
8746381
8720613
8792727
8783263
8787942
8841736
8941274
789070
791111
869814
971993
952179
1008072
1019044
1020521
1028468
1094242
450863
450876
474400
510581
466497
514570
538147
536651
558638
604508
434924
432291
501717
555987
522820
590115
663653
666481
685019
769017
478536
485298
531662
579379
543827
598759
610903
610989
615612
667718
373530
373315
435410
446992
425848
491206
571526
541608
660996
688565
893094
896060
967293
985109
989402
1026701
1080055
1058087
1115612
1146346
354927
361990
411479
463070
426710
470343
469181
469273
465051
494912
443375
442552
468827
520328
568462
715080
744954
746954
819302
865413
349458
351766
372865
401889
370092
400205
462224
465394
543258
593056
299365
298187
336715
424073
568348
524026
595850
646155
645428
691410
619716
620183
645419
705143
690936
771139
843303
820464
960461
1001390
527074
529080
541156
579328
598016
672096
674687
675893
674771
690374
374005
378744
411618
459324
624229
635256
708554
761895
726794
830452
580730
576783
584637
631326
611854
748747
804269
810085
895583
926032
306006
307749
337410
385352
617150
650655
631892
656425
703468
680294
383766
384563
409633
442029
398720
437666
466917
574426
578476
626021
703292
705480
790869
850698
835363
909099
937567
938616
1015357
1099240
664152
656947
684858
734076
711986
791623
826031
828564
894927
938727
405989
410901
423891
465355
774663
780409
833723
927131
886644
943849
895702
903538
930194
983657
939880
971744
999423
1027593
1093571
1155016
341986
339402
378979
454662
543302
552713
582746
638539
612177
664104
307097
313173
363440
418071
465944
476029
532697
607939
590286
675160
441569
441561
492759
591229
688583
694737
735867
814923
786195
895050
265823
270120
468765
431916
506652
534133
540026
582746
620828
579822
280422
284228
303528
458182
464300
535029
593651
568057
597712
603510
800456
827508
806377
861718
919752
927513
989211
1056965
1052839
1144658
891223
900164
983162
1036321
1005588
1047009
1047783
1049159
1055411
1104131
400669
400196
427271
574760
577494
650280
666816
579791
611338
662734
464144
464565
472457
502566
489783
535756
575530
577743
601157
643256
310867
311244
341905
363159
365073
554759
562183
588514
646054
631206
461471
461062
501491
561404
573450
605357
666859
675892
763311
825031
349334
351498
398767
470282
487239
493991
524850
552331
518028
560571
378086
378831
407979
473044
435814
599390
632649
609158
648056
685412
303446
309773
372155
467686
422335
544080
558376
559583
578331
665222
327321
327437
374455
475698
495526
575707
567110
636926
695421
668985
348308
349097
386122
430070
404632
476696
495130
498726
549161
607124
443028
444382
504345
550774
507937
613848
695998
702291
746415
807487
397254
395587
380325
419850
393799
424574
472786
536279
541340
602798
702453
696563
777350
867744
841787
914682
933268
935000
974242
1002969
445683
454669
476742
509222
515487
519882
596528
564886
703187
715002
320547
317469
368946
461671
591536
597587
650336
689108
691657
724497
342047
344579
385737
478435
450492
512518
542164
551696
652948
708275
298004
299024
331000
548787
554859
584383
574386
619454
631491
639657
357735
361851
405019
454155
556374
561786
586207
611602
549378
642800
287808
293224
347721
426025
396711
539224
585945
566141
647272
678616
875227
879620
936233
1010478
988287
1100111
1132774
1133567
1258642
1353709
454777
454456
483443
615444
583573
693809
736820
716760
720195
758764
372456
370115
406984
473003
444235
503584
507434
472751
533325
546541
519137
520755
568771
665439
674561
747725
816871
787589
941743
994356
492627
495009
576464
653145
621862
720795
741172
743023
814754
891359
426538
425929
473892
650289
608013
682200
717148
721732
775125
845963
503512
504162
537505
537900
535549
583659
676805
638484
789195
838164
445471
446137
482720
538691
501295
565635
617641
590602
645398
813548
384984
391030
485082
594315
563677
646178
643573
736515
701100
796642
499362
507400
592914
703648
678724
786986
889575
893665
959542
1059577
392655
392419
443997
495442
469045
551246
557313
520293
595079
611855
5773663
5777561
5811247
5867669
5847219
5901350
5966902
5969543
6111225
6209221
4631959
4624995
4639126
4719483
4685145
4833941
4904367
4876999
4976295
5005097
453680
454370
498534
559456
536080
646486
718014
727225
1067364
1073947
323452
316271
355743
411578
620666
627911
728716
860633
836504
954084
457059
459064
517258
597199
550115
644838
671550
676576
758788
844421
653077
660790
704180
773256
720283
818901
847185
874978
972515
1011964
824258
822267
855084
917634
1023507
1030051
1135663
1216354
1196586
1315600
779816
780921
854673
963419
939227
1025395
1055656
1062230
1129194
1198978
470909
475965
580039
688332
660741
770136
795205
780214
856526
951983
782218
783539
816628
926020
900583
1060447
1159033
1172698
1274574
1366475
592945
598037
692111
787189
829558
836379
933613
1018020
996520
1106055
366376
357314
407715
493663
471628
543455
564215
626502
543909
670554
375279
376771
420392
415846
420567
637961
643056
666276
716828
665422
770767
765293
782536
838386
832839
907311
969119
935756
1044791
1123720
747520
745330
778986
852140
828876
923826
1039566
1039088
1104626
1166129
355353
363108
476356
605669
593649
638998
715728
752174
747599
799093
320511
323058
360383
427777
737761
747663
801829
889737
852271
987697
457611
461338
551317
619955
621569
672186
735180
768431
870334
877740
722174
725505
783378
867219
975069
985725
1071710
1167331
1144246
1241742
661797
659417
701857
773965
778944
841507
816586
903830
938750
936884
671585
672380
745388
882029
857823
1003507
1084256
1095643
1189149
1270433
404997
405790
459874
551837
584677
589298
654595
746372
724057
727253
338699
338734
358698
436433
577064
581868
632735
703290
706713
726822
766952
765056
779132
836074
806276
873797
961513
967032
1048933
1103419
314241
315367
366753
467880
408865
539482
596878
575848
677746
730960
915094
917981
963638
1022111
1115784
1093636
1189514
1233060
1322773
1302280
474278
472845
523531
567150
567182
638160
603266
695670
738570
740502
281930
284064
603961
607972
602813
664007
623720
759684
837073
839266
306539
304802
321872
561836
493964
570273
599142
668626
698065
704404
378246
376015
410669
465352
438809
520047
588816
586133
610291
666323
396203
394493
462219
567635
539422
617316
673301
621335
773068
799679
463431
464600
484875
531039
495334
559438
567627
568839
582607
657149
384503
383987
418226
480907
445412
587839
620993
626623
674954
734172
485587
489138
530938
593131
660866
731447
732803
795527
874435
864930
309439
306348
336548
415076
610642
616504
668708
735110
757525
795172
751386
755494
842629
957034
944735
1004606
1046119
1095641
1150651
1177894
1031473
1031982
1051767
1138574
1118476
1214054
1286003
1292684
1452605
1529925
429967
430604
469446
549198
517600
606396
626884
628225
686359
730714
481098
480406
523254
614302
678317
681687
736433
801585
789773
908401
432140
436387
525503
620402
597318
692233
707609
748181
819540
825582
409225
406754
426977
481639
448914
608335
723985
696749
785820
856390
501095
502096
560283
661516
622705
760981
856190
833029
933018
991927
297043
298276
333089
424875
716521
721598
769723
842168
885002
964202
368889
378884
466579
572079
555665
660542
742378
737382
789703
882514
327455
328248
364494
438149
407440
536077
573001
577684
621321
690394
309632
308766
344547
420745
547143
520097
565182
639938
611822
708143
616795
618045
661678
746949
724480
809315
839872
841804
962507
1020584
418326
418205
459096
510469
469788
545625
581108
582830
697098
788054
480219
479756
517018
559222
565552
609937
608393
753077
841256
848145
336746
333908
363737
420348
469784
467447
538371
582899
660619
755548
415713
416643
460901
512307
513223
584471
555351
700554
762088
765391
339949
336843
365267
437591
495447
500054
545995
602006
640852
613302
468596
473813
561145
648237
641216
720769
809470
792261
975191
966638
728479
728736
763879
823900
804470
957865
1061384
1073895
1205743
1295027
795259
792306
832718
903565
958422
958736
1034443
1183118
1159649
1226952
469663
475808
532282
607570
584443
672911
714874
721955
850913
969069
322312
318389
367680
428651
443095
445260
503132
557303
504498
618318
12545657
12545273
12575483
12641786
12623861
12742093
12816114
12829094
12997223
13101801
4594137
4586842
4654837
4724170
4702385
4828703
4923751
4926337
4972418
5076335
541614
543720
589284
606161
604374
639262
694619
670561
764561
815447
405867
405776
511745
617199
592938
677657
818677
792025
854120
834652
866994
863144
906690
1000168
981930
1076115
1148365
1255389
1237153
1336422
428526
430905
500269
604065
665414
673083
775991
921715
900869
1039553
432842
431519
531550
637983
607517
716817
786968
742122
840967
907785
313541
315294
350555
434600
533529
543750
550572
605566
630932
627907
353354
355814
389721
491564
606073
552953
636905
666275
756345
737693
834657
833992
911690
1048188
1054280
1124434
1184942
1231429
1240579
1329498
717034
720658
796778
884165
854806
1006344
1051809
1054534
1105187
1161852
696084
694436
750944
804987
882336
895240
1003436
1071961
1076053
1126213
314356
317499
392818
509535
473126
566505
620509
679659
649431
734652
732321
733534
779865
842289
819325
912974
980590
988072
1051018
1142500
324639
327746
378539
447236
594965
596111
624718
693757
671081
769630
568984
565191
587538
673521
654605
757266
808592
810865
883986
935600
363310
362561
433994
491598
463574
535665
634799
606779
691908
741197
515235
513165
536608
609159
585539
672545
697957
695769
780287
909950
290784
289068
322461
406020
560419
562573
608921
711347
672684
743267
397422
395189
410585
510080
460100
597100
689087
689848
738434
789375
439787
440307
516918
625004
591739
672316
731056
739492
867769
960527
458825
462177
502115
552511
532970
607818
650354
657225
742444
818122
405771
406242
437224
513497
492840
587539
617293
676556
635635
683017
602442
602823
696189
795866
797747
931318
1050697
1031798
1127785
1152669
366165
377082
423652
486587
471313
545507
645077
608033
696710
745551
777778
800420
838326
940121
922338
1039096
1070370
1072745
1100069
1152454
797780
799645
828612
919932
1014779
994276
1081492
1135934
1138936
1206509
420373
417996
458327
509218
477814
533681
537594
537278
538795
605568
769012
774399
857133
983783
963081
1057973
1097831
1179895
1210542
1233404
738954
743626
818970
896213
892726
1018821
1101199
1084724
1176241
1202958
359045
359023
383065
457840
436570
511963
573493
573564
636066
617678
310708
311618
343575
418694
726893
726684
764596
849878
825086
914801
473696
476700
538581
613247
585798
725988
753555
764445
822198
929190
286033
292180
354267
421042
580515
587677
630339
700483
658976
771800
588318
591452
678614
760890
739618
834965
913971
924022
998733
1081226
1073485
1076060
1166591
1281514
1260784
1371962
1408006
1477502
1467896
1560399
747047
745260
764575
838441
814280
926825
996799
1080695
1066266
1173969
485843
484813
529483
614950
599128
676606
730461
799317
768328
904969
563814
566896
613694
691999
667462
811165
903693
911570
995666
1095430
405263
407104
495562
574844
541368
641371
701404
895106
872803
955010
402693
402121
425278
483882
456115
578820
698816
703552
717299
804500
544475
546509
611528
694336
663486
726360
763271
765770
799726
880564
676634
673043
712704
770140
743383
861125
950791
958639
1028462
1114352
333068
330013
372816
466989
422933
508695
523091
525998
591467
714687
581764
590963
649864
724998
699491
822239
893241
877301
976913
1049026
299404
302083
378347
459540
653745
655965
678017
744457
717061
845300
477615
482335
538508
612711
584409
650591
673492
675196
727026
790354
497997
498031
584457
672964
660359
726568
832122
794790
892665
963917
329808
330799
411128
490359
559844
567846
633677
719474
774505
779218
419350
420167
476291
571251
525533
652882
734216
745519
819802
930715
334618
338218
362269
439761
367580
466859
465621
467012
548568
643145
803289
804896
872070
947097
930857
1042851
1088494
1091070
1145471
1189774
270333
269373
669998
615565
684857
719770
728411
802804
889124
947449
487169
491942
527542
615406
587882
689050
784660
770064
892202
987407
291362
293848
335231
397499
580823
587786
652660
728646
685641
769434
457164
458011
539441
603028
610221
720145
797745
767286
897309
907438
862805
867912
972662
1070216
1066079
1182305
1221948
1224334
1341234
1424646
619919
619376
671819
735680
791409
811902
914446
1015896
998223
1094984
6385254
6390592
6484487
6573802
6557419
6610659
6663253
6668098
6751171
6829841
609326
610506
670864
758617
843788
848004
934961
972554
980831
1042806
669519
667539
701218
777054
751012
862064
925078
928078
987263
1037051
308710
305133
353919
713932
642508
758681
851481
858108
917562
999418
402666
400563
442706
531590
506874
569941
639638
728562
734682
830864
410528
414017
469974
575048
556728
658126
701546
701595
760986
895713
450402
451519
556465
644103
623439
708847
794520
798253
874625
915555
306508
307702
331727
414994
371196
459446
512209
519283
566234
649025
803438
801783
819720
890790
885452
977322
1059001
1084333
1121715
1175978
856514
862778
963216
1107595
1088143
1187849
1223214
1228490
1287767
1380680
753908
752358
762185
861545
843413
1027399
1100310
1106546
1179473
1243173
439834
440398
474963
563417
634074
732544
741999
819369
892366
859899
448096
445449
519640
668795
624714
757719
816657
827497
920349
996677
358339
359533
403304
462989
443240
532811
548471
553217
607443
708535
313434
314037
411691
537371
479225
592790
661992
651107
767006
843777
307085
307311
354423
802750
809350
922513
994648
1004067
1090345
1199409
511037
516648
582281
615550
617493
621841
695123
674785
724793
800867
469179
477430
561085
665136
636266
718080
742063
886359
821590
948881
751288
753360
791417
840050
787531
930572
994288
999826
1074029
1129992
772480
779005
873912
1005255
983277
1092085
1149773
1153045
1210027
1267012
884645
889015
978599
1062454
1039940
1185440
1235684
1245164
1352354
1468621
828232
837096
905943
1048989
1036703
1121882
1231755
1299996
1306459
1360604
782092
783613
845999
856097
857603
886370
934213
965037
964892
1026616
496092
510778
596606
691651
657212
791313
864563
882150
950156
1018920
460879
464090
515046
601142
674183
680269
794863
872285
876001
1006218
568135
563122
604826
745563
723724
810783
849066
983974
962335
1056617
565605
562393
596849
646009
683306
776607
756686
849506
887935
885547
260398
261812
592574
600104
682510
782578
762814
822538
906893
944933
420089
422282
502547
611676
574925
690290
798598
768482
918212
974723
1024948
1025662
1058929
1144323
1124709
1226707
1266577
1242241
1325520
1350400
513661
517610
593045
689897
676031
783245
801822
801489
871050
918629
453373
459463
542696
628652
638387
707685
734380
742290
866352
945963
784899
794765
941116
1056336
1026123
1092250
1162611
1172652
1239215
1307262
399168
401065
481486
572865
573636
640316
652714
666797
778204
879095
425066
433681
529533
609413
579585
654799
765487
770687
824238
870222
772592
774509
849766
972257
951753
1085340
1122034
1134952
1198056
1252248
458558
459732
492500
575313
522116
649840
757010
772348
847154
902141
518137
529287
587951
653974
653000
743381
872579
876942
1002013
1040875
443521
446286
562066
651646
614203
740962
830219
837837
958091
1007290
405140
411502
473693
555516
519858
564537
649124
619241
677708
748791
435584
431657
508290
605381
567144
659968
720027
822833
892395
893219
714835
712882
759378
882929
862062
955593
989639
1074728
1057647
1132924
671319
670116
686835
767297
733221
828311
897247
896840
924136
1000175
836323
832347
896303
1033955
1012477
1088504
1126418
1133478
1194146
1251904
361648
360474
404851
485931
460935
675569
751097
706324
888224
946993
437110
436239
498151
553814
556089
670262
768259
795884
910178
877883
1364519
1486190
3661299
3733092
3719241
3873536
3877347
3891360
4030350
4113287
643687
643791
681808
750895
815998
822100
897301
991070
1005933
1001957
755895
757342
857950
980340
945482
1043813
1057486
1145033
1105226
1187461
332276
325711
368495
753460
685396
756646
807458
813065
899905
959595
328460
324980
353331
455626
525791
495695
634017
716059
722462
794033
604937
613124
668967
744196
802777
816876
924729
1024624
1007882
1105970
769072
775583
831700
897473
912298
989538
1084562
1046642
1117252
1125528
651709
648225
692713
762253
772191
841887
817974
972121
1051468
1058388
555565
558552
580939
649384
721347
728880
873747
950000
955046
986370
816628
820724
884462
936847
938065
1000811
1082828
1064300
1164346
1211764
386566
991279
594566
663119
743202
391279
430471
515312
485535
566697
9128579
9124451
9174483
9287765
9258903
9383198
9471890
9460993
9513629
9601578
4815428
4815390
4887298
5028433
4985749
5092630
5150389
5160053
5215303
5273644
345129
345856
367177
435526
372761
416944
506087
480586
563182
583880
790239
789820
794672
919991
875799
960371
978964
1045449
993731
1084197
817444
817786
876527
948398
923317
1030593
1094291
1071030
1171836
1218366
844516
847219
888978
972448
924331
1065302
1059548
1059282
1131346
1216278
853304
852206
917161
1001804
982142
1100441
1182282
1188205
1268250
1376723
631186
626482
661257
788545
766621
921945
978913
991052
1076566
1144893
756500
756880
784012
860525
846008
990651
1045625
1095926
1153977
1247600
706930
706748
726142
816143
776881
881546
898938
985904
946955
1024162
434710
436453
477142
508360
546491
571388
573386
646127
786719
754257
676629
674267
747430
871593
844620
989531
1017045
1019513
1066725
1082424
353793
352513
392503
459648
476051
626138
569754
656284
676605
678247
740753
748902
806329
887091
862454
1020450
1090334
1090083
1146120
1241354
825033
826711
892725
1001711
977809
1046736
1080326
1082336
1123596
1179347
753506
750046
834022
957813
935361
1004611
1049642
1139306
1117405
1216780
371967
375134
457614
553003
551716
621261
668677
670136
718336
859828
777460
779857
819202
893987
929667
936677
969970
1069827
1036691
1108063
682196
680934
709611
795798
774646
957255
1008714
1011794
1109844
1196837
753069
762361
826370
895074
871281
986475
1016188
1018585
1036296
1065660
424596
418543
469970
516321
521484
564108
653369
610536
720816
817336
369758
371023
425164
469610
432559
483986
555749
562171
593170
641842
367825
368397
378353
427674
383208
431547
447563
465083
570640
654702
361202
362720
396353
452870
429803
495005
532852
530220
551661
590136
402472
410191
438170
504494
456562
521058
525293
526612
541559
541347
346939
350497
394996
511024
477251
548494
531681
532278
511568
