791714093
595731
564704
515955
565450
504797
515845
484665
546943
460730
520505
542569
446189
564851
487345
498626
521274
463141
452388
460539
522277
500388
493915
535584
535987
529941
478869
467089
545011
488068
515475
540119
535777
509561
573126
518087
507051
503152
518509
562441
447733
561069
565546
522880
518684
422468
443875
461546
505998
419171
460502
502577
481641
528266
564093
548897
487990
509249
472513
511460
508895
493132
520567
544991
490595
553316
468253
497447
540881
472643
532713
488737
455531
527892
407132
553767
521148
517493
460489
464618
492152
484435
463377
505761
475858
536653
408559
520324
555469
518409
480320
452230
492462
502666
456087
451601
513249
518522
442023
537177
519179
533876
439576
456517
523709
438032
533731
479245
508229
470019
548667
517618
462536
535813
558764
481878
472762
549360
526628
505212
539496
520738
461851
499226
513406
533760
521931
534116
473025
491060
554938
498375
458060
530631
476502
447172
526434
464234
397471
482929
518653
529251
538592
552436
451567
509974
539599
506072
475500
476721
498928
504986
536827
472784
488011
579043
540048
466402
502995
522893
464044
505006
582857
527663
469778
423088
519319
545877
502974
421361
539870
509404
497821
512419
505550
434256
479868
513379
518453
509487
500061
509489
503436
526014
509705
521472
427532
459397
494764
492376
500226
530601
500392
505066
511699
510074
509018
536185
474763
543024
517902
509086
504710
473787
537504
507223
488042
556723
507751
492951
520083
506300
667497
509679
484618
540801
507237
525117
500493
478715
433114
540422
527190
521200
483399
512142
502997
475934
438835
417429
509656
519095
524808
525974
496333
498615
485959
543561
517060
505083
516123
501072
420635
505421
485737
520256
506296
539155
495158
503571
505994
508159
512299
510838
497268
537228
415336
499453
491696
504822
477524
509917
504056
482478
516595
531245
515053
401790
526812
500402
455695
502818
516907
467230
499946
508515
427917
497490
574757
521262
498786
476782
530804
553524
560810
506266
429821
521388
464017
525684
494146
473932
510534
512411
505050
548373
542176
488229
465915
532388
531221
479529
536255
509332
484551
514191
512290
512335
455271
530827
550154
464606
586370
541843
525979
528795
399584
456050
432662
482132
528759
490620
503257
510473
429992
481836
513862
440577
519214
517207
516386
436195
546618
539537
401242
596382
575569
473309
508677
516914
562863
482746
534902
510542
504018
500544
515846
450042
499492
435744
573288
397399
575276
531506
513888
479827
512747
504863
475233
514112
523078
463060
462980
526626
375495
478542
572561
521623
468873
499409
527359
505051
480587
532593
445309
529869
550421
513801
467496
560874
555916
416511
563285
583518
548126
456249
534702
513655
506428
507177
453296
474025
476384
519148
409320
525451
503750
475019
537372
486938
528184
523330
512069
532718
531741
496568
546010
520910
464905
444651
552688
545158
532743
425456
520718
489711
518751
553314
493226
454739
481338
522472
491254
496334
517316
557886
504845
522647
480797
456804
560643
513795
544365
547358
421450
516367
467453
513099
523261
533164
490937
553999
510482
448561
471271
561564
429706
470689
573439
564408
496184
497700
550354
532543
457785
480758
450254
547670
514016
481829
548482
536761
509254
494327
560337
518609
522638
514478
497454
521530
545379
515952
462788
518211
449907
585577
512319
519292
526865
464461
527857
443249
529388
480595
482250
495373
514999
526732
459974
498490
552241
481306
503943
506365
522075
486380
538257
462159
470032
475958
451567
447897
440036
555469
571050
459722
526388
470134
462756
536946
512015
526018
536427
496050
515819
542069
476632
509661
482450
537956
534586
500772
519312
527637
523167
525252
522988
562467
548070
516193
541816
521649
518608
544601
539550
541976
470836
468018
548045
465484
521897
533132
518818
536117
468657
453903
483666
472162
441898
531588
458196
555633
506532
545835
523465
516300
510766
562999
511742
570191
552334
535897
517510
540872
500681
518661
505030
532603
511219
511968
558511
454723
519299
457645
572112
552011
433780
539053
491655
475458
474171
535404
518006
487209
503771
524391
543638
454143
520416
482719
505768
619921
543581
455847
525839
528226
546477
531253
542063
528092
557552
452744
567327
514323
543069
590040
543852
512401
512704
509186
514879
475618
567615
463547
518563
522689
571436
454364
512291
502130
525460
560846
536402
454428
491200
539536
522079
475291
521315
503461
492866
561969
527966
486231
538431
513087
463169
470132
470472
480318
520764
482310
613659
515278
559542
507550
521650
520429
454885
539839
494948
510436
512549
500635
514338
556688
533227
486273
557129
523932
587114
480164
519138
492232
515515
439205
519590
523443
438420
540031
527571
550735
529399
534567
451446
518573
511994
517791
499325
472835
455669
450016
454486
481794
448087
466187
476958
467475
498456
504717
503181
502214
517982
512702
513809
532707
522844
503937
454490
514758
506586
489063
410437
516344
514591
476265
558974
421863
553294
514761
461004
553208
460166
474159
509143
501284
410997
530666
507189
513296
503834
543084
521015
485515
530089
522519
400042
455707
480081
542341
538322
502966
425089
515504
530361
519865
451642
516650
466470
530400
490291
558271
531522
451658
520703
477250
536724
477498
516411
508215
538733
541970
515841
486651
561612
563316
442616
543160
507773
524638
509985
531919
487243
517363
466604
560115
532565
474126
502819
532237
527244
536018
477957
455912
466362
452790
545361
526194
521431
522619
464563
470733
512787
502671
475784
529695
519565
491290
521034
534474
462101
482481
524717
449486
534170
517774
551928
529016
490259
550186
449654
545877
549451
515102
504539
510063
499673
451614
555341
552235
479225
521747
549084
554370
564321
605142
477499
518390
546274
521141
496535
536652
507082
519700
512944
458538
550005
535375
614826
535000
462469
541798
533844
538829
484609
527927
420839
515765
470974
529822
508136
544357
455467
545081
499091
539928
541516
548993
508094
497338
512082
540179
508023
511990
451690
533054
483650
518652
460168
451442
484970
488377
451181
519271
507342
552487
507857
510991
516932
491171
536302
459456
529727
504014
449273
514288
584616
525770
458663
537327
475741
462609
519656
473959
521667
452930
520314
553592
504985
522689
498683
501101
531294
548628
541663
566627
449297
529487
566678
464581
560339
512530
531543
545377
448487
479261
546572
456482
538981
530178
513218
548475
511169
450026
531847
506544
505421
523128
457002
580167
542171
538677
535514
480805
557669
523497
474756
455066
450474
527689
519566
447452
415193
526440
530025
527546
465532
451096
538567
525395
519938
527005
517832
540563
554914
513014
550281
524779
545132
545699
521716
519217
458051
521338
540266
515319
535923
507397
459891
515612
517225
491956
493647
523994
562935
527745
657084
542073
513856
487347
550824
513278
516589
537082
503214
540851
503795
521289
513086
511753
519674
474304
485124
593493
540193
515816
519767
517627
506597
511615
508063
514246
506394
542451
546919
443649
540592
526363
510571
536771
467538
530432
519942
554167
531611
503787
557748
504039
509476
540310
525227
554028
525072
453285
498699
547191
466230
538581
471812
536736
510316
510177
529354
533448
483235
556389
516506
536034
514217
494235
534758
534302
528106
436469
535437
527048
496618
522562
526863
482709
557164
536831
530598
488955
540546
519214
519060
455877
427644
475375
456190
530710
530481
445461
524302
515406
546439
485330
547297
559297
449578
488685
534093
517267
547111
512209
514179
541403
488576
471049
541881
468357
540182
526416
517049
560541
431900
546765
432025
553772
439549
548507
424354
524272
547319
513170
515307
440334
535305
522950
529028
529642
471249
441459
479280
424873
432723
468772
527426
529603
530191
537815
532109
547103
539377
513725
481858
478769
522946
499856
525654
536908
468675
527972
428319
520300
457522
540765
431104
509779
416147
505879
534788
469339
530278
535611
483613
541296
477304
496160
461448
537064
565969
538197
578103
529902
512760
485725
475327
452672
440344
478266
476612
538745
492179
517738
509960
523875
520385
474746
519321
505916
477835
554797
516726
479851
379825
571365
479517
527139
515298
504329
543822
405013
487965
567391
506730
454601
522191
537220
538649
572934
453605
511365
475009
543980
538681
445955
534169
562221
531480
556048
549241
529663
471384
475709
417318
406773
417479
521811
561120
521728
563247
499199
589225
542174
476372
507137
508630
479304
503869
587506
405453
554539
545765
411972
548695
443197
513713
470951
516397
554542
542738
489742
526618
440056
511848
510563
437978
543209
506114
483262
525811
447975
533068
506967
444534
522354
481179
469884
460546
418637
541391
510883
550749
509794
481279
509574
502003
518368
526700
479081
508553
538393
517389
485530
582366
515374
526923
474018
492647
533556
452337
523533
544788
522814
538779
485477
550673
436927
514903
452268
547107
528233
524781
476546
477635
562371
508472
508933
524482
440777
445519
456874
448867
483075
449980
461053
472131
425777
537580
526198
525757
520685
527784
476373
557096
574792
547870
541435
520501
522822
505071
514233
421768
522057
515089
518331
503579
481885
535375
575517
544242
418773
553380
475368
541680
563036
571538
549690
454205
521104
493446
543248
539918
565750
446331
461260
572939
512214
530336
538685
487404
515793
511992
530718
526096
540125
482960
473182
507608
512286
529791
515423
539272
506441
475189
532916
457557
541940
541965
552394
524639
473327
508929
518732
551337
444152
505675
511306
548556
513979
503013
514609
527541
523323
568269
429753
524043
527794
530887
515999
478244
530559
533975
558117
477545
417774
479153
493954
495143
516999
553421
407653
523619
493530
513156
519617
503256
555685
435370
548096
492024
534200
396590
469236
420465
438444
537337
549415
599728
557106
530988
501887
516438
524000
518119
455240
565556
585905
558504
555893
474084
491693
512562
542280
477409
563805
540124
462211
428919
480675
469477
538159
548886
438776
520576
500258
563653
522638
495607
541759
471557
544293
533371
508526
541489
502437
526142
520505
513866
495995
490244
491109
524034
535356
484061
524243
505971
518784
495756
521258
519083
507659
562505
490236
529834
461806
547328
556971
530162
507898
535356
524885
514937
425695
478194
501933
498679
499687
459822
530724
447459
563705
508634
492762
543997
524407
518922
471606
497766
530384
524304
471631
578560
463352
492447
549743
554158
563964
499811
518044
499659
512805
466563
560813
510794
524573
495261
572110
448171
540644
536929
512568
466386
571036
576181
542663
429524
506360
510265
437076
454133
545125
526210
533612
435269
552002
449970
528780
556775
507434
450719
526008
544777
453621
548950
426624
549571
563432
532276
539989
507704
515120
506365
469480
469455
526338
440306
543994
564801
529929
475924
508862
497051
530820
485115
519747
535902
544428
522207
553017
516057
522520
552172
524184
546886
501771
513373
453075
543781
532357
489622
526584
592327
532932
430087
528523
529831
565780
569359
454020
532589
476738
548857
454859
523448
528112
530992
477004
543763
462937
522029
553216
509871
529709
502260
536549
530200
445453
563538
471232
559487
532117
466314
526319
527771
494012
524753
507887
522355
480650
476877
441604
457306
433137
455948
422962
567461
527755
514826
536663
560082
563697
534567
550483
552977
470914
588002
411806
534778
483855
490166
493283
522601
491593
516471
573576
546081
553441
526029
462206
499760
528992
528146
482456
521008
538229
547640
455321
480969
523794
517355
487356
504613
575017
559848
483659
488181
555459
402119
456201
566063
532487
542441
535013
495457
567562
529400
540061
543895
525496
536778
548862
479869
526015
502698
534676
515231
498652
536407
502970
540192
518106
547741
538821
516719
481406
556301
471875
567237
536234
522615
534131
491077
575395
500283
528934
541242
520815
464706
534598
488382
541797
485291
469011
516260
557068
452754
527859
541757
531201
518223
476517
568815
517872
550254
554171
481395
531690
495697
549739
532153
480160
535138
500185
501323
530541
536468
480346
596825
484002
532290
455667
526305
477340
551001
528185
547989
525861
504118
550263
523986
556811
453408
514763
423530
515909
416763
529274
514218
426366
542010
470481
546296
527570
522932
535759
573367
575651
506772
522356
520501
530388
509630
514554
511038
436436
517480
567655
576435
484359
482013
564218
474426
510554
473539
526149
416374
528092
534429
538707
447584
536676
510727
446140
519786
535390
521194
561479
420142
526768
391664
534790
492334
554205
566853
501407
492558
517676
510070
575891
474558
517427
530291
495396
553974
508758
518679
547573
471435
509589
449713
466224
525556
487423
494598
542619
475610
503628
494475
557511
490391
513886
502580
495540
486875
558919
483551
548135
495403
488288
475665
536833
503104
518705
539630
467201
503139
519703
521701
463238
559790
415840
500128
512294
453167
540002
541384
476014
548095
566133
494604
505718
517253
477521
533782
440959
469574
488471
450703
458140
525355
517977
571701
513099
548847
519235
544753
506060
523565
524724
542705
476985
498303
471763
534915
470859
589507
530465
485143
532051
502045
497030
524755
496912
506589
495244
536015
537409
547665
466514
524179
485490
557665
548876
517986
504435
487216
561357
516405
562249
540020
436293
526185
536999
554757
480458
517359
516000
536621
557866
462710
520412
536782
535893
546664
484868
529063
587368
554629
554280
504867
530765
535919
518741
522215
545170
540180
521788
503369
461139
444170
478762
554076
520293
602905
445982
553657
514015
545923
510914
563995
485009
550988
492491
555889
531014
484284
523022
575517
456380
549478
562773
567057
455412
511226
520194
522501
527619
543433
527461
542599
515303
573011
489825
533920
502367
490708
554244
463981
463181
575750
512470
466221
541285
474223
522117
535795
483626
558101
485602
512243
488904
497839
564197
539251
534301
539255
563247
536814
526215
535663
516917
531978
462296
512407
512105
529656
526647
487407
531649
536203
512328
477212
552593
447017
529688
571707
548557
468888
545060
523503
530016
516783
542983
549018
592859
520700
480477
546316
495433
540994
485462
502256
493254
562969
435918
560434
543468
564620
486296
520958
573239
530966
495424
571759
545039
568334
566515
485452
537447
501731
527035
518446
540710
498228
468023
539384
595918
514477
490653
570587
562070
486154
550737
536960
546791
541323
540963
555913
536489
455459
555906
494662
550799
463365
469778
474175
497042
444479
469545
426958
469348
467728
515544
512521
530071
479401
553058
518074
469914
520277
589557
427864
525584
517234
604124
500676
531157
567514
601073
556976
523636
473926
553689
527063
521896
508436
562113
567903
585650
468035
543938
556346
441545
546618
548775
536499
472874
542052
458600
501271
486411
480227
486632
492524
528075
466250
486891
424694
589268
515708
567618
493104
623382
506628
483471
564399
542175
489741
537818
472651
535581
525364
579465
511675
537545
569452
530605
490945
532649
573142
462581
480912
511691
572542
549842
571502
518579
540112
537959
478488
512066
498155
505465
532415
458861
437168
470184
540148
481254
439478
547318
494198
560582
506095
521114
492007
533574
532711
526245
542592
515451
460760
554838
520841
559154
470937
496591
526418
477566
448074
464210
491101
504671
520421
451033
537744
2210088
491669
573003
520032
549196
533066
504682
533718
518019
426872
472265
532105
531915
518588
526042
536065
517828
546888
505868
426172
452508
518602
529809
508628
529238
534069
484429
560462
517595
519468
509805
544645
520633
474785
548632
473145
582782
537912
509449
516531
524475
450170
520161
485974
528301
554699
505418
465312
510045
543592
523544
517138
521141
502955
517628
475901
557802
535331
411047
554905
488574
499107
522557
420356
450956
519810
522893
462102
519370
475696
529566
521083
470776
533833
536293
493376
551606
464349
560299
510862
507972
499165
526645
532192
511854
519758
542094
504428
515428
558378
521968
509234
442764
519614
533581
462090
519588
531470
538749
538947
509103
538937
522867
520457
477620
474876
458476
451849
467035
555353
438431
510258
529476
500084
521479
534161
525635
512075
513081
513095
507701
525755
434824
541358
547404
549684
492647
511613
535731
511521
511500
463650
540087
527763
531707
502474
511977
514107
471600
511496
467396
518249
524353
417839
517390
536766
532149
544579
519286
449946
540726
512085
433839
468365
473242
433128
438825
541332
497699
537779
514198
493246
520236
478312
523318
494436
505368
516798
555542
526095
470338
517446
499195
512922
511235
512695
500398
549942
491108
527782
514531
539618
476754
519081
520545
543406
496259
541079
471912
524672
534092
507486
523655
514621
428651
549262
429064
563052
452814
485985
533815
470298
428491
537532
546749
538812
546002
514295
515875
521768
513702
505565
542173
448472
517176
510775
567190
517162
439908
558473
509145
597399
435402
516799
550409
532699
525742
473212
531582
574182
438581
540349
520286
550612
508652
528462
533118
481758
540949
557519
540272
579682
536186
457918
533502
500755
554912
464685
546495
551765
531505
517122
514646
542242
515169
462429
526193
508845
545769
525555
545006
548860
510853
543642
535402
528510
532676
542766
515486
552076
482486
513682
470679
492652
514173
470442
512236
433129
508886
432033
543150
521666
533109
418606
565513
511950
510600
463873
533866
572427
514350
506346
537500
473866
542133
492272
544303
506692
557163
535835
527070
552646
449439
547676
562483
517059
523906
515473
512189
507189
478035
528602
530173
508272
465630
521524
516761
549452
475181
557045
446009
539163
521524
501594
586041
471451
514868
468168
550283
571297
472950
456357
562474
524629
486352
561626
502089
500472
522067
532114
513227
531365
530482
507205
530309
538219
511970
497557
541161
601992
543585
461588
554463
497749
620297
514128
470415
560685
526416
533756
516706
540993
507467
565325
409841
515465
495313
511946
575584
558811
461315
506182
513995
576052
552373
520157
519678
511738
459675
512222
458509
473333
528874
511670
502998
495325
521705
598577
447905
617861
526160
560254
481208
530682
518727
510290
551511
510744
530717
530745
516389
559082
526580
516710
480616
474784
538435
495596
414564
529123
511006
537560
511724
517287
505548
560272
530045
551982
540390
538307
528338
441351
522054
424329
547918
449758
485780
479549
479383
556941
553615
550839
489462
579480
561450
523997
560081
537398
529985
553399
506919
538306
474030
571881
487781
533002
536626
494302
468409
540100
432969
552727
542167
544161
522314
526542
536119
539777
491880
516198
510831
506415
529339
531745
533729
507665
511250
491197
540454
426664
511392
531526
536342
537257
501133
549810
508697
521434
541964
479631
498578
576383
445215
556144
529711
482927
560658
524331
535662
513102
493182
532757
496217
539055
599119
451442
565516
487743
536600
488544
492114
470198
544698
516829
515742
523393
524433
545224
480584
493974
460591
485542
442596
439848
451112
530744
425570
515398
408887
548145
562959
546814
533060
553458
563488
550529
397768
523653
490706
536057
465830
494307
565761
472375
2993411
1060409
1323152
533400
456610
464571
481545
519325
504251
566062
433079
535530
493613
590568
495485
548165
546682
497129
466669
510260
518580
567894
505181
521108
445804
530036
522819
508359
539313
530267
522074
421017
501038
551785
467395
485871
495309
545866
433979
503207
514041
534431
456761
517736
506577
463229
492966
549547
544118
549895
553035
513489
506559
479759
534573
524544
562294
543372
527525
541439
491769
528200
515079
467052
519881
556511
429771
519329
490066
512402
518313
509450
511387
461828
501451
448061
440221
429275
496197
442007
548084
450505
720123
505225
549353
504333
481740
525454
480775
485007
423855
538903
483099
534601
473854
488598
532456
517996
520206
520750
541413
416206
488621
506372
510222
553290
475856
568741
521878
518811
527919
535656
529450
523850
539547
485387
405957
499128
480291
461172
462582
501966
463884
526181
575408
452677
431825
487365
447779
566584
540174
531681
532351
523036
493723
524613
570854
536391
538464
531938
471575
452371
446015
509290
479633
422240
487898
484388
451421
487973
544473
487246
526347
499828
520028
377098
510906
557670
540331
476501
468891
473698
532708
533636
426116
454420
546464
458384
521122
572756
507195
515016
467340
472194
513915
507592
519772
525136
449605
534164
529064
467698
546218
501042
585780
414163
519591
513886
528704
534338
485624
533715
432656
506396
578421
502497
553632
501472
515972
482926
429399
478203
475420
566908
534298
560402
502119
475910
537587
482127
479730
507908
440315
534903
494809
509707
532987
497011
529619
511162
524230
454217
528304
416504
501008
520305
520159
500196
527049
543080
512570
472742
510163
504400
541702
519989
511212
511387
437537
532676
520666
400056
513038
489835
512231
520134
533956
497410
531084
478378
530195
480320
531257
457231
512045
482837
519755
360147
544703
512387
531545
422462
531577
405217
474001
540802
428779
490414
508079
478803
522844
471408
535932
447296
524318
487515
518399
513434
545851
544448
517000
482700
481145
456985
553270
461384
513081
481482
551310
523757
466878
520592
467570
433817
510395
497579
525724
495581
588613
375691
402606
524188
511102
356739
513337
399474
544943
541696
480051
518802
528702
476433
558284
540228
443469
532780
530734
535715
522299
552027
507872
517675
531472
511291
525375
488185
514400
468297
485404
585259
440389
532344
539181
529929
538954
537181
543282
470762
522273
473264
535711
522512
466989
454124
469675
453905
478147
431538
517462
438036
530087
540122
473932
559597
476157
553182
477609
464554
549042
544392
472963
530390
517255
545305
533709
479259
467368
398961
464466
509028
522388
458192
523113
426210
476648
485086
535730
514984
532478
534453
536467
509711
532026
440456
457317
470878
459096
535171
466397
476238
499235
409363
522151
441828
533279
479603
520585
487222
544887
536267
541272
437895
519797
513294
537664
450185
563840
511108
531036
484876
457803
559961
515645
562313
536746
435480
545742
552676
552327
570022
503305
485583
534824
441028
532996
485399
516974
458714
525906
449539
449061
496115
449236
417013
521874
403505
526513
474723
524331
468438
526203
436376
547958
466985
504463
479990
537461
458848
522336
519094
546941
524695
455089
479707
518904
390361
515463
552771
458084
524856
519497
529102
536689
520860
462670
534991
666307
529997
439390
493748
465001
527429
533835
506628
564030
455086
539731
558229
547286
438522
539597
565888
523286
475520
545935
501735
500729
522843
522494
539759
530139
514746
542674
530228
534522
521753
432407
465779
461446
508158
544441
564322
453219
521694
530552
521645
535627
524747
539558
451909
535487
516923
527442
462139
517430
508004
535398
523333
571514
459094
534759
510236
526097
471774
558283
478393
474614
450288
522750
502639
499384
518378
463672
516417
477207
496292
513916
570237
527579
523355
543803
528234
574162
550356
476853
518874
528471
544137
492130
541805
532076
521497
545357
563045
552389
481163
542788
561688
535205
521886
540438
552838
526846
523727
549862
472512
539640
543524
534764
509895
533927
443033
469512
573053
527354
432601
536656
540746
591754
557085
492928
535009
530674
509591
508759
437439
533020
556628
543462
531134
544698
542328
527429
502393
501851
458932
553960
587644
559142
529929
526073
536047
545485
541846
478522
519054
529604
489655
523696
542344
533769
421875
413700
1528895
466648
438260
466430
510099
455155
523300
523107
539332
511680
517874
442258
534809
544890
517577
519909
511552
546904
394413
478371
499022
446657
421821
527515
518336
501734
500335
537815
553650
513208
479731
524032
530550
467737
479939
525670
562308
448021
491059
575347
528881
526138
465086
468980
517457
532528
481065
448907
588308
450575
537600
452900
432267
475942
545710
440216
525831
530789
545723
531121
476265
524586
497193
501404
462445
503656
454112
546118
496621
538316
479117
538030
499250
491999
485348
526677
524126
592079
517014
479730
515962
532232
524101
522550
552386
523535
544237
542990
523025
503684
491090
602090
528148
460307
486639
489664
494434
456957
533929
563432
534677
535603
533908
548154
519686
527789
522948
533007
520553
513832
548040
531327
524145
536866
481587
470796
531859
521944
538367
524303
530872
517410
537057
523842
557508
527537
492589
523928
550858
542840
533716
500181
500816
515882
547648
521618
538890
538803
495244
437777
501506
480798
584088
482110
508699
546301
539954
560748
561608
582893
535672
525421
525381
534283
504349
541119
520907
537143
541798
475108
536223
517919
576165
504981
557434
466099
550618
491524
576463
482206
536381
498470
559507
541218
497250
520433
575360
483262
504830
517487
524265
539518
557021
482315
504238
469684
435576
467499
542592
568698
549146
491245
551115
574635
464733
524992
554674
486480
589483
443585
539657
530383
575936
482361
536434
541209
528526
517217
499797
483893
603019
545984
485720
529199
472824
506070
529476
530918
529168
539907
501019
532509
549378
487936
559186
548981
535064
502036
569352
461801
497747
483739
482517
571078
464589
559279
568334
581134
443008
589699
544058
543467
538573
543799
477340
540547
491603
560918
549240
488096
533699
486080
567600
563293
563199
507471
557451
512139
483768
530584
530757
528639
486118
540237
516699
483592
545784
563134
553896
515469
491844
508510
481643
464548
451131
537570
546429
528658
518594
515527
535002
559785
540776
537572
538928
481173
484676
521691
453516
539546
517122
550338
489187
455112
480455
530438
527191
525193
536176
517044
523230
482761
480890
535223
523585
445540
548347
515616
443038
472058
528657
488149
486359
481207
531173
436104
506758
532956
480898
484450
464834
480529
439335
445294
429749
526443
446697
520194
549442
542172
543214
502520
443619
430304
532345
449653
546066
462588
448977
436516
439029
530207
489053
536983
517088
542021
522947
528052
491995
528524
473236
540769
501381
524567
482728
440957
527128
439989
553910
483945
464853
552110
433535
531474
468247
522443
519088
440607
433850
544319
554718
532981
551363
457849
542195
578311
504092
526602
499171
554317
541793
506881
540611
524519
549566
525441
541128
542030
488608
549981
493170
550696
531739
534974
534350
487365
558435
477831
556227
545559
482641
526661
564009
549112
536555
553154
434242
536566
549101
511603
521743
413785
498598
439133
530140
519884
522954
509666
477966
543548
531191
524510
567963
551515
441037
521369
510798
526854
512357
551930
440824
469026
486469
520389
451700
461896
520460
534495
548821
549930
523365
537518
541464
459373
561456
473377
523701
533293
485842
471465
454247
537660
512402
539918
445523
525342
491944
517127
422493
519705
532547
545608
518429
565529
520531
517594
543773
542825
519248
550583
520972
558768
562851
476073
526633
504508
531444
547970
461111
518871
532954
527129
551712
548247
518363
516536
532665
552787
469472
546899
546068
545873
556759
483191
533280
552889
517286
528221
540564
450069
496939
471884
474316
477312
466347
525320
528453
541618
524241
550403
515593
523732
550351
511310
545039
536195
530103
530936
525422
461067
519827
441096
540492
535605
489023
531903
550352
526946
514593
540641
521191
562655
478363
649039
536649
508779
561203
559588
530959
536876
506026
550838
524135
494462
545833
439117
457121
473439
458189
549292
519559
552270
519910
523554
520336
520023
548650
518817
517872
515089
528873
459978
542702
527917
547047
556978
494822
550680
527821
522509
525623
518614
536208
541012
529580
542858
523049
525326
557024
561294
534531
524683
519210
527997
536729
531842
544576
530415
540785
523733
598710
431451
474102
510666
519387
498791
470642
532313
514814
523135
521470
516204
484348
527612
530620
512634
517685
540839
463666
552528
563956
559156
549820
509754
572023
525260
546247
525538
521682
545146
532230
568175
443042
549070
519134
538091
537243
485820
569211
483468
524983
488107
490108
558592
540806
545270
459827
492989
446687
487204
426695
446706
440220
526645
532359
526643
529907
558407
461965
553403
538714
533701
526969
525570
524434
518155
523800
533994
548571
526662
502383
543467
570718
468558
466842
547374
526105
521262
552273
546768
494278
503889
556336
527638
537455
529720
537170
536631
525622
463383
519644
436868
555592
456896
532687
526072
525032
480927
537121
547375
522093
567194
475104
552379
535057
511677
542762
541022
545716
539624
539298
522562
538820
542064
537065
507473
527396
522241
511891
546353
566323
464364
522015
547750
531387
540119
495749
484713
530501
542899
541709
557481
452644
458431
457993
497600
461654
481612
540006
448747
473415
460762
535287
551290
531705
524709
532766
537834
511555
538909
527984
482461
489939
532210
538847
532765
512409
501707
475626
550198
536786
563360
552147
491495
520286
536484
489750
482595
552134
549023
517215
546495
502296
555517
457945
547543
545177
522511
472139
555913
548780
572368
479718
536920
489757
568151
480982
571540
536288
536468
546743
549307
534098
539432
501348
530980
481470
557468
546756
547107
527745
521369
522719
557574
552402
507552
552466
559761
523448
539539
513283
545191
535148
528867
545871
504528
587745
435889
526695
515001
464871
523456
501127
524574
528396
532256
544331
554212
525453
472604
512038
484922
520023
531963
497057
521735
555630
503703
512694
534642
462842
559511
525891
498796
515370
490663
542509
551375
495496
542768
541426
529623
478931
488792
519459
498996
531571
541638
560546
476263
554058
529285
523592
525947
534425
507716
538067
445923
545272
539962
567222
554933
557155
538135
446683
553078
529165
492759
535264
476515
551272
548256
510801
539084
471115
533706
532990
512481
490152
581267
530961
528185
549916
464006
552274
514245
478822
483020
473521
548305
528822
484123
524581
559252
562879
477300
514888
526961
476912
546690
549024
550779
529372
466173
517075
505909
514213
436144
526352
426841
533007
525947
507928
563279
456493
474294
547192
535533
535001
531212
541776
518713
483004
564992
491431
537254
477990
535785
511989
534380
495914
541536
548806
485038
530162
526295
509436
539424
472114
477692
519926
515661
457664
486006
534737
548651
536322
556140
505617
479067
509055
538540
543450
460678
481925
424306
488471
472765
514520
536033
500674
524622
427822
518443
528357
521019
500736
517151
528945
537836
475524
548371
467001
545363
476507
501711
534032
517746
554387
512875
466243
528118
476400
544868
536520
535947
473422
516174
530581
490720
440781
452562
522617
512339
477407
550046
438420
474785
554913
526335
523559
490717
449458
546167
547675
496809
524401
560164
464674
547313
494287
526778
520469
546765
520966
531014
526392
523514
482965
397779
487064
460729
513558
513070
455350
540245
469797
527745
483913
478228
531880
506270
502232
535261
514282
552980
483068
512283
471087
512366
526814
527492
514696
491772
462036
468165
512779
475794
429031
529380
511499
414153
509211
497656
525440
458622
567378
495701
579213
505328
478676
520715
528665
428416
522518
515300
537768
513289
516688
528775
516750
548151
530066
526574
516612
530947
524389
471676
535929
545062
529431
532852
522021
518622
529736
526428
513243
541194
484303
535448
476043
458897
472828
517554
539869
514816
522771
524309
529417
497172
529564
474035
534110
566338
549700
531375
528630
567368
539359
542191
465741
530350
493838
561923
523485
467179
531498
522459
485124
521182
515146
476948
538356
558978
551436
535348
481499
510764
516089
554584
572602
534986
488298
549602
515090
449042
494943
526764
487143
435494
534800
544114
430868
520967
486312
536104
467464
525523
567168
539543
469527
493465
549670
472491
506970
556225
495003
525705
484488
484177
592349
484617
615499
568270
472043
581253
529683
525719
518754
509758
523230
551228
474510
523094
503959
533907
457758
453433
498245
425859
529647
529765
529261
469808
530834
521529
606803
470020
553969
513503
556349
520934
522978
531880
519638
547026
510597
519273
540817
524685
438290
521371
421222
524111
428335
527634
461355
539384
517712
525023
470047
518892
518948
546692
523600
458404
554267
530655
510623
518734
531679
527018
543803
517514
532512
546257
481388
459693
461861
482995
534278
442315
531107
523102
482220
541245
524877
485868
495200
563121
530782
515958
536829
510237
500105
522207
375371
490926
545691
547383
474404
525755
524898
514272
526477
464604
527189
468847
520979
431321
536203
516357
540292
528564
528219
478652
547601
553617
575848
468606
542202
557992
451814
546603
529730
434325
541803
547869
481846
527248
545602
542027
508972
534557
530122
528007
486125
522546
525987
517132
532547
519988
520816
512644
489719
553827
540710
530801
459005
511313
548155
504283
548208
489709
541997
553513
514437
502159
533316
532682
534736
527112
561457
527031
542132
535557
525245
463256
485287
463646
470224
526052
535601
523453
548828
531702
461254
537369
468586
516551
530119
542287
530095
540817
492328
539280
448685
531100
508008
514087
549901
467812
466957
556378
559731
516838
546024
520474
529420
522165
485280
547750
578523
563981
543595
521916
531525
526423
482354
455336
484971
473156
547215
535895
529007
446242
550893
528574
511366
513223
465476
500297
522962
535923
520625
579613
533188
519483
534791
457528
548908
453141
543253
485211
515086
558834
519282
522604
537099
519951
494309
518240
576082
470213
485647
544276
545900
466305
504920
506795
533197
515438
467060
507487
545342
478053
499142
557091
534022
528673
524311
426459
482544
563769
528325
510033
460687
540539
533016
539545
467689
536244
558222
513931
429732
558524
478968
535497
510254
1991398
518095
518250
518562
532063
516814
508155
524683
533533
475518
550873
526472
474893
513805
456418
541451
521544
537433
512770
516142
524027
523867
511462
426799
520408
530265
413857
518598
523314
528914
490059
475124
553555
515009
521240
498325
484753
536435
524949
516755
500335
453086
510938
417599
422683
468681
521613
543547
428915
506369
441601
497985
507193
582312
513153
550754
516228
477043
536095
528299
497063
553058
448882
500304
508258
488230
543301
401166
531357
426615
548487
441007
496485
414430
514020
514072
495820
514119
474446
494721
558189
471580
537172
497066
529041
545548
529556
544661
533586
522827
536421
531507
525994
544936
475993
485791
567176
512711
507014
529560
537131
511811
509599
503008
540586
525437
530185
512286
531410
461115
522274
512178
514005
483697
421701
467796
486124
459264
422199
577418
426995
545267
517155
512749
525307
502468
523492
434880
536802
545402
507688
508795
526216
515072
512719
513394
512028
457469
456574
446961
520313
467031
503435
536893
505514
505109
486357
522269
520709
491314
518276
517190
535755
520227
502720
563409
511569
416056
459012
545317
530005
460033
506491
484795
578190
488725
513010
512291
524863
564710
467404
465245
522081
535539
498800
543555
482349
545808
518775
519086
500263
566049
515380
505101
571710
500627
553932
545377
515865
561740
497024
551439
519253
544971
490418
544833
506701
524182
526164
479526
543497
485858
528186
497500
490345
524964
559491
550879
463276
555787
521595
557894
546425
545572
487891
568862
545447
499295
514053
551981
503275
569523
540164
495779
494983
515034
536449
576137
534655
558973
509500
521196
532583
524004
537039
518917
505735
562733
524037
542606
454883
505908
532380
502001
521445
514359
474461
457515
459226
436687
446729
475440
491125
454946
458137
510309
522694
524272
529879
539077
538318
519920
516684
552993
531700
540941
530543
550544
525056
541054
529278
539075
559204
551365
560340
515398
541462
481760
519462
535236
508518
524669
523660
523278
540726
526797
515988
553076
518430
532978
534756
445503
546425
526664
509478
471102
539827
545302
524127
477674
466888
539973
573152
607429
530280
549889
530930
543981
488346
585901
490002
548047
554789
492273
559514
559669
550530
498341
523375
506610
570031
552486
557244
520515
489870
504667
546189
533457
535345
520966
535171
529958
539986
525064
537463
523187
534722
506826
579388
547483
443783
546508
478656
475370
481558
498473
560044
530566
538333
547289
547473
484121
566315
538016
476647
516665
522267
517031
512479
573971
484285
533320
526638
532799
554927
516952
563967
514928
537022
542790
549938
528446
561061
448908
550340
470638
522853
558630
570665
502919
502597
536299
483047
534761
543280
539427
562826
479380
454401
494699
494657
575449
489979
543547
535482
533207
563525
539763
547288
534169
543968
527595
534690
585218
502931
527907
584385
532763
551987
519345
536536
532302
538119
529644
546732
494056
503278
539532
551957
450858
584377
530231
558526
511833
467201
549069
571358
458536
524753
542362
542325
556497
490767
481596
476040
474098
548273
528848
514373
533490
487542
532390
556285
510212
545147
473054
526226
446811
539359
534577
552132
514683
542759
440338
581124
525362
531653
484344
524894
553113
476803
519106
531062
527212
555647
470177
579593
530719
541745
536031
537974
506369
570845
528412
564675
555858
491031
540757
501202
484802
493188
513357
468597
441283
547193
448591
550358
545271
569477
533087
539352
486325
554957
544047
555083
554710
549866
479181
545858
488470
569916
525653
555466
561496
544581
547581
536460
465982
499775
533322
513988
483790
564961
519739
487609
538518
563708
548037
513366
562092
530005
520961
553388
476210
473500
475236
544992
541052
531258
482440
542277
552169
543422
534342
541841
491290
613463
502829
542205
531389
531708
536631
536653
549040
515402
527761
553413
490863
550899
478865
544935
561995
548681
529537
534013
497155
586858
531898
569734
539046
547132
539521
510318
535620
490060
530766
552146
528665
486971
474391
492573
469283
543492
522831
537854
532707
521464
564409
486758
532598
559701
545670
565196
532456
539218
551481
546518
547764
544997
557869
572452
520201
554047
485633
565933
479659
465644
472747
547951
536286
546323
543795
555442
530268
565577
492700
554506
464638
561081
559597
463302
507076
546218
504562
581784
550787
484703
488709
525552
532461
574240
532444
539259
557772
542041
493623
478040
540336
486576
575959
474435
530903
560096
542736
548252
492001
537710
545423
526009
564146
533299
553614
490460
556074
530186
562316
536261
565814
529603
478189
540546
465204
541088
490440
442235
540806
521305
559211
471221
555604
472120
533199
478818
525271
496347
478372
531519
501871
529198
568954
416866
516893
534090
524085
521034
539780
522280
529412
524885
490321
533031
434957
536076
432409
551069
529905
551761
518280
552582
537079
515804
518650
509664
519780
521786
519658
513215
520431
509284
519529
513545
517725
519461
509023
518949
509902
504655
508118
449507
526504
421102
521612
513835
516517
525890
455519
474472
469194
462947
528164
520096
513166
462892
525015
518328
523601
503889
483985
519309
524124
517860
512243
485479
546449
558512
518581
522801
522376
523003
511898
515605
545671
521647
514713
537699
450615
501677
517807
548003
545136
530228
577745
527655
514161
507216
516596
526462
529331
539404
452783
526480
561539
465229
578598
518957
516836
553173
491532
544286
522061
514061
486267
544240
513035
517222
555054
540101
471377
553107
472825
541885
502144
534680
547773
483482
525435
510601
537711
543251
469996
513956
542016
545921
523584
543133
541962
504096
489988
427251
539201
534673
497163
555563
546749
584828
482507
553946
526943
525045
536892
539164
553004
537187
503939
558546
484004
529904
435000
453853
462055
463889
520835
529034
553970
539130
529089
526272
526941
502127
465240
533739
548562
541441
536391
540611
485650
478009
503349
435995
537687
528190
556943
553125
473765
449571
426152
536649
520642
518361
530631
524814
537186
533973
542145
541079
494661
485743
537082
499688
556842
501498
546791
526083
531306
484572
525568
531995
550167
500856
578646
466944
507154
517347
466399
544136
516582
509881
511087
465313
529403
497959
538235
538005
504543
522079
557589
495732
563135
431653
451240
516716
573076
549412
476901
533487
471983
566746
542715
472648
559790
602581
555833
530812
544378
538381
542071
541293
473939
540168
559438
517664
463603
540655
522060
524285
542041
572246
486648
523800
510715
517050
528002
544414
481852
491277
514269
519764
530226
511791
534229
489011
527007
501346
482311
530539
457321
429739
537925
508956
529722
509723
492732
535397
519162
521588
454415
457578
536296
507985
539424
520765
484151
525245
525370
520736
444807
533046
563958
576167
564952
507537
487938
531520
515650
519034
539306
514721
535312
508644
489369
551359
466723
536133
540510
526749
537502
521686
471908
508127
464845
452003
424978
446156
472962
529654
535509
437105
519374
569485
537814
529785
518268
521526
499971
547856
547047
524703
526315
512697
516519
524373
536529
460721
566346
546982
570316
475541
500573
522328
532009
496755
558580
499535
543221
554810
450751
544057
533925
537110
488715
485473
556196
489050
484679
468008
473250
456551
436377
545006
536997
438133
541431
561022
541071
588470
565342
490507
527272
528571
529025
537698
527383
524241
544327
481148
521214
478361
459396
498522
528254
530739
531364
523140
535615
510527
542565
545361
509052
479874
527753
524514
508079
561328
485757
440948
533881
534915
427403
566316
529929
534293
478958
470687
537926
502771
525336
519541
493109
440055
528423
539782
533473
527282
550253
543823
481197
547986
430814
533870
517319
535946
529842
520527
541289
510898
439026
535352
522727
455498
530620
563403
528473
519638
524134
508133
516095
451016
538342
512677
478518
460680
460573
436267
533940
467584
544747
527465
486744
494939
521448
526226
539914
517886
538101
518690
505858
550984
456761
583844
548176
534604
524423
513688
497930
546905
532037
543983
481347
507306
506681
565874
481971
485123
539048
535401
477368
649188
553710
538901
552937
484575
512490
536158
541290
517688
491487
542133
540444
526813
528361
560444
546986
474560
561042
542561
565346
452474
543089
521258
457936
550849
476243
525752
463663
535086
467718
527020
536588
530480
527582
563951
471598
530044
558383
498495
575190
486131
550114
555726
558341
567676
502537
561283
508041
492853
572055
541437
539649
540850
543436
535002
538450
543398
496747
556066
495984
531639
569951
546716
467601
550049
564671
557548
498579
542308
638220
527491
570883
532801
528986
520338
547607
533815
552094
534726
548947
493366
570811
527853
489352
514710
536385
560277
536502
567164
535933
497938
486730
530712
517204
543053
481581
536756
506428
587850
471285
543183
577699
584638
563606
549171
549389
561589
534544
535079
1103136
943114
512057
584456
551060
540799
533374
556497
534998
539297
456216
536864
557102
485001
435639
536938
529456
544525
556606
473345
510336
554012
575441
546400
488294
554389
537785
538944
493865
538524
520789
519650
468542
530668
456159
527368
441536
541208
445580
431782
430453
532010
463651
537646
462597
531889
474942
527381
485358
565651
526786
545259
494406
533082
495336
452525
557244
548829
530234
573623
481738
528209
533145
556513
439208
544187
534606
546887
538880
553464
548083
545235
516886
527642
482460
533679
480437
523113
513902
480503
561472
540026
545149
529404
498945
543457
527186
510117
545233
435488
474663
436515
551050
536550
539064
455666
539551
538816
534294
547490
447504
541574
528409
527741
487149
531918
473333
543294
521290
490511
547890
537716
540219
524701
494902
533438
442663
565806
538098
541290
558423
545801
538073
521615
494578
543817
556099
486128
511406
483665
482084
473793
498089
534181
449953
476378
544204
536610
523799
522424
534770
446172
558101
519070
545932
535301
574823
542806
529194
546713
529495
496961
535856
539332
526764
473123
515828
535574
486566
535098
534784
545016
506135
517923
473759
539658
505536
508139
576372
456586
520446
519224
525390
532235
533908
521993
493672
539688
501383
501806
459081
548637
534049
484857
548067
481042
529384
683298
523171
540371
536337
525245
505424
535667
465455
546671
573996
528142
534974
528422
551372
572983
521259
522288
534417
551882
568328
524330
556909
539531
544744
508109
548245
488170
553352
539550
528116
496095
563928
536733
523488
465910
445899
529381
479447
545156
545184
540640
534153
522247
487893
490995
524501
522046
535798
532120
466443
475152
534701
538783
536281
544067
523472
506514
600901
462625
524897
481110
533268
524438
522110
539875
501444
516623
520405
512617
537036
538278
510916
523496
541548
540101
498656
462742
464463
455299
504231
446976
514832
532161
487833
490645
548944
522643
521599
515477
527744
536099
528834
520079
545032
509483
501063
520085
486797
567649
464274
541073
540742
528908
561573
546796
506185
555783
545622
560597
471769
514015
489600
485229
489355
536897
558476
536912
482613
474172
522881
501440
433278
477881
443690
460181
488250
517512
542611
469120
427769
541955
529667
522073
478094
549796
539742
505554
544373
525169
521480
526509
542898
461080
563932
534622
591230
438869
533775
530284
538499
465244
518647
519578
546920
529226
531021
493383
479520
547471
534257
481253
561762
461166
553970
553641
532150
521708
517324
548190
526205
523508
459736
467615
429383
482623
479458
537180
517229
450834
559680
506109
540094
542706
464088
489004
538143
524492
538861
522783
468265
467890
473279
468035
532110
566862
553455
501447
545485
532897
534140
530605
534661
535387
541102
530804
539063
532452
531100
535663
493374
550430
455778
490517
542670
530748
535007
502377
510239
474940
465132
450815
431477
531562
551788
525144
524583
532551
530264
650146
501328
548326
532276
521874
552404
552509
531081
528087
520428
534798
520297
523062
541758
492829
539889
522934
530156
455168
501060
517516
545395
525276
511919
541995
508020
505145
515395
534687
523679
522532
510813
546589
540521
447286
467319
461693
456789
459328
519377
526150
527265
451730
551477
516648
521818
474556
504681
582314
532603
451161
535010
552209
546102
482950
549087
431135
501510
547489
474218
467920
578012
527767
551090
501245
524870
536269
519881
535807
492583
485182
539804
558473
558762
539017
536836
481507
522186
427048
517151
530390
522475
522725
466010
467785
567410
447089
525025
429840
547186
548728
539697
538459
530668
532804
489496
510835
516897
520285
545785
532567
533489
546757
531489
542665
552410
495132
536685
529684
517253
491512
534978
473722
546577
546210
513178
570041
554789
537015
503247
549149
543432
550451
453286
538729
515671
481219
582123
514127
448779
582922
547507
550467
528888
533800
526326
534002
541784
518666
522908
542946
529602
548208
541743
527268
546757
527660
542308
460361
523770
451416
558435
445582
526581
518371
518997
529423
464822
541765
513328
523727
520434
536934
549233
510139
530053
513351
497388
560272
539484
470119
554620
495052
432661
478321
461031
536365
503194
490596
512116
517559
517775
509984
525505
505824
508993
480387
486965
542562
559849
532131
471684
451657
531707
508026
524476
512425
507988
517008
477397
537397
517736
524939
494406
505132
553216
512285
460443
511321
547144
515460
529709
468812
502552
500238
535278
471018
457534
476926
457312
451669
425895
456914
508571
534127
474700
455166
532413
452218
587328
518915
529471
466903
508477
512057
524293
515258
490921
534897
520970
538234
522110
476016
535239
520689
484618
532523
509780
464733
524182
522898
528408
508270
534454
531343
523823
510162
536745
448648
538462
530318
473121
491196
543412
420895
539355
543514
528608
534340
429823
531766
564673
467862
524815
556862
534840
558786
519886
533633
476788
520244
508497
492483
518003
470123
500262
541275
481854
460171
569501
471003
533236
540540
508415
514522
524548
510364
452027
534418
466213
508176
557036
546078
470204
526020
527107
515236
505142
464425
452662
430267
473024
463697
540414
459136
511219
485458
500121
523201
508407
555590
441312
523225
554195
528939
472128
519851
560650
526993
553803
543859
467565
510191
558905
524457
449093
504470
505786
512953
528332
533128
522118
513271
551293
514436
529386
525539
525292
477281
525918
461238
448273
541557
506647
524020
459855
517532
517951
459211
524400
508387
521450
539112
513540
529662
450049
515669
531271
506654
532860
511849
525519
507595
430082
511888
503145
529561
499527
419450
526486
504519
528409
497855
574635
439010
522174
525530
403419
544756
503509
571293
540599
481834
532334
507397
534596
557942
539438
502746
492401
573972
552901
485534
559677
533793
504499
516952
538299
521329
520191
524690
529337
533266
517382
526116
532932
534208
529021
462860
472559
527276
492775
523325
499344
547455
491583
505034
541033
570992
551039
545922
477254
540345
527681
511820
529229
529569
526355
532641
533048
523631
523151
499327
541990
519883
480601
460755
417987
518505
522517
551320
515036
523269
476582
559233
569915
554618
552631
496453
541483
555462
524662
577448
482367
538608
535911
525874
562583
514853
545375
531832
512611
536075
526490
492080
561786
529782
485925
523375
565638
550248
526503
481200
527209
554339
523056
471501
486241
533671
455123
472529
461369
475392
527716
498978
538528
526484
540623
529053
534146
524405
515135
536074
520037
521877
530250
456945
505539
527992
521902
486444
525640
444876
464289
451276
468461
530112
530004
533938
518611
536397
545403
544662
526329
417401
499554
532014
538827
523723
523583
505595
493212
487754
538887
526424
537767
442226
564787
435345
525065
560411
516621
538987
475486
517429
535832
550362
537194
465691
505621
517554
505343
531556
519669
525271
542485
516120
516483
524153
486919
533343
515672
526932
447375
539408
482003
522313
529663
449193
517012
454331
527134
440673
524621
433226
543052
473446
530022
510215
472391
534547
539600
486783
456472
460598
514926
515995
531154
452418
463207
435000
522869
518632
419329
533099
530628
541488
517250
543073
546446
449413
486696
533902
452777
548018
501870
530619
514535
525907
549899
456301
438684
483670
516376
547708
491717
526660
466311
518318
489833
468409
510972
503397
528231
468792
463288
541274
431129
464059
471931
458520
507540
529176
460641
548290
463005
528448
522597
540627
547659
508728
515721
488056
516822
535641
467676
423905
546044
517336
570793
468351
535325
534760
516289
551928
518181
509136
537936
522024
516700
525849
530222
476824
529050
533372
529801
554317
527426
442501
536455
539571
487959
450388
468797
499916
528885
519471
469517
506316
530025
508397
503756
585520
476171
553431
523260
478788
547268
525626
549096
524952
523667
524156
521908
529621
538680
503632
542915
513761
437208
543732
533795
547847
486169
541436
482911
541047
540952
542979
478741
498973
525346
502125
470630
555463
522011
537394
474300
456795
461088
448870
441503
556942
434401
545013
530869
520825
530088
525827
552962
546841
523393
527066
524326
517265
527847
546270
518696
441211
497700
430396
545881
506427
446499
536096
521951
544984
518816
524492
538797
528107
531480
475632
542100
511433
518566
539165
470740
443479
468548
465424
493243
543233
560418
539514
449200
538888
542512
552250
530773
538908
532591
519230
475673
553579
547754
560157
542685
452274
461620
459758
480228
447173
447316
456985
438061
442701
449186
437028
454420
437740
436592
443731
436943
452063
439058
430507
468309
427502
423988
423970
539160
454272
418130
405819
412025
536951
446939
424346
413565
416754
425943
548646
537715
544071
540817
440646
434201
425336
424439
426431
427737
422140
433748
449872
549387
480136
514883
480418
480930
453589
467669
454661
456269
448876
463021
466531
464160
567883
533105
545881
540433
492615
448381
445947
445236
574871
565991
460433
536409
532219
451497
452143
444522
449121
515541
451929
438974
472284
555816
486299
468158
457747
474643
544046
441765
454978
472276
466652
556975
549423
467666
435618
413024
431719
570486
450642
433824
558854
554913
454192
449010
471886
543591
455690
448053
429189
442968
450413
536177
485045
453461
464881
468316
460075
448887
460309
482886
558035
489347
504500
444509
467478
441307
441303
445598
440550
454803
446359
618199
434687
461027
459405
537518
533610
469149
1041907
490769
468291
422814
445992
446388
441520
545863
448645
458671
443203
396372
545402
447200
430190
450599
555012
444627
431879
437815
449034
437750
560016
553826
553222
440243
562003
452818
434633
417649
444932
441864
565441
453452
434221
419354
420709
460142
426054
377567
408782
403988
397501
403569
384422
390395
398070
412923
398665
412727
411427
399269
399241
391450
385350
397915
399651
384617
396386
391125
397527
390793
380905
419877
395410
404953
399121
389671
392600
391176
401141
397640
381392
380071
386531
407334
430769
368242
384977
388007
395693
372021
395403
366682
406131
419527
389782
394062
387628
400477
419373
398081
384718
385723
382826
417178
393244
389480
388125
386044
411104
386579
387182
358387
399903
418146
399884
391267
390509
379159
418154
386787
381808
529811
532411
527959
406421
392534
520563
519150
526292
413887
394519
464226
462711
481387
507293
553069
465385
470913
477965
461501
507547
474590
458172
552308
552374
471459
460101
465987
472654
457065
462317
486686
539805
477586
461444
458012
542160
456408
478313
550694
463225
448540
453760
557709
545204
560295
498873
437884
434472
428603
529518
521817
474561
480676
471940
433644
532316
445474
434328
432750
443401
499356
545665
470642
417943
434818
456049
455693
454314
440675
433750
432332
397983
465388
480703
547728
456475
436933
468105
569583
481594
479919
470240
478361
463449
482550
470268
468026
493218
561493
568068
478298
453365
486543
465898
458159
462657
462232
480274
456068
468817
486741
472752
483933
460961
469487
471091
468965
478186
541758
512549
388210
378132
386326
376301
377766
378134
372551
413293
372667
379355
378560
386457
886398
418541
413352
408287
380748
410406
386263
379245
377220
387171
389058
375706
381538
390716
378704
386271
380910
378732
383823
388798
378958
381843
381601
389399
376033
385824
380230
386490
376952
377613
398278
380289
386915
380899
384457
394721
385569
382947
389098
369456
383775
380353
387931
391206
401180
432031
378285
375803
380194
373506
398028
371175
374593
382538
377860
390968
384336
389737
384742
374750
372438
374295
382477
382338
377912
381214
376285
377547
387048
396833
529044
541580
514807
524349
535699
537838
387672
382050
379218
384029
375541
379335
374733
380694
384215
377830
351462
379119
371340
374462
373157
385111
380563
382768
423779
376481
381282
385863
381771
417402
381133
394294
374902
377790
419175
376326
383295
373049
386907
390938
380103
383165
378486
380814
391641
378279
377091
388119
371994
384988
382387
386104
395066
381063
382402
371926
377597
381229
393820
384051
376706
387058
388042
410970
383544
380356
378877
380005
416660
384755
379759
380154
386435
410303
391218
390769
380171
385845
409360
377255
391059
395584
377411
390833
383567
373795
378593
396968
389656
397801
552880
547834
549915
412436
540451
401018
389427
395161
362642
377913
379455
386366
388408
391156
374251
381399
360377
410951
531586
549694
557339
525604
545195
396292
376843
380558
392207
413988
377869
375337
393485
382700
390764
373065
382183
398189
388817
381918
386816
392117
374208
389440
383664
388876
382140
394028
544783
391383
381379
383367
381962
411126
387404
383702
412506
399602
392249
380797
381314
377083
377548
408212
387340
382502
377743
385377
436086
384823
378304
383033
377754
410925
387116
381348
387009
412937
420512
383960
380848
397429
386100
411425
389539
394754
386429
392270
408021
389523
384638
385403
374437
402022
379296
387845
388442
383540
387718
378376
387101
391282
383287
383175
397296
390501
375293
411077
384255
385487
392601
380172
416413
384005
375719
374221
383218
416677
383074
381309
387180
403965
409256
380634
375872
388527
381175
393666
389344
389796
384194
388245
377083
390984
389062
380853
392448
387693
391341
455269
380120
409625
379817
391361
373939
381537
410898
387126
378507
381902
391630
405885
388429
388290
381469
391117
401548
379719
385490
372362
383977
392094
392016
383861
385485
374646
396627
382319
391500
383888
397210
441957
383045
385537
384334
380596
393257
380128
383000
376761
385723
392631
382619
397900
384605
390443
407491
379365
385053
388604
381863
380894
378555
383404
380801
378723
379470
389532
381306
385684
411526
382003
383908
415556
373774
387086
376604
379812
425098
385169
416850
392191
374406
382367
383976
379578
379808
373947
508752
454873
528745
404956
391048
387623
378601
379246
385338
383382
391564
391762
375827
387691
372916
376792
394117
389002
383206
369301
449949
381000
379115
408183
392015
394533
385611
360689
384331
389726
395788
370222
374247
381756
378464
393751
377177
409925
385113
390391
371946
389478
406662
392951
384770
384264
386685
390174
383542
394907
381322
380967
388048
383399
379494
383963
403628
534023
555845
531902
533818
530486
522374
589512
414719
404914
385223
386498
398662
420405
390439
404958
384212
401984
390334
380043
376514
394600
380434
396749
375983
411338
385191
385382
385770
394415
392703
400591
392732
379114
398352
384330
391975
390140
390745
405773
385175
391777
377394
404462
388381
395132
389081
400035
399166
397912
413654
392401
404903
394865
385913
399071
395962
391314
397638
395540
394058
439396
392312
399802
394281
389912
351187
388049
404057
385268
374496
386401
402403
397594
392339
525954
387101
455237
541082
532030
526255
541236
540928
531817
516837
464449
466921
569726
556957
531198
421346
514754
543829
538735
525516
542188
556599
552184
525165
507197
542716
527067
544751
525712
529251
559945
530683
525851
517436
526512
522430
378761
445252
575421
404469
470551
460442
479380
471425
445783
449844
452483
439828
446742
452148
448409
450917
454182
465833
446065
455330
397947
454122
492463
519662
515961
451102
489496
550386
536467
528965
537659
393396
444919
485284
447865
449650
377521
381269
384320
448463
373653
367342
383023
451574
456743
457572
426688
450917
441951
558207
530339
521900
542655
539220
561768
547540
535254
554296
391866
456061
467409
447944
452476
461747
444315
450540
459831
456687
455408
449656
450808
437622
382684
387861
376579
377411
383023
373271
371142
373933
368652
384163
394821
381486
379061
368466
371597
373492
357633
373461
368326
373851
379305
371213
394969
363353
367168
378649
378271
383935
375263
379235
364284
375624
413657
375308
386776
385985
381389
372887
385429
380911
378302
369577
376802
366377
371392
377784
441595
443093
447922
459753
448791
460549
455113
528959
512314
572423
534297
432005
390076
496784
488399
551358
566192
532344
549706
520077
558442
439633
534402
539907
526735
553400
533925
398052
494331
552876
567607
553979
443210
556902
532236
542052
539599
540847
394729
488810
495896
510000
479242
501406
482485
530072
560478
532526
539091
542832
535540
548562
526547
535028
522256
524765
555013
437633
584023
477330
512229
567677
561912
498346
523262
506334
579521
562179
542411
579452
492650
598496
571214
509988
558866
535055
540953
553321
555816
559351
540705
518444
583758
552590
562001
495227
456578
499566
464523
488941
474700
539405
507176
566762
563106
550371
544839
559415
543985
544810
545135
517184
548642
525206
492618
555360
537778
584326
549444
492136
512310
536512
552340
546708
538513
563511
554050
515574
543973
446345
607183
546677
559569
562224
481935
550887
511801
575503
537338
481322
541935
556536
519953
570719
504827
450998
545479
546474
563446
554407
557736
544611
557602
462377
551826
468170
541142
540227
560415
572513
488638
550006
490808
555582
518401
525820
471250
526442
546654
535933
476777
559986
539757
517848
550463
537968
534123
478165
517650
531505
518464
516929
543320
489825
551074
535752
526977
509018
493793
498991
502193
540918
558523
541865
549607
554125
550324
541805
551926
530545
562813
536015
527086
556624
537603
473288
533634
507192
470770
535679
542216
530625
552473
550698
535354
548224
539326
561375
439173
491741
509223
510631
536070
479188
505506
705623
425059
550348
529882
424031
510700
553974
555763
449038
535243
424535
464853
434105
540610
529364
534706
539408
521735
538361
504822
622291
593133
523171
525113
450477
539596
530117
526836
547144
414082
526250
517468
528291
532522
533767
522676
447324
528319
548305
416815
487580
569826
448636
546286
427060
493215
560034
529228
540050
441402
530977
411578
516271
522148
516891
447324
516510
445435
437063
439382
496066
582772
552170
533184
538944
451452
539190
540195
526476
534531
531993
531164
526926
523774
552640
536864
527926
529531
480553
419461
556390
533258
535267
530784
539580
424617
534056
541438
513639
532568
433783
497978
548566
543397
544429
539014
535209
485064
531916
561484
456569
471071
436642
462317
573493
553352
526419
552015
535420
528367
530676
560077
531329
548934
580676
505483
540273
547901
509106
530390
547906
521957
549445
534550
499032
547197
536615
535213
479362
469870
591891
480293
484356
552611
527196
553753
472578
540453
534005
453726
490368
482203
469075
445186
447998
549283
531956
532194
507708
474893
559139
505059
555765
560843
496204
531803
542418
536950
536692
492426
534719
523569
548814
459846
526327
531003
551084
524685
538931
516822
542891
545789
541581
535428
519537
543415
540737
495931
557397
532628
526623
493439
543913
494078
544443
562808
492999
503888
526290
531187
484219
527464
464066
496021
447198
548975
482023
546977
541882
530020
524273
568130
465022
574207
463236
574868
575615
565507
546808
546951
540888
510336
567865
544536
546962
545883
494165
578704
563885
550590
564705
552833
543741
528933
547211
501998
538011
444909
561608
587853
546592
532870
571979
552883
475778
501943
524035
517005
479924
535432
526717
534512
505981
535246
464924
554103
543948
547129
562767
520105
563343
479962
560854
566908
491540
564899
484680
494775
547174
530669
496477
545259
513310
563669
496257
554725
522610
486288
552673
528868
591510
511345
540537
582009
548874
487955
543406
539278
536640
543458
490053
580155
478773
481071
498650
586078
518034
541465
545634
553828
505943
514225
503643
541062
546406
577691
543097
569798
540763
548528
544973
556522
557229
469011
514593
510000
471616
483481
547556
560024
543330
564992
544010
541131
570633
462964
538293
512025
471309
579568
528712
523381
557610
552441
553913
569611
486443
541131
552300
577918
500069
518824
541059
509030
484218
530417
453449
519987
536319
523687
527199
524033
543109
532256
534309
552974
490111
565037
467111
488190
563865
552373
496638
557700
523388
453186
539985
460726
561288
535479
534888
457325
562348
447715
582584
478895
570714
542979
540547
507586
552898
515059
503914
489852
569324
546475
492020
556112
459143
561872
509300
589416
506877
534378
548328
528399
546627
524156
495387
494845
552480
538534
514659
564095
548116
547781
533602
462930
506713
536204
545756
530540
574179
548077
563062
555557
555405
546410
531071
549293
537708
524686
550768
483926
489168
542990
486840
512025
455990
477976
494604
542353
501477
547119
549151
543852
543094
497849
542501
556996
558514
551245
550084
496105
546267
533011
478820
551138
559723
523918
524347
439951
566706
526208
516403
542827
492312
549578
523149
516108
536109
457771
553773
525938
526949
446788
534093
513400
533865
524843
539975
527203
523204
467040
477409
468260
474188
463136
532361
515016
527752
546393
529511
539542
528970
532929
500034
609213
499320
544142
499317
575319
551571
496516
551964
532668
498537
544196
523696
544175
533456
528325
527826
525792
577363
522354
498513
556735
549349
545658
564699
505773
545759
472734
587586
558224
534165
548224
535275
500563
545415
538040
573528
465223
536425
545510
539382
503790
565038
507829
556348
564300
560752
561183
552928
513950
549441
538390
539325
534492
553108
539036
480068
485466
477834
515963
449324
570290
575102
555792
507584
501416
497347
540769
458613
549223
494218
437698
567131
560853
550654
503146
555858
537233
529841
490231
465944
558156
505083
453651
556954
571002
558294
549632
448273
542365
537637
467351
533167
564519
524146
524835
543590
483998
554853
540315
529046
534548
529860
481851
526860
526041
432376
534598
554137
524465
524043
472904
480463
557035
441206
547848
519160
513445
564736
442767
458929
486113
463563
523478
518780
550108
536960
535234
482285
437517
553546
530954
543059
526907
429929
550534
523506
523801
451376
509887
552270
529643
434575
554651
527901
537890
525265
526496
542922
530497
549872
433927
508571
547137
466411
560048
531035
527357
444404
544880
534891
537536
528544
559643
535795
541930
540876
557167
525305
539253
578495
525517
542655
523533
546888
537800
538585
535040
527438
522913
424658
546616
539595
533326
559508
475909
539301
483426
541511
476583
517168
496586
543648
553013
485898
530303
523167
512656
529843
532002
531577
501939
536717
523055
517114
504563
491511
546152
526157
545912
502310
550182
527447
540749
494667
560749
548950
498872
525177
543089
465413
510148
560587
481144
466340
514485
535144
469085
520622
527764
527073
535672
502643
560065
549420
488792
555835
559341
550733
533634
497016
463210
556736
498111
563836
551968
522072
545335
536056
519104
543219
460931
550326
559368
520175
583124
569466
515127
546943
561514
444118
532227
561179
518214
540672
531724
546716
464433
484842
564164
500102
551337
496302
540714
522105
536547
549142
542167
504202
549577
504725
549051
496475
558137
483775
511717
526341
508347
467997
583687
547204
540526
506558
493456
548387
507096
487798
508952
530805
504776
534018
525333
484331
498082
550153
429042
467720
545948
436210
464129
451414
443482
558077
533569
485480
552229
553674
478971
488086
550405
498736
534292
451733
560056
477514
538765
544060
491352
554280
496932
542819
556358
520233
536115
569073
525342
520630
534018
447727
559835
448666
558511
549797
534445
535842
537614
508709
553694
479679
544601
527056
528507
513343
537681
471049
440067
564443
451844
556916
560344
531145
516587
563626
465797
554083
542720
516696
534073
483682
539231
505221
557964
548136
541283
498079
520977
546667
526612
512920
549109
494939
553700
519532
528981
447680
546346
562356
529418
529703
534039
516382
556700
540003
485159
542914
586907
530415
500478
517433
449345
463577
525417
519525
549235
536890
534516
551378
523974
472902
560688
565403
510782
532998
537923
532393
529722
532887
487143
521925
535431
532419
532855
534964
535692
529695
531281
531553
531545
543741
537587
495853
557348
554050
547326
567718
519276
540079
523934
523074
565255
533554
490373
539356
445595
455554
597130
1432049
552018
535813
540506
541087
526230
494605
665038
532027
525746
459838
550410
536936
485558
547130
545809
541898
514557
519749
554944
527257
519059
529001
523377
537776
541185
527687
530426
528357
513003
547782
466494
543726
544585
533371
447443
527242
527198
531353
549213
491761
557274
481809
471754
517454
507282
476040
527929
491192
549260
527672
487918
541597
553053
571955
540135
474526
540775
522544
500860
545645
538374
550576
510139
528007
487964
467475
474984
473677
525369
529408
535071
523412
543218
531767
542072
533288
463657
553563
488504
555957
526163
574922
557474
533923
519992
471997
578863
458261
497457
554793
573209
541684
475509
533421
532963
548710
554395
516001
582657
490699
505718
542999
562329
538470
517513
514045
484281
536690
563780
549672
547117
528123
529618
542811
504193
569369
500601
492923
550549
504421
595781
410916
550268
523054
539783
500298
521500
516909
498232
443127
466956
523701
536150
571736
547908
505591
496840
541953
489051
568103
567426
541714
535054
506762
544215
550228
457662
489536
538834
537036
535073
526264
533220
548352
542698
549070
524039
497098
544306
496059
532894
521144
486170
540132
493537
542926
478328
483667
544556
492342
547360
503900
492199
531617
525536
549722
529514
531326
525849
448955
504370
471922
493421
499396
487199
538885
538617
534076
557452
537364
414159
561419
510974
502077
504759
544238
521500
505032
555904
537477
509209
563935
509044
546330
470272
577388
562664
557489
488894
553404
512332
484614
544644
534483
494181
509810
491246
508069
484841
527489
529892
568091
547199
493832
434114
478166
487443
457121
451587
572217
548796
484338
530430
526182
559004
551617
535055
494412
528943
530042
534451
492527
519659
499541
532671
549696
541988
510104
528642
512075
532940
497296
558542
524214
556197
542762
514991
567484
547336
526802
519604
552352
543864
497280
545263
513835
537288
437353
545952
515408
444950
489468
421334
449053
506272
493857
486806
532799
537368
505340
558126
481385
548964
534773
551432
527537
558563
526228
544127
526003
551313
496364
537790
487036
580199
561200
576566
460104
571881
549047
554289
562154
518957
536035
548438
541044
518723
569389
568257
546369
477818
469131
500887
586049
560861
509064
525776
525485
553834
545100
561032
519357
525827
523872
551398
479936
561196
555464
514340
534123
548605
484777
558613
509219
549368
525884
532262
512524
544116
452245
564335
532240
554489
541448
476580
525206
541728
504683
558283
598655
465974
534977
519848
511280
557397
536605
543201
481430
523839
498435
475201
479556
604501
449603
588206
561749
569021
546436
597647
551669
546964
531663
568945
480224
571994
540988
550808
546087
554139
545024
553477
497553
575708
483250
545849
520387
577346
542131
479445
545227
484938
541361
584719
555618
568677
580192
505167
534185
558790
528959
565004
537782
463914
447575
485918
465612
545831
504029
514175
467336
455039
527484
546951
566931
518415
508474
480272
572807
465368
511577
564569
543291
475760
538771
517846
574368
535670
497795
490563
545095
536180
489658
526797
550816
458650
547943
543674
534696
466261
532370
522355
537830
659265
539916
497464
534313
533708
519980
536129
496647
534469
449000
504118
458180
559306
507260
545496
547244
508025
549104
548882
504407
548630
510281
538789
519222
559180
546992
488684
533122
532586
507145
567025
473383
530827
544683
546781
487669
558542
537773
525925
518737
527444
516144
548535
539027
529128
482833
571145
535407
563326
538647
486638
553963
530472
507291
566099
534931
452471
422690
440435
570721
486682
514628
518520
516002
553090
502782
554476
491041
517207
539885
493226
559239
499987
549619
553281
491769
512864
531426
486314
550540
479997
545182
525381
496310
538425
556310
573539
549654
503449
480724
507302
549450
448165
466877
486709
482888
464899
470845
537487
562378
536824
516042
475076
551045
573764
526208
470610
519708
551860
568209
1109479
574591
451532
533611
515959
548548
572946
580178
511683
575155
530570
590838
549956
559476
579691
564986
477864
545796
524344
575960
549338
570299
524042
544486
516978
581851
566859
492990
517335
485987
475936
494584
468342
552208
543216
556585
532877
475258
469577
459799
563494
544329
527738
577199
524224
553889
532701
548943
538681
532326
550608
502657
499548
543294
542188
546281
459655
548343
495342
544643
460302
572120
538579
553355
530536
568694
547286
530825
513577
525552
562280
510535
542693
556215
512436
577168
580851
563175
566671
535882
522758
533966
462231
486382
551742
545067
532828
536449
537595
527160
540858
483974
574993
543011
536522
516127
537102
517711
564816
526123
556856
531058
466459
565588
544553
541771
472590
542652
570890
535752
459466
543481
547490
513741
564783
526811
559407
554461
531407
550925
502323
543492
544931
546539
540184
459042
463713
502626
466250
543645
539047
506303
558318
538353
522091
562867
501652
553823
513958
479370
517925
542307
534598
539850
489462
520044
537256
543844
508409
536650
558753
477197
544486
575428
487248
521911
535943
548057
525260
534897
523423
509644
535753
518605
547330
456025
537684
449882
532734
548735
440823
506015
458663
510236
484140
468966
562958
531963
543635
468603
576075
552986
542735
544567
542588
568033
546816
536997
506899
546417
547533
545454
544273
578231
524383
565389
513010
582619
557970
550095
514553
551399
545191
556206
545257
532320
532937
541273
531171
545237
502634
488293
558628
500770
573730
527394
469832
478537
504945
470361
507166
466637
590140
535707
503864
542115
558571
537459
540207
534659
537364
543792
544920
528492
546094
539106
552998
529993
541202
534540
529132
544760
540512
535048
494902
543727
548759
483401
587573
532788
562124
435194
556607
539840
547604
449185
561290
538956
521850
530909
547917
524720
445541
468469
473721
505294
546795
553230
549306
522047
568026
483571
578703
535744
558963
552889
541936
540992
534113
529739
543820
474025
543411
530975
556420
516549
518687
529632
479121
524996
536751
548439
532327
505599
565573
476525
564891
516512
542180
523388
507843
550232
461023
516925
484453
486161
445830
484155
567946
521844
443249
448581
565873
484718
502519
577435
532526
525864
531160
523414
555752
485780
522776
524977
486319
475363
495176
542457
543992
546667
545135
460487
573832
530413
595154
520493
533044
531750
516275
550000
547792
502099
530241
526113
526745
494856
528241
541609
503674
521776
535928
466139
461290
486086
471464
469778
423833
501992
465620
530588
557130
523948
538420
547148
507310
588196
533133
554101
560853
472197
562999
544408
500546
532274
528085
537583
525218
520964
553339
493690
542645
550783
575596
548540
493821
550613
500394
526890
501587
531433
545834
523533
508521
557209
497874
520869
513243
491772
439419
471885
476256
601802
452923
569486
552473
514972
522716
607825
459492
553232
563639
515190
561269
532921
551256
463935
561442
492384
525665
489197
479702
488181
503725
446130
556838
477453
560138
513300
527238
535254
534279
539544
528628
525003
550181
517276
538778
525173
507907
471272
381381
549443
479204
552525
516031
458895
487127
539965
532706
540051
516183
529065
523390
471391
554440
556659
512086
528492
472919
527664
532376
533124
515422
542714
521136
549251
541780
472844
479792
543631
532069
471521
492665
541827
514969
554554
530229
532620
486622
536550
532088
433186
539608
441536
474085
463466
464030
531916
528197
537683
493037
516056
544307
514510
547738
438365
560997
539552
548443
540985
529119
527298
529560
522798
549290
518465
556603
513785
541349
521188
549689
555788
527476
520514
549999
520111
544936
514151
547023
470027
529358
511917
541935
493170
529465
503580
558908
535626
505975
477330
564902
548480
481565
489606
497205
505342
460874
441366
565157
542412
522577
537826
463064
533542
579505
472536
538490
499851
568873
535921
525136
514720
537963
465941
578880
539398
537476
485661
551230
488038
550799
519600
543142
514577
551162
550470
528316
525650
548749
538364
538232
527020
531958
527316
527965
541216
480301
520229
539951
557786
540872
461950
501175
546303
558257
533039
554667
527073
559768
715123
541340
545169
577814
512658
550548
563126
538774
531929
517140
536881
481980
560972
538959
556012
462622
559192
539053
463515
578810
555074
494220
524201
532736
532950
548583
508447
539942
532618
543036
466824
551203
494767
553002
508217
556515
468187
491405
511110
457678
588000
499508
555373
555072
536590
562665
547313
485738
583177
567848
560829
533957
534192
543297
509022
581684
531205
538503
546799
506727
551318
548456
544160
552893
428590
487212
495294
541342
530397
540852
500460
578932
544123
537991
530540
480664
580786
478627
541195
546704
543216
491104
548963
470916
566612
518580
539812
481550
490692
565293
552465
545443
463584
536803
574244
530669
528957
541226
560071
507352
549434
514955
512353
545115
592844
599139
469613
547322
502756
586018
482119
518368
542423
548885
561560
538101
556196
535728
524082
493120
547089
551760
539929
528940
495492
528353
482796
422093
551475
490737
485788
461700
490844
507820
541378
571076
540811
531096
533158
563363
575521
562586
500734
504915
570178
531293
554158
505009
610931
477732
561354
497148
557584
548313
567325
529090
539424
555213
596697
568886
527562
532372
492784
545374
552437
563983
513446
557792
529311
560438
478844
490130
482659
550836
446748
527005
518791
534143
558120
557353
480839
554242
573298
572891
552598
463896
555763
515715
556612
519101
554604
456160
550617
510206
544389
561745
537131
543150
543670
543453
502680
558303
548685
526392
554301
513297
541163
530002
539702
513411
522024
537172
551834
539167
535189
561609
473829
481135
474610
450927
435126
559396
568406
503962
567632
518581
552981
485680
594567
610396
553165
570988
551255
550277
568243
543649
582703
455755
535375
514385
541171
580174
549910
516049
495201
565678
574575
537284
539300
505126
572343
561455
523318
504191
539494
543996
537383
538722
536052
509738
417784
514819
482873
565100
567465
502899
467581
587750
537774
547197
556823
552472
531448
551961
542820
532016
541452
540862
501365
546468
533271
543340
539293
478136
505312
520491
466207
453747
563157
540974
477809
526802
519592
561148
523407
570244
437859
554052
560669
548321
579515
453833
553488
497523
546580
522919
529724
440428
485530
537017
428535
537579
512625
576862
479904
535391
545734
519396
515019
471265
503414
585575
502823
537907
603123
555186
533505
517098
533678
576684
551250
472789
546855
512081
587972
479854
532770
530489
543575
540909
532575
536491
519890
560177
597219
490386
542184
550151
479740
511152
441028
390671
539528
469254
485124
473720
399883
542572
441765
474304
541648
438817
542883
525592
520662
502458
479674
534898
517083
481889
535830
523849
532925
529954
525226
558306
535669
549925
441624
463794
541501
548446
565363
534800
478262
519124
488187
574137
546233
546992
565655
545935
528008
446933
469156
505960
538109
475045
482328
479377
476186
438596
513859
553829
489745
548231
548591
545807
539366
540953
444658
462291
559064
534484
536143
492843
543145
444382
415560
536837
570867
494950
556356
512702
440564
485611
525691
522940
526712
549666
522154
523958
501097
532604
527306
524259
457575
546592
402308
547528
533240
526213
541452
467998
475055
425187
468104
424270
446486
537282
537175
488117
458124
529030
471009
534392
576482
534634
471671
539861
528483
489730
540435
536149
509801
517250
506503
559779
536639
534712
564732
490624
504063
509750
531183
558965
542409
524682
536797
528057
504486
542473
441901
546471
445854
546854
454483
550000
461049
454969
466101
471398
519320
539663
447182
490551
545425
530492
540173
528383
497512
542045
477998
547399
555087
554231
466780
496972
468888
519034
500434
458244
501963
563083
510153
498572
574698
559311
488220
534179
478302
552022
496704
486101
529074
537920
502527
497999
434702
557879
535364
526347
433513
519896
483752
542475
521144
521710
483376
465943
531110
529572
538092
527637
523304
519620
538403
550138
495982
495748
556154
543540
551616
545959
527919
495772
491857
518030
539133
463306
521535
411381
538785
542611
485527
542350
495079
497715
532785
490545
488377
539140
520289
544128
530679
524514
529394
532064
529353
459269
439885
479862
493811
502891
457010
444653
544389
574786
530881
488647
526274
480949
474916
477941
499672
539138
493580
541977
461069
536152
567523
546788
541051
499650
529433
531842
531642
535824
535651
531806
561369
533441
503531
529269
537922
495644
492270
515882
520835
439364
467014
478593
522079
600259
613368
497344
476869
490311
571731
451954
569603
539732
546675
530467
536294
511646
568772
522918
543770
524352
551392
494127
550523
484299
562426
493795
527518
458847
584333
576935
538841
489893
550566
522375
486627
542404
544566
506442
580629
572010
543167
597320
442198
535158
570677
542393
533823
527814
526694
557637
524826
495518
444684
514133
555513
550695
564698
443616
578440
564236
538364
695752
536704
588707
478412
551225
533681
540553
577662
556205
442797
504816
527603
560949
536548
558994
498307
560206
508421
544538
514737
554262
487668
557735
499980
581063
486685
559231
549717
472240
532479
541289
541265
465690
554676
516262
467088
483533
450456
486382
525285
519354
549546
550636
547529
583161
549454
503673
545359
520688
550257
505800
557573
576646
598251
538911
558150
528079
521025
591551
560507
491978
564612
585011
561374
562666
581042
511574
571281
522150
554546
545742
566485
514936
584240
486495
561604
548457
520557
502562
554275
549991
538351
500923
532035
593488
454827
557656
549782
534954
533313
497786
525662
536351
529051
544633
525902
520915
591785
536174
543283
526445
554885
539030
539533
435775
584354
538671
509304
502325
525018
536097
523906
553615
507241
533084
502490
527139
558785
478794
491013
533179
484772
459868
481673
461725
545616
484345
573257
486869
478759
404361
418000
571657
563595
546618
544791
485907
543906
562689
466611
550950
528427
532792
517205
480597
524156
478899
541706
532288
416400
523936
424938
551957
525434
495619
551216
478761
533100
622270
473408
522135
477927
553227
510879
518032
535314
508690
525279
535978
525854
531887
530010
529459
524808
507317
481903
527633
540562
437781
513477
495499
544965
554888
503200
471289
540159
548048
531227
516917
490046
529129
456380
550403
541426
480921
522978
533614
530446
496829
511608
526844
487250
547455
525361
478864
534890
501976
551872
525195
470250
527656
510506
538448
531701
518460
455949
521915
527714
553186
466488
474765
478417
573730
551399
481528
544038
528247
665680
529326
514914
523507
523540
548055
486418
544411
474900
435512
545215
510848
553850
488632
555916
539625
524494
503126
546792
455635
528544
540983
457329
531536
497612
533387
517937
544322
529108
463037
525003
536079
477571
530914
542670
477603
514529
445068
515021
531953
460965
539025
443867
496150
461859
541388
530157
509800
495982
529655
531818
535778
518450
501326
491371
525227
455632
526229
471911
488931
478346
470989
527629
519632
530964
540424
548886
536899
531458
510330
481753
543028
473948
532758
518997
511773
520778
516791
521541
476155
518386
470964
522033
508089
521456
448091
516411
538240
527902
522661
528228
537447
525606
433898
534442
521677
520880
537852
489088
489060
495079
511422
533204
526694
496173
500179
522165
523957
521827
555186
525298
545085
472774
540380
443825
584225
530051
593960
535073
522239
593365
457840
570850
555969
533941
576145
542473
495306
547168
526388
490047
492816
567109
542981
547990
526650
534586
505042
545161
473687
548400
534222
570558
533598
499313
563416
552739
537978
538104
531346
484615
566717
545569
484890
539916
530218
536029
549817
431726
549350
490982
528361
569808
557237
533465
521387
553486
485087
548879
484681
466685
547128
540453
461433
561652
545224
477285
494387
489975
491331
553427
528625
549986
442244
553272
542884
475472
575171
544235
481907
539776
501060
536740
485944
516106
522175
522756
526948
519949
525377
517703
506317
494405
524031
545829
526178
445246
579831
527909
529370
533009
527244
472898
532264
505725
529868
444679
526647
434449
557308
415822
419644
432778
542501
541135
513894
439952
552184
551323
506897
540006
600012
451352
540991
530526
528517
523233
514408
527599
507717
549039
530381
530799
491031
539926
493931
523976
554372
505206
571145
542350
476337
548640
545678
479320
536568
480303
549904
498269
582184
536990
435244
496226
513041
482910
471951
528613
525974
528237
540708
496927
555992
457942
477558
536440
532141
522203
531518
538447
531592
538370
530521
527346
499721
442963
475618
469979
437737
516535
548045
523139
551441
560076
523401
521863
482451
521059
553628
493326
564617
513839
553367
499905
525063
472718
534898
529018
571860
619083
524040
469222
490107
543405
552237
487011
524027
559415
501904
581185
581250
453456
541841
516406
544833
494705
543803
484492
548820
536278
546730
489422
566331
537222
500894
575936
507930
523329
497907
530632
579501
562735
548510
528072
487457
544049
578772
442019
509541
553193
486367
551739
457927
497631
526144
589656
494440
544379
500424
540232
565568
529816
428141
569360
526887
551982
501673
558065
491167
533872
472253
592559
525534
589743
545468
497878
542251
550395
549547
499968
534660
469539
527124
528799
527501
529042
484264
532692
468426
584949
572623
570272
440120
558155
493240
580015
540727
533849
487000
484234
463167
471645
459926
551459
518379
528981
523863
536421
540193
487741
548136
1094881
460290
576735
494239
575198
550077
560755
563600
447983
543046
537964
494626
565715
542139
592255
529703
566217
569589
460287
549009
558295
532402
547381
563879
464274
531416
512130
567293
533701
541416
503140
535939
541657
477465
514090
555999
510467
523759
544774
489656
548778
482849
556094
532198
554357
535495
550434
514972
561217
518192
539404
521272
506983
542836
582847
565543
585454
470168
572997
549902
527107
553742
562757
549735
509137
550333
554267
549856
557894
523369
487901
546939
493467
540348
546000
557048
534147
557482
546934
520846
488788
483358
495584
575279
445987
543842
513220
535232
547233
542003
530721
535169
454704
549196
484504
565439
480410
568972
474563
553556
518650
557959
532497
525472
423540
497652
545501
515735
557211
473651
574694
509189
577493
531984
469013
497135
540100
559645
535723
466191
556047
517405
490999
581341
472259
493224
463609
469897
515195
548974
550262
530347
541592
552590
535982
543307
529383
548861
532646
545110
482455
532114
528479
545460
531059
596035
469589
577678
484236
536817
539565
544618
547222
535381
527059
494227
488426
527094
493250
556741
477813
558125
534433
548628
571019
502377
529883
555321
521666
491660
470926
477018
491085
533514
544886
520301
552956
537694
530536
539108
439773
562308
535266
602425
531277
492261
604307
524501
563713
519407
546719
551241
538612
525667
494969
532890
508765
490673
565847
478192
546086
529193
520151
490632
533870
488397
486302
453290
498604
522566
516257
524801
474512
489886
515727
479292
534036
494864
548592
441953
541884
555469
566410
465650
542236
533057
521360
539381
532659
513497
540115
509793
586297
436505
576060
530771
541168
490369
540113
554568
533023
488472
525131
477009
485983
523851
505795
533494
542005
541669
547837
473380
558615
524016
562340
487598
544602
535200
520828
456589
452147
491592
503596
441100
526901
565099
447383
571060
522222
531833
536098
573489
465042
595931
500809
552053
516344
562182
538446
529757
526185
535840
555533
539145
520106
516814
552681
492292
521524
505524
557896
544440
567081
458299
514456
525790
523238
487466
525777
503332
554086
562041
545292
533306
515620
551604
485349
547333
493681
481035
540160
537054
493052
553710
490231
583505
548957
546418
533985
528582
559031
505301
529022
513620
524275
559746
530677
522148
497875
476881
451214
472635
463056
548654
472715
565413
453596
540158
548916
462627
519996
548663
515987
507061
536773
579454
453561
540642
535266
465367
535149
557580
449941
560819
441846
550905
515262
522550
528734
546895
438619
563798
553685
543376
474100
536608
529520
530590
540934
508389
521794
479968
527515
544493
492301
557449
548039
528563
469552
531036
484158
534065
510190
533207
464412
540912
546750
535864
519286
542620
522765
552275
531590
501351
501555
441296
540768
535812
476196
571055
551278
548092
524254
542908
534672
535187
530001
594779
522940
473152
527030
455413
552015
551309
536377
460147
542975
486906
531424
515815
543840
479804
516722
540143
486867
511335
544416
534750
505215
487999
512327
576435
573503
486630
548384
502823
567164
518908
531592
508443
531808
552359
537793
540207
535664
452339
534984
502221
486605
550107
524535
551709
547597
551078
494055
541639
453811
538431
527596
554651
462585
488292
515811
483965
432500
543988
584679
567963
544277
563918
476716
514301
531829
488455
504357
547719
534527
547217
482128
517159
526190
478015
508303
413256
559391
443202
556033
442531
544192
506890
541372
497805
531814
458628
546729
489406
547275
533552
544970
538108
501599
582374
575694
557469
550496
589167
568012
534329
566294
552425
570939
541644
567975
560753
568047
488818
552190
519917
565138
478352
624310
507204
536118
559580
539764
486182
580877
539351
545519
536203
494061
565786
556096
547761
531535
532686
503464
491067
566363
480690
502128
526839
531810
493344
560208
451866
568198
493028
531052
526661
542845
537260
538711
536522
531180
525804
553235
496316
517077
466568
543902
528067
543601
483722
537383
477148
559989
523917
510011
479222
555049
555728
559785
571247
555777
530072
552576
476093
506581
530876
558280
536575
504883
549827
529592
473052
536604
525431
537899
522276
532790
544176
540640
530037
552269
490829
594315
559382
525596
523393
540701
466863
467839
539758
562972
529193
561685
551856
567923
575018
562729
472726
547444
519801
561130
524120
533918
507532
555287
514898
540032
472150
445244
527666
547513
487154
553195
522643
492891
524365
501083
474106
538388
434086
528730
521772
429546
536540
543951
522916
483664
535252
553796
519610
540128
504085
545680
560064
532585
532996
524353
537666
526166
539378
463053
544814
475524
545275
473452
491326
543082
543290
554944
495257
542474
470474
525291
576955
534269
536378
448731
485119
478406
550530
516874
545091
518702
459748
529889
453878
540275
564162
528626
537764
531003
489223
526091
544688
500865
554162
939860
562810
488177
540008
531974
574872
481898
565385
553776
462396
544299
525044
524060
549430
522941
540631
539258
542206
472052
545629
441126
533983
521187
545434
435204
490791
483989
483995
496969
528936
528010
452297
540824
496424
539158
565139
545726
543293
579566
544544
537934
545434
532941
537851
524955
550095
563212
551959
600773
552560
544914
497167
555521
482855
512244
547379
544992
551386
466763
539613
468503
538304
456304
539552
456012
558686
464486
550853
533844
455647
495053
481747
495858
467405
552855
524263
547866
539746
547566
532561
557488
439200
574678
536835
542062
537469
521332
531016
537146
532994
543354
523154
494211
503108
459458
487556
452902
526736
546349
518870
542927
544404
567721
431101
556089
495052
556315
529493
550870
524686
487127
485700
491590
419137
453338
465092
561635
435732
572440
483650
505344
439427
552362
555992
559548
499642
500479
558146
554093
553747
520790
549021
536911
560089
474105
557829
552077
547874
509647
553904
484907
553581
499238
547488
525085
451349
540110
566984
544301
545607
457627
537554
530608
543332
523442
570996
450026
431016
494304
427580
559165
526521
530892
533329
477615
548796
548223
471817
553327
545107
502738
531552
549686
560836
547133
549636
547368
533084
577141
548195
563665
533831
556552
493799
559343
539913
539047
511478
549868
485148
554768
531249
537332
554056
504499
563493
575347
560792
477475
551328
542409
527522
583456
508040
571037
538243
538127
558501
479080
468364
547845
536556
522326
549896
552437
720324
532984
538547
493731
531338
536725
553242
535786
544096
477567
467160
472940
477724
517075
528608
531745
531999
544936
545165
507133
548787
487860
526341
505668
546729
540909
512286
515793
537286
488930
487936
538277
532018
521311
524862
529723
522150
477583
496326
540257
449804
404994
447300
586276
456255
541222
559429
538826
519303
548414
503161
527775
492608
552602
557689
531079
553250
542883
523616
551331
508201
549248
542684
537062
519955
536993
520527
538240
550457
516211
550294
566991
557762
571532
566359
515569
557896
541240
529263
521128
549381
518532
471338
516958
492949
486879
458230
547703
473910
509138
557548
564276
453183
544412
533506
501639
556523
506200
540980
521323
574468
497341
552892
571433
544980
470553
554230
484507
491548
536554
501614
572581
508018
543559
531613
541490
537454
529237
561048
511632
548341
570075
511912
557532
545713
533889
487926
469183
526848
461901
540379
478432
526505
555166
505603
592167
545353
562731
574381
587388
492405
566255
531979
567171
546693
581081
514888
581145
581202
542275
547759
498202
551253
487326
574004
569488
529727
600019
590898
533212
585792
543059
566990
583130
474313
564650
552604
536555
560218
534298
501710
491680
552897
463217
496874
462844
516111
495888
564405
486528
548389
565866
464046
556650
479563
538001
536055
541324
538201
525622
546748
521228
541099
602650
538510
549851
505274
565452
579655
581405
474981
481301
541152
516835
536092
550911
512522
546958
522339
546882
516172
550213
543999
542723
550633
483436
487829
557742
541116
494592
477156
493059
440349
556372
536940
552709
546670
512636
548567
542009
547563
521090
556784
576381
460607
582997
541917
548587
558607
476031
437817
500941
541811
485124
529168
546871
566734
554198
474752
568638
571546
570213
512476
545579
478290
564209
558203
476209
529693
576756
559883
544117
504700
559757
579347
543737
529134
471547
530770
553634
521071
