2253107884
625010
323516
385527
340051
286728
240662
231227
250737
228814
237902
226965
274402
217211
241984
218561
240789
231590
263600
263219
236385
234296
229239
253204
211819
228640
223430
239734
223197
221932
210262
224517
228841
224212
231989
231853
241817
245971
263699
219316
261660
233023
213794
232676
242257
230587
236941
220555
223602
218930
222363
242071
234205
260356
239837
224441
221202
216882
252499
232690
235664
226526
229876
215850
223210
249278
205229
233823
270710
229367
244695
232046
211677
198634
204574
226989
228865
247306
200544
206622
219846
225413
218810
208311
216372
227186
255316
197640
208875
245488
278286
211367
223201
212215
231026
237500
213857
214921
221522
242382
209113
224157
210311
233039
206166
220643
235930
245231
245146
224264
223488
238201
252312
237900
220330
277691
228462
277229
214217
264174
222678
251515
239733
247700
222071
235808
230235
219816
269981
225565
219078
249739
235929
233914
260959
217002
199006
212794
206288
251709
224199
223906
212143
203781
210285
257286
206547
247135
219658
237052
242607
213807
201237
236515
213499
200147
214071
258585
209349
260659
207159
215451
213608
222506
217950
218857
221924
238728
222626
232274
263394
238955
212282
271816
219438
274585
242925
216739
201833
220190
221098
204578
221743
224107
256648
246095
235539
227066
225921
235258
241158
210879
246077
274605
264339
247759
224556
267090
240654
218902
247236
229924
231444
235592
216512
223756
272014
230142
240279
231323
263154
246638
237372
229263
222000
268314
225698
233242
232253
225057
264772
217929
252389
210157
234350
220498
213542
203710
207770
257194
237002
219732
219017
277091
215768
199518
235826
233600
246611
209539
257143
236213
218544
206068
235822
222402
230717
225808
218762
215586
199089
195874
237351
212202
215139
216456
279695
210798
232189
203524
210674
279031
261492
259523
242404
271964
242676
221195
243397
232364
232281
229255
221742
232367
271525
242738
221495
268693
220577
250854
239172
273159
235890
235791
246145
243013
245153
238527
237748
238051
246666
241693
239724
249579
261403
222707
282741
251111
251349
235826
245357
257695
250442
238273
255003
282157
236885
229312
245350
232117
252605
253619
248803
208660
231654
238121
243825
223096
266274
225218
236089
216393
214634
241611
214331
230042
217626
259331
234608
248752
239320
228794
233234
229981
203149
230810
223998
228748
206829
229837
216310
285142
249429
219009
236350
232911
214684
261925
234453
238711
281022
214489
220516
227483
244794
245715
236832
222884
241574
266104
232308
221256
247007
279138
226701
226306
206276
214837
231481
215855
228283
228570
248471
256038
225566
208019
292384
261161
226379
233959
220127
274014
223838
246103
226280
227591
237415
220966
230090
235996
240414
219252
258006
238760
225078
225578
227246
222013
224070
215694
216625
215459
245947
234191
236418
224205
234363
235377
211387
267289
239669
227400
221075
231701
217516
242046
221494
247931
222865
235419
234377
239547
228565
241809
231193
215574
265911
224842
201946
253643
227074
231555
228832
200409
205070
274045
210585
234189
246153
262635
227522
236322
216789
228454
208877
266171
246632
236087
239435
250091
211622
244093
300070
224421
254169
224443
228137
262195
245705
230592
229006
282524
221491
205875
213263
250034
235508
237629
212599
245184
228811
216348
270035
207166
248577
225794
212881
206305
239916
239757
247131
220088
230620
209190
244017
217838
224036
202653
252878
251328
223351
218549
238877
224478
231906
201635
242513
218620
223364
279105
204593
212283
216554
230201
218743
253997
230334
223088
229465
231192
232880
270784
221148
246436
214197
254358
244452
236138
239876
219977
318615
227638
221350
221554
266391
233131
228032
253489
235480
241058
235156
230586
233690
250121
238311
228679
276803
260494
199851
260302
220290
215957
243818
231795
216142
229370
224577
230261
213509
258956
232784
227891
199179
238769
231583
275234
218361
240822
201517
269807
215105
213568
249163
229326
220771
236211
227802
222240
205527
219954
237322
234749
266854
245241
243908
222628
225180
217061
223192
218955
193582
234486
295704
260195
218456
216200
236120
204104
250255
210953
256137
230514
236745
204688
245210
226130
225631
215045
250159
248030
269324
209248
240739
223139
267107
243861
234709
222230
231870
255597
225305
220819
278350
217511
221658
218692
245456
219737
222034
220978
255620
232387
257538
229067
195682
234180
219307
217481
199108
245222
227360
237494
233532
226518
234486
230187
211394
259008
230402
236904
216831
238875
195215
255013
205830
265960
231348
217959
240943
227610
245291
233106
230493
232600
281485
226701
246782
229486
233427
233592
250282
256470
268144
213348
228475
205816
224717
226668
228615
266769
220676
262303
210541
208951
217729
201220
222600
233085
229852
233670
231477
217311
222895
218282
238543
221327
226281
221289
225242
215440
243734
206958
223808
235733
222644
213994
211415
213273
210293
238964
238225
219269
215090
263630
242922
229046
209153
287570
284998
205565
272409
212819
215274
239671
229349
193786
282217
215584
207885
218288
234206
236883
269904
254406
214736
264527
235004
229925
229519
223706
233877
270201
218678
241793
224563
229034
258078
225352
238973
273744
237768
237072
240280
224316
231161
226555
226629
210680
267184
252202
217665
207109
256214
226438
224102
225359
224886
239047
212012
258366
216480
270410
199930
201465
247579
219560
233334
240761
227228
217343
220683
198561
237488
219112
234406
255616
269931
215072
263963
234507
219001
248835
230942
242369
232677
224388
216219
224840
246371
206554
238379
248132
238806
231237
220045
216091
235559
208914
225581
198941
235952
206532
297310
232221
252178
201566
280884
254884
232325
209945
210613
221237
238288
203815
239003
298293
233414
206692
242879
232049
236750
220384
255151
234123
246144
228525
215138
223989
236930
253546
244254
219805
246703
216210
222701
211188
229005
226003
288237
241195
226758
220490
238223
223631
234448
265526
227860
240410
215151
232542
224686
237914
215064
236785
260483
214386
241593
221727
221215
287803
229920
242201
208918
248840
209739
225214
245598
192952
200016
219830
218154
215892
214896
257646
241751
211617
219685
228143
226154
240295
194225
240619
224480
229307
234841
234195
224979
263946
220524
229065
251312
217067
304784
242231
215245
245746
272290
249504
211651
231655
237690
230670
227674
236248
220233
272277
213377
213042
250349
272969
241304
232371
255418
243099
258077
253081
227372
214136
209813
248197
216481
221838
246863
235447
220858
223319
230780
228050
253243
253048
275985
222229
242787
222551
224635
230679
214363
214101
214008
215362
199413
308611
212610
233992
233129
222286
236851
237155
203458
212022
260350
228717
200315
231303
213607
216157
258838
228366
224880
254314
219554
259369
208676
294820
203841
245862
248936
229476
240580
252930
243935
241086
229274
267448
234742
247716
214262
251383
234691
245918
231883
237340
281657
233471
252579
228926
243971
237484
219598
271959
235517
258094
259815
229212
240716
239280
232531
222158
255469
255324
231888
251055
239399
244679
253573
233414
237246
228723
269017
226024
223711
234079
217410
238154
220408
279362
259913
236970
285131
236968
230806
217059
270767
246851
235965
237186
287150
233364
217672
221656
234586
268034
233737
243722
256740
235427
218191
211329
208376
263230
223267
229275
212212
217703
241577
215874
228608
234986
226570
228047
225461
241232
223576
228481
218335
211882
212656
246226
213677
222684
222252
232076
218750
242674
235155
214586
277773
202887
245098
217525
227625
275753
285825
235382
207506
278344
223914
241104
257329
235179
246383
257618
245232
272276
213319
224440
251734
220852
225320
234897
220031
226575
212896
225886
219290
232618
209411
227089
223120
217131
241068
211519
278927
217137
200464
229272
225303
226871
244087
202381
224578
213080
214140
206321
238742
228233
223640
257821
222549
209299
195617
233643
256851
216081
204462
277763
220104
199545
217089
205492
252014
261931
222955
216159
209583
202427
231111
220456
218443
317517
216748
213895
220255
276687
218454
201758
209166
216280
251197
238331
220749
212699
256887
212957
200781
231869
218853
280407
235888
200108
254841
264956
232071
218958
253459
241160
260817
248174
239501
235232
240853
227060
221705
248365
227443
229760
239981
254411
234502
230260
228907
238845
238568
282456
244667
207448
239208
217249
246343
234837
226414
223273
261846
234114
243321
268098
223102
263190
237547
228752
218316
254127
217250
220538
213358
239053
224810
225661
211504
199539
266346
209974
238295
245839
224623
223387
231990
199028
237565
287084
224718
230281
217118
223026
240529
227868
256068
256342
293253
222644
262581
238102
236483
242517
275521
214331
217099
280133
273108
277781
214286
203083
270116
220434
222638
211905
277860
217834
216395
234692
238469
235120
219557
260722
230222
293647
239234
226367
244792
224032
225407
235431
213451
254319
226033
247807
246742
237442
274903
253021
227601
232042
220963
259430
217821
217848
213692
314143
230847
256208
232225
233456
279847
234258
214252
261336
246110
249171
224384
229402
216276
219740
237771
209815
212493
246999
224484
253444
257415
259163
252830
223435
258842
238906
229673
215968
217238
215755
238849
250631
211308
225432
214076
228077
240538
246724
228705
272560
197057
258545
215018
217246
268773
227087
232991
248906
218015
214697
222311
235732
225403
264480
266041
230801
212369
225049
217820
238198
221455
220126
226430
239150
248225
217829
210299
238806
247914
215008
221420
227167
233211
238177
237474
219915
231000
218851
259202
218109
221889
223447
212655
240118
243002
237726
228354
217188
223279
261690
232984
236964
208428
210272
229279
235444
357005
212666
265413
258030
229821
254085
235055
280120
220191
202831
243142
235950
231610
212341
214098
210019
247233
230347
214941
212052
280383
215870
206978
235508
258126
238266
224651
222238
231519
265697
225224
242438
222022
203716
263257
215320
215001
222685
220747
234953
211628
218871
230638
211830
217474
210638
209715
204916
201550
199460
220155
250349
240103
221933
215351
209731
212822
215447
211824
201465
199048
265362
219257
210568
232375
231869
227273
215920
210505
207499
271423
249513
194321
228082
212303
241300
234838
217188
207499
240562
210830
222938
229861
217819
295714
211724
228795
251182
220979
263934
229497
210301
228906
293486
238270
209171
232942
209575
228897
226077
226318
225569
224457
229844
208025
248859
217473
227247
209231
225048
202348
249866
242197
215398
224252
210950
268717
223220
218655
223699
224469
230520
229518
224175
243649
235286
266921
265268
229925
257433
208373
215198
236185
244656
235700
224917
200450
242178
213889
232384
221931
298429
279009
223663
297994
231888
210328
223922
266144
217264
215445
231989
267293
220637
210971
227511
203269
246050
261497
231628
240525
301684
255590
228844
240462
219663
233264
240337
223082
219259
260853
223540
202891
243732
217809
236553
229827
223192
238213
213026
259617
209034
225828
232442
207573
216901
226838
204272
254396
254337
205807
220795
296779
223413
206647
223185
209912
296027
286468
216817
205691
218002
253126
235194
225058
209962
213513
243577
215778
218431
219358
272396
232487
229778
219145
267603
204696
257914
207887
208602
237439
229964
240965
236079
226229
229316
233971
231894
216532
281833
241900
221901
220008
218506
284923
197328
243274
228376
248572
262820
238754
216372
243799
239387
269567
237258
228969
229616
225787
232568
238239
298660
232050
219704
219535
229802
248089
262460
246140
242361
229476
225287
253740
215342
246839
245876
255257
270335
244759
216963
233804
232143
238425
248095
262773
259474
220481
230682
251836
220250
236388
357019
230489
288320
235703
238167
212005
257909
199430
254238
214625
227885
251469
251190
219934
214485
260863
252953
227335
233179
238799
272683
227817
223451
245972
228576
251960
205547
249015
219949
286304
235910
212591
225388
247819
255397
237314
241662
234229
270513
237160
241441
239112
255969
250487
220981
222921
229529
294416
257681
203641
222301
231389
246790
244465
247725
274566
240076
244177
229047
244441
231862
245744
222427
243978
214602
278556
228794
221064
236839
256243
255001
231347
227038
262529
223397
239850
253271
239288
255109
270804
228335
221869
237193
282417
218543
284288
211798
221223
243767
217831
219752
241142
219706
235620
247428
236619
232760
239327
219340
253632
232479
235204
203530
246482
219632
249086
213227
228215
207088
263462
195207
248594
226621
211135
230013
236027
226294
240945
275193
221773
217934
227122
228642
243340
228124
234821
224155
265376
204423
254285
233611
230639
231553
242887
222548
218375
212456
225696
248634
227441
255526
234033
229790
222451
237455
296769
246733
219084
233775
224272
269279
209930
215287
251891
234510
225887
228344
236888
222426
232699
240230
252848
228415
230609
263473
216110
269634
230342
241006
235134
235778
234735
241963
242050
214190
236055
194512
235286
215200
234371
203268
262986
243460
234271
212071
213082
214816
224990
198871
239509
223173
253894
192874
249085
226696
252536
212717
257384
256128
244463
228290
233137
212928
286532
191689
256303
219544
214642
253220
241440
217314
223738
248155
213942
226987
237811
225922
219079
244757
253298
241342
250832
236240
245094
240614
244655
271900
253610
244215
250421
267109
238299
236897
240634
249159
247689
228097
246668
286616
243826
220230
206767
232371
207092
209909
222746
223478
225624
215056
230757
213904
247337
249529
252983
255020
254835
227448
272713
260807
227761
263601
224749
233066
246543
242748
231289
256826
224856
211837
270068
234282
234986
238380
226461
259601
232166
237603
233507
246101
222125
259283
230547
251234
220338
217393
261059
242967
281661
231449
242809
236981
225128
253849
212249
224896
258273
233841
228939
256496
228090
223508
272935
274045
277954
234827
217251
229468
228239
230957
234131
227635
232072
307537
230353
222481
218222
252980
281417
213377
234568
228435
233460
242504
221861
229398
240856
278749
225240
222658
232125
238112
223400
242081
215101
231522
234187
217594
221577
216305
247479
245754
245231
228092
248846
254733
243150
232085
252332
248116
248987
247344
240495
251852
236873
282694
226178
237215
262653
227930
241527
228892
231662
283583
234593
208064
232742
255356
229240
266411
229012
244379
241169
230221
231461
243092
235970
223203
244687
249535
238023
244777
261458
232825
206381
269886
242064
209967
229908
241652
277589
228623
226411
243086
304286
222894
234285
249735
243919
245906
243141
234455
295616
231936
211960
235084
241068
248429
240689
228467
244694
244965
230176
227207
234554
259449
234265
256349
241440
238677
221359
237676
230383
214931
257719
234312
253080
266217
238192
236906
247042
243830
240407
239719
245796
265783
227487
218104
239938
232989
222647
218971
290885
252529
256007
239887
240327
281466
254033
235621
246175
234505
240749
239060
251953
230478
247565
250709
264130
245715
236988
243906
222836
271187
231365
265949
251440
234951
231201
239485
244399
236517
229587
220514
222732
241183
210691
218685
269435
235203
257357
212617
210994
246419
221997
225617
238088
231725
249666
209290
225357
207892
250895
238256
235771
229951
211906
234377
228696
263591
217361
252046
259817
219708
227668
218329
258803
234069
208441
268782
226725
217916
228627
224741
238275
252729
209526
284488
233448
232525
261440
245390
263242
222825
228782
250991
286578
225701
271912
239666
213727
238985
222766
311006
236350
222600
243445
284566
272363
237914
237198
235486
251390
248100
236867
226919
229882
232586
246464
262545
299895
238739
220074
223767
213611
223879
261167
240350
217298
237259
262396
226534
235944
308892
221209
264063
244191
233615
235689
225893
221787
216511
289709
231776
215710
227895
214699
261832
225750
226958
244891
311382
235256
216470
225924
257668
228383
219190
254224
237541
237859
226886
242926
236775
256928
251153
249370
268745
233645
241445
244116
241121
226881
232799
226936
229180
225921
224045
276259
210553
222834
222364
268972
263293
228897
216378
211965
207092
228946
214753
254555
274252
223313
234281
215521
227591
221345
266353
235423
236838
288116
229900
231477
239705
260592
237269
237606
234877
223855
289286
480523
360961
272529
251691
276729
251284
241018
220546
265148
244263
215451
223685
216723
277119
219269
203074
212228
201757
206447
219246
206550
215115
199300
212501
213305
216214
253045
232230
205647
229586
205467
235782
284490
208121
199669
219180
262098
208549
214420
273519
216643
217602
217286
203366
221472
211372
201421
218729
222157
207476
273570
225995
208662
207033
229488
232986
209951
220919
225307
247568
214053
206778
211835
199623
233858
228889
208187
229229
224387
260742
200799
203081
197672
210840
237415
209093
224560
216572
224317
217227
217729
208964
213548
208050
211880
198692
218750
217505
235573
210934
214095
237633
234138
216739
219131
225349
250494
235741
221629
206221
241259
239833
225254
227390
201021
200909
222254
254322
218919
201977
268752
225343
197098
220899
206587
264739
208173
202128
247659
196111
200465
223243
219948
238746
234458
212169
240577
215835
232289
218944
215949
212023
216011
241673
269251
210229
198570
205184
257992
211100
254585
206170
224742
280246
218461
203902
219286
215784
213656
213794
220099
219089
220025
226139
221391
208518
224409
252428
224309
236473
208365
223003
239105
228767
219820
205448
231040
203410
218092
205756
266892
205293
200745
215302
200706
218772
222082
214998
212069
210757
233718
214866
221368
224819
267001
214229
220130
208668
247053
229100
206292
217806
236131
234976
225610
233542
214803
203414
264969
237977
233015
213113
211518
226125
212441
240662
224009
220208
240812
227207
215705
211169
242721
219506
255577
219595
234739
223591
224233
218894
223988
218437
211528
268556
216043
210962
288887
224928
215275
202640
247458
216213
204034
197931
259657
236244
218259
231128
219329
264973
213395
197583
220381
216075
246223
231042
226390
236582
232009
221253
222815
235930
217424
209888
215857
218319
217356
208631
240536
216094
270472
214170
202614
231606
234337
228658
206330
211251
219253
233853
210761
259689
233574
237273
233054
221662
221620
231775
202552
201683
203235
248410
213324
209439
220047
241259
231977
229852
224949
223523
252269
204593
202248
238463
254551
209272
182926
224278
209026
227200
208242
221350
225322
217225
222611
235475
224634
215661
255556
223624
222459
222190
214908
220906
258270
230678
205173
234874
207262
229434
226795
218477
273725
216109
197946
216728
213782
228604
284060
219317
196685
228076
227102
207625
213687
208225
270194
208948
199438
236753
224271
251370
216624
222526
211593
258749
197646
198964
204679
212770
269535
218677
206461
228316
221353
217269
220586
225371
215789
208410
218539
213087
201877
229988
280167
233168
196052
215094
250976
223651
232059
221123
217767
237879
225969
215115
212059
222151
245979
212743
218912
218432
241411
240825
219426
225028
215612
208191
210572
222761
220945
259980
232924
199851
262007
2351702
2161653
2182120
2166795
3127216
3078377
2985677
2768571
2671452
2545926
2339446
2218246
2084857
1872957
1760333
1613014
1400347
1262094
1118444
905605
780589
623046
393425
267012
237213
248625
245313
249498
241349
235977
222118
241816
259471
235366
249531
231518
243719
248847
237636
252544
236792
252407
239947
266532
237194
231521
239650
244765
232973
230161
241406
263426
255965
238945
220580
239439
255859
271544
234359
231285
268199
216010
224905
224956
256217
282956
263157
223037
225240
216804
244985
247197
265645
215466
283087
235571
208430
224251
223286
235293
228815
214960
224271
213528
244254
222592
202286
197451
213969
206854
218078
205723
218247
209729
218787
205081
216070
206265
219209
205350
210638
221100
238608
224829
200123
210145
202980
242951
245706
195856
237488
271800
219431
188605
225167
222468
221463
218291
221299
223880
212668
203102
207477
201032
200287
279929
208493
203337
213868
219866
228512
225169
217647
211452
203033
222402
204786
225071
237208
257300
209968
195599
207567
222552
216427
227501
224963
218338
229235
206656
215911
202676
210587
211849
218347
209274
222173
200940
212491
205939
211538
233396
227388
218586
209223
215398
311560
242397
213248
252463
206311
190089
218788
210655
221183
219874
242289
252480
216609
216697
235265
205792
224021
197672
252110
262998
215686
203223
212425
199070
242795
213109
212074
223952
227140
243575
211396
191497
226539
220577
226051
215533
203704
238632
226370
211551
202279
221020
209019
219826
202112
214839
200687
244938
277767
215055
189505
237735
211312
199664
214075
201279
272927
200058
224880
218194
258296
215154
188902
224587
232278
242670
237055
209086
213373
218172
220266
217818
198589
213454
237511
227163
222841
213709
221920
270819
210287
220951
213966
221894
206042
224519
201993
223739
204887
248842
216446
214434
213096
209857
226472
214679
222337
230219
228550
210995
219220
207521
237466
213940
224809
216593
218034
225059
206837
200885
209954
215657
221459
206223
204642
195769
204768
207976
212084
204415
241250
240104
230796
240211
208358
219430
218914
215763
208364
209932
235967
217837
229670
193037
246222
208826
210192
218142
215815
211608
202043
216591
199805
212673
201725
203756
259358
219489
221631
222762
221620
218611
275903
213963
209719
218066
220291
251843
224987
208809
242430
229955
233996
223671
215849
222580
221672
208225
212707
206105
261270
200821
193512
199837
201342
224654
216789
219620
202424
218816
220160
211168
200873
205891
233886
203001
216591
212399
210521
244602
213180
208445
271840
258548
213749
217210
220021
225603
231474
226056
213984
210088
215680
210741
221262
212637
219628
231749
230110
224388
219430
218831
270074
198968
217672
202217
268855
201003
205504
207072
211867
207822
203007
217035
205280
221030
235822
218123
240078
210395
232121
213349
212797
206478
218222
203843
214144
221776
214301
237796
213957
207539
216960
201834
224596
207660
206359
199009
216601
197869
203627
227956
214817
227688
203222
241871
204862
205576
224808
204829
235431
217042
227441
221085
197089
239080
215378
267831
196071
202856
223924
209846
224853
202511
204439
211477
235492
217857
217731
212573
264284
192878
197473
199024
232833
225544
233469
198453
234998
206219
210561
220512
199536
218562
232120
209247
197209
211134
219182
231223
210481
198038
211477
256458
220953
206061
227992
202101
212355
204896
217631
203089
246903
209928
203773
223871
208016
236163
199915
220763
222354
213236
200780
194415
210550
198632
241766
239104
230095
198630
207521
256702
233837
215242
212720
229134
219736
224184
219452
203792
216268
210599
220230
221799
215170
201835
206482
204121
214001
215047
223885
207089
222581
215878
217580
211331
209639
220087
214511
236650
202664
209649
215560
248379
216283
198564
208556
254554
221715
209546
204631
243713
228345
211718
208987
224017
232522
224070
217858
225656
210955
220526
211264
221489
200070
196224
244312
207210
208452
222826
217472
214016
262821
196305
196706
226538
230106
205374
228929
216237
210524
198227
203210
199829
219170
231608
209796
211934
215802
228091
256719
213889
218405
244449
220560
225858
218570
210421
221445
206007
235439
211573
273828
208475
218760
222768
226007
230664
239666
225014
222128
217963
235375
217515
232213
228472
231250
236184
227376
223621
218575
220283
224701
232056
222537
241498
228617
224694
217852
219767
231311
234556
208897
209953
228113
227492
214030
221745
283723
227534
227349
221670
215801
214709
1951938
1750165
1663719
2208760
1999577
1918965
1829673
1614862
1499063
1339260
1192511
1062624
861200
794874
702085
497579
376039
236959
213594
252896
237917
229582
243200
261291
228316
229874
246355
254794
250848
205106
246144
227052
228393
217821
216929
219637
235876
226700
234238
231999
238885
232495
228437
230758
223396
223564
261115
212670
216975
239873
234404
257969
220497
217241
209076
234197
259332
243917
224575
231477
229084
225935
217633
213248
245373
224577
233442
229177
232011
270873
235538
219089
212110
236968
222010
232490
228855
231767
227968
208377
212880
208862
237373
235748
209456
220848
226662
237068
216315
212213
213007
225718
230151
211118
227113
230877
240176
224273
226262
245247
226360
220166
233427
234286
226833
286748
224329
215137
229181
232550
228598
220642
226264
217131
239741
227928
222902
237201
226735
227363
221887
232692
231681
272192
218264
204214
228586
215190
238009
248623
231661
229793
228381
224542
217690
227682
215382
238997
223265
221053
222231
211709
243034
215181
231480
223711
267356
221893
203552
229143
222311
240336
241471
230519
235483
230251
221749
217307
211458
216969
238245
241513
223968
216875
232877
234044
229229
226090
230832
246363
223621
217243
227444
230805
228116
230868
226983
226110
232039
217063
210905
220300
234701
277952
222676
210738
229002
218370
229375
213700
214138
237666
246640
249126
224090
221871
225596
218328
233119
255904
218131
221063
246674
231079
226596
206584
237726
228571
233278
223571
211245
280176
217050
215706
230356
243531
232197
236045
221356
225277
231202
210403
211764
210708
240054
216909
212803
228318
229093
234034
222758
239230
233007
255069
211610
219199
208720
242025
227059
243703
211918
233796
237834
264416
213377
213679
233903
237488
243889
226557
229571
231569
248024
232099
228887
227525
244514
222158
216852
230424
224718
232006
240311
260769
238347
208582
219756
221641
214189
209140
233362
248026
233101
231636
245484
229255
229114
232184
227856
258713
224491
228990
229398
229819
242814
241575
227316
232174
244892
260717
212695
216673
235701
259716
226784
225202
235256
229201
253266
224364
227282
228057
239085
228239
231094
248698
229023
236604
236150
209110
220069
224737
229771
230093
360388
267466
231420
202915
233870
227491
285776
239708
207883
253640
216995
210399
220948
241342
222310
259515
240400
229818
232089
231370
235977
235136
252374
243285
217390
240022
236099
229054
243645
236830
234225
214329
211990
218193
250327
230755
242643
202524
265558
208666
211138
231792
229611
236238
222434
218308
213072
225228
279613
215520
207705
224843
225641
234159
228374
232075
261893
229151
236162
229730
230648
238996
243195
229405
233987
233821
255949
229300
218788
211110
253985
236396
236161
241699
203933
249535
237919
227901
224119
229923
228208
211803
209811
233879
232414
236902
246382
224661
257402
240787
256925
216786
218964
248863
238164
277569
239596
207481
249586
236890
235519
227836
277898
218366
233957
228961
262723
260851
243872
208596
225146
253163
239595
227775
248907
244332
254120
235088
245819
209767
212265
251070
256541
215719
250980
222495
218559
237798
224263
210873
240512
233803
242631
244159
233347
249991
231693
234905
221306
232191
225742
227453
231995
222492
231260
224059
235984
233171
247300
244821
221135
230696
225997
254703
237944
224819
232093
227921
216159
220997
224982
229009
235578
245889
241184
212938
219563
240588
226889
231490
234455
228046
237057
231759
233740
242772
241497
242515
253273
224091
234155
218576
213331
209536
222391
219082
231550
225391
225749
228760
247811
229309
230951
230952
264384
223558
214173
227541
226699
276277
211172
220976
214487
209732
224611
223865
217153
210444
236609
239998
223938
214927
210255
264383
216034
236219
233166
259731
234776
230707
263472
224920
262851
229660
217670
228239
211206
217785
212282
229057
217365
265747
224525
210556
228724
237235
234977
222191
217892
228571
284113
232887
216115
224850
230740
230378
230133
232828
248509
230024
233126
242307
238485
227992
241381
226105
221696
235898
240212
242605
247698
227687
240042
227646
222797
218739
231130
233498
241123
239408
230493
231097
238371
243139
225887
219776
233466
240315
259543
223398
209422
241630
257278
206632
236441
244495
239564
222248
231770
267431
217915
227883
233562
236106
236520
228159
239053
237775
232813
236441
244313
236956
201018
230802
213671
223006
223880
229598
236496
268588
206482
247484
229507
213886
234801
233885
249714
228578
211732
247644
222532
217407
214661
220612
225360
216502
217797
233104
219970
240174
216669
231846
271382
215209
215954
231512
223930
242088
257666
225747
228125
222920
252374
214292
241838
230752
250573
230701
217439
214094
210665
219466
237541
222230
224790
211446
254897
225264
220933
221004
241898
209483
229815
223792
215017
232588
214943
214074
210979
250717
214501
243483
238028
243919
249764
233648
236426
238217
234549
218016
208118
242460
224421
240383
235660
236338
228113
228337
231919
225683
229192
236770
231628
275929
239044
205502
238432
232594
241799
236814
222501
222656
237611
234392
263281
203141
211526
272901
204078
221850
261345
247423
253534
210962
221163
246752
236749
232740
221056
264600
243722
242002
259058
253295
265330
259928
243253
246631
247243
251204
289009
235049
236277
250986
285807
240495
227690
234568
229273
247001
239545
235482
254331
234553
259347
244628
221963
216331
243516
240354
227908
238517
228887
251299
228146
237665
236730
267478
217969
214476
235989
212219
256344
219922
227490
240915
254219
263834
242023
242667
230882
256076
234507
246235
228087
243615
231957
242194
235516
249874
218631
215413
227560
224249
231223
238425
235856
238531
225812
271397
226372
215096
230608
232752
230927
262311
209076
230395
244665
237527
248528
222329
222428
275613
240127
218665
234580
230020
229812
226150
234128
229696
236657
225249
222213
210508
235633
222357
226969
231583
238714
229479
225310
272232
220474
239035
248092
243501
231259
232460
243931
244223
234337
231585
233204
222048
227569
231717
233742
217640
241054
253786
256917
241176
232403
271032
216006
210927
225739
245369
226025
222859
224920
231566
236980
237245
234206
227950
230415
228856
215431
206126
225088
223718
250350
229187
230516
221603
242351
227276
244477
228929
268657
224411
208823
231637
214535
236573
237705
225663
232067
221412
234077
230159
233713
238531
240461
228650
218012
228870
230235
239906
257167
231541
237390
217807
224191
230770
233625
244747
242927
241928
242480
235811
228466
224020
276209
214456
243534
231363
285524
224209
238113
230528
269666
242561
221551
216030
253628
252990
230767
228522
278690
219285
208208
236020
234255
231090
230225
255593
234730
225565
235986
246091
218822
229767
255769
268473
240271
235759
264378
262975
271497
241138
251873
227880
246003
266050
243668
238416
249724
254076
223803
232174
231286
244301
212386
237031
237152
251656
264905
251905
208583
219238
235330
238738
254359
244220
207522
222279
252014
237562
231593
225191
240716
254234
261442
237634
222661
242656
232643
249952
230780
260058
242516
216631
227176
238606
241084
239913
237507
250908
252846
226361
268350
225317
215558
234250
233938
266209
223767
207181
237663
228064
237659
225640
240525
241553
239181
222899
214953
221555
221827
232885
230469
220814
236711
224620
210347
230879
235600
216689
218793
219494
218955
254001
211362
213859
211308
238195
226310
221555
210236
223081
275739
229570
212085
253846
237227
238116
231966
240938
250143
252147
229072
207410
218044
238549
255871
219592
251220
228915
214029
233017
237512
225689
240411
256053
242367
232685
233410
229151
243923
238574
225131
234810
230364
266950
207583
236665
251186
259942
219643
228380
252172
235569
250935
226389
241684
230262
221723
273971
236899
212760
223948
246076
247915
220168
211403
241715
242773
288911
220848
221857
250464
229323
211654
214738
209280
234608
246856
235184
203245
248796
228431
226769
230030
233273
235007
237495
219036
227887
244065
279454
216335
207552
232075
227892
230184
207178
221802
233120
243575
263510
223228
202469
224884
232416
251007
262825
243900
241007
227669
235503
245484
279593
221071
216209
241916
229945
241412
223347
244005
225523
240964
242326
247081
227132
215220
221834
260250
225350
241102
227130
243668
207503
250597
214299
222833
242168
239163
240148
231899
227793
252065
212489
212777
228385
228480
282258
232636
236368
231139
237381
214608
235163
259134
230339
236733
237481
234977
224537
258023
201290
256472
237203
225658
243329
274941
251648
217106
254928
224816
234094
220845
226506
222058
248083
229983
242582
289036
237988
199843
231097
215699
256870
208252
240465
215507
250248
234311
246504
221613
241634
260449
226313
203364
232013
218121
251852
236167
249992
224759
262621
215725
241939
244268
256386
227257
228592
245420
232102
254370
241511
226825
242933
230654
255467
229497
245449
225100
286722
218266
222097
271308
226129
228065
228869
244028
245542
247260
217454
235633
215431
232829
232597
232665
235473
231038
229636
253201
201404
240909
216100
238952
248790
207541
237249
226521
251339
220057
215105
209409
209000
230538
215039
233235
255886
291281
212636
210190
256615
244186
233814
236428
226547
245351
233540
247821
217106
224893
202437
291596
225157
214475
239980
235185
230303
232940
236912
218453
238885
244505
221014
210269
273101
224602
218963
231010
240569
266693
214698
220296
237674
242319
267370
225461
220373
223930
253565
226033
217495
221842
213214
228586
232370
209879
232202
219608
275562
217957
210185
274173
246837
237015
221550
238548
235679
260257
221635
204757
251045
265449
220808
216019
222650
253639
235300
256311
233889
231220
234728
234132
212594
227046
230846
275468
235036
214614
219818
222343
236494
215653
215764
229656
242737
230455
261453
211933
217385
245763
244702
233546
227637
228969
242207
229211
221329
212157
230078
251837
239099
232833
222778
217872
228620
215128
241699
240834
232433
228507
238562
244933
248584
241859
228080
250152
226526
232918
218323
232447
235431
247153
243834
235008
229240
237815
232630
214905
237213
230881
249705
219890
214244
238952
232136
255099
226533
214494
216359
230160
233195
230136
224660
239642
229170
233778
234159
229905
226066
246151
257878
226186
246868
225715
227053
222978
227273
222994
238026
225603
219735
232976
253314
235356
257317
226582
237623
233588
238112
248370
225141
242030
233181
220785
229877
233539
281420
232811
220469
228443
239089
275347
248622
224873
223370
216092
235480
231245
233839
232124
265349
211170
219374
228692
209434
230612
223793
221871
255573
233087
223235
219084
235812
234383
228451
216819
227296
219368
233133
235361
209175
241160
220622
240536
226201
218768
231223
236081
246843
227641
225552
230141
231685
241070
222938
235858
256143
220768
210940
256800
255042
231894
233538
229353
238335
219632
216177
213905
223566
204905
249350
218713
232252
253689
205784
265693
760441
631509
321306
301415
260392
229586
233995
252976
253014
253372
230553
244101
227633
241391
227925
239031
243285
256834
232264
242176
257450
271562
226676
221351
233302
228110
233671
250890
227724
238679
239437
227189
243640
232514
238125
234701
258578
228810
229431
219402
244504
236695
235856
233874
231446
240360
250598
225346
219934
240709
240100
264588
219976
198377
259042
231656
238462
244786
275627
225962
216813
226041
226662
241331
248965
231590
235145
235470
233814
218708
216187
206877
235706
218438
235212
253350
217228
244300
237657
229569
221569
269549
256590
226767
215369
236683
243962
229722
234917
214188
212317
248788
224759
240788
216998
245800
241151
237660
235324
240042
231736
226157
221456
213967
232396
229290
235071
231566
233743
230692
241930
230705
239736
230393
242765
234246
248841
231336
257961
231279
229640
235832
250646
216384
225438
229929
217108
205211
265767
224685
223934
246425
243269
234001
233232
236113
228760
246919
235603
267926
234126
201591
220973
234854
238199
227913
239281
244938
229017
225968
231383
243621
235296
226664
213851
238320
230067
223025
222653
228031
236053
240040
225229
242510
229345
212786
217800
242419
211337
246466
267643
214567
212568
238410
233415
226399
238024
222816
211847
233622
230399
220577
215331
224843
239221
213589
241684
238442
238771
232267
252726
220024
223388
224967
213564
207580
229224
224829
226283
229461
217049
209657
233108
214116
238641
235012
270558
226842
241720
230451
223916
229181
234771
221693
213258
235072
266561
226565
216396
230034
238496
208013
226888
272680
222544
246936
225881
253472
208523
251478
234116
244871
223152
224083
233352
224529
210444
228041
208580
225868
231973
225841
213324
229460
236814
232740
225960
216895
253576
222458
230249
240667
259012
206256
216604
240616
230587
275405
234089
210041
242405
226134
238755
231897
261165
236302
224410
232811
235686
246704
231109
243067
226708
229590
244934
226999
260303
225961
217293
237047
244336
237916
239192
228906
229141
258619
232320
229878
228469
244074
287755
216447
210121
264843
255268
234799
236673
248295
227696
231610
251609
234511
218487
251350
234030
243005
249366
251568
250879
267187
230015
216413
231668
247709
237767
267568
222126
285838
254113
207160
209192
226727
259918
238683
229017
219268
240163
242424
240663
234647
230256
244814
253694
234356
235107
231058
228680
224637
224803
232830
237446
228430
228895
247006
228836
235865
228276
235968
234002
231664
229908
220199
228004
215358
241577
248935
240740
214771
231916
237550
229782
242053
241137
245672
226020
220442
211043
231224
235939
237294
232855
248750
224174
222862
232237
240522
262877
235658
234682
238137
227565
223206
225827
218442
231280
235755
265886
230294
230799
216097
262258
241953
222518
226899
223797
216598
209197
238734
220499
222810
237795
222459
233991
244805
237837
238352
228433
225628
215485
215403
261754
234256
229124
225826
221120
228868
239576
230570
260552
247656
234558
227003
234417
253416
228796
231448
227670
226303
226532
228973
233768
225315
230087
278816
230020
217691
233322
250587
226925
225610
235811
231629
234024
236165
218949
236868
244706
247483
234052
224243
219718
230306
235070
230212
254550
235644
240096
247894
231522
238160
228941
245676
228857
262815
217846
247681
242096
228317
245138
235013
233911
220729
234198
233672
231356
268594
248706
235307
242246
292047
245261
234796
239543
256812
241716
248344
245425
257571
250438
252207
243305
239863
245654
265592
224127
256924
244576
255854
249072
240130
225892
221192
229991
238465
228977
236101
274083
234964
220755
224523
234608
238626
263214
225988
222413
243097
224525
219961
212575
215700
218604
245786
227703
234451
219169
254161
229922
237543
234118
248400
233048
232082
224120
219375
243059
252365
228586
229138
215212
246987
213928
235899
232851
232135
213320
221258
229789
232524
237864
243520
229480
239069
226567
229858
270503
222634
198436
256647
237169
244299
234524
243359
234920
220788
212019
223628
210009
264123
204812
264310
219531
236428
225440
228212
241879
240897
236132
248070
222944
216589
247908
225285
232760
229588
225773
232925
241553
234883
243555
235076
228944
217002
215130
238945
230992
250828
231472
237510
229715
242229
225454
229925
221757
251592
220099
227317
211552
231490
229474
253129
220461
218158
211443
249962
234586
226047
234962
241946
214714
236679
218597
227365
228773
242728
237719
247177
231105
227682
236748
233012
231150
239765
215673
217271
231579
231937
220328
238940
231501
276016
258470
213188
208277
236691
220076
230293
221925
227613
220580
230966
238594
218122
230833
233358
283142
236946
206204
219729
215248
257860
216290
218181
243119
220007
227609
234800
234125
231569
234697
258746
227017
210504
228056
243154
233435
212489
249795
271866
209147
214385
234170
234255
235439
240154
233875
221039
219642
237019
227921
231662
248247
233021
243269
238804
233082
231746
236448
235160
234214
228592
225947
225984
228676
209106
229559
219156
253551
227242
230821
228078
226900
236188
235312
231803
264902
219173
221222
224379
224037
251249
246927
232145
246736
226867
235101
225777
218348
232086
240007
251456
236079
234200
227792
233143
231995
243780
218118
225815
238627
228172
231619
235131
248248
235310
218219
221163
232881
243279
229834
238101
221016
270665
222115
214461
224418
234050
268105
214082
239883
253412
259130
263581
228863
255954
245069
252799
243908
225339
221740
252651
255456
236497
235425
234067
251541
231550
217348
235706
227436
249318
230333
235527
231979
248600
251782
284320
234701
217732
232073
239102
243393
244354
225252
238391
239055
233923
237438
237642
251167
220414
227189
235185
235543
242451
231155
249840
228798
243065
210520
218764
225236
275334
229545
215383
223875
224086
241610
224969
213533
229035
226383
230638
241169
213316
216858
228782
245034
224392
223824
225415
242503
226094
225015
212030
264594
198482
244930
217965
220517
214541
238070
221540
232266
215423
240517
227536
223837
228692
238096
245862
229302
225271
232492
267090
243468
245896
231067
282383
242060
220191
250503
225801
257009
224573
223621
244383
237781
236776
240711
227739
212246
207987
241082
213804
231315
226326
221725
207258
230120
234188
233876
227874
234369
220287
225694
245277
224718
224876
215243
210211
236306
216720
213559
230287
246755
233523
232744
225168
237334
288988
215006
207010
215179
213613
227748
265437
221854
195541
255587
222078
217335
227407
214675
216113
223988
207489
226121
259313
231860
226688
224975
207964
231005
230096
232045
213603
230164
226235
270461
218624
203672
231637
235188
235427
227808
226126
250108
229885
230387
225758
274960
216147
209418
215790
236105
228036
248247
230055
228416
230810
236989
222120
209452
215153
275058
229686
212647
214701
227309
251251
227275
228254
228725
225807
236245
222146
225307
228284
233149
244117
221743
227400
225472
245246
233108
237646
221166
265001
228456
209590
214469
217614
241942
237753
228847
228152
229796
229812
207389
231888
225445
227647
243855
239270
234417
212561
237094
239954
233756
231617
227136
216516
215831
223912
215547
229558
226579
227144
219026
227314
234596
231576
229141
229469
229337
268648
218447
201034
216585
215911
253409
221810
227701
261793
241567
229408
221236
203447
221142
217204
223755
225230
209947
231212
242866
264486
224066
225664
232549
228127
236956
223729
242291
221482
210280
226938
228590
230958
224836
228180
233738
273857
221781
202425
218207
208944
239113
221024
228825
226597
217594
249520
234814
231916
232147
260502
230213
223321
231075
219820
261652
246023
416308
229935
291304
216642
228966
198321
240736
225757
240368
221947
221471
199012
219370
202848
245000
225577
247302
227457
271922
208306
219354
229026
243670
242128
214986
230854
215792
220869
213727
238716
230314
229429
231777
230418
223159
236397
232565
235286
213565
230540
207697
228309
203276
220991
212306
232893
214248
228766
207600
256836
219304
238149
240806
251819
226016
218380
236272
221533
236401
223819
219183
225398
233706
244194
238006
225660
243784
223866
219854
234399
215501
247178
253136
222951
233592
222997
243218
234876
217977
235939
210657
243692
210533
224007
214282
232353
227741
231739
207228
225029
203287
251429
217273
227535
211581
231870
238768
226253
230031
229122
245734
222381
233899
224994
246685
224410
208441
243606
211087
232966
568189
545263
580121
554463
445783
240780
1268908
1066721
984259
873716
671863
559660
556077
358651
313575
317590
219742
269153
260304
270902
256264
268884
291286
273351
240823
243557
251029
269006
264125
264482
264940
271435
274320
253151
244085
222397
290542
241319
251807
256875
302740
268321
258683
213978
276016
285648
255155
249403
262322
273293
261813
258831
274497
255311
271500
270351
256489
261840
284924
269720
233444
241185
253990
257228
271516
278084
255649
264177
245508
248712
270137
267582
265411
276655
250156
248601
260102
261497
266378
266257
259154
273696
273104
272722
253823
241701
296935
256500
256208
264990
274828
279923
261468
253745
260680
273678
263869
277067
240098
256496
236834
226583
279981
215256
270950
253604
243699
237040
211995
255140
250825
242996
243530
255021
266563
226308
267436
244071
259112
252357
252042
239873
286334
230174
213086
250707
244159
247131
253432
259214
224344
241856
223573
246339
212566
240231
224062
252567
231016
236424
202964
255915
223417
224674
242276
237345
243126
232231
243058
236416
241654
258176
240154
242618
235700
265508
243816
250397
230852
254153
227397
241333
227326
236228
269376
246017
228069
239870
234721
273196
242568
226185
249234
229025
262770
240794
328343
257101
221489
236256
215450
237439
217703
242159
240693
239768
240396
277828
233326
206943
261911
221415
232340
230545
245799
247878
244622
256134
260635
219926
220744
237572
246024
226528
240574
262141
243276
220040
251778
218172
243590
244609
254030
233575
241140
264288
212629
246057
220245
249689
259181
256385
219330
243048
232410
224528
242285
221233
295778
249406
237867
236269
226323
263239
210706
226574
258706
207359
267682
217050
269218
266892
221900
257892
235346
200530
220589
218017
252085
247552
244238
252395
216136
221572
248690
211184
244068
253803
262752
224923
252681
243029
223260
244271
223786
263758
239689
245016
234821
259353
232907
236272
257670
225494
230556
259111
233495
246746
235024
261103
250048
268269
226220
272015
239950
227160
232165
240084
302635
230653
233851
247152
250969
214434
232489
240827
235065
210123
271831
230606
252254
238678
245486
283585
229835
223984
229869
250500
230551
257443
258360
294722
245560
225378
248139
222267
252042
247974
263248
253269
261441
245459
243110
218285
225156
269715
232215
239500
257465
251993
262638
242753
253537
235972
255900
243314
257163
251070
236308
246926
231497
240995
228707
259378
224499
228017
223285
231287
227402
219219
226024
235345
233624
274598
232403
223647
223672
233257
258871
255656
241707
244193
235777
236538
234006
239824
201085
256263
227281
258022
234354
244832
258160
243085
242320
250071
242895
241674
216898
245523
262757
243469
223507
231168
234080
262361
258309
236890
240051
230196
228857
243039
220026
226708
250466
230251
239025
232373
219284
237392
224517
228508
249677
218245
247066
222677
240168
241713
255971
248756
231864
225081
221244
243181
229673
215884
242241
243173
240198
240030
235634
239246
252380
249888
240222
224413
234445
223386
235391
213776
231790
279242
240343
216657
239498
212974
264712
226420
224921
240626
218111
242842
248140
236521
237735
238577
240288
210533
221591
247760
222643
231425
231933
244031
271476
235460
226282
225720
264108
228909
241960
225532
245697
225274
226208
228470
221578
241013
266028
228699
221137
228374
240399
247473
242493
232154
247288
211613
248491
221733
258374
216188
232370
237091
231062
236200
245425
238366
230304
239732
237951
247758
229942
233878
236795
241730
246241
240073
238437
228739
241006
254755
240156
249621
243709
245146
245239
247503
246067
240702
257243
216794
260256
215150
256022
212100
236638
230769
220010
249328
235067
242571
241213
249774
257452
243384
226805
249103
260477
258022
239647
238657
237790
242427
230152
229090
238168
241443
237927
241552
222376
234677
223442
256444
252036
263577
226871
277610
213920
246021
241796
237287
242906
214444
235618
239900
259548
242466
245690
249041
277337
236791
233026
237607
238095
253047
244078
250556
234274
248222
225597
231575
236277
251611
247546
240376
258045
258802
230647
223273
244150
221311
247296
249511
262006
256774
232555
256846
254994
228199
242277
247992
252917
270488
253973
266214
233599
307387
262832
235017
263574
248009
232734
247421
230739
241761
230392
249967
218424
225656
236784
237459
223033
246021
223859
235400
230456
256137
242448
243463
254368
233809
224533
244371
249170
250938
216828
213490
232065
250293
245201
254595
257900
253248
239676
248064
248802
227054
224218
230903
214494
243579
239433
239312
208430
240801
215135
228397
254125
238026
231981
241092
237127
243175
231019
241427
272080
221140
234871
229399
245690
228675
260884
218467
260733
222341
221472
224697
236145
227202
264034
254345
243400
231008
229480
263428
236242
215283
240031
260343
268551
208235
247967
228061
251180
232208
211491
247131
236484
233566
235480
243692
244073
235528
274210
236297
211992
233253
234475
239099
248160
226259
245553
237111
218906
240701
242408
249693
210424
235755
248144
264282
238790
228225
228049
241124
243485
222947
230917
224683
211380
245718
233960
250554
222036
212104
238735
229420
236531
236956
231651
236789
235590
233828
208999
240227
234975
245059
242208
245146
230394
241085
226263
224995
238259
258064
251335
259733
220774
235232
223473
241192
230399
290005
251722
218780
218621
224736
250758
244246
240731
250565
252486
236935
244592
239551
240918
235357
262761
244145
214797
247201
236853
235458
256312
252000
224362
255300
219878
232930
208031
229745
236179
230988
235402
251290
248455
241516
223640
249776
238993
254109
243340
208237
235925
235684
232551
236216
227904
235135
225300
243654
221063
228713
254726
224536
229108
235286
223404
245172
222497
239962
236909
263627
222692
218137
221408
242903
261461
249258
250674
227148
246702
254477
231691
241380
245148
268817
224987
202558
232954
221567
224692
238628
230659
241882
246501
264646
253559
224009
243349
262651
212122
208304
234913
212344
244970
239254
234477
232728
275233
231634
216496
248282
223221
257035
248584
227269
215137
237522
227627
239595
255354
249789
253029
230590
235091
234370
225309
243380
231718
241234
239106
239017
243660
208927
232150
215214
244396
267111
240990
227775
233443
237916
223491
228922
228640
241203
252954
240670
231068
235486
239202
218350
232682
247274
220475
256341
224922
244337
245889
249377
229746
227745
262297
243428
231463
234951
221697
253369
235550
227379
230851
242960
254532
243703
248888
241440
243418
254737
236925
250141
231855
236014
249715
251164
254783
238715
222422
282642
251574
259842
231604
227652
296154
235159
218167
239132
231118
277774
217482
238107
235339
270014
233162
213800
264062
247560
262562
251601
263583
276211
243260
232231
247610
252445
262551
254719
241904
268167
224548
251356
256135
257466
261829
251204
246956
247057
246429
257754
246415
248160
236589
214804
252789
229768
242040
236702
249414
231232
247267
239639
218047
239529
225491
212046
233058
245276
250131
233509
187041
241047
253245
247347
236916
241151
250340
230031
228206
234590
249580
224964
216520
251079
221053
235559
242628
264042
223297
215662
222197
220379
254191
220843
219485
250537
249745
254431
247679
224416
234796
260784
223282
221655
232633
237085
213296
240878
219290
239625
246637
230585
229614
244756
232201
231176
239821
218663
224338
246246
212641
239327
245002
249454
245476
223487
227373
232731
259839
229111
269224
252192
246504
249428
245557
220338
219924
236472
239277
239836
243164
234266
226828
248869
241175
263930
251628
247103
237076
230214
220873
264604
229316
205658
242332
227721
212220
230031
228023
232529
245377
237379
264944
218476
221654
237690
227848
213229
230298
228410
236265
242311
221519
243807
233393
225720
236836
236344
237436
233708
241190
237869
252390
272209
232621
247479
233701
238919
245765
229319
235985
210680
249395
247070
235461
235770
242922
247484
247503
251661
242260
271385
232986
231028
231106
225488
271138
220779
234028
220986
275415
224763
224771
242567
242125
258191
229995
237620
244125
239570
226776
209530
237386
217115
255667
217518
233326
230519
214413
263219
238444
243285
246617
201973
262118
238490
222288
240856
238589
228330
243881
247971
247375
247925
241476
239625
258296
243682
258670
234872
237504
247595
254390
239346
235051
224146
256144
247669
231028
223073
249805
245464
241482
233467
242299
243194
238925
232424
241455
237621
238490
230522
231270
250389
244041
250453
242634
205406
244808
233186
215041
244913
255265
248604
251258
232541
246133
218254
223678
209060
216439
245115
230210
254502
240343
240602
231580
242962
227221
234719
233857
245013
245401
253990
244377
223610
220221
240680
239602
217197
224856
244234
232435
247484
243266
227408
249326
248965
249447
237262
233894
280576
222277
225446
230858
251112
257228
218823
214301
245970
234475
241254
248766
239124
260346
244754
241843
233192
230587
244959
238016
228721
257096
239859
229114
234789
212968
241353
260869
275600
220824
202740
235738
235447
252839
225441
245903
250137
241266
228501
217956
261559
253380
251411
231413
228425
248034
233929
218814
224696
226468
251159
206691
225899
227318
223737
233445
229167
228872
251871
248679
223331
256439
220961
245594
239845
228627
263599
254151
237548
260634
231215
209401
242789
245665
256390
249691
258047
236302
279280
204661
270987
241560
259894
258837
220514
264913
240258
286790
231172
211933
239906
248650
242012
246727
241366
241161
257436
227208
228450
230292
254511
215105
252010
225585
250941
238349
233588
238133
239757
221996
241838
253210
216855
239494
245515
241367
243172
241327
242892
239414
249560
235438
248193
250188
240043
230038
238466
258518
233820
265289
231831
235213
215614
244043
247708
235719
243045
223240
245382
242870
234649
251244
241236
259708
238153
252581
225699
244439
211923
236128
215240
261639
229127
253772
228138
228412
236204
251970
221031
210956
222068
256914
233271
232187
235726
246654
247596
246468
243867
255765
249756
228231
237823
242031
239690
228305
432385
528717
345855
364336
340535
316606
245381
284627
345556
251840
288376
242227
253008
320395
253953
233735
244880
249495
228136
226415
223273
240865
249616
231239
294705
230113
232658
249543
235948
215983
231212
245374
232208
288224
263499
261585
219986
259458
266963
286772
306607
317789
219434
315579
240717
327507
288795
274133
257658
259083
262248
300894
230702
267610
234593
274804
292759
246351
271629
296925
272663
242551
261170
297576
232697
268062
226828
262506
239863
258439
300181
282156
257084
292911
239725
265250
267832
297841
270418
255278
271219
224034
269110
286682
281974
251925
298314
231915
262270
286562
278031
300906
236408
261963
280875
308063
214314
288947
224858
275244
226832
272228
284763
273488
261416
301932
276203
252455
294947
242035
271914
277883
292028
226612
259557
295230
1931106
1726299
1630804
1624759
1412376
1270909
1095506
1111278
907482
802492
590176
385696
844666
635505
550126
482414
277344
278923
270557
272266
257422
282393
257025
274364
272356
277334
228551
241987
296076
263054
301103
267828
265304
208781
234493
317049
267273
197791
301431
227322
276138
287003
255531
295733
238274
277980
289521
248743
269045
298547
269429
255624
317149
271825
201612
240717
298427
277601
266840
284682
269824
255452
324205
236882
271807
292435
264958
262613
297602
235210
264076
296857
290623
229203
274879
294757
290669
276888
232083
325015
205972
225214
295934
234204
277793
245708
279373
281363
279731
221183
267038
291210
274908
258143
316232
236216
263379
220631
263042
316488
242546
263211
214663
306114
301736
208291
201537
228345
247184
299726
256203
222175
271777
263886
219307
294837
218525
314977
268849
219120
260062
304508
244396
263931
292436
233425
266557
278055
289574
256312
310794
246705
260823
291069
276154
263946
301699
266256
219407
270280
236651
293520
285746
262797
289726
282092
228946
250867
207740
234302
277803
277112
264961
262942
310051
274463
259541
295923
210071
225209
296708
221136
259601
292763
291662
273447
230366
258351
310750
273128
268927
291366
284177
238005
268434
301499
275037
262396
283817
269602
257495
268057
289149
285694
228885
253433
296492
253310
263459
278921
215665
299894
237333
272291
278280
289029
237613
255375
288097
238269
256701
260852
278641
285813
269101
271193
281915
272417
208751
320888
282430
265361
228822
276561
290203
266804
249073
286685
241950
271553
228831
267369
269958
209456
248207
294996
242788
282587
318629
216487
256729
295230
240228
270577
278466
270320
206923
331432
285266
268592
214950
251536
295724
242145
258694
302889
266451
268067
278985
232416
281899
289494
250838
240294
300859
286810
245482
253041
306330
271808
289537
295069
246516
262909
308864
275972
265884
213926
308208
214295
295675
235613
266822
243503
288458
236017
270309
301221
264642
282491
227456
288228
240920
285311
231607
283553
292611
301540
235120
237686
289867
275445
216688
278190
312465
271061
290449
285068
262852
274904
268052
266537
239666
291351
305744
303795
249823
301415
314950
252129
296051
290763
253841
285800
320436
305314
236984
279163
318619
272913
231679
275504
279872
312075
295819
280572
216273
230127
280107
299136
237500
263019
282278
287969
229604
309086
230501
264693
292965
282377
269765
209467
223149
296528
280486
258867
296023
280445
284833
227711
286033
241668
281274
309886
239874
289383
309638
282282
251894
309057
242185
266327
287546
271997
280042
217267
269012
214757
302759
274774
218143
263525
262220
301682
234927
263479
292264
265599
264291
317130
260271
263126
290757
272963
257441
308510
231651
263790
269953
274817
228168
282001
280256
277644
216256
302014
266960
279139
278624
274069
231887
275282
224453
272466
220934
254816
308292
272990
284542
283271
265555
233480
300849
231973
263989
275447
295514
213895
305177
229082
275767
300228
278163
283709
266494
282113
222134
294250
230408
260806
303338
268680
289299
225447
253109
285328
275479
275878
225846
262818
293330
266474
276496
299842
282104
239976
255308
315996
264760
208242
226740
287716
251417
267406
296229
269760
270416
223696
298783
217986
296109
233117
264936
313819
279486
221531
303380
216835
254327
294115
234007
274546
216061
282900
222698
313971
270812
218046
279098
221066
250068
294567
213759
289848
228683
268778
280493
271311
279543
297902
258943
303246
214107
315519
266758
220905
262778
292540
242638
264583
214564
273043
225752
326688
249278
291701
287063
267305
227946
264275
289017
275559
228653
269979
276680
264345
284184
241953
259784
266290
288305
239866
267216
277004
273639
281661
224345
254967
263912
226488
268210
294001
266509
294915
289420
224544
269603
226959
278967
296789
238147
268056
302921
281163
289031
230399
259598
266106
302275
218770
262875
286660
233035
285384
282753
259194
261922
317142
286837
286922
282220
260005
272397
291319
276974
234046
261028
283383
311162
221939
266328
272670
225828
268314
306515
278264
231415
282398
278143
266604
283246
297448
225596
278744
238996
255266
302677
276316
218707
293992
240497
272395
276758
264779
225774
280137
314822
284190
230808
287301
294418
263806
242425
264151
302693
229535
268757
228761
264593
288178
292070
234682
246136
300529
287077
261059
310378
261749
239151
262082
279415
251949
210661
225693
252412
299304
233088
296911
284669
266237
297973
221547
257779
271831
273706
266275
305727
280769
272100
212205
294867
230642
266654
213376
293964
224799
252822
308263
237402
269403
323396
237264
405344
275841
303097
316109
260077
298795
287760
301826
216463
320659
259935
269693
289778
278696
262588
265339
289525
225457
257151
306170
281875
239227
272998
314974
258375
288117
310553
244718
275583
284932
267590
224371
257603
276522
263860
229955
269667
299269
275775
266866
226107
235492
252578
267390
235674
262850
276562
233377
262542
324608
285199
212590
291222
216711
295063
232214
262369
218358
234330
216602
288413
252516
261904
306743
274044
257565
228044
301894
224828
265676
278275
292670
293992
262727
286572
272377
254403
272314
221712
268014
301753
302108
273893
261645
261987
294073
292208
252039
243941
293162
247737
265623
307772
282573
284039
289767
293545
277717
296349
261401
320963
280854
265519
218020
252163
314445
263603
282279
288873
301871
234763
266662
235747
219622
290052
293957
277422
229389
284968
296717
280844
224193
275288
286141
277346
226817
253872
306184
277266
232431
260002
276232
295060
237481
260377
283033
282484
278365
223694
252495
299685
212522
208851
295420
221708
265527
324682
300784
266909
262547
283766
285017
246936
279931
287450
274218
219985
265561
294097
231928
274160
240949
264364
298069
272284
283026
285457
264679
296542
232606
274805
286190
275185
296800
270382
294804
233279
259677
257459
293481
269783
264174
232270
301124
238923
265438
216859
275702
330358
259512
292211
267339
295918
239313
228244
269893
293862
225609
284912
221636
266245
251860
305342
268780
286626
252468
267000
301378
233483
260472
275296
300689
230200
264522
219377
273769
335871
238905
293885
265013
241267
275129
308085
279663
266361
241810
264739
280817
269506
262301
275723
233968
266083
278724
235253
266212
295037
220571
257807
315483
269834
247265
298294
279486
292271
223403
277619
286677
234808
260433
267585
300034
237085
267120
267442
292515
265153
221184
278917
275261
257786
281359
278787
260469
270037
230049
283288
304123
252597
316516
253284
270036
290071
228066
258515
226810
303278
243903
267939
311067
264605
223411
262573
277998
280247
285042
271693
479347
277467
267878
298448
232339
228324
235613
321249
299477
264398
299280
229771
287340
283612
263800
267005
294807
227929
259781
233016
289765
233225
278055
232116
262382
309290
284202
291136
270765
289370
242626
297444
239565
268294
233672
280721
319617
288582
258806
297909
244193
274592
229906
268062
248357
273189
291134
278433
262971
280316
250278
206219
207345
295554
230581
270698
301292
231334
279479
301771
266213
286281
234553
284835
289427
236588
234080
301262
225637
262542
263904
263516
223690
283953
275538
285236
223567
320117
275171
216652
299665
254800
252452
223363
270086
292635
296906
244525
266956
287648
272627
293702
292087
292809
210636
305096
212270
298096
224511
296136
230951
272843
298409
268663
300189
242377
282372
225616
260039
304938
295526
279474
258009
294278
289467
240091
253689
296238
237513
266405
283150
272670
223623
274036
282831
292266
273088
265173
298891
254090
276965
279914
278906
303507
301010
282344
228096
323505
249203
284162
333261
320123
301271
275399
241551
294376
250245
243463
294261
274473
284509
341221
237815
245170
220308
324575
279449
206980
305313
227068
269396
294465
223600
260618
284007
291845
233414
245389
294748
254980
272014
288929
220234
257603
303769
269114
290572
226370
279709
299191
272205
277091
227632
315585
242823
274819
234376
274049
315044
252755
257084
289419
266540
232456
260288
265370
301612
222466
265452
273053
284429
287100
291246
226924
273049
216371
232086
254855
288663
224917
263476
308362
233683
258592
304712
234926
262334
293116
280378
281363
262518
224442
230668
308544
237035
275954
222372
272524
225779
265961
282123
222531
281697
233035
286067
319509
276001
265719
298271
269629
272288
216469
308208
222653
309916
216173
314732
234483
314896
236191
284972
217898
328631
262245
237660
299572
273834
208838
314941
279172
281221
221879
307835
229262
274471
304506
227461
265440
269995
300657
232261
278794
224406
274931
238059
312778
224922
263364
244169
297355
229817
280649
232917
263736
277044
300929
273664
235898
250500
316373
262101
208953
318542
303546
305875
259223
290589
331638
254922
281074
225919
308512
267610
288775
293820
279598
297217
274525
278857
235365
265708
293006
288455
279883
214901
334181
306832
294900
307710
231384
241829
304828
242325
266038
294493
212551
328714
289542
263163
305595
325098
285209
285174
282063
245461
276890
281342
254150
304292
231140
290925
257760
272491
303654
286872
236771
237360
297775
281450
248495
225280
265315
294857
291289
271237
284799
262808
292096
229104
281660
292325
279847
268998
306731
235715
297044
229675
343389
242179
306125
232332
289554
291713
257308
253990
210485
323301
267115
208870
293966
223324
305246
244781
265540
305019
236993
272329
283451
264589
293844
254089
264701
265463
287862
227850
263892
292857
234272
263404
324776
266774
215862
293562
226499
305572
224053
276798
290210
289665
295630
258945
291217
232215
263361
283926
234898
263336
282854
283990
254698
297960
274619
293771
213972
264068
210575
286101
313404
262645
225043
269955
274374
297882
244608
276665
276877
258746
303818
218449
291482
229823
271222
299280
278589
286740
294002
236937
240922
298171
241690
271438
287126
225811
260116
244915
311197
222295
261531
272029
340085
247863
260541
288066
287275
250066
253945
289723
222865
315414
268976
221641
277330
227634
273410
277224
286893
275711
266957
299539
285384
269353
222580
266636
304135
282123
262958
300781
238764
267197
216009
271074
246492
308068
231229
269644
302670
235664
237560
252078
293238
256128
269223
258681
293248
254856
287121
295710
304371
281550
250541
256733
261938
279114
286762
278747
234096
265991
216393
304818
230782
268734
307713
281069
273004
231092
215700
233665
263331
312393
273874
273496
222561
309133
241255
267794
227459
269674
229005
262981
314527
252158
289043
302675
241417
255495
306817
253129
264054
296109
230213
275940
308085
229700
264158
222629
253575
304473
283546
240877
303542
238020
268482
302735
230356
281691
279463
268291
227856
267532
274487
297149
270387
249663
222443
296553
301261
266413
278064
313419
307922
231753
268942
293637
240122
269350
262695
315870
284386
230991
257377
297128
269826
288862
242707
263825
261486
301776
223127
263742
270741
286173
276615
230666
250824
248080
314106
294360
281955
260994
312460
270308
226609
267861
285556
266945
239992
288735
273883
253562
287927
291515
266120
219915
321368
269356
223944
267346
275485
293387
286632
226173
267496
278390
286022
227210
242155
305851
246076
271058
301904
238101
277427
227584
277016
295532
214170
295503
230204
328237
270864
226620
320055
271176
221524
330071
296459
270574
254079
299131
237009
275525
322080
292465
278383
281768
289020
270262
306164
246926
279274
326706
286641
229769
297121
329384
314966
255887
260365
299654
306602
254674
225502
239241
284063
291872
284351
287709
245933
283478
242397
215505
293867
224825
257758
311863
259182
207172
222074
272273
290872
228820
263242
310147
261892
225967
299856
279551
275649
232900
281403
283691
274373
216845
230557
323236
293860
295499
248694
279703
301164
285613
305109
240713
291256
319864
266419
230184
319643
274194
230649
334558
308560
246892
225527
304662
222577
266265
222154
265575
315501
249836
257854
293420
233538
275003
285216
302123
219678
276024
238959
265624
221022
270271
235446
266958
224366
292942
217293
312356
250110
278105
238387
289222
287640
287932
228114
279116
241761
266110
300415
280827
291108
244277
263412
299330
245228
238474
248399
312962
275096
222088
277296
286378
267620
249849
291764
297535
273884
227322
257291
304106
236061
264312
220534
271340
216304
293440
219502
269244
317496
248673
263879
299628
236866
288348
236506
274015
286297
259525
213969
228829
258826
283445
283593
251936
257351
284927
274938
268473
295029
260140
211565
238446
273722
280920
275493
273594
268566
252661
295663
237838
269655
232165
271960
303616
277271
269032
212069
243748
303634
239209
281308
298366
268388
209283
230612
288807
288132
263484
264275
324901
266925
272198
233103
279405
239563
264745
295271
221258
275391
288502
235873
224031
308664
247502
269037
295616
222777
266350
219654
292674
223027
294497
226211
265487
276609
266141
226099
309475
240506
264974
295857
277705
222917
259046
299441
229828
323628
278405
216124
231276
312365
241190
266309
218359
302562
233680
275498
312321
241466
254310
310299
276518
267413
219995
273043
301948
271160
263785
217750
237272
259401
295656
255400
282847
235814
267243
285349
246979
276458
308761
262165
272450
215312
239477
301562
231897
269986
298352
282559
228898
233216
298549
298450
277892
230013
279329
219306
261715
285485
268957
260751
299893
292921
221890
1432188
2740965
2706913
2564361
2350034
2254256
2151942
1941059
1831607
1711614
1506071
1414432
1332110
1128572
1032641
879621
670051
539288
362489
275789
288504
316919
260554
204529
229561
312668
284379
243793
274171
278277
279496
253364
308970
246331
288246
218967
278370
298248
229130
294958
242743
266393
302011
229389
268765
305029
254744
263246
300568
287003
271808
230673
273599
320678
277973
270231
226105
262677
226776
302991
215346
294781
308857
245598
304714
275845
252873
313952
291220
291933
264421
293510
294578
237249
248607
220493
282532
292927
273291
231387
275076
221577
311699
223857
273969
317358
294677
221398
263330
270905
300267
225905
271128
216332
309881
223521
277164
213376
289691
231426
272265
218900
292912
221876
312742
271764
216095
303934
226469
276208
235373
266758
294989
222831
277314
214104
268550
301793
213173
297873
212017
305686
221258
323389
232888
270696
299558
229636
266196
297870
269622
272794
282546
262510
303439
214634
277250
286395
270410
273125
209006
220088
228713
255722
323324
266056
206913
298810
215231
265269
290889
223850
262858
286856
274762
245184
223636
269411
294746
223551
265423
298671
276083
271461
224023
261775
296284
274089
257054
244689
284748
270482
264951
318573
269648
214776
303495
215623
327142
273523
290522
237737
296813
304748
268373
316395
279837
301348
308937
224611
270857
300352
216920
304496
222874
266463
319978
280286
277414
219893
272669
307094
255846
269294
301903
217984
266865
220071
295506
216460
285769
280632
253066
295696
220526
307392
258847
206075
212140
310473
223704
261263
308128
215606
334429
278213
228672
218240
307875
278597
222648
259378
297996
270038
213426
262837
298643
235318
283719
285548
285084
221672
256120
301780
273274
262049
273494
318757
285821
220513
262399
266121
331789
284273
292486
306467
294643
242681
268952
298265
228260
233868
327148
298866
271780
319792
284624
279060
226421
271087
298492
284420
272765
222513
272498
221430
272092
300830
271396
295558
273350
280985
219082
273981
319243
254622
230580
297048
227770
279282
220973
270732
236717
268546
296801
211692
300678
222690
332599
243090
237182
325871
304036
321134
284849
282381
303934
247448
293770
248792
285030
336343
307143
267815
313181
235946
325125
241296
288468
232482
280715
310517
232855
272723
217769
284685
242542
270944
212039
298888
231266
273471
213296
301882
229347
286069
296754
284910
275035
273089
293797
262086
246685
287570
271511
268127
209984
295574
231862
273847
279072
294907
291873
269261
223303
257611
306150
218638
329060
235234
272253
212382
310574
259999
206637
298143
217238
226439
313192
222123
266365
218717
257675
291037
267059
230318
298562
267771
264230
268605
310050
284669
263613
238511
271930
225225
265180
303785
216950
306062
225250
223176
303472
277923
266391
281573
245642
281800
247789
219874
310633
221910
270400
216567
311050
257977
204262
201824
203649
208331
264477
227198
265107
288806
223410
267049
283504
287376
284968
267040
273952
227523
285286
290197
224295
263240
297745
236381
266846
216104
269740
211351
211939
232385
296907
275072
264930
242199
206024
213949
290121
232549
273978
220052
266564
254933
307992
278630
269622
254731
308336
292208
268186
262047
263532
221774
268959
292635
277046
297975
289707
235201
218353
231335
267854
312450
283165
267663
243904
286323
270575
263854
261778
303647
276198
283894
289856
260930
320997
288294
227429
259651
302716
285175
268356
217328
260594
308643
282047
260915
317988
280663
292361
219272
256625
305537
284346
223646
255875
294994
272008
289383
226969
269238
215525
260092
303354
271632
285547
220898
259943
294878
270464
266089
281768
253223
280702
283890
255481
308794
240224
287950
297789
307791
290935
244765
324953
237904
298643
297508
235266
282109
295384
241049
260197
305199
220794
265682
234350
267689
212987
302300
277534
206260
215735
305957
288838
231817
281092
281480
264599
218123
328316
275781
240356
209005
311111
265301
206900
308536
253887
287756
302528
227755
296205
277029
285368
218129
264901
212492
229668
265047
310286
279710
269175
219004
307965
254347
269770
300214
275883
267672
890252
345333
361885
344487
743069
359613
365228
1071221
266029
252311
265195
213593
237988
211543
241036
219291
230533
212484
244576
228215
234520
219435
233990
241986
241510
223786
236964
224890
234868
220556
236221
215359
250638
229893
249602
228640
227749
224064
240523
236834
231722
234821
246900
244484
216746
226355
235603
253175
222097
215808
214844
220476
311275
224636
271425
248924
251952
301468
273825
278567
296926
225777
272186
301075
292023
231082
281400
210121
301840
232591
322891
252853
280254
259023
298299
227242
270142
213590
322099
263974
268349
293008
283843
253085
228563
302318
216866
283515
279793
285189
218150
272192
281564
206822
217580
295826
292004
270636
220681
281557
291692
246841
225825
212183
218868
257643
301582
274101
223999
255294
315553
283945
281580
215597
301591
228718
276750
282352
251054
300979
294578
225633
277181
287320
289455
224279
274925
280334
220832
293551
220159
267524
310793
291061
221589
253454
295603
217241
330208
225445
271910
311866
287214
234932
257307
300743
219083
290260
290522
284730
224088
265806
279342
294067
277855
278864
260549
303112
276203
279075
256519
307902
286700
265208
272450
300662
278867
260890
268904
286533
288038
282399
271540
302376
215874
321577
218868
262057
303126
218127
260159
305078
220602
269974
316846
283171
272723
219757
267483
284802
293087
229038
212226
230692
270507
311096
230051
280256
224380
271573
281075
251709
306376
221174
259262
295574
228693
291747
218452
275061
294546
261941
263207
308382
296704
283425
303424
239948
279034
298642
298537
314430
251905
264240
296912
217750
335066
204339
231295
304024
311129
265394
218665
268544
234719
279431
296520
248328
239223
294919
274937
276086
230867
267172
326865
285353
278258
244549
259754
306623
276431
258310
248848
300611
297493
298657
240008
273167
307062
285284
290440
222384
265800
311505
283190
286245
223816
279012
333365
227476
276398
297866
272131
281800
213961
271969
278785
215333
322735
218980
273333
303387
298770
289618
227425
265691
301350
278758
249383
288928
296264
227182
276964
295526
239800
237211
290644
271546
285605
296173
236512
226260
302749
218980
289855
303824
275372
222013
221319
307088
293670
220064
272083
250364
270093
308952
247543
278052
310648
216912
264021
302599
236114
271916
304001
242159
285782
287927
292519
244507
276412
243341
282752
310147
284389
263401
297946
248834
286020
216541
303000
262415
233610
279378
311437
281476
279345
252723
280874
277422
250707
283863
283151
273626
219018
280061
301683
265877
269072
292081
243522
280940
233949
258865
298950
272996
289290
280813
267777
248435
271360
273335
275354
260699
243245
311033
257471
210160
310119
232217
255831
302361
286089
277027
294396
225061
265739
292541
282667
268325
223170
261422
272217
300949
282694
272876
259438
223379
225663
299919
218677
273933
241235
287076
284792
282660
277402
307191
276993
215040
308866
228847
290790
292242
278570
227682
270203
288648
302861
265361
303154
288873
255901
286659
274921
287259
231988
268769
241337
280041
297915
268034
236969
273257
320129
283501
268516
243294
284606
213411
234892
260785
306647
305343
289980
263849
283100
275622
258774
280736
290461
263623
230697
260316
297198
225059
279348
308550
285079
272064
242388
276968
242993
272165
283626
313685
273746
240848
276514
278846
269824
257035
307034
240916
270107
236456
256441
301260
234368
281157
300468
228487
405416
246568
199775
274101
308577
265531
203693
220072
285537
294382
276824
289652
278737
218758
242057
301807
242481
267352
293935
266630
261688
235187
270792
302104
236889
272861
242225
283064
284819
267781
233382
268548
291030
269716
258077
282322
300718
274342
263834
237459
259291
298799
273434
278067
266871
232209
274429
304313
271868
270787
235632
272810
286016
281355
302486
250301
267573
225147
287823
249365
275260
324843
221277
297026
297224
270507
226920
276296
288628
295373
229052
272660
286668
232324
239562
305021
289646
262517
260242
280564
234119
281308
319970
305248
224983
235635
305824
241958
272421
221682
276841
215202
271452
280709
266298
315496
216958
273334
220538
258357
330603
220117
311323
297418
276086
289401
228069
292798
282116
287346
299161
274915
301328
236815
274857
279179
282118
228059
285505
302740
224261
260900
304709
231370
276622
309120
208785
277584
241952
275374
308477
249105
287806
239878
283393
279642
265723
282269
284597
269996
296525
268592
214374
295396
225280
254533
295928
304274
226099
255871
291169
302517
224182
278540
291179
281775
211973
304435
243157
277039
305590
289632
282753
229802
271907
235052
274668
219025
276765
309626
301421
270163
300785
224393
341586
225780
237665
299571
241896
266622
283117
274668
244029
250641
296390
238865
263604
293092
252963
266529
294771
284319
297374
278076
233818
301023
228442
285200
295856
266650
250635
262727
312716
282711
272712
250441
308216
246811
266243
241368
267007
234688
308111
232628
276584
307560
296040
231232
249675
299919
274898
273903
286491
222093
264385
307231
245412
275360
297379
271701
217506
270105
268436
276508
226540
262618
307231
221541
280010
227225
275611
296260
278228
272477
249351
292587
271062
266563
306195
230976
261705
293781
226803
273535
293683
289061
241902
274428
306503
249768
280777
288852
297954
267599
228173
274733
291781
246519
242601
296673
218915
320014
238182
274790
274222
303121
286096
250700
274766
290381
291567
253645
280493
280055
277290
246148
280787
423913
216227
286126
311868
248033
238681
293713
229038
269187
306622
280117
264369
262670
253279
278120
280566
275880
279172
303007
288829
243281
293393
291299
266517
304619
250870
244908
302235
238123
271518
243789
270508
308937
263348
208079
345449
284143
310619
255838
285933
286442
271327
232138
267700
241851
275163
234012
273677
319403
272348
218405
283281
297956
228301
279156
282104
257400
304992
223207
281933
240768
274892
325161
272276
213094
282946
210904
226097
269955
312997
281349
305181
290813
246537
260269
293398
287650
289742
221189
252481
325724
300465
260333
277038
280361
309186
264931
205232
296941
230632
269659
313133
263965
209953
305122
301947
265505
298607
283659
241534
312386
223874
275736
220008
308400
241072
246570
304312
235207
277782
236947
273482
302698
287940
274721
248616
304422
228026
273165
287194
279245
249720
284073
300241
279666
216587
270943
286481
293517
240035
238660
310545
245873
270032
219607
269112
234067
262623
295278
242879
274918
246586
275175
223573
261152
297451
287816
284814
225922
266204
276709
293061
272493
267772
218132
231085
254033
306402
226910
300109
302811
253559
294891
282086
292642
241233
275542
307234
279338
240093
272588
239504
273389
317518
261242
272651
283176
254701
299253
230704
281934
215678
318937
268705
221517
284552
229323
284689
249204
273800
287331
257880
280721
300750
275896
250503
286492
301941
250036
261227
299570
242488
285553
331725
252736
282435
257276
234352
271700
300952
290614
260309
275638
241613
269201
280373
293132
277207
276925
270727
240342
275707
224902
268457
330186
267751
302380
246780
283273
242161
274770
312079
291560
288702
299083
242301
260898
304799
296374
259229
288315
282977
270924
326794
266348
257717
305935
295000
245768
264880
302633
237380
293019
309252
270343
215941
261807
297412
284957
286145
264811
284909
308931
268668
221314
252432
331869
239700
283669
287377
284372
292463
224668
261753
301502
299731
289276
247235
267930
300522
249010
275828
307954
284862
308294
273779
268944
238633
301351
263309
271595
300967
238644
280323
257201
270813
300145
235101
272499
300414
296489
234537
224465
298561
242962
242724
242983
282225
297860
274615
243223
276339
236140
325483
237648
343840
277818
331384
302945
280797
235435
331461
289353
232594
340313
294565
326267
267045
288127
238678
288291
322679
276007
288399
283751
226239
289311
284360
261912
281743
276352
282521
212209
301515
231565
274807
290042
261261
294919
301254
294090
274749
233150
239578
316234
261702
272081
302525
282421
302369
229868
283687
302152
309567
246982
228260
294939
243097
282525
287267
277686
242284
264339
300615
239922
272588
293977
230861
232627
283812
262160
290206
285164
313690
259780
271839
316627
286460
286302
268473
277962
235313
275199
296051
217145
310287
264852
212653
296849
233021
266990
301258
225036
290222
227709
281642
281554
262655
285974
278742
273851
279747
320248
299630
275268
223603
252978
292360
246828
270984
297666
238121
278866
216820
283113
292748
252789
290088
298624
244211
237380
302809
254674
276626
242157
276773
297932
307240
296105
246987
271002
306076
274419
262920
296732
238447
268475
291692
278966
235081
288036
289098
227420
268825
263124
244418
252380
291776
227800
264339
224821
266169
269195
293400
280155
265176
308856
224177
259992
311751
291802
254903
292459
236201
280273
285752
217963
297852
223933
274881
290793
303938
227367
326250
264778
227519
275161
246849
282158
287516
296705
230456
270908
307553
269165
212380
309463
286767
257632
265110
299380
249568
273420
302408
295993
229328
281864
285862
268037
299479
250460
286202
309354
279629
247218
288140
261088
272137
287125
285697
225038
263983
303435
276794
272969
241587
267093
288885
264732
312061
276300
261005
302080
225112
278174
282722
229757
234611
311515
284576
280268
292723
272695
234829
260946
298031
278506
303874
252261
231894
273342
290978
292850
257205
246056
305302
254883
291589
308971
239128
269624
334120
274644
224790
273674
234369
270798
295820
282149
285890
228902
265833
313736
295270
266289
253364
299922
276374
276317
230098
275293
285962
268743
302776
271287
233175
284644
289456
279928
334296
260141
272997
280738
268809
287462
291670
225309
225266
304719
243067
273689
291785
296397
287751
265623
277098
228443
259959
304287
273979
293111
244262
328744
228219
268891
293763
274825
279160
301122
228643
269939
317651
305206
270744
286503
288121
305993
296084
242620
248705
316406
220624
316647
262748
210997
310360
255918
210896
296098
224695
273232
291383
269004
228129
264795
264473
282422
256244
304922
291737
233549
271451
290579
262451
266803
284402
295187
268325
277503
302502
276504
266142
292551
255752
287030
285806
259474
299016
280435
247036
242637
302956
255505
282043
246337
275323
292018
275993
316545
240436
270261
235407
261768
309424
275086
263104
322009
307320
289662
223520
254426
243804
301199
288868
266796
288871
295263
247104
264899
303935
250509
266514
323934
260952
272090
308086
259823
279854
278770
278668
217693
318229
262887
215345
308954
226815
279991
289385
271297
296939
278977
290246
241680
287823
293408
277286
247754
269556
256645
295620
276248
263130
236314
262037
301168
235850
285175
329690
292902
241240
290002
237527
301636
310678
243819
288104
269912
230547
277409
223717
287779
309275
291633
323311
288659
290295
285239
268841
237939
296418
224880
294109
305781
240378
231843
301371
281387
256015
304734
229429
279274
307462
239820
251136
276047
293396
306134
267819
224261
320426
291964
270669
269710
288285
232874
280097
326172
262510
286411
249280
290508
286093
238867
230213
246171
295520
219572
290364
244929
271977
283236
256573
270045
300211
244178
269724
225279
283001
287776
226710
220186
301138
281506
274681
237833
281955
295314
250432
241803
314842
294874
244211
302614
235158
273260
316342
305807
283422
288565
279359
289510
262902
245177
303090
269051
229666
281105
221833
287975
301107
275094
229149
263111
298406
234678
279654
304162
228150
246202
324487
265659
210629
295979
228130
292572
285698
257409
306584
236112
277380
220015
271970
318933
267534
221762
278498
281376
276708
300036
262978
304923
224127
270227
293699
278487
237931
289013
259432
273366
302685
239653
336202
267170
209585
302177
233575
279611
281866
279684
239735
275807
281686
284141
236826
274651
234786
273631
315176
284592
280373
265968
234743
277455
294433
257808
285140
295376
276773
287732
307554
246069
227814
299306
297368
254932
261044
286472
217696
230432
313215
259656
276425
298760
288985
221009
257654
302780
247861
275266
234395
285054
291579
244400
269635
225833
277172
300554
309486
281144
273979
229164
297993
274631
263719
251327
242099
322948
273576
226240
277143
288301
285413
286925
239879
273964
311420
277058
246200
273678
303884
234538
284361
216945
301693
254031
280868
291646
285624
282792
251597
254729
295187
280996
292894
229589
276628
234165
273955
308517
295991
295626
239741
272966
223117
272579
302612
278466
308922
239599
279232
281946
279752
246280
280305
320284
296339
269150
231136
278404
290725
280241
289719
248657
233359
275788
290780
303118
236726
276565
287986
268014
318976
240028
271696
289551
277427
301412
224013
269285
301764
239495
271400
333622
302054
280732
213840
278633
290367
275295
319238
260999
265160
292679
942704
739430
800349
589025
475623
410203
236194
777495
677166
573177
347910
786549
580715
452772
326113
267827
328627
300082
281260
287045
278843
277492
270226
306749
264117
223264
290104
305959
311585
308283
289933
238788
303291
249212
245536
278105
299691
285849
271985
233609
259628
289973
307868
298956
249131
222669
283079
302147
266229
255276
305548
286780
270912
241417
259952
298477
289036
243534
291489
278277
303669
241131
286332
261084
242042
280844
283746
256894
225962
263674
301206
282234
224799
287208
258670
285088
290637
267745
271797
315435
265540
230147
277463
296015
205849
249829
282534
310002
295251
290042
274511
244545
278154
334946
292661
257822
270334
256016
282908
287967
260297
258236
299881
251336
239934
305407
250885
231010
270052
320070
286865
253556
284375
290641
268322
261304
313979
281561
279936
245903
288149
252238
273080
302765
250686
290944
312433
281695
278280
265885
278789
298878
251427
222598
271770
300742
290857
287125
223477
336842
229006
305829
295028
301280
263268
291436
260374
284736
325868
276949
281861
251569
275145
314190
266291
222666
304562
231132
291285
298240
244391
229117
328146
226597
256892
301547
297912
262273
260732
286237
287646
297918
250575
273268
242799
268214
332973
271594
311427
221181
273196
303298
245493
281308
269023
248674
284106
294075
296094
243021
282550
309702
276794
266155
234724
273982
288694
279026
249557
285856
321895
288910
231780
282542
310051
254140
285258
345500
241758
296770
307848
290767
264735
296604
297726
246573
255032
290217
270373
235920
277506
310754
284836
269790
257162
299881
245895
230027
290833
300768
273670
237628
283990
304131
303163
278608
247737
291152
310224
291275
311171
293348
264193
253285
250757
254781
265184
235425
285457
303550
289840
258396
248110
285139
311444
310749
272568
237036
291931
296983
258981
231719
286201
288850
230752
263336
303876
276167
253522
273503
295962
283394
229235
279904
295283
282050
267336
234774
268369
288647
300113
247690
282172
307972
267246
225107
274736
298428
252209
255201
314889
310922
285777
259115
234407
264685
319797
275992
219786
279058
310134
276819
265058
303800
254150
232109
303804
260266
219533
319193
229297
279943
279328
282617
218484
317713
290075
249996
211967
278380
308052
228966
284811
296117
287699
240743
279642
284567
264184
332814
236865
234644
259519
312428
249756
263644
299852
283547
271113
281108
274733
306998
290596
231068
266914
301352
281243
280255
265323
269005
221057
267232
312417
267772
207933
256618
297964
295389
262357
258352
300738
254206
276331
301959
245297
288160
333315
229059
270038
296990
294718
263523
273578
308143
238451
276740
286452
296850
230588
297627
300832
239390
319865
263777
279809
269921
236006
272528
286446
254321
276149
239565
273283
320805
257116
271011
312956
280192
279636
306821
240584
273872
329344
288258
281527
225611
270924
309146
273797
260798
275560
303102
224516
276693
297191
272459
281131
266363
241121
263920
300671
249823
277054
287813
271545
234222
263268
286687
286641
235393
285486
301484
246298
275157
280358
276154
218325
304977
223422
288380
313486
273667
256112
306695
255739
279611
315377
239931
272863
219178
301179
289157
286880
239288
265043
293616
281464
271359
236377
282789
283050
242698
256844
310262
234157
264139
281487
278729
270400
220846
223097
306549
237690
288743
309662
267183
314125
292703
269095
261323
214794
306747
234775
285967
290972
285350
295912
264616
232715
262693
307559
288021
261262
238448
312273
251507
276163
294875
282600
239127
266783
238404
268257
297322
291447
249041
287590
289372
271054
283229
298507
280339
272600
232915
278407
305926
266513
212489
231900
257125
300285
285546
290191
213302
317558
261759
230187
288066
314159
281270
261891
217803
268198
308907
246628
273279
330655
313707
250905
300554
243665
287954
317386
279447
285562
279654
284326
296121
271023
231317
238445
319811
293373
278310
270879
259035
298339
284631
259636
252228
307297
279701
268526
272971
302113
294244
273050
295099
261150
309496
280427
265696
246174
239955
301261
269372
221787
284836
308375
278980
289714
304679
282538
306929
253524
297540
289641
279016
238065
298263
290965
298437
224571
289820
302018
268536
318868
234730
290485
291937
221025
307254
248728
276391
280136
282174
223122
269515
279806
271605
207752
222617
308297
291431
276003
299178
282667
280665
221297
269252
328594
267802
274130
285588
273050
280552
279464
270422
284361
303932
283754
260618
303710
290389
274151
257629
232304
265876
306284
301163
268855
244975
277514
309247
231351
280847
239678
268789
245688
280043
304702
275994
275922
315107
289305
274960
234652
265483
316863
285804
241568
294961
251550
274955
283457
267591
266232
304521
293166
239164
293007
252334
278090
296432
230907
286812
235816
277838
277873
238045
303770
254722
231907
291446
280720
286922
237504
284315
214943
320243
255187
275666
288912
278669
255444
257946
285698
219779
236605
266760
291919
286791
240792
259813
311009
292050
256992
248569
311285
238530
275509
284341
274739
320815
239776
270531
293382
289731
288589
226374
262989
303082
235196
260534
307690
223364
280973
290545
276096
288779
294487
248151
295674
295072
225150
352066
288971
283209
255377
277113
307735
276789
281971
252140
278211
305663
278491
265800
300542
252454
282462
285570
281015
235090
272389
309524
209385
288211
216049
317355
262116
291464
284733
289437
249512
274301
291283
241181
311613
287812
249735
237314
283210
328955
275506
261128
238343
796623
579647
339188
348427
339416
231237
332503
268227
297198
224709
259911
261546
280662
288351
297690
319318
278669
263715
297999
288235
304056
290118
266369
294955
286700
223505
227487
301769
228753
275741
295600
272688
305714
246482
280211
292513
263977
316589
9663888
374535
253033
312238
231249
248764
268856
228028
256203
316765
304146
225674
224620
218601
296647
313952
262303
274556
286667
259509
290323
282142
254820
260082
243561
295439
288625
274076
218714
245235
278164
275949
249401
303086
293251
260863
234064
263500
302042
253289
305515
266893
222455
274730
228962
259017
267045
224643
262595
285591
286322
256550
261942
295761
285379
272784
300266
288302
266919
281731
256162
242974
236215
291742
265523
265971
259256
216060
251109
295351
284889
266935
290440
262385
233413
243751
281610
289225
235569
233098
299790
283925
266037
278199
269800
218982
262190
273945
250670
231561
214546
220722
215484
258500
208864
207375
207441
212909
303155
236086
249418
263256
287919
266636
224791
218276
293045
226462
260788
271663
270115
213990
320899
269787
205018
215136
215242
223273
223699
295444
274709
265757
269162
269067
261326
213513
298056
224848
470175
324522
233676
271145
299184
260608
210539
305948
218092
275665
533976
456667
446742
396393
1713156
1514026
1415657
1298137
1100638
1058259
950743
739483
616690
496794
364922
272846
290174
270759
212248
303363
259155
207532
208958
289117
272097
268326
220738
255573
286376
271456
267009
259947
300962
284787
269359
250673
209878
305477
218305
302051
270413
222607
267636
267027
227335
292131
284093
279675
265123
218494
258820
278485
273656
259498
216045
299128
245343
258801
294317
272665
216837
291792
291794
273109
204583
208861
211130
224772
217100
217532
209280
220252
212400
216298
304024
218845
276778
301093
220305
257312
272628
294313
255548
210642
297074
248743
266975
286044
263369
225340
242905
299607
284408
262404
269428
274237
257092
222970
212665
229741
210539
290280
276936
216274
322630
247701
283726
283931
270960
294092
286109
240714
254663
269914
304197
276312
282137
265061
304794
235718
274783
288152
261124
312299
284564
271185
221293
285836
241230
278996
288747
282049
279294
228362
274938
288733
267944
244019
236584
305567
282615
281840
228378
278217
237171
276057
294852
245443
300892
231783
296046
307344
236952
264143
302246
242910
274052
286637
264492
273510
245586
272164
277643
293811
307437
254704
275942
285878
282582
236154
271349
318725
266490
207991
318874
268385
226136
271498
278986
300195
272597
275555
252034
271376
325181
293103
249830
256301
324314
239905
273555
286373
288645
254949
286134
286336
235917
242485
300681
242699
273584
328030
296998
253959
