1595063226
256097
258378
252127
265759
271239
250093
252080
319654
315344
307494
357389
307023
188598
156051
171325
153391
171935
335843
156812
165433
330556
160391
381413
164695
401555
390952
357371
211285
166483
173833
160198
161379
432580
420728
151555
311163
293482
304670
151539
303541
357160
345341
334326
337027
221175
137400
342022
360936
347366
223266
158454
171750
150355
137162
143389
130195
141170
325437
133941
142452
145233
136945
208992
152408
142687
171426
166942
194635
173923
173074
198174
148551
137008
135213
151134
132289
138850
139200
138848
131038
142224
143620
143068
153877
151730
164293
205089
128202
142027
137385
207386
147657
198426
204376
150464
154531
145220
150930
160716
166487
263252
162624
163566
302465
278845
308675
318766
304866
262704
143394
299108
276850
267805
301683
309187
312352
283007
307929
298041
300854
287194
300515
307989
206969
152777
156197
227066
210195
159569
141831
161053
208865
164795
242242
333907
264831
300906
301074
190015
317497
236415
164677
176051
298606
254957
183530
166698
289042
308180
239289
206325
132257
141942
139629
180377
196414
233491
196329
143107
183788
218962
140572
140067
135640
146607
139787
152126
135647
147332
146151
133755
144649
131297
135127
163831
132891
148126
145852
137384
147017
141814
140260
148800
137554
137550
158798
165410
138654
141709
131529
150171
144349
150108
135537
151345
138527
148087
129766
199597
159238
319306
348556
356136
348919
239505
203770
396410
364327
345012
356011
359499
205642
263212
254085
335069
284750
225880
232585
213587
208999
201945
218543
226035
216643
23403169
21290108
19283764
17221891
15107179
13055143
10998933
8874561
6814453
4751537
2636377
10699263
8693892
6581153
4535119
2476565
3517491
1402778
2045436
1733694
694886
1528061
969289
676333
433525
167961
372649
365849
211114
171657
175086
342625
290458
353380
304133
140798
289877
285816
288978
221596
320024
153616
154626
151985
152450
203841
317348
200470
291112
183976
177875
199657
172192
193466
296579
173947
172381
173885
216169
211192
205755
189562
213754
221080
196105
239238
240196
131542
256267
209188
263799
266901
189354
299709
210390
260861
245969
242445
215069
213381
194068
258343
238471
215175
241112
247478
187753
244028
194253
182097
199253
262230
275736
139078
205906
186408
188680
236594
168581
206144
234283
233104
154512
283793
174586
154408
184014
200537
241131
217795
193060
157588
170857
224662
176664
322634
130164
295193
279495
270241
130202
133522
234073
182339
145287
134523
157842
147503
171532
135769
129626
148552
138036
144131
155690
132369
140641
218410
210615
189912
186918
201197
193935
197579
176718
195484
196656
212197
131255
143896
137602
147041
177953
234006
169672
208576
275194
275072
151893
262982
213415
201890
220883
148843
145964
158840
166546
155419
158572
339266
169984
191084
153469
212806
360161
171264
172202
189410
177800
225964
235747
181734
183967
190459
211808
236130
204543
212299
198968
212956
151101
199608
241126
212908
229826
232826
159168
188928
190241
172187
189968
317113
195350
286713
279538
239123
249148
253286
231236
200989
146455
142071
201037
137792
190220
232657
196487
297108
133224
145299
139115
127450
250622
225549
230502
249850
246158
267474
126808
253689
237155
248585
233394
261928
268161
250894
271344
259415
262756
141306
267456
194435
208999
140876
194971
170670
189985
182228
133633
133995
157125
165030
212230
174034
159664
149543
172445
160445
187693
236601
229189
234879
222027
228785
137021
303897
302702
133375
294329
296410
274431
287103
293620
133897
181243
183700
140594
123562
198902
134882
125490
134024
137650
134409
123859
135141
293284
183176
182232
204238
135997
137418
181287
157677
226038
226939
151589
236991
224611
136624
230683
230878
179175
227063
168543
177527
161466
173725
171306
178805
164892
165958
152948
160819
158161
162499
165428
140381
182189
140736
154197
145313
148354
155963
161237
139008
171799
133577
147001
128764
138577
133937
134563
140581
147397
143538
137685
135517
138068
150136
136560
142726
147660
147215
144311
134618
135162
133097
135129
141159
145178
126093
142956
132126
135381
135468
155159
142868
151906
138080
141950
135192
140425
135218
137021
125423
153276
136495
137665
140647
155000
135951
144101
139135
150203
135252
138020
146716
143210
140026
141306
130349
152203
139689
145984
140387
136808
172276
157335
162753
172938
146121
141551
139123
194758
186116
141246
192582
200221
189908
139757
131715
167370
167509
166107
156534
181760
152710
150888
151136
146694
138714
144989
155106
142417
147871
156022
152883
134018
126132
138913
150225
148280
136444
152393
143117
146575
132737
146864
134380
147619
149022
213606
147748
216649
197183
224022
135503
219985
213022
192851
196128
210142
199826
206678
223162
211084
164569
188208
161050
166086
144090
172739
166118
159031
139590
155444
145367
153355
147685
151943
148910
161902
148640
149966
144825
147249
159951
148710
155280
161414
142545
153555
145138
137215
153225
148327
145921
147492
147170
140438
23534099
21472600
19359799
17314465
15251425
13129532
11052118
9001626
6887887
4814375
2735326
619409
7534793
5421884
3344317
1254368
6456602
4385988
2273322
4334342
2261423
1951466
2060416
157038
741921
286334
255765
404986
201296
391628
331943
319598
321077
320621
260081
270034
142795
328840
298000
332493
297883
301814
293987
300096
319828
298406
289945
309876
336061
302257
330168
337101
324136
345740
311399
315633
304074
322273
278365
277618
277140
281463
269927
263720
249997
267805
215262
210622
223380
241717
202226
222238
146978
240790
276408
222348
225746
334127
245628
229913
223892
218722
233296
311744
223254
157511
176691
211309
156093
333887
223984
304725
348082
322466
296415
326445
324079
330711
305604
319029
320890
303984
300067
300196
305194
318489
300454
313607
294582
236627
143780
293119
221234
198297
286038
184623
198127
198251
179318
298815
167382
211273
275148
165172
184055
171727
187386
182047
191770
182979
190858
324299
189311
207649
189460
185149
296548
191185
205857
167331
173837
169234
166883
170446
194422
157318
264056
251330
251758
250076
195180
255220
252864
176297
227754
169659
288736
232706
245450
224199
210123
194763
240623
243935
219078
227109
218694
242415
238481
242978
241665
294236
311237
315805
210844
181084
140041
150334
165294
296968
179210
243169
237195
249740
162623
305990
181108
310621
293320
293243
181684
364209
253307
218948
259772
276921
206141
281089
248472
248395
235887
246431
163031
234120
244460
227550
245589
222606
213030
144196
230697
198747
238689
245666
150419
228743
212763
207816
241539
199110
1358548
1510568
519006
203065
156899
288558
186502
208509
190234
213365
203446
210444
199065
214235
187866
184380
195640
214834
215207
232228
174707
210690
202767
190788
184658
172390
159780
183499
188399
185520
182995
204605
187200
199957
214138
212416
194236
201871
171375
219383
165982
210300
142551
142623
224898
138705
226710
157624
174566
245175
135071
250166
151963
152037
193662
180491
182360
183389
137571
169277
189380
182933
195993
228120
207946
146798
133565
207143
127448
171892
231166
167812
177201
166836
131618
152646
152063
161970
161249
164156
158261
154545
164184
161499
171243
166924
160604
196309
165416
209940
195281
176271
186254
145375
187250
249177
291507
151458
173642
284176
187458
226141
235490
224298
244522
244435
190732
232515
239423
171233
302933
140153
152955
268128
184542
238160
167044
220768
149541
240552
263435
240819
141578
190909
202725
202473
173984
143668
251803
155890
132769
185618
197974
197615
213115
204868
236968
216665
201987
197636
195870
211761
157322
204556
205889
179700
214388
200781
210425
171666
181956
213481
240154
138683
172816
147805
207906
174205
132359
169679
147705
164177
136748
157283
136123
138608
184161
184365
164114
191990
174507
171979
159390
166496
136322
189437
146676
175473
177818
144827
140786
184583
124265
165899
149367
158605
172586
142993
211831
163579
156176
174496
210876
153031
173219
196382
153787
179804
187245
183681
168719
173495
166930
154995
149900
193096
158438
133993
139681
158331
151649
161566
129779
159432
140049
176149
183925
143890
163880
178817
179880
155882
175237
141956
174450
139685
139031
168625
159708
201135
156458
156892
178564
192832
181947
165749
169175
170352
190297
130546
139197
169028
165802
148997
201765
185910
155782
155401
168218
196055
161090
167692
163629
163412
148930
191793
162587
162269
159058
149314
150477
164906
210549
213605
198545
199805
146327
190865
185811
218608
198827
28344874
26238236
24252028
22200281
20085164
18038063
15981944
13868442
11836110
9783973
7670451
5634742
3576044
1462421
9890882
7826372
5713500
3674949
1602885
4399244
2294906
254125
1659122
520836
210048
441464
344087
272865
231230
134617
268742
147464
299295
188400
186098
304521
216626
157489
216181
161124
211493
212739
172621
138982
267920
135601
196696
150412
181124
137032
281884
152032
154740
155713
157717
163540
270656
141049
244088
251868
147580
247748
240321
231455
261844
259171
247929
284281
203858
141896
334082
198875
146126
328018
313419
319444
295592
276299
298189
286963
250499
288622
234627
241363
187095
169360
180001
184136
208398
273439
233799
257358
291697
332133
227880
337816
311385
327886
312601
313089
253249
241199
309421
234522
230402
279739
341401
233892
263231
228347
230547
243692
288501
265010
300739
310101
350203
340291
378589
132846
350444
146719
152661
349639
138237
264540
199495
260711
326296
139476
327089
187361
270761
405231
406846
271423
404291
178945
194169
257993
261838
212112
401065
312894
172755
178992
277010
321598
180197
181357
266693
243343
296886
296426
241091
191136
261116
298473
191819
148777
202951
137605
249879
217457
363759
141238
239615
145684
250579
177768
361840
143524
138174
176619
173460
182974
185141
195081
201453
182912
142024
155655
202068
290235
216414
179035
197866
259876
260748
238794
156103
160297
158136
232282
260189
252565
237969
222313
226243
243743
248932
199382
199713
196737
223643
153910
236850
220830
157082
248543
231091
233546
138525
200056
233718
264443
156447
254593
216378
308507
201933
191220
191921
197965
209183
197914
198952
201675
174840
203954
177073
200481
234815
137615
286204
256553
285663
151957
156570
140963
216686
218304
281585
222816
154069
221769
213296
164741
159896
141373
162586
264576
144843
148342
210473
159996
142027
201205
159292
163115
148217
264264
144833
153026
160722
138132
307508
137342
161264
223796
223060
138523
205027
178916
212158
168270
199274
204411
147311
195105
164845
155873
178937
147317
170271
160835
170703
159194
200511
176820
179395
196144
178309
157376
168855
171443
196691
198085
184684
136815
185561
181110
163933
153388
183369
144291
154136
165140
179157
175500
208276
187624
215671
170457
175218
221874
191623
225590
189297
232207
231223
170635
206088
230485
228280
153994
224373
149872
190343
145032
199899
210686
142129
148684
135278
153548
195636
137047
162775
186779
190372
204924
154660
156272
153985
149222
162640
147083
152054
157026
147844
131079
147159
157904
160856
133995
147694
131689
155621
144773
137125
152424
175987
163506
149638
156059
131229
147868
153892
133263
145580
174716
134121
137972
145329
210662
136353
139014
190035
194431
208747
163526
161574
168924
196196
152109
155920
149232
140538
142539
162061
206791
180632
173110
169987
144740
148761
156072
159630
169495
165264
151140
178651
150986
157372
147743
154235
140066
187138
186570
157700
178989
174355
186277
158707
164116
161317
211462
178121
175574
147511
156965
188079
165496
168147
177073
197593
165022
153459
162152
167363
160866
163979
170801
171642
164979
159725
178643
183227
207267
196537
181811
190941
159800
173689
145788
150889
158460
161600
158480
176686
188746
136432
163751
139292
136917
150408
165096
155931
160810
152260
153619
162025
166340
149909
145700
158209
153587
208018
202538
148130
224387
212005
149781
160352
146231
144977
140406
178062
153696
169064
145872
222045
164603
160431
228071
171633
231988
228672
221332
185884
220277
26963525
24850782
22812729
20777617
18716343
16602238
14568414
12494712
10380510
8320319
6271660
4157113
2107270
12301425
10196626
8139267
6078970
3957332
1905813
2556534
442620
2386867
307969
1015865
447233
590358
450791
168756
230542
213468
218413
177339
234845
151928
153890
137899
249618
142641
249031
137693
172306
157228
212212
226650
161609
155388
148269
179669
239572
194818
335023
200746
298014
254650
197882
139281
135819
138370
139460
139314
139745
141084
133617
183767
145894
146750
132215
137558
139850
170481
293881
145803
130539
228679
143669
188354
140186
190068
150943
157003
146633
156022
133862
193467
144773
134833
209717
142028
200838
135445
141407
210259
196157
143065
284491
323828
145902
204634
227178
332290
305559
246520
334698
380827
144122
196032
334574
414836
290732
269955
410140
407815
268402
164114
217982
353659
172054
162160
145725
153340
145636
128392
342512
287615
278702
287779
274724
211814
268214
287037
268982
189742
155169
143049
368384
140834
199631
221195
158785
139552
220598
195258
287714
340324
231704
150256
272267
218228
207569
143883
342236
225814
154308
271002
237797
407055
164609
173661
155849
158574
145093
160130
151605
157921
255555
145285
252611
249622
264045
245054
183089
249281
146983
132237
136441
142047
150883
160238
160681
176060
274387
141704
149998
129911
187771
210511
197465
144394
147030
159649
148664
142375
130974
138771
132788
144164
151483
156167
133931
139467
140935
152957
132171
147707
157398
136666
141140
138673
148777
141941
135972
143968
146318
149680
137704
133977
163051
127523
155852
161387
159170
143088
154914
143009
143859
160531
143002
157556
167257
140036
156989
153772
162655
144651
148149
128417
185259
147607
166911
171569
163041
150629
159734
175581
157671
156168
207413
164394
178844
158577
166724
189503
166285
171500
174727
136203
142174
141493
140049
138467
155344
135942
135410
139661
144061
146519
140512
133639
143619
128154
143189
136657
147275
145048
181810
146853
143584
144874
151198
150175
147351
156175
167438
171289
181499
158078
150363
157959
153290
169698
159836
146209
177566
243953
142720
152070
150922
215025
208748
210024
154322
223808
219300
202362
219998
212045
202941
209984
162064
163206
171916
161888
170543
168807
290240
176581
293329
264464
160040
248904
269619
289971
348871
255577
315910
212116
164935
173118
153068
164119
183178
172269
177882
136667
164110
151473
154567
142356
141195
139700
162748
207732
269164
263039
220874
215847
209701
237748
257009
172251
229721
233423
233464
228036
216595
236504
255610
227061
260328
195909
244941
227918
237556
176626
287946
232148
169685
251463
225556
151660
173049
180461
264201
157675
159919
162172
168434
163608
176672
140980
138843
165569
150918
157127
132159
144531
155469
191659
143910
139661
169798
190218
187461
140075
198715
191455
192536
210046
218496
173233
186110
170329
182784
170259
174148
153092
152663
156815
162712
151807
162967
173000
169070
184481
184088
194182
173462
178639
179729
133116
255999
139745
249429
251439
140562
143717
240304
151790
254616
138062
210956
141362
199928
199967
291627
251169
217908
147509
135542
164181
169751
149381
270595
147117
209581
219417
272307
277359
146410
153338
254175
170769
223360
277427
268104
276186
342800
347261
318611
341512
346634
285350
283863
162811
344233
155502
258804
283231
286299
273084
148759
157878
232042
160477
210251
141911
259423
203005
230390
226001
188246
205856
210394
214824
152990
165144
220185
168884
166575
349981
251594
329999
282189
27514430
25401985
23359527
21300913
19236341
17122567
15051079
12971201
10915042
8801103
6777938
4769154
2655396
8998201
6886351
4850863
2783782
670515
2418361
348338
1905845
1402425
322837
1190923
682781
213192
434020
234039
176957
216391
225788
175200
337624
163428
169993
173615
169140
180483
309628
305756
182189
161629
262960
278453
282446
169258
186745
293465
297445
156295
173449
302061
220434
276407
303400
298518
263937
279057
170765
274319
159884
165482
281995
145158
294724
291672
140864
295041
132743
149814
278920
282091
224978
195238
273064
303673
298199
281982
289594
292061
197561
323195
300464
278949
232466
275457
230173
299725
190490
271162
273495
277929
310029
231258
211204
236886
237019
171691
295907
220316
166730
311282
212178
300332
243870
218740
296209
315810
297861
297404
319949
309073
313729
323734
352587
323624
360160
477313
344380
465636
461526
475747
399404
442672
421399
254798
453200
419293
233138
221251
215634
464523
344907
208781
215261
433180
214768
206753
274037
201943
202853
191817
170702
233983
274268
276159
220185
145607
446605
443891
446542
462120
289032
415447
446287
289824
369903
177233
487243
155407
459181
140034
497461
133608
244950
402490
453914
472870
483192
374623
482739
147979
140600
416102
481261
430608
448775
256031
394457
436998
456769
490818
449990
449137
453433
447308
412297
439795
470598
459868
451867
460939
447970
464444
443007
468988
434802
461781
442307
465154
437975
420754
442503
413950
463416
434067
422530
414232
427077
474316
398902
387771
398484
432792
427679
395061
405290
414915
399244
388190
395084
403387
416327
377849
379054
388422
395670
370253
350080
367355
194380
384562
380185
409555
371122
393958
350445
382310
372008
377240
407640
403624
400375
406290
349505
346004
328583
348759
326504
332107
327932
329166
297375
185977
175049
307908
327926
160551
196031
174218
319073
353469
175508
302618
385045
264608
247492
213020
377877
364057
247350
374789
366731
394597
386530
368908
369968
399095
233484
219890
219148
229123
363048
223822
334298
231564
342542
390597
367900
374651
228257
377756
351923
372475
344708
336266
396365
330353
347496
273660
180366
335993
264817
287197
272548
246426
252772
257659
163186
264430
259164
257615
238739
259047
329343
161469
249370
362887
266720
407635
400140
154553
226226
255640
146004
257897
334930
239717
246390
144244
252073
291470
225712
178197
922798
582583
292413
279372
316970
319446
292445
274216
277854
163445
274622
271098
264307
291579
177656
317062
282056
294744
264350
285696
251067
243211
255403
279050
224121
236614
254621
256222
235705
211623
218178
220652
228293
212457
258489
383559
246622
318139
225231
305749
283825
218240
309882
147242
292544
293193
148156
300294
313656
149620
317919
316234
307026
147019
150159
310410
310466
330779
210051
316488
256133
228570
230752
214611
231443
192419
176348
222789
224206
192654
217727
185371
173154
197668
205174
229444
225912
190442
230719
204138
170655
166547
184059
204451
207185
252161
211382
177093
268640
218921
247644
249045
224910
257441
257456
246614
220436
238997
240629
233293
244012
163085
270166
260592
166316
167689
154171
182521
262117
241805
157587
182899
157780
156954
175977
196707
173026
190390
173309
164998
167922
148290
186660
159617
194349
166418
157636
150444
156739
182262
152449
161528
170848
164285
216747
172609
161368
164307
135521
146059
129420
141967
136155
146734
154762
154244
141868
144772
146081
135326
139739
145061
140595
168872
123891
165585
138532
155437
145169
172919
27891575
25817877
23701725
21654631
19589982
17476006
15402859
13325206
11211569
9137823
7056208
4941617
2870185
791221
6644394
4593632
2480470
407326
1710835
2731462
656570
2039186
223443
453734
607786
247072
137258
138982
208231
213570
148571
217485
135919
159138
289581
165896
206564
279231
281189
164252
295740
143398
270689
273297
150760
163940
275171
214980
221138
224189
301576
134803
302641
301872
242270
160324
251130
309918
297835
319224
311242
305966
306069
215113
212139
332922
325644
303506
335681
208164
280390
208156
154739
169444
134779
143877
163621
156168
146159
216642
164969
216757
164566
265368
266300
259365
216510
185875
205718
210139
240375
348358
274722
237498
340637
264253
319632
296881
293564
236044
300324
335530
281119
134935
352037
339332
331415
339957
357090
346258
341355
343335
346988
368225
293593
271786
299850
321768
231906
215897
224058
380514
261517
405015
270181
233286
408302
395820
333644
327622
332679
338714
334362
413089
408007
411414
421043
281477
301021
453371
380162
433074
198187
180789
301712
200238
427936
205990
418312
176505
159900
189361
457197
416747
160512
342807
435235
176427
192729
136646
379657
164555
237165
225120
238977
256316
234865
222794
243841
403320
240765
171479
264469
235653
501460
244456
248578
368162
478354
237021
295030
288060
304918
291492
293341
166007
328935
327785
234279
381467
242412
322445
509301
414023
468727
162330
219820
209761
377327
451397
563959
275896
401634
450379
300885
472195
551126
236819
217499
391839
233176
256475
188083
231897
237516
159886
183005
162354
139779
155674
158747
182157
123675
147079
142956
185355
160199
141216
172183
161421
121763
430471
152736
180058
735471
155826
163935
635269
169821
424743
330331
429252
411402
440664
422007
416276
421117
182298
420595
430177
661278
445875
577791
451879
537507
381197
681799
438300
196223
733555
636794
720315
318601
745454
245456
312296
232890
239887
316000
355522
302465
253497
362435
308509
362675
394458
373680
487520
359316
444289
504875
437684
512175
790730
517018
513623
496464
254262
350943
389508
522702
343868
522067
553848
519172
420926
539285
433492
435547
427364
581293
439967
248509
352795
209463
201234
239343
166439
815711
807248
795423
802678
785999
801681
816875
830546
817779
261760
799260
841195
776284
805253
775773
797798
631747
611650
184110
173351
158811
142593
149763
505542
223210
170005
788842
432963
613554
618037
595522
429057
544729
717405
779233
686900
145278
778189
416177
769138
429521
376203
635414
211713
382206
413639
412482
390927
387253
564695
626771
530806
505822
377923
385712
361513
397308
390231
393200
414270
397216
356251
358037
224781
274614
263354
337032
359114
386859
534135
440347
145337
154903
168504
209124
373237
273239
345013
502835
503165
510100
497896
219256
372270
396430
394121
517526
431379
441985
519423
450317
501723
445465
376863
353421
379006
326326
228464
270770
344116
348765
235295
327275
137793
264039
265975
248141
313653
334269
356856
456716
543039
231489
199221
250785
225204
205268
175355
160175
158555
167247
179434
217686
146530
141574
242590
152990
175716
173177
488413
167194
155291
488582
170955
157234
135342
484340
470823
158568
151313
491854
156391
149816
139507
475785
275451
464367
426845
449520
469749
457368
135805
144685
439398
445566
153325
149351
439245
179125
440925
478836
150483
473413
144059
184249
466813
454904
457668
392591
377135
140838
129318
187275
404161
139329
139346
129611
137876
444459
234943
165967
151770
140762
413234
157675
488947
27541963
25419054
23385764
21343677
19227685
17189572
15144572
13036072
10999932
8939214
6824400
4779284
2696317
6155162
4094915
1981394
8050486
5938144
3892814
1826484
2589957
518093
2023538
1528333
377707
727013
662537
385415
201230
266253
301512
248615
293018
311616
305188
212605
220862
149763
310501
226291
294240
326623
231445
263053
312097
321221
238245
326673
171653
167700
170670
152231
151107
146138
299910
160419
307324
176340
165280
135594
144488
159686
155165
152355
162595
143957
135463
257693
250662
172573
214001
240585
142476
236942
251205
203649
241797
162423
272902
147492
178071
152722
170871
215682
286016
156369
158171
151632
165095
204182
241254
210411
257465
160580
223094
254941
159505
176518
274629
154022
173868
145466
186281
139578
230432
166537
172648
154985
144511
275838
181583
280832
287796
272261
280594
175193
293036
162069
279084
154843
151061
172635
301395
208319
264422
288230
278682
278655
192044
280418
305084
285073
285208
283178
299191
284240
169710
239960
201000
284763
194382
252861
273239
278855
287083
171272
265604
283174
175245
303540
143655
210899
275588
260623
153794
282590
273931
177183
282896
284266
182798
162083
169572
194770
198916
193974
273943
163452
170998
204475
166556
169152
217936
177424
169783
189278
191568
183037
155638
161515
183956
184644
309480
158375
341767
230055
172085
207006
221514
208108
172720
166826
173485
158948
386931
181009
267806
432830
413066
422750
372898
395823
410826
404221
414511
410724
156531
144430
521488
141813
155458
239036
189963
142351
189674
161475
150895
147302
289875
151991
289083
281103
194247
277325
206092
206193
337087
283631
392246
291949
408820
417447
485805
418453
420395
305718
307381
279830
416082
535781
340645
564416
543104
340031
344683
398550
393402
390580
390462
521123
390197
727001
410115
326761
248424
348052
215359
365297
216054
169985
195357
323301
305486
178226
195553
213734
338751
386310
414053
423380
433122
348309
398160
441231
406014
340198
408045
261610
411773
359589
249109
264738
272686
246752
435680
442307
453652
249273
459864
436323
581385
547349
449124
541306
605923
527279
443974
524734
531656
599643
597049
570843
577871
617234
613872
593491
591009
607868
611735
575190
920775
905248
807209
580829
518703
592158
890606
504300
666487
808228
586243
486113
654777
486963
529062
488512
498550
525410
507138
517890
907126
767923
630696
496070
620922
632981
622044
182510
616308
631089
289136
621878
881781
625846
642005
664064
632347
785308
913081
647828
685066
660409
564510
854466
802334
791040
777991
711135
693184
783229
982639
794112
965342
840496
826844
783912
823105
979609
896148
176143
226150
917423
156466
150762
226538
165428
250445
843077
226040
754697
984662
738631
343170
756538
244988
342125
314690
216708
194214
201429
282284
266667
216126
255293
278685
263443
236760
179990
170941
268878
149341
853054
748826
735743
742889
823182
357906
704028
200254
650941
164712
167168
655587
191554
514851
524177
645296
638604
631537
816266
824142
624274
603646
751879
192185
665204
650395
584610
555941
175858
216182
272812
331117
286308
272235
278066
277204
286578
235343
161818
622921
440241
587042
407853
598673
388617
441261
546464
492977
168318
171079
384150
485457
468910
601726
390751
466865
504001
264681
1085448
214833
376386
146288
225480
520524
470436
558863
513368
388783
501660
334340
329287
542127
213732
500723
763846
311939
295607
335580
292467
266150
267206
252467
287519
253296
345000
464444
340277
340363
465657
319422
333478
220126
343106
196765
19048707
16991283
14879289
12842749
10768910
8652766
6613977
4559278
2446577
14210909
12172463
10059651
8008787
5942547
3829909
1772151
5805294
3741312
1629201
1387651
1449148
563860
1412090
960746
263236
389618
402518
446530
346297
413361
389433
411768
397180
409887
402970
188131
348661
386083
447242
428326
390934
274646
423040
418724
363820
401878
455428
422273
302309
451900
391883
310952
324680
294550
299403
283846
274904
284606
303879
281320
173070
177417
265760
320158
189987
168741
206402
199062
178146
168397
166874
187121
200660
182117
161045
164703
397416
147349
166603
381076
399558
398302
160982
148494
145266
149837
148645
382794
161217
147867
146615
408281
211010
369960
320887
315848
267643
285094
387811
288164
272693
326541
344644
149788
163252
173719
167159
183313
346281
141757
168125
176500
163990
200601
347305
169959
364886
351940
170942
145841
153309
159905
181204
174021
363929
157835
161164
143424
181306
181194
178810
156393
190758
220612
214199
208255
210518
139186
256211
225924
256656
294434
380438
252905
276402
259847
286581
295227
284218
249760
203953
214492
262607
265151
245559
297632
280216
267138
260736
276288
293374
291465
253441
279667
282591
268700
259148
248998
296791
308035
261005
301465
322183
312896
300974
306355
316235
325323
311149
333008
310272
343206
340287
313865
313206
312608
339649
334726
347917
315129
310089
318390
317299
354601
330451
338610
338899
324653
349536
333615
258495
284444
278483
339538
275183
287436
336633
355352
352006
287412
267378
333741
274993
148184
281408
271283
250283
256475
194730
237816
266265
255452
173815
170936
240227
204609
216513
194464
198126
255989
245119
267236
246679
265224
197783
194490
277458
268385
198344
272634
203360
205346
191946
186388
233339
217430
222546
213491
190274
197971
207641
210713
186865
212156
201285
194755
219364
214939
179912
197578
211385
232171
197940
142495
151170
138355
231654
154033
272293
219131
182274
239308
269752
292808
269328
233793
264232
224228
230536
223994
250850
274195
281421
307815
250550
422422
202078
225191
142339
144043
236890
434217
234066
329690
219852
145305
138924
144762
149731
273109
325877
139911
147297
404601
319666
332543
334991
349529
439406
151030
174782
340704
421306
551797
262159
436245
273143
590807
243788
254066
266714
564485
223256
258359
232925
288822
265036
174373
139627
162405
332768
152596
619418
158194
148557
322943
330439
348559
326771
289846
203664
680073
331829
256685
230460
168781
501754
171149
291819
169223
163374
164874
164644
176281
168017
790935
338521
786590
770716
780283
419262
405537
407521
772176
394160
385940
790162
783648
776906
804190
778744
765470
696015
769873
804374
757723
464325
762777
628668
375764
426886
217717
274364
252441
636571
520129
804063
620697
762552
803448
809228
759089
752975
375396
524457
411439
250215
523765
164519
168258
139894
842928
153579
180389
175495
166508
232153
238249
289821
198574
800212
147221
796891
308178
763753
799104
676431
555178
620975
625873
641296
599308
740483
610132
559965
757536
149000
740237
753550
202364
584363
196111
651361
147135
705713
669172
783844
267058
577591
583960
728638
726451
249130
184997
662331
307388
749874
643395
667733
752398
756835
429535
754033
385363
756128
801595
139973
654179
634210
744459
764749
476601
643489
403873
620383
356711
183888
162467
159340
573799
159558
156223
171945
580966
394308
287183
673767
273440
269935
294385
298306
416979
757527
178435
653754
569342
415279
565593
298717
641320
635169
518967
164058
288043
22491727
20378523
18341065
16288263
14173952
12137740
10065006
7946734
5901389
3846750
1734408
14578154
12467615
10435455
8386691
6268430
4217139
2148155
3776030
1708364
3610650
1552243
1846605
1422024
327138
497634
258697
512013
342747
358960
260292
290853
231429
246194
180324
235607
236420
197519
189917
229658
409219
342132
225584
184177
139456
153373
194679
212300
141298
144616
134441
311661
141410
470382
462637
190041
142526
465132
188840
323774
316178
233127
301576
273797
298895
344392
242633
346328
226414
258532
133884
359512
149500
137813
147540
385779
141822
300866
364016
294301
295863
281903
293388
317253
288026
270511
293890
289168
138634
221734
298324
298458
301565
286529
264798
297242
278967
289809
290940
222211
231909
215236
203842
221741
282165
227343
219769
148931
291480
144174
148825
147147
146872
141691
230011
142460
142574
131575
246449
137616
230960
154584
259452
211829
188063
185771
219872
218789
214583
159736
272375
226872
182115
201826
226850
148980
252387
199942
201344
158726
179582
163673
218748
162898
160499
209482
291476
228613
218502
243423
220889
225628
266738
214167
233133
267503
293556
290259
273736
291917
284577
212247
297245
248981
290866
290958
284016
211733
235317
274118
215058
211631
133776
337300
327151
323935
178743
169362
165806
180215
169125
160580
388945
165767
163762
137633
138117
193180
223811
185525
220952
140557
135403
216867
169967
187278
187791
194212
148155
141130
184385
136423
184048
185050
136759
143690
138833
150029
191113
169348
138425
133034
143375
136305
144980
136449
140833
143463
149641
136012
132381
152446
176221
208722
151907
148390
150804
147953
136793
131719
131780
138813
193490
143643
137212
147974
139132
141782
144636
138726
135571
135697
141247
143383
136463
135838
149699
134117
137788
150829
136191
137491
145198
149205
153421
142298
142883
141456
127961
137103
138951
135234
145697
171966
152634
141801
143677
138988
136541
127967
163799
144463
138075
145001
142931
135809
142012
152393
134609
147334
143441
154059
135929
142215
137412
131310
143145
187120
279949
145807
129591
145294
277453
281303
170590
156946
167172
183580
181788
171925
243411
210322
195331
178434
184710
142281
157338
256892
221460
167447
207337
185440
176358
174784
128732
188834
201161
162345
176440
175263
169568
171363
167526
196573
187717
162153
167861
173479
174682
149644
167341
179969
189326
165123
161201
172289
163680
178621
182009
166343
192943
193741
173082
187452
183052
137614
145743
182111
137601
221064
177566
204324
193977
210351
191706
191327
184938
198924
140453
138873
138088
146581
196022
289791
194934
208532
154184
156576
139761
132860
162508
142421
149820
155145
330654
259121
151436
254535
192801
252084
306393
266568
249949
227547
164081
152445
164016
146171
151671
151105
144009
142391
141731
203739
221257
198522
186066
137159
204003
215222
143364
199524
176686
182619
166690
171965
162836
227306
162213
170754
149735
159778
182575
183936
173384
162154
178524
221901
169850
179841
171959
186579
182009
190368
216364
263566
238608
145247
139100
160165
165529
133423
132926
158961
159975
154246
136114
290344
186108
136128
195254
237854
147457
252016
269249
268480
225886
225759
143510
237008
215290
262136
140088
215475
233136
168795
237677
164255
238189
180233
155634
169143
164039
157422
154237
139740
159832
149718
172515
141446
155881
156336
174820
217292
164015
142692
128869
159221
128767
138423
144520
151027
128423
159490
229816
153587
217248
228644
167242
214439
172558
201192
193628
183054
22893073
20823408
18710964
16688209
14635881
12521655
10480927
8418664
6304557
4241694
2178147
16887982
14775658
12738634
10678352
8567178
6509387
4427602
2331679
2708156
650740
3164615
1089153
682322
1166900
721853
129057
278760
276617
192367
187873
148324
184978
165114
165229
161266
177496
156733
166464
171155
156246
182671
160597
161487
169011
206587
132408
168483
178867
157056
218138
183877
151987
203819
169121
167034
178492
165225
205221
167068
167785
144107
169973
178972
196000
183028
192807
179509
186681
182812
162932
174016
180308
171241
151336
171012
189907
161508
152115
166451
171959
160304
186699
190354
184378
147819
147217
178008
163740
161175
152803
188457
163611
151489
150642
152156
144947
147861
220539
165829
150146
145722
161000
155909
181295
175055
135836
138628
179679
178767
169879
195337
161312
154534
184162
159832
156896
153071
233809
156630
199897
218018
189372
210033
213752
190615
201857
151345
242492
131506
234876
171070
150532
154595
161915
169363
184091
189439
146982
185679
169508
156479
174766
163857
241139
269064
159947
150634
239853
217099
223536
235313
203441
204155
188149
214144
206408
226565
217751
253789
202357
216400
215111
186435
200549
196307
186292
195755
151938
229378
140387
194857
218257
216896
204901
233126
146412
248518
220646
193922
199886
235096
194057
197182
234781
185822
204522
181258
191045
231893
183571
173364
174795
198150
173960
169226
173458
196347
190119
185961
215245
171488
197854
159289
182016
171951
177583
170236
146640
176871
155635
130290
173583
173543
145724
196946
175942
143973
190851
181419
184972
180112
175352
169360
161179
176085
169841
169108
183792
155528
143521
182917
161993
163078
163136
189137
155655
177552
177163
210051
180019
141519
155791
157250
168419
154105
149625
160971
137213
149401
155265
183912
168439
180706
175755
185187
162376
158018
152632
151744
165634
178674
143123
179480
156236
164357
156424
148157
157294
179280
174120
161863
157119
147185
194321
144559
159923
159102
159414
177080
165608
179417
167259
148228
203898
180501
170834
193213
198417
176785
153487
159879
165576
219478
242494
206079
211565
197453
202410
187391
154587
205010
270080
174319
180991
262799
179113
237202
169385
263113
180243
238240
271745
169100
272180
170742
234829
176931
196157
246329
170368
359182
222433
151573
152255
222644
254186
286417
242020
226463
159109
157149
303626
283540
184449
173931
176323
161695
152283
145260
170021
152429
159526
299101
277764
253466
273276
177844
262682
312662
245885
212694
218023
210861
216478
154349
213732
143238
146314
286579
222610
333103
265024
151324
150468
168475
288921
289766
359936
253543
338585
269070
338839
149044
151780
167608
274517
339385
323565
216312
217518
146786
150449
151923
162908
174285
163479
176832
224349
152616
204407
152700
173257
161860
158422
306976
307056
319350
202848
317858
132859
243057
242458
157831
134880
160796
357584
361502
369147
375147
376380
170825
173779
159316
157509
148737
160970
363361
264096
387633
368546
373924
384170
348523
373327
357203
369290
365803
380702
437401
426332
414620
193757
186022
195052
183340
251095
256421
403425
182141
251833
184348
162144
165296
176970
436603
258364
205872
167286
253694
239537
155317
202722
175626
220806
203223
321291
305072
319672
155209
294338
271313
137114
146349
301851
405109
137788
168095
180491
185561
262004
172910
182740
232479
165971
161916
182697
178227
350534
187583
170452
169091
153040
148625
342170
365911
186025
356408
142087
376476
369552
162238
341130
347793
357345
18390176
16277103
14201630
12132101
10013374
7953965
5884077
3770064
1699606
16240468
14170368
12056394
9988554
7910875
5796269
3715098
1633160
3019729
902946
1748010
1015207
1795462
605364
954500
888749
441781
247868
366185
264840
291795
275526
336818
154526
414903
300330
160147
165120
295669
403844
415499
287880
274969
415488
278097
202076
289878
290718
277657
283160
147501
174511
136333
131415
269424
413749
140409
138726
262845
259118
254829
314786
337713
262290
336603
335964
362196
324807
356570
164066
161099
427459
303726
436687
335884
318320
493619
509258
474485
354622
485086
363475
359287
482005
347041
369395
368422
369215
294249
273559
225903
364146
298927
191757
406955
327787
332596
313593
203702
345131
339552
368854
337147
394761
379487
359963
382618
375799
377393
168576
176215
277424
310447
253781
323638
316691
466350
388999
285878
208365
421100
428916
315581
314808
373624
397285
316673
400405
380963
326752
344647
378374
396534
381982
417043
374290
138872
328616
408188
319281
306398
316586
414585
384613
431386
409886
329486
292992
406159
380199
300320
313444
431413
280223
405573
415086
339018
349042
418531
307391
329953
348083
326625
341432
309554
324112
348463
345607
328295
325725
342604
416785
322807
324133
382402
424901
385337
435565
415871
251070
242336
231210
244569
138490
247978
452346
400799
202987
372363
384559
309582
403317
374852
402225
138735
236106
215534
367939
233530
245602
455604
461677
430756
252178
254739
269915
420510
255738
266724
259254
244786
277824
266022
285555
408589
245609
289178
410597
399178
469329
268938
302107
432608
287265
305509
316325
241693
236327
284133
270363
182204
272822
219087
227698
180940
211991
144384
178678
152890
163066
204299
188513
217585
535166
270942
271001
261064
275751
282712
354068
286865
247272
356710
244465
414321
404620
230259
175604
164352
168499
195942
171969
194047
191386
236495
192821
273966
189329
241641
179934
249466
273574
371945
264152
292981
264240
232832
590254
255622
263088
193426
374237
245086
271377
246306
159529
139633
190106
517425
468265
158732
142272
235644
176342
388309
261233
201288
163447
214693
224490
277351
152659
152023
171779
202660
271149
231927
137754
160803
149269
187611
144380
201467
218224
148914
139764
137990
164246
315252
179786
139690
181137
182164
185885
543297
303562
386412
160566
146968
149169
303440
355416
399514
153343
216015
228095
210076
341558
363108
356668
331774
285681
154582
372575
159755
418116
417122
227257
384603
439179
266367
403287
396052
404832
481724
230379
224041
171030
407621
177558
172035
445995
1284578
309535
299656
299964
246446
242114
177305
237985
172473
179977
177783
207543
250831
195043
185558
284553
269283
339227
326925
361599
339652
143383
182586
198470
201280
353045
347707
163218
378603
395215
359996
352702
541306
529968
191146
430006
283200
518111
459680
614674
668403
189516
186713
196311
174687
227222
141297
218722
190069
200593
171260
297802
173663
275082
213502
182757
268080
243980
252908
170966
255453
236461
247623
258729
261546
246312
251717
204552
258343
200045
143104
216786
278704
273903
146366
260348
263153
284019
142855
159029
275396
261412
249026
259670
278715
138682
280988
146143
267318
254670
284820
272732
295418
260848
280689
180544
171701
153599
180325
187725
189210
210940
163075
187053
144718
249159
290808
256574
164089
170173
176060
156024
182862
203311
216219
169081
190425
206270
142601
200233
222820
188097
194609
161871
228270
214327
220940
161862
310946
180631
227550
203148
297277
24588081
22479909
20463141
18408262
16298149
14252908
12520386
10467639
8546535
6447105
4398374
2644287
8849780
6737123
4680498
2633333
520162
5608745
3553648
1440254
1930027
2197138
421916
1022737
632063
169308
278504
318160
211887
169231
205303
219798
176492
300205
154881
292996
242617
237603
238156
242519
300653
316407
305950
187708
273733
282356
209743
312933
204330
197610
260396
200543
310127
221837
242313
233365
235967
151813
340548
329434
342121
137954
184849
296299
350899
338836
321067
353672
307035
308934
155635
327357
319819
337575
305842
335772
314923
335089
326947
351247
144830
140735
146959
238918
230808
242700
142349
250098
248323
150805
288681
152923
145178
180382
183043
183926
269911
199238
199036
267092
186286
201713
193473
273762
257872
268063
258561
174626
257723
139318
253098
170470
182412
140409
304590
175033
176720
190084
173453
203322
354013
186660
174793
309067
183472
182806
173351
171472
176016
189899
296837
289399
306213
150149
285465
287551
289611
275079
310003
147226
149787
292059
158420
138119
139646
157062
307661
263086
202350
252600
257015
153501
141317
219475
155161
271993
253116
213716
263603
274044
264984
289649
187392
350037
225679
194613
194691
197494
203929
178128
241407
241074
328295
201731
317669
310130
300180
245185
195621
164598
255939
248319
252312
259652
240569
258426
145630
146385
141083
261800
148668
145487
207245
142977
141712
237488
143462
260832
136269
150850
136074
136673
131439
149084
137193
150304
143792
148396
147007
174167
150827
146924
151537
254667
227274
243820
244631
231522
233267
143901
199117
241323
144067
150702
190478
248504
152429
189659
230315
129780
193923
148798
188700
134365
135398
241232
242285
161395
249902
199194
153467
291067
255007
147519
149329
211894
154486
161139
169630
222142
161934
162505
163270
170253
173242
290793
209538
179309
347164
343001
145186
228196
249985
140951
138797
200261
270763
202327
249216
138686
146477
140752
145489
171422
138521
154876
137844
195677
189220
139997
137484
191672
187473
205182
148168
143349
145763
188892
143171
169819
199031
224337
222622
139319
136146
139563
190692
196037
148423
163720
154455
157944
157172
158520
305281
159072
304607
162571
143947
151471
143052
132515
363525
135643
475793
389609
297481
223963
218377
218066
202065
252011
245800
207975
197507
148618
142698
342255
188200
407251
132324
348989
238472
333944
273627
184547
216104
202514
155510
170540
177963
150580
159599
155556
150434
150395
199654
145567
141285
138083
370116
356779
128919
132900
133113
307663
178449
167347
188110
206076
205120
186173
188359
159987
154102
206747
228433
144897
138947
127678
208805
199667
199570
136805
213168
133822
140239
189022
138631
202068
139150
135098
218099
200825
210381
139066
149987
152285
131472
140783
147595
226995
134962
179352
136664
200584
212393
139524
136113
195951
182523
138990
143381
151475
129981
196772
135425
128999
140453
135083
142746
149787
217911
124436
181004
136557
142405
154505
140384
134884
128123
136713
138994
194558
176955
134943
133325
144429
136898
197584
145228
137737
134124
139493
146098
245629
183838
145281
145816
137556
142610
157396
144708
167782
196083
275136
202812
269924
276876
271312
289044
286705
248910
256313
262365
191426
204540
146994
146172
151275
137945
273346
270646
165909
223709
177513
171327
174469
164954
150476
167678
162551
150903
149038
183465
138556
171222
126947
163453
136651
137878
169399
188521
182970
187816
179428
204027
227149
153992
191184
185873
214695
129852
209685
200593
172842
19983578
17919519
15805451
13728325
11663809
9552104
7484015
5408943
3295089
1226262
11309423
9196938
7120412
5039664
2925016
872213
5752275
3638880
1566901
2879306
797626
968203
1230740
534933
210970
286844
136085
131955
201129
243808
198514
206829
329979
202593
199528
183318
175711
211999
216932
141943
200194
146707
134097
216357
166718
138054
137644
126376
125235
136548
202566
202679
236491
142280
248544
255983
241854
194789
244399
201808
246996
242992
181074
247481
252067
230780
218275
238819
242813
251719
172245
143923
232138
132212
137713
248978
246419
140761
253591
226786
242040
257185
224319
260220
261889
140337
186690
229457
201841
240007
133763
367615
230602
199027
209928
137877
193207
251236
143835
192697
218346
216199
218693
138453
225770
235676
234631
221604
242626
244343
152787
249524
200425
246969
136137
241263
245560
235843
224977
242034
245997
253049
238627
240847
254257
230963
249292
231652
247813
244840
245263
195798
244062
194233
262097
261724
135758
272217
232987
300042
143067
223569
144069
135470
282582
277953
143909
278721
187855
204261
257616
200780
230879
247580
292550
272185
274596
281379
272571
134562
186392
234694
218548
202177
218920
200449
252192
141170
248153
232012
267002
261950
269605
137764
162525
155040
152706
245045
268373
221352
250040
224076
235578
287179
324829
265837
347955
264168
145845
261122
239216
230959
285612
257062
225990
220395
229996
254407
218725
258371
281119
276262
276744
241830
225385
146845
153152
227440
172808
155166
260673
205830
193547
173318
181146
255839
250068
243220
247804
253109
175789
184515
192368
205933
267222
167355
329478
345853
277485
243244
167820
197345
171099
282792
200793
234299
176754
169228
187452
222371
211006
231384
294483
304087
182616
219068
199971
176194
263995
192223
133263
141416
155128
194736
262839
261155
181319
200687
220172
237470
136159
175178
242021
274574
246767
202686
132221
260763
144536
136050
236066
276427
202156
198284
179535
202513
129256
193638
221563
121320
138044
207567
133545
147537
182580
251323
242914
261210
134173
248572
253152
236555
252638
249315
233252
182538
131514
236876
201038
243062
270197
191567
251397
249939
137086
186024
247046
292582
300602
145660
142690
136792
178162
185865
189835
265661
309468
310306
227828
133239
205376
235975
164590
183826
144886
189197
229840
171395
233384
141114
200961
157268
197161
163138
183937
224902
199144
150970
139405
125176
198277
189649
147715
155799
221657
197294
133359
141546
167299
201268
212844
214890
207913
203958
208386
218047
217821
208639
214280
237842
243587
243301
235122
225806
212791
226347
229471
133626
158492
231200
220187
139576
214252
144406
238288
145127
130342
140126
263813
196377
214844
145699
137552
189820
221287
264692
256027
236640
255847
247043
262097
259332
271305
236029
138984
213007
198491
129706
252900
189802
222973
228757
190225
239759
222436
254211
278385
260953
287309
262617
271574
263453
204215
253727
262868
268451
284411
275792
286442
282843
188872
220063
163938
217361
228234
217299
153554
234900
220012
205777
232277
297678
244382
185006
172946
191009
264317
310666
261901
210055
247245
332839
222048
248563
225526
247360
366659
193194
227425
329761
242808
297107
162159
273723
300164
286549
231800
274005
299002
190521
159799
300017
275929
279982
293448
333118
313145
354469
350908
352022
356556
268716
343580
354202
347315
357863
320077
333712
341898
368289
289205
398284
138968
384985
314049
285631
233870
339829
272554
172666
367763
351215
237661
265050
266250
20740988
18661088
16578099
14521262
12407684
10358282
8308742
6193841
4139820
2067216
12682819
10569411
8519434
6444396
4326070
2254523
5880822
3816571
1702744
1661535
1594562
681242
199658
1037353
592732
547424
198811
215487
491484
516944
462156
515089
560581
231837
513795
517780
506880
474158
370811
466822
350454
414791
411700
454394
279643
399282
396292
358287
372602
341796
206042
350792
335477
320356
328218
325270
201123
295450
323427
319467
318952
304906
351020
342275
304367
325895
284652
208950
229924
250534
309926
399875
211905
376046
409112
396328
396971
373382
220049
498416
217362
203052
493533
221280
226077
205452
161699
164798
165019
277414
297091
158243
301740
308554
155398
300884
650137
163508
126769
180944
629348
141740
514362
360351
439713
573203
306228
308424
405838
147062
303829
389520
386455
377904
546873
267778
208202
310362
304423
325197
515028
308399
523942
506758
388769
549220
563085
441699
541959
385504
379300
381162
414594
469155
551296
566081
528896
360596
190348
409675
330433
344936
330040
326673
264744
290204
306717
275964
271917
196304
306583
281165
302366
199206
279243
269364
259076
188464
262972
292001
278985
200095
214002
456650
210633
182886
269986
318223
363118
340090
260494
301975
303692
413675
435122
390385
429333
260777
135745
329951
220890
406600
265497
243999
271077
332666
339413
189479
319132
159235
191965
209785
352707
517247
277188
213818
188413
503304
129211
446512
425214
401518
264212
362362
203146
144106
271086
412703
410537
144068
375426
227304
430123
166316
144135
377212
376694
193548
367153
363474
306648
160492
317062
333295
306479
217526
143273
161515
145616
215684
320633
155648
183654
330274
189250
160449
181100
327489
179029
234724
154205
136839
189217
220661
149308
261694
182698
150602
338947
466604
164746
341295
157765
404785
169400
163488
333562
335956
213467
344415
438370
231985
185154
203999
193423
225703
186670
236803
164186
158457
163209
161645
167339
215628
218918
344807
156610
325415
217763
344021
244030
270751
277684
263685
261869
263819
317120
509820
257074
292234
258130
274468
219133
285261
354461
281858
240206
231708
241179
353456
350106
294034
295781
306228
371753
359009
536730
280156
335928
530285
539224
367950
551732
539100
525816
260684
265723
492502
262027
272673
272528
597594
579570
162564
610004
270159
601031
282066
247275
274988
608201
615446
594372
258026
243250
483175
489412
481383
490854
625344
610672
574288
469060
157087
483027
504926
463012
176135
183670
465934
190927
420813
621027
185654
489104
147959
173352
556114
178733
492663
281392
297687
294936
187372
296260
282698
292557
420315
583563
503438
291969
392230
437980
360398
349927
373245
335299
338486
349949
366257
455108
322114
204821
326528
309163
334621
354769
348357
320609
336614
341865
336760
310348
338296
330763
322528
307813
278075
610074
162151
197111
214849
158575
178754
186104
194080
193373
203834
388420
189116
395221
181009
401607
369633
368810
356602
301930
377607
353949
380631
374496
371141
394768
429602
422033
446187
430501
438058
439494
446818
435105
456992
503101
436806
424651
450111
467778
462085
583156
584652
630038
502857
500926
502045
648656
636219
638494
649295
350341
651896
662613
283818
367241
467552
279181
541698
287548
625468
519765
237502
515756
431787
437431
406518
421838
366251
433113
314126
365404
363586
403652
329508
188292
544124
381520
536726
601565
487485
474649
388640
644468
648092
644850
364867
373152
477090
664434
648391
562382
292888
389436
254512
348523
351510
359740
24111229
22038080
19961911
17915999
15802024
13740126
11685162
9571297
7518201
5468910
3354120
1305361
12336534
10261539
8173114
6111314
3997192
1948470
3306512
1194038
1933477
1282110
189441
645446
622675
211443
240984
219076
234728
162416
422802
424436
479728
385860
280599
222700
538474
356526
319749
350405
224809
310733
165340
323279
189084
254888
167267
558852
563126
423829
165022
163195
168512
560822
164092
538989
526043
425616
544881
411843
553783
322906
544685
432592
147391
142084
605435
150489
149154
161640
153531
156046
143972
506947
484592
505438
513388
293363
599051
608331
506403
598727
500839
489661
154807
163344
158108
163801
153289
316606
305575
296604
294008
296539
172214
400807
293537
164271
319927
275699
163291
155566
153463
451545
277385
295623
443065
428192
176266
158689
164125
357956
477173
460739
450474
430819
283868
290381
459967
176026
449319
441177
379397
454634
190577
186285
187447
436123
352380
439896
190954
192088
265167
211039
275938
267418
255533
321012
261595
349076
272904
268132
242900
179420
190893
284806
191635
219166
260657
184593
152588
177428
439072
316063
271611
182838
153754
277553
207079
312124
244910
170253
192127
184879
175615
165314
143886
331483
135022
411798
327019
451319
387894
422136
236375
256694
396832
193411
454004
306362
170548
406649
180440
249171
262548
290187
253627
189866
149115
142664
231432
146647
135278
304414
207304
127683
201160
363912
457526
185687
135469
408008
306034
256374
195866
465967
286573
463667
457885
141544
134245
151175
165557
301500
461989
189230
480598
428547
147163
157632
256032
182458
232122
156646
464889
134252
456979
262082
472283
396420
259724
140715
137670
472827
148009
141607
467719
488868
407234
236913
437257
225879
231594
471926
240611
467177
463554
154474
405384
170422
218975
142853
139249
441911
174970
214455
197318
373266
320228
321615
328003
202238
357984
363452
336335
362804
320087
351600
485388
275368
280394
326701
284894
276049
285799
273341
343877
288003
288959
354503
343371
340423
575840
188787
353782
555443
338677
432106
142412
139726
183488
617268
562303
381248
512891
379040
520414
498202
211277
198130
199935
188604
257876
135343
143377
137190
137197
141408
149898
137060
140569
250141
238344
230794
230789
214181
218675
172588
171502
165053
195251
211185
206743
265563
255104
199243
198352
206753
146879
139512
131483
129772
219093
230838
141524
133761
293155
180199
166942
143992
150167
154618
154554
246422
224443
220998
148910
150996
316240
391003
332170
350031
365720
396830
285753
184909
243427
283233
237432
170917
239912
184877
203065
134564
188013
230666
191728
263864
164851
260756
249435
229230
156595
192678
146726
128220
246798
233280
241942
243468
292012
282924
234826
236083
239209
254828
224940
290552
285753
216344
240182
224979
142169
223835
218344
225429
214463
185772
288512
272264
221543
219167
133465
142235
257809
138511
144729
140785
191762
133523
185767
199099
186824
190458
193756
140641
184225
183560
187339
199362
237112
182001
193202
192548
144376
194417
187430
186593
145848
182935
186345
183333
144403
138005
235990
187398
143696
233357
185977
242488
134712
147691
140457
140883
197966
240101
141984
200240
243901
196564
194444
239298
144449
201654
212776
140093
199879
189449
188997
189140
147419
142941
149130
183395
191724
139263
137697
200262
148917
195932
149486
188915
137804
139951
142341
140206
196395
136578
194608
194151
186706
136901
134382
144914
189279
191169
141688
140293
139750
136478
146504
135799
193900
193195
141014
20800798
18689723
16652345
14578455
12465587
10395241
8313503
6200785
4137264
2065161
15336948
13221969
11158404
9077561
6959488
4881228
2807801
690228
6106074
3992112
1926277
2573825
456457
1111188
375908
410288
294236
222056
226102
239647
231740
133405
188686
193696
249467
141181
190947
248488
184270
185880
198276
184600
145911
139470
175345
204873
184761
240092
199289
185535
137824
262238
226531
194623
193168
208910
208742
198479
213944
130345
210698
193116
218490
180395
211281
176146
206660
196396
205041
213254
183101
184548
201153
200432
186673
188493
217298
193736
184819
140929
136725
190344
283754
292822
268886
293017
269341
273773
299428
266908
255627
267511
262931
175753
165209
176509
331684
428049
420533
431027
433111
437747
168367
126181
380427
375491
172368
170196
180291
167398
183443
166780
202042
147918
154107
141181
155915
137835
138864
142053
139646
349171
180922
240983
235450
168099
183779
239238
229791
225566
231283
209956
207962
299033
305495
246668
253981
247700
245519
251370
283120
269337
181257
306272
295436
217428
239233
286780
236940
208062
133214
235033
244635
227813
230303
219714
237581
217114
225486
186072
237497
247815
230738
203825
238416
195228
190036
173710
181947
234381
177345
124003
183893
194180
156994
171086
184131
169877
192499
125802
166547
192037
239423
161637
172503
188620
191833
206329
212505
166361
143653
159536
209810
141738
156198
127820
171634
151825
137569
143625
141596
150004
176215
166010
155067
203298
203325
159690
197867
191314
136031
141400
140917
203563
139374
185664
199869
144715
151135
141137
192338
180614
177969
193044
180077
249939
189087
194126
249217
190536
181432
141928
178131
172758
130079
194545
237893
233758
236249
233289
234969
222977
219189
228345
217708
250519
136965
1162965
1486456
1929906
1214122
1079003
265812
292681
270309
162188
240845
192925
133133
230744
215126
279582
144194
140102
149514
272978
280795
272414
145299
197333
255285
137893
243631
154032
262731
254285
213819
201889
190003
226493
200519
233308
274417
263322
279167
206943
226173
134356
217381
196265
219084
133897
304705
208542
206811
305943
208068
188692
182543
340636
168468
176236
166058
202808
181321
150667
161411
146582
159134
143327
160333
226784
321243
230833
230881
164779
225760
183430
162792
169871
167361
177276
202765
178355
180551
313487
352060
162039
172137
200471
179013
179206
192984
154506
357008
367489
375313
156497
387539
144953
349142
361775
157879
199225
162289
164614
177892
152379
377466
155543
278440
347732
143011
381327
348913
263443
341259
242231
322057
323308
334921
376409
254667
265485
478539
290084
209711
164097
161613
263900
344050
302016
184011
186642
213913
203010
198748
180516
179846
165024
176969
156021
154240
163961
159293
153792
165143
193698
168123
173768
183146
166571
324683
331299
253343
211403
263587
237466
285704
348736
279406
328921
302864
304803
319902
302933
284923
168118
175861
180439
169154
130782
147410
241929
327316
311809
145434
162571
310459
283811
234005
323980
312271
298050
272334
260989
223367
262568
192782
269634
263312
402398
294412
289349
299239
268092
249596
276957
152458
196101
263418
181455
256274
341386
258658
341990
337770
354948
331221
344011
366006
200318
202574
335357
368055
194379
341912
210296
305564
171772
194887
175284
178976
187172
351460
189900
263504
259311
190351
181004
262968
250505
328628
139703
372026
345974
347353
141051
324684
348096
269665
144243
145334
334377
254648
338403
188220
346748
335646
166801
315247
141237
132752
157729
147383
28310232
26261795
24149131
22145005
20081749
17967651
15903442
13840585
11725977
9673275
7609711
5495396
3423005
1345362
10798446
8681139
6635189
4593533
2472495
434992
2633226
519586
163832
960807
1012129
1026093
158209
155887
354724
353974
424881
391723
315075
373740
291196
391790
327247
360794
316772
290685
308280
343205
341171
343846
331995
314687
555645
421272
358642
277337
347675
271061
272488
348297
363771
269280
284973
277256
277535
254439
200762
329094
204346
187544
173849
215695
473320
269527
201579
172780
235982
182544
201769
182444
199710
200757
173210
213404
154390
191253
179947
152923
179898
255521
167309
594046
221325
235208
245224
212197
209454
236817
613467
237779
226157
204413
288074
201269
142232
320492
272561
190137
320530
200212
337677
357120
316136
313306
166987
149367
327660
310301
169146
265954
149787
136858
340156
589608
474280
323140
133297
313142
216089
210356
235025
635446
200165
174135
354215
311730
291857
588375
292210
162977
601292
521423
310818
592932
204399
618484
608880
162585
151584
182775
568258
224244
247334
255365
304214
146080
312741
285152
193097
613560
309714
402696
300851
294252
223649
268614
258684
620612
200202
209743
253111
155088
592440
269539
245929
129037
273739
217809
421012
403626
422394
420707
427887
416413
406706
398998
428685
363944
378322
415715
409425
413719
583546
592840
533337
132674
385236
327882
370458
378710
393225
384913
410326
411240
181319
376778
367735
365617
185786
344374
561724
390480
552819
561774
356611
365270
576019
567556
559690
358845
553510
356263
381408
373318
360712
297893
298162
364234
157668
374681
372223
357855
374975
387554
369426
393148
382095
380936
389852
250610
183518
377026
363349
384827
400299
415826
381374
388576
141298
589668
375587
320224
179758
192290
539182
540421
164541
382432
243469
315642
340559
182307
327674
182335
198884
315353
268698
269251
198258
154789
226531
219960
413101
288033
272210
342739
447678
429241
406729
238912
340640
411440
432014
229217
344048
431331
138075
404079
271192
219221
141687
345132
338407
388666
479172
354163
219736
323187
401102
399227
380094
388968
382810
378283
406809
381847
131932
422529
390924
340678
361883
356600
352663
381793
382206
374481
576685
392039
585981
164075
571695
143623
164170
157072
561287
216129
174180
600967
171206
635563
168277
188251
580432
571920
357196
414475
294972
346413
476686
375151
410050
400172
455248
338180
345538
376623
333333
232639
451973
214486
377184
420583
395379
389372
467265
481152
386360
381347
435365
389635
380994
334171
326080
131190
400278
400919
276755
409655
138054
249397
440342
442965
452484
316960
414464
135055
253173
493083
503017
201212
235207
202062
180351
180218
300636
300588
148726
156875
503238
213139
142165
140632
146949
147732
136412
153960
149870
157002
152476
153902
154802
140215
144818
153462
155632
136156
145543
181808
131577
351054
164713
156757
141999
156169
236915
145822
158026
369432
167171
392144
173313
168543
401704
189846
384189
171741
180010
383393
388570
442654
406497
387494
377944
347144
223603
239157
193274
290647
184031
159360
166915
190346
223063
164941
238684
200243
139007
203109
130823
148069
193795
136099
146187
184698
186969
207486
149607
141233
149062
149516
153192
136016
144894
145523
138477
153208
134994
147414
146396
142716
161043
139242
157583
134675
134223
133591
147663
144624
135656
147976
140901
143398
143104
147112
146859
134115
148209
143038
137396
155522
148026
132905
160654
139613
133860
152104
135113
137577
147072
181144
162942
134914
25547096
23439677
21404824
19351086
17298217
15183663
13142943
11069400
8955017
6882733
4813732
2741770
11064959
8953023
6915947
4855524
2744102
704791
4016018
1902211
2949083
836678
800434
1156460
373364
154941
198309
155431
175223
182516
169596
155776
148336
141213
163311
142876
141174
144601
142716
144261
161745
158362
152876
152384
153970
160872
149045
148287
150859
150518
144116
155969
139535
142873
154503
147639
152581
130019
138142
146112
144897
143893
150760
185448
223289
135456
156518
141545
224722
132623
207867
207232
189423
199003
180377
205797
199296
167044
149080
156572
153372
169821
138613
155933
151769
140190
158619
132877
149580
128551
158696
136480
150648
131254
157367
142597
144778
139312
147812
138144
136130
127378
164490
154072
161461
129947
141125
144011
167120
149693
144442
169702
162975
146441
137315
138943
145888
135233
154315
160188
136929
137812
168236
150111
150404
141503
195282
295152
137564
189794
254525
236322
238586
223491
230407
217737
219815
212333
172223
211684
161417
147942
143387
163349
143946
247591
257354
204163
436331
165465
161444
151089
158149
155607
157217
160412
230944
163928
163287
148606
240019
165348
237077
164415
156927
216654
161675
135214
229285
211658
132938
214417
199888
209640
204789
188687
184568
197597
181507
161720
154641
167753
173583
154562
178378
142720
135594
149613
147527
146893
161872
135624
149502
137407
133143
139342
153687
155382
162081
138658
127350
144049
132311
159390
163438
147706
133147
156899
138336
135036
170626
141773
160605
134461
140678
146932
180739
133251
141642
146710
139946
159450
193471
149793
134356
129463
128119
160771
138592
173524
158594
172811
160141
138393
153855
158512
150410
135216
142867
151979
159220
165644
137582
148547
139460
170743
143935
137315
137605
136959
160760
156740
157622
141606
160220
143260
167804
159768
166746
131612
138191
165784
157540
146245
144090
173234
141473
146822
158437
146359
141883
151753
135289
143149
130685
143909
132059
140417
155308
149838
135443
136394
162607
154411
134214
139378
138630
135889
153439
144991
151144
152451
160167
138885
217456
207667
213443
145800
220929
203068
141117
148846
139209
139692
134258
208624
226668
213406
199873
127578
200028
137789
218764
218894
173470
212301
221602
215340
183993
195923
176786
167922
163913
199628
201372
197336
200180
188123
173513
172914
192309
204451
206235
198728
199786
250428
209694
195221
236757
197058
204334
256164
217264
209031
222519
213851
196919
232641
230416
269581
235544
237625
263344
265401
269614
214065
224148
197558
227352
219575
212806
223453
201355
256885
289677
136760
315710
304845
281745
270821
221987
201962
288889
247055
282331
301267
265756
276286
201792
197620
297468
252401
270918
263494
348001
280568
257390
242740
282949
287181
294260
317962
273507
278062
278596
259873
277950
281160
268636
247977
257284
247780
271542
272100
262380
273073
177665
276631
209792
263901
240547
237775
187373
224209
165563
192084
186367
306539
225248
197555
190237
175030
176076
189700
203823
208046
218296
200692
195010
183038
253761
252293
180988
190695
172546
227233
257476
245739
246358
283165
275171
283920
263856
284823
247799
244976
229964
269054
159899
163122
171555
243157
204654
220571
221099
151480
184611
226647
230995
239089
221315
223210
237367
183412
212939
223409
230388
199078
207348
180780
234705
243415
218782
178061
175598
175337
203031
172989
191743
204927
203826
174729
187161
189277
204340
203989
220830
140911
180186
161493
148451
130814
143697
174663
166310
167054
25249841
23203299
21091050
19071936
17050380
14937596
12882000
10821494
8706973
6645922
4576349
2461647
10479022
8367133
6324846
4272525
2160760
3368285
1310108
2386727
330940
2610132
549250
1223219
436726
223114
340011
186283
169248
143452
137857
133545
130886
143440
143515
160859
145545
140162
141405
159637
143847
128949
134913
151864
228953
147394
234665
188687
145918
133784
139307
147288
150347
155955
221908
157442
201440
152192
131943
162042
135406
139078
285055
132499
286999
201099
181130
265527
266640
267576
232263
228310
240664
248352
137294
241259
284346
187033
190970
171285
200440
222777
173710
187230
200905
188959
196026
201822
201956
148000
230753
136132
157587
168444
164093
200790
261369
276091
251372
232034
253937
253165
183644
163569
158706
187203
178647
176883
166874
160875
163188
149339
183852
165790
160459
191410
158233
176410
172708
197299
178739
168682
173846
188057
198779
207769
177738
207392
186244
151859
191591
173930
201570
191032
164430
223909
199293
168250
223374
141227
208195
186193
167109
258111
260878
249684
177897
268443
263789
248076
365846
304386
145049
138124
133072
155955
153206
161414
150329
139003
142927
172248
147112
203501
288012
296687
227177
239762
304695
221119
218750
210599
237271
220105
1339189
140616
209257
220820
206508
226713
285625
351804
292416
291679
235447
289626
357860
279004
281247
239138
242398
231339
234263
232923
238402
226400
234911
234056
223599
205507
233352
214510
221096
223501
225617
227264
200109
199635
205895
187371
208012
187421
178859
180265
193797
207290
192900
189818
167407
182262
328668
404950
432395
410403
410325
416837
198414
169892
225299
231786
138791
211508
186570
211683
310706
258765
351417
221864
353998
152951
237340
378854
368175
373778
233583
354776
362568
424580
246343
363313
214815
336363
521460
177725
224695
341703
216909
399020
215745
213770
266971
229078
192907
209088
308778
233816
305332
203095
222939
227247
272753
450891
430508
452001
455509
458977
245944
469762
398695
463247
449605
477002
407987
466747
411877
397627
416724
478889
393725
497421
474837
293727
266201
355442
281876
354239
215348
421406
270597
289662
372641
299300
592730
358562
309068
404285
198488
207419
335020
330501
221086
309346
357417
292168
267531
152680
520274
503708
353797
440434
537372
232701
223670
156549
184868
164533
518463
212571
184678
338475
257302
427366
374180
358183
383080
367407
350886
312098
308662
453291
217056
436778
432031
432832
450440
364808
356627
372004
358549
386979
182149
192802
331362
195627
396447
387597
400331
388581
392510
304774
278294
228034
314608
222224
211983
232860
148507
144764
368534
281577
364008
151572
356636
244068
335426
394500
316784
305642
288314
437118
346430
426144
322893
317813
335188
267423
251401
305483
347168
257700
279235
355684
345506
208071
265530
253232
274333
332345
206836
197046
348365
216362
348645
407851
323491
212504
215984
249615
478367
438199
240176
387437
481085
456550
411588
218628
331072
166528
457332
177388
212330
167946
243520
413760
374805
221901
153640
189305
241572
414953
253120
247386
226288
243141
320327
309582
429789
192722
401357
348294
278787
321480
322208
202030
355657
220506
534020
351213
295620
291528
292751
468551
274301
226491
265810
227582
352873
307415
459663
358217
327782
360809
259538
301448
363447
345753
258446
307331
356582
360578
309103
462944
490829
317972
341062
336390
343804
427494
423194
421500
402176
447477
238762
288008
460689
270608
463159
544069
535805
548647
377124
360196
500062
372547
427603
20528894
18417451
16376506
14323372
12210861
10152214
8086925
5972640
3911480
1838215
15654139
13541479
11496707
9440859
7325122
5277478
3221959
1106910
2190123
3047416
992831
2096941
735728
1056979
309931
743921
354269
553034
392235
443516
341429
341445
362336
357036
293738
295827
292195
292999
351455
159974
205796
566630
557379
504799
515325
514101
248570
553901
190732
513086
524788
606821
364566
524970
529340
260392
254736
256234
273014
591905
300259
605880
546286
377793
593869
581123
611761
595598
214331
517988
204316
302254
518350
507848
551680
313257
609035
316360
434831
291187
311595
312355
581904
186312
392743
566513
375979
236624
364238
359783
380526
381717
458473
462432
467426
455277
456787
500956
461582
462310
431044
612839
446009
485100
436481
482906
506501
519156
521790
618947
151302
140293
134316
143592
528659
589576
555548
561739
577817
551187
565585
550369
294358
290997
300982
316160
305079
560374
544844
541346
246896
221101
168031
560568
178039
550516
528818
503682
534202
495931
548763
421039
180073
199914
176210
192428
184950
189153
186349
213611
644052
210183
647083
192803
636771
644154
212713
202954
663192
359844
692101
523455
547761
745728
535187
748132
186872
604533
544231
589807
587686
533891
574714
590986
692469
653100
140279
137046
621375
134875
682047
238598
564564
573202
577980
134652
618616
734680
681061
183245
685055
668895
671104
690776
555061
445163
129056
730433
624276
707053
554483
566258
143075
581329
135445
177053
146767
376258
345540
377571
414663
535699
371271
383974
381249
323026
308432
179724
243271
177059
258716
255575
669946
639355
608031
727747
669414
412874
500259
635417
532839
559030
549175
489596
503233
541892
511704
465375
489163
468135
332640
355302
370068
365836
367655
469232
133287
536902
516494
518412
515943
521275
574346
391815
388492
296636
385620
302485
342603
343004
266205
282544
262654
248757
247878
259476
257881
250396
266988
265978
267443
254439
233726
222517
217961
156664
178716
225563
228240
228714
222685
181234
214050
231606
169851
170874
332894
179728
176961
202511
193870
173500
170571
160071
234044
199726
179995
263982
262190
284171
189024
238740
257250
296184
258391
235417
227443
269558
221043
227726
235163
218276
202974
319637
209653
352372
214894
210312
324365
197530
202562
336032
184931
201462
192364
294563
219683
207928
230590
208659
205224
200349
209126
257908
259373
271053
195160
270875
205892
234387
252279
246228
269383
257731
260361
228249
252736
246056
244673
229854
202095
267797
218240
199512
207617
196672
193334
198379
197570
190488
203534
200290
210564
195270
181464
190562
204742
268818
195709
266466
261884
252077
141728
230399
243471
250525
216590
215783
207574
216286
203935
147712
221650
209096
214080
200240
217441
224471
215491
210115
196793
215226
256667
235174
248262
228898
221260
243709
210619
264418
207054
154477
202639
198351
219302
272847
204045
214536
272879
216909
220271
217680
219223
255210
158349
156717
180646
206491
210692
217117
256953
263576
317062
311634
152509
164170
312807
315806
149965
160152
207404
161380
163813
239816
302248
204684
146395
280766
155142
311546
230089
303691
224531
225564
225721
241475
172881
148580
126726
134601
128424
250289
217813
216328
237203
227382
214915
216251
223852
226263
222325
237809
247564
254028
231899
224062
217811
223969
230639
208153
235903
219999
209413
217100
215014
179397
141274
163480
162280
205287
202213
215519
207922
138681
161940
210896
204268
202939
198775
224045
201655
209242
146147
205952
167823
209126
27770137
25704362
23590618
21529816
19471025
17356533
15280644
13202492
11083995
9015294
6937141
4822183
2743000
660138
7002500
4910414
2794469
716468
3598723
1520732
2730302
616671
796477
480698
312916
268375
321553
283275
256290
253576
163987
275018
266009
259275
268023
267788
265170
267086
280959
262660
237246
233471
227232
233755
239169
288960
207678
207760
204229
209833
145679
220987
215472
159702
187526
218730
211828
209783
211463
146089
209513
165862
216492
161669
196172
220932
174664
152571
228635
217488
209673
152882
159887
157120
227511
158071
243741
213717
236962
230277
201484
160033
150146
204775
260228
225834
168028
224721
161460
171884
244127
209250
187294
198518
200279
224674
266853
201999
233044
159983
181276
178685
220679
217701
244816
220532
213237
233123
217903
227407
180340
236566
211344
169868
211833
140290
213847
188980
231906
226909
215294
202963
146943
143611
190238
153872
176392
203400
206867
196464
197617
194915
148646
167161
193246
231050
195077
141345
236708
283347
231280
227361
164978
264572
264082
237340
245827
251665
232634
149794
204530
208012
245567
216278
209291
234273
247981
244440
269970
198660
268571
213247
206723
143886
159415
212254
197229
215167
227549
187100
200963
201542
207908
203102
223631
207321
209903
212640
218082
219815
162110
163647
209056
215665
216750
213139
228883
217104
220672
247035
204305
218158
240922
218426
207891
233810
201118
220295
224141
204192
288893
274832
261351
198794
241995
273035
262828
254361
246130
254712
214746
133066
204791
152397
213681
266001
202048
131422
266681
217769
284838
202111
207896
199893
148810
200993
202844
209607
352578
349033
350808
350932
203747
150639
353953
358362
372209
401382
330319
309189
385963
367540
323022
317736
303182
270375
285026
350654
344754
328814
333921
421567
305818
414396
406099
385898
253747
380170
211902
317756
225192
219540
217359
284156
397676
257841
257100
289085
241535
355792
252994
234523
218626
281495
226783
265128
277915
322776
199662
259172
246560
329559
289868
226553
151484
231685
289703
142473
461840
203777
195411
217949
149963
221020
478569
206137
194195
442463
205898
209515
148331
221064
163980
238973
234125
234406
221653
219225
295171
509187
236039
231496
493651
253080
249665
500420
243200
341530
219075
218798
255098
362689
526640
529291
522132
516075
265907
519453
528091
378676
364816
344428
502897
255382
333180
251836
283850
337046
273810
248104
330725
284652
284502
288276
297915
324747
287859
351735
340328
250730
212169
165759
240101
313489
500842
512378
576317
500629
510315
455359
475061
330153
569926
401827
548396
617695
519208
276980
478424
463619
432098
179033
219216
181790
226458
184999
215599
378784
440768
142369
213729
194228
145033
198207
157067
506948
185612
320831
448334
362621
435658
428597
369367
138945
268659
294839
435167
441047
359426
245501
352648
193207
307935
378561
436280
424447
389496
361816
393242
334281
236673
329716
310514
348784
313269
200708
378256
363696
331434
329704
351228
373722
362560
346735
382626
294191
285434
322702
304508
337042
270426
273068
308007
320609
302876
334013
321362
254522
348020
283354
256828
177101
282158
177775
288089
276242
284374
483584
432259
291224
262401
425452
351003
168606
469612
178726
157430
184657
171065
381272
383544
246188
323179
247948
252226
306370
242715
289683
341613
343704
358311
309564
318884
339252
180862
199147
353910
286452
307341
248051
215921
245314
179619
189437
337335
366494
348412
210923
364846
384452
310352
301504
353726
351846
329872
312258
28942703
26829937
24775650
22704368
20589404
18521506
16449304
14338277
12283164
10232151
8117359
6052108
3980241
1863796
4869510
2824614
708551
5784996
3719279
1603497
1536753
1779348
744338
464065
451884
359118
634931
517714
358779
316829
359972
336818
350982
324579
319554
312385
325099
318492
312029
321944
265028
318692
256673
458851
134894
371734
359175
423158
361659
355482
360065
380818
424072
202018
219725
152497
315817
389755
361206
314879
345525
300356
266720
296169
286844
255146
261709
288455
307567
247214
268588
277248
277589
294224
286720
259234
276632
281726
284424
290873
302742
239808
247880
208483
284445
266956
261668
307274
300617
274068
266973
286432
284223
307391
294409
305565
226606
212781
256924
288593
273649
259510
287321
273535
237162
275481
254502
289805
198090
269740
285125
244849
293564
245689
285420
234001
250076
301696
289793
210493
222015
170173
257749
250025
164686
263664
167083
247548
175825
186699
247193
278724
172443
230645
182988
278212
316791
308024
216251
308672
222021
244828
298591
217390
287905
289396
268563
211660
251184
259036
278914
257742
251414
270435
204077
251030
181578
202346
265414
289113
175210
200195
219053
215366
214153
182654
183060
176052
225664
179788
240527
234322
194664
218551
249471
234716
247906
231175
194751
259218
253489
248233
233692
196954
197650
194905
194037
261007
269030
245343
249179
254375
293911
303212
309501
278466
309736
309068
307350
290287
288230
310133
310655
301813
318143
305983
336607
274985
268883
273991
259623
278889
321975
279000
259305
269681
273819
372635
303494
186352
496694
200458
335939
196723
191900
301813
346266
301411
338307
315394
309281
189331
342883
301465
512702
493448
530303
155625
145938
145858
474645
136330
130869
526067
510851
505279
339933
339424
383259
391524
356833
447616
371000
418590
393589
336201
386988
350241
225466
219055
352421
213191
185074
241787
224939
238249
527553
454714
488725
516562
503245
322639
344364
304065
172679
162957
255354
258417
274768
218566
272903
275743
363198
351671
276384
216061
218845
208316
166890
208026
177002
194954
163784
198093
157024
443009
271121
456989
259076
195601
194533
188417
488899
436841
424189
418983
483212
300349
349515
298151
303221
329674
347193
352815
337554
236929
323078
308990
363145
257468
160235
328129
318530
381144
168506
323640
165455
264925
311879
222510
316913
274472
371641
325445
232483
288767
222259
236923
228428
156304
164175
200801
190517
239073
153873
158959
151350
210667
244958
196407
244714
314034
293949
298018
213717
345098
282495
316207
320171
308430
258018
452765
352149
200064
278811
323472
377410
205356
204468
362898
341719
162762
197965
196264
196340
199092
221898
209505
252260
269433
280560
262024
266693
273331
260188
248687
270883
275739
280419
233142
237276
242593
233933
307638
188844
185623
222651
182004
238093
192320
142673
182985
137129
287175
146135
239123
308296
289623
304130
289340
303080
301878
371297
229507
330929
329593
238840
243765
332869
324685
284905
156636
150347
328549
155092
150147
150486
147282
189509
151923
133673
411831
398858
400924
404748
176634
350572
344182
234442
362616
348841
347366
347688
350832
344200
174417
327917
435526
415023
302771
259296
360662
169672
348645
280260
283481
236860
335319
291379
279826
280788
263587
266708
263753
269529
294452
253991
265369
260237
214316
253785
254462
197214
223541
226507
214970
206749
209847
219130
229628
222033
232461
271656
263182
213886
265499
189558
198459
138162
194135
143015
202484
151930
189364
137189
147956
22071388
19960688
17917207
15861672
13747109
11698895
9637740
7523640
5462421
3396990
1281316
14876774
12764497
10719278
8660915
6548259
4488415
2410562
3113523
1047915
2091594
1328177
429017
1191035
566320
635983
251482
217664
192513
196273
175922
203458
184782
198514
176795
214587
198329
186827
183844
203556
188091
206054
168837
168000
189122
221079
193300
244294
175139
170923
177524
190824
238111
216779
227439
232868
213936
137249
249682
290776
127727
131093
138554
219525
320324
377148
193277
238087
293544
163334
230858
224363
234951
205618
239185
211860
207201
227494
1081638
162094
268478
154404
322804
156232
193824
175540
143351
225535
252289
305997
243890
216258
153353
199058
212146
210625
302728
163144
213640
149664
144274
203302
157935
186687
245542
238763
173389
147127
166802
163124
175653
219958
165894
167134
167263
203028
185982
190253
194654
184255
248944
192022
183436
179173
172329
204598
176585
195717
165765
350781
171723
186080
185829
209220
204706
180121
262116
269820
156749
226471
209327
222588
137453
143853
165165
153615
137629
147488
138232
141598
206941
213186
235443
278758
218863
252152
213289
151295
200766
181350
160749
145418
133175
142835
137884
139121
192010
157695
185195
172861
168022
154965
150886
155946
146045
173326
150862
166445
140236
160001
165568
153414
147037
165683
149583
144013
156493
161993
137598
134008
154003
147094
162325
158869
167267
158603
156865
146832
156049
142708
144410
139103
144967
141511
146091
155781
144401
162847
147963
131605
135724
130958
162248
132538
135906
143172
134780
142872
139862
140931
135113
151805
142779
145219
156957
151452
151552
164070
168086
165055
157189
279520
270492
293826
253695
281788
283305
284645
223530
245391
237599
277306
218198
216474
232271
269569
272683
254549
256773
203159
244195
195883
187548
155913
144173
133044
137012
277283
150607
129976
145170
152822
156698
179129
138264
164273
177968
131416
178232
197051
177068
176281
166001
167628
163022
175803
184420
200908
207277
214940
179616
183338
179695
196222
180127
198808
203109
188976
184064
190081
192336
188946
192587
136077
185796
184632
186883
174716
170942
174274
185708
177176
170175
178935
185009
225858
241342
241323
230488
239895
228893
236552
140417
238554
130477
285388
183392
192458
149513
191833
134166
284172
268202
279561
291440
214790
189169
355695
201287
233210
153255
149983
209419
168118
168323
287429
142949
157393
147838
227384
139627
312836
211999
243807
229255
241083
170876
163768
167322
159672
167856
161676
146834
146756
162013
156563
175352
289855
189365
293385
186568
271778
175568
153267
153223
177527
190362
161906
208284
175959
346851
197418
206518
348163
322408
177091
309203
170458
190748
175138
183608
242850
333503
173093
167045
328187
297642
344127
319731
270334
267368
258692
177925
300785
172370
172640
263908
181454
236671
253793
261930
267470
149382
242982
280042
273803
280062
166712
265918
270415
242317
234443
162004
199823
181799
263040
178929
164776
198104
159428
172933
178386
275050
171310
139987
218812
212468
206953
231429
237852
268493
224282
238541
231474
232504
224136
215778
237244
257836
217358
232587
232174
268384
258567
271427
275300
185123
174707
174858
217148
281583
189087
219801
194599
203423
225218
192136
237500
229408
224821
203040
189132
194428
230101
222642
217433
215643
171011
140794
158508
200424
212693
210210
177519
268863
295177
281977
267517
210014
206661
253748
245746
143969
165258
303268
236077
281557
142285
261145
145052
251025
275540
305968
294077
232447
172834
23414171
21298519
19256656
17200221
15082977
13038486
10994206
8877315
6835863
4776015
2661920
9418285
7305048
5257375
3190455
1072004
6724532
4611660
2552252
490748
2455749
382632
635640
417848
383003
151950
312075
233761
234282
159616
149386
148890
163041
153171
140240
153230
165008
165372
191609
192657
180429
181284
182547
181417
185495
187462
175880
263521
197539
303357
252119
212775
189072
179724
208966
302555
189059
214194
189670
246250
192093
177680
167400
192562
163224
190776
172571
215002
205647
195437
254575
155563
185636
194825
132996
161022
256937
196233
149626
188840
176109
183094
183692
227868
172413
212543
185018
179114
332266
152185
166612
188058
182901
206325
177371
185978
207363
212409
176018
149483
187022
131855
180954
171029
196712
153891
154771
191768
142527
176482
166702
193605
143159
152884
243600
237704
144958
248890
227121
285553
302320
229115
259042
138444
252519
197167
252005
234223
229769
213136
239958
155164
206420
235110
211950
185982
193050
145394
188387
280687
289411
281381
268671
296679
300468
306542
277705
275204
275892
264987
282996
281425
281775
282949
255130
249290
271825
271018
255203
138635
245666
158826
154037
232229
216328
246590
245888
144536
198656
232258
222946
225555
197047
203371
192326
192957
205577
223071
139769
158017
214143
226608
207039
229941
220770
202703
214887
204148
212194
209880
216647
199992
231922
192202
204037
192156
191110
201222
235197
191669
188893
182941
163183
185717
208629
186904
159619
154879
139103
207275
175619
157053
156565
164392
139791
144618
154371
141586
154988
131987
172526
164900
150646
134741
157795
177537
171074
164299
170215
175010
174496
145813
139620
134429
164707
142359
141139
139951
157003
153645
133858
162232
157842
142119
141839
131972
136078
135452
150952
131969
151286
154374
138047
184587
146780
151692
178746
142705
132539
136024
144365
135851
147280
158015
137551
148562
156466
155199
144604
131699
158257
155910
135167
139316
133062
143297
156375
141744
136600
212088
228484
221880
132707
183346
169263
165884
194994
187270
299886
166680
195936
285021
289327
158738
139490
287690
292249
523380
251416
285955
219614
279243
256912
300036
276772
295330
271505
300909
298424
298564
327073
318424
310190
282198
245125
239277
240122
245364
409065
356624
360993
181135
199878
145655
450487
327872
423875
442591
160673
144884
154466
323430
333008
297206
314762
427166
440976
446470
422106
435295
349366
434053
346953
326956
238389
324510
241450
265230
319344
315646
316596
267249
331509
252751
252364
323850
307843
263102
292945
278013
273260
512048
297662
281189
489707
285118
305542
276609
261067
283025
419438
269495
159829
298472
256472
397266
348538
174484
466801
409920
474358
489307
467826
387429
475637
400063
486043
505914
481656
507970
485295
480306
487923
476285
508521
480159
462546
510952
356762
497094
135453
155428
513223
535572
441551
500461
492812
434795
450489
480268
508007
537567
526806
419152
165300
221895
467575
285363
500687
436197
444789
496978
495980
496640
464948
525236
499036
492825
505099
510715
501036
538818
472507
488914
367210
351581
503853
368581
508178
361263
310706
330400
351880
482950
492858
413089
496660
483656
406058
416351
476071
472860
469186
329255
297038
300169
472637
424191
305444
406555
490893
400967
484628
432955
237566
404123
313578
383479
410525
496965
352190
474482
381709
437549
381671
361329
372188
424428
393978
364694
461894
372205
435764
437929
434710
292457
433155
447234
415576
285922
280958
468555
442343
545395
387301
20147154
18039441
15979071
13911754
11798248
9725952
7650567
5537650
3464058
1380812
19148534
17088954
14975813
12912316
10833547
8723293
6656030
4582153
2468048
1816744
1558255
1537836
459054
1167638
726987
301015
414093
264583
378913
461920
331400
482607
362454
488263
243135
264583
291379
267182
283084
474207
470860
460590
370749
469552
342953
385509
379707
331700
365321
333422
368140
466439
370687
335411
353440
201902
347028
181190
333208
189247
187666
460674
363863
481875
363126
365973
347756
359021
331997
377264
225279
365819
355143
296030
231933
287278
314777
483602
857853
653415
610172
225368
477684
285893
466158
270756
486950
451199
488287
469920
453745
442674
467340
492549
466792
277099
484254
469755
443530
463117
244638
427208
272321
256315
269304
278924
270812
281278
231788
273490
255538
187242
312956
199723
444968
201941
384005
396956
328393
278951
266514
264665
272585
370573
238122
252579
261164
258450
262584
298434
245499
270682
234874
254982
356995
286564
276532
248306
299141
291237
310876
340981
347759
346292
264703
250403
246974
289521
262687
242376
239392
279267
296508
231869
269186
287514
213696
302833
257527
290074
290834
283513
229061
277977
289755
268613
246624
249354
242089
284419
309087
302137
356477
349716
339683
351009
144828
275242
317034
391871
376031
414130
408395
198862
387177
372987
401311
407056
368702
370467
399366
372096
351502
359822
385885
364977
249856
394278
349176
398747
398342
357706
373546
343855
261482
373402
372004
377071
290531
345775
338454
352869
275757
349151
357578
223900
274862
229100
249836
237961
260675
243445
226316
357694
132496
144005
341781
311671
352330
294769
319888
277935
278349
274716
279542
152573
319661
322984
322264
286878
272029
274764
300400
311611
130464
292558
140402
139235
281446
143234
130126
137469
151723
262327
249275
164793
150605
147097
158365
154893
127161
187512
140424
177957
176773
219560
223338
226190
199142
245678
247072
269058
140347
249392
257570
234568
230591
239529
255357
256688
291099
274030
271708
278240
267337
261996
278957
270726
284509
286708
297476
124810
166903
132626
152947
182552
236166
191709
172361
167518
166591
180873
188163
308876
199335
174215
246514
225577
304262
155377
130127
145900
156564
271542
152263
134587
169629
179838
277212
211333
190984
209765
131089
215279
194615
137062
128143
137259
129038
133383
134530
129879
151079
138284
141518
138000
187505
140210
187324
191200
276812
257677
236879
320686
292285
311544
240797
238083
292002
136943
143528
235830
249798
262840
199958
226739
266737
206911
177328
176860
160767
161522
154201
156792
152216
172272
151045
180346
156672
160487
152977
156462
159678
183993
337751
338485
327890
322547
327373
313010
345835
406239
349411
402809
402653
295567
411511
363457
365255
257624
245183
251630
214072
239964
179834
191978
189648
151574
475036
555231
241853
216791
531238
516676
140610
145925
144102
558994
141430
555280
543149
477199
431292
420190
408109
434154
406601
367174
375454
365934
306441
387884
375603
269489
347864
252664
342379
205709
155171
199663
313821
284927
339776
412339
210342
226026
214287
401300
323554
514989
295497
296949
535568
490252
145294
304290
330647
516821
309468
240046
138236
564566
140680
153543
137108
331279
240033
479110
466825
338448
482830
470377
469966
477643
574041
141825
231531
225379
513528
484544
427903
425411
435881
449500
471371
476430
487600
494422
471468
448752
504466
455611
439310
339044
432471
432046
224300
220478
251255
230992
153530
135791
268698
295928
192811
312295
21090868
18978770
16941521
14873517
12760241
10701375
8653993
6540488
4510898
2443788
11135001
9023502
6990685
4923342
2811428
761425
5078424
3008919
894753
2283240
204572
596199
885529
253792
363682
308537
306168
206839
224672
331501
204686
327492
170393
320679
174546
176486
192235
220466
196918
211168
327731
198970
361457
165888
184954
141079
150948
312790
146615
305465
235874
223810
217077
225972
244463
255452
311589
235119
245099
239458
242235
358727
342036
258483
133685
334370
235830
234985
240271
227027
236375
337896
236869
238514
225681
210249
226175
209420
223103
167145
299345
243971
165577
218972
173874
264219
256706
318840
146104
217143
258828
165959
195604
183336
195782
207489
282224
314746
275362
255709
269632
211572
308991
212795
324118
341319
325140
182629
312916
348323
330817
350002
352284
186716
325702
278640
293391
225562
249027
353889
324149
251553
178179
234648
144041
190784
213616
199093
142555
234126
315944
310671
156717
217891
289642
151032
257198
217337
239663
324269
211883
217251
185836
187148
212896
231413
235945
210529
226833
212989
203062
208139
227131
234378
340801
227069
208330
214562
221005
328710
239303
330943
333636
347917
233166
225795
340360
372056
354298
139833
339603
245529
129891
204471
227228
337544
188204
149282
156621
233436
191630
197818
201227
235643
135270
202792
125299
134006
286805
147836
262517
254888
220374
277097
296266
265582
139209
130353
143134
143977
129283
135214
144121
142019
136746
137723
219266
162752
165019
169235
141969
179985
141275
143437
134009
148621
136615
163662
144012
156081
139307
139039
135545
150511
148611
144225
151756
157076
143706
148608
133381
151021
134458
140600
177511
155392
159249
129279
146023
164034
148860
184703
164874
174251
149979
140409
143372
157759
145169
144158
149295
127268
143216
129569
149733
149088
144377
139893
144742
134827
135163
141260
143418
160173
141449
153809
141185
142887
150550
142684
143074
145000
142495
158079
148211
128019
150468
132342
144848
143085
145971
143294
144683
147877
145018
139757
144807
149223
141985
145520
143844
137061
155212
148357
142237
144495
162766
142565
143422
146942
147730
145483
143194
135851
143680
155845
140226
154195
143781
140794
151145
148775
144399
138045
141763
141414
143559
150170
142963
146143
139109
135398
162209
139816
143651
136939
139181
147510
139161
144278
140000
172316
160632
140969
135564
148172
140231
142595
148136
147639
142235
142300
140737
151510
142729
139071
140634
142887
139899
147929
144256
145924
145773
139854
143216
139952
146154
153013
152975
161477
142739
162518
145245
140353
148405
143054
150809
149115
142879
299999
296822
145170
275398
281933
282292
177993
142169
154418
252837
200439
142343
148825
200106
149979
137213
145472
144028
140397
141499
142184
140431
152956
143038
142487
156883
142582
139439
138248
133220
195479
158570
158948
143163
139976
139102
135281
134670
152054
146385
152523
158595
178054
187354
132675
146951
139843
144834
141358
142908
151179
