2786377805
277231
261580
259493
302375
293099
251083
245546
245939
240039
221752
241923
220290
236426
378268
220441
291127
240675
259468
282701
260595
295057
309499
288707
314704
284950
189231
277336
248240
206025
292763
273709
219227
311128
278228
244986
250261
230208
255283
290569
286655
287373
298185
280320
289098
289470
328047
294148
262211
459448
301095
283549
431255
275820
432696
438135
404519
429125
376303
431753
422132
416653
414880
421444
425372
400886
401136
420149
396808
445744
165610
516095
491329
426407
384678
479159
174961
420529
531013
418128
471571
531827
515091
487475
508447
212637
496581
441679
368147
287565
392890
171527
473208
330417
190468
254472
315558
312863
338010
312330
353565
348940
331402
227286
332225
296650
449333
325785
483937
421616
430589
412408
539288
422321
151131
455521
409430
143403
212374
387345
333801
448928
255550
296053
448141
296047
579538
202047
289113
245784
239609
246911
247816
297246
162482
446741
246465
577380
392647
584568
411039
289845
429630
447500
239457
512883
179742
278383
362310
469219
438452
444241
450996
482239
472833
173305
427502
523939
187385
259857
552607
451653
242548
307098
254483
256320
218422
248407
261429
475841
196163
529891
356927
314214
517613
381199
541207
493855
211114
271499
254524
239815
274231
248722
441209
440469
497520
507959
568488
156369
151671
336329
298813
544568
242357
534279
312528
324082
261049
535483
322158
175810
518586
188373
206909
218044
167286
178073
525266
194186
202969
191760
187197
191826
208215
176685
22309693
20351182
18644165
16538087
14504674
12462007
10348528
8316405
6253379
4132118
2089508
13168270
11101387
9014763
6960743
4855262
2808056
747714
4131593
2063346
1011431
1713853
910052
561777
234231
747378
248876
351098
266803
300996
265032
232160
273122
160509
174484
237432
184415
186041
251930
272831
168461
142474
232407
163830
200710
295784
200811
248711
200291
203890
222792
219428
292894
319847
213582
263872
262524
260106
289607
249569
260851
260255
265239
230233
336370
164206
261607
176591
172331
180868
254266
188666
251137
256841
249888
153974
244519
280710
295286
253664
144695
308389
197660
349147
316839
163526
311939
214372
294943
286226
396267
312741
422356
412216
404705
369235
169583
159645
159401
192136
171606
201879
346204
154960
224280
251725
264510
158923
146367
230561
447763
225049
208083
199913
351423
312098
318089
258766
258565
194511
260490
416868
258972
432348
250138
282837
242790
214223
134307
239051
252657
248455
163648
287692
254144
258052
157486
177303
196121
176430
172076
184017
155323
167520
166113
190835
262661
178444
168493
294385
201500
165858
178379
159669
171925
156056
285276
198511
278843
270544
167983
155941
163497
184886
160489
183425
159945
146796
277513
175416
205150
242011
240168
287064
264963
186987
219779
220401
270861
220218
238160
256019
231541
170783
223272
324092
156066
311711
238417
214060
157989
317899
277075
330555
281794
298029
207463
243022
294609
213815
182640
174306
225048
215076
216874
305438
241629
232691
217064
140129
361911
372235
378925
307286
219082
280281
229442
308771
291519
241999
284031
291873
229511
245550
316420
236759
257872
216271
299889
217709
286348
181460
216838
219068
307284
214828
203216
283415
274525
272190
163493
287769
301937
166020
148626
314353
202803
291413
218057
201301
143483
260955
223544
217574
139066
220226
163249
243035
272292
284095
145622
203646
216473
217900
176389
146445
169677
178776
248081
233169
179364
311416
262188
145119
156061
171107
158237
299257
289076
251512
192344
202459
145962
132274
154984
170026
158479
166689
139287
192626
149732
142000
151164
200338
138998
229612
207411
205828
140482
207235
143314
217313
163432
195996
169123
153554
164461
214461
164212
158998
160415
222935
219513
221883
156143
174782
171831
262000
179199
271211
250305
230389
181219
230834
167656
270594
223451
272473
247249
241356
199215
222778
147612
236366
143596
196679
150477
300443
209240
183532
153219
187052
147563
199938
193853
142589
139941
195026
278740
154139
145148
285683
275231
140167
152553
149138
136290
145159
139004
156103
138869
144756
180638
147494
157546
164257
152270
155321
139721
155587
151462
162894
180766
141991
163619
141410
145617
160747
152510
166030
177173
166064
164595
170301
150727
140637
158530
143319
1467476
1205805
1471232
715712
847382
553492
215324
174134
148294
148970
141480
187951
149425
181157
156466
139986
334800
275565
177182
340353
353665
397350
268279
218766
379848
367743
361780
409988
409789
456475
429801
429101
427321
440518
429878
441395
404050
429879
402170
215898
163463
140497
421018
397202
401010
394445
430023
378034
391054
140038
383041
372592
162863
276246
237903
345239
198403
389764
371429
218222
273502
209305
354866
155019
182920
182114
368637
203535
322381
368262
252432
374248
225013
236517
254244
324442
202114
324411
261465
143213
219616
218956
274805
384426
258601
217246
270796
328646
202861
252802
141470
412784
151847
21887426
19787227
17759232
15687552
13622775
11508200
9450705
7378176
5263677
3198318
1125823
12713825
10599370
8562207
6502078
4378089
2332949
4053466
1939678
3453665
1397527
2550821
439527
805604
570074
623433
375079
144176
186696
208307
181395
197297
178338
192206
189791
217656
159317
221000
184066
166954
144596
154341
184007
157690
153585
185945
173466
156284
155679
201997
197637
162397
146977
143431
160938
146723
155752
153265
146896
144629
137652
145703
192825
139624
169794
141479
153170
160108
203686
174071
187867
152983
198431
174330
166411
215725
196879
201412
214408
207950
170609
210697
206109
231748
217186
255002
237291
225981
271739
255139
260820
264600
280992
274286
313804
310573
307559
260580
260088
267172
321685
243422
318294
322659
320697
321119
298731
326894
316934
271197
237327
249918
235066
259419
245942
261766
245083
244776
196384
214993
174741
201851
281070
312171
185201
147559
315195
237005
242256
277382
208886
355977
209744
461239
346121
190649
348240
188617
148897
184557
186590
265961
220575
299569
199775
192581
199373
189446
187164
169341
179080
199450
156449
150673
179830
267684
267909
311960
306854
306366
297137
273679
178166
188360
173231
187238
184039
196419
200734
150391
186382
165511
208823
211435
182065
182453
206679
243523
190108
319946
196250
330311
259465
313361
308447
196546
183149
179601
158325
292238
184201
177217
318250
165767
203849
190618
252595
236049
237313
251760
178995
206976
246579
176750
241221
311707
249624
245604
293481
259920
284962
330256
230754
284505
172723
291793
246807
313322
322841
305172
282669
285356
302190
240871
290519
301474
298941
302849
294576
318196
296466
296287
129957
302941
165648
146323
154683
158474
347534
321306
133713
321212
154567
140382
141925
141105
292827
140832
315348
138402
324638
145121
153900
160136
321055
137097
312780
243496
306093
150619
147802
260843
249991
138112
142197
267488
270957
266168
158816
163200
149746
139709
151187
269444
149462
164235
170743
179660
291211
166126
146951
150578
177006
237826
158086
161418
203252
251816
238103
244289
248134
249014
206454
138999
182601
144478
197937
167186
177536
178161
192009
207159
176010
183057
188589
175928
169999
186695
178426
140037
216481
254962
249114
246346
134202
144483
145900
163464
175764
164035
162047
172677
222346
219371
280103
224586
181500
191704
179732
187006
227069
183059
226570
290561
231262
245316
278136
274607
177487
180657
195570
290436
176040
169226
175902
158318
170313
155822
162475
166006
165633
195879
181340
150818
178859
136769
135444
176702
174011
135558
172346
174753
192364
133920
223561
205664
205975
186819
196615
248227
154187
205121
204543
188919
203514
204189
203205
215049
189709
200180
213394
208686
199146
198373
200410
177085
196878
175096
208699
194017
162447
201561
198938
199285
215190
189401
211539
212992
210523
211500
166968
210185
198752
200906
204121
209131
210130
184832
139329
174400
205202
227896
193266
217773
218858
221606
223253
236274
219823
154031
137714
128623
214131
194523
193719
203074
145150
155735
208310
154756
157165
213997
208248
142722
229458
228607
214818
227761
225854
207082
211803
228268
143972
198973
146718
153576
226922
139080
198734
196958
148892
138301
147755
134631
148763
142150
209684
213877
157637
140667
144569
144045
151627
143499
162748
132416
142231
140316
132554
148079
154421
215590
283217
129689
142655
192458
198852
480531
234575
205859
342430
294272
182113
428261
403310
393477
258000
241047
344650
218252
363287
243075
18107261
15994552
13947376
11876278
9762138
7682428
5600675
3479445
1404072
16392487
14282822
12235025
10160675
8046680
5967230
3880256
1766181
4198387
2082259
2172289
1846471
592639
1724649
507937
489888
642822
412588
222020
219646
237390
325619
242825
319897
208827
250289
234642
149622
152988
202155
200172
178279
364183
189533
187629
212676
260580
263087
313407
238209
237861
228852
194094
196241
238843
200078
275219
211190
167346
214602
211903
208011
217761
229225
310781
324112
247442
279930
220401
293676
140865
152881
165746
140397
384215
336725
144765
327575
330101
318116
412755
180819
421115
462694
465813
144527
148988
409945
216680
143371
425550
460064
147201
263930
163267
476066
138736
209967
194616
475721
145573
210537
211475
290652
383521
275500
459040
383323
350551
359371
371254
133551
421452
346999
419450
298749
392256
417338
399615
367990
355970
294074
256582
299499
169227
360801
241011
346006
342111
307795
276514
260700
146716
226324
262447
177172
288551
221943
391511
459283
173135
151543
206890
214940
464379
517027
154548
570258
440871
519102
141684
311677
557368
515539
509210
528103
521135
508140
455143
527286
153396
543767
503444
498279
493875
503677
496864
484711
441314
501313
418956
281148
493878
213866
344016
457440
477094
239563
317165
314670
324817
305106
425099
314990
298830
496730
488458
304869
334025
345416
245747
282252
331449
338816
333490
327632
295147
294233
572285
315177
318171
347456
323896
246399
231020
259186
295627
333293
300462
357250
567067
347893
529693
483085
486620
549442
256140
559832
572753
290726
278438
269327
307553
546368
344654
229016
240739
534744
240940
396764
421345
230992
505689
491199
225641
348289
469156
289207
462154
507703
557620
426440
484322
465358
476258
475521
461536
313702
267664
373697
227043
249325
232591
240783
252001
384924
346960
245373
253150
249365
225516
248483
237050
254788
247492
236423
228686
545034
232706
262477
241041
258004
283935
240747
246211
559208
243539
533097
276448
274008
260188
272179
281882
270264
241065
328206
570627
252299
290256
239508
279091
277050
481167
264282
281303
248263
482180
255721
586701
566942
427062
596855
228718
420448
580231
540947
325557
413914
273781
172834
238244
245369
259869
516162
225912
230885
263390
190242
221398
224512
235974
207762
237571
244395
377581
491245
176887
253871
233485
513118
499479
558957
197610
262668
421594
411969
355831
258883
382075
248914
363472
346491
335191
239092
331080
226806
190158
188217
172127
246544
453044
371960
294169
447787
379521
363659
405015
364456
145786
321428
170487
437909
422752
336180
200418
255908
238666
395288
244602
323447
334522
258439
295267
305252
226306
211819
236431
372195
290520
287831
248681
241524
240867
379774
317418
303487
243035
236350
259548
328731
323237
269490
256327
245159
250059
246731
252639
245274
377168
383016
339837
270064
330356
260445
376544
405070
246093
202419
310722
253423
261746
302004
250054
387952
260015
351824
271260
403259
187883
203361
204427
215765
207187
293890
163891
211484
220193
206590
284699
211899
397995
226321
145488
280681
313262
195206
445901
245767
438209
327553
321118
316653
245470
211240
325914
445780
346341
410144
403672
404799
394994
386848
291888
446867
139049
559179
368225
426570
144148
459797
141971
223846
215695
130819
228807
234244
152491
230966
229992
223234
159927
343127
227500
223892
627763
422266
160887
221718
236673
252100
286764
307044
278283
225989
222724
175648
225363
478598
499658
249010
611234
379431
372893
27941196
25828423
23783184
21729816
19617400
17573629
15524557
13411795
11373142
9310641
7196397
5133114
3055634
947451
8407362
6289932
4245000
2172567
3072767
1005068
1878048
1095597
1656041
613666
1051703
553772
452174
302877
491982
691234
733723
702810
750534
751719
364831
158628
133948
349289
372284
701380
615666
604114
321483
352812
717035
135582
513195
576111
228963
317653
291056
156661
582296
695281
631358
316453
151498
489427
146599
338658
265888
1163772
176255
220782
278374
173886
140707
145435
178940
148742
139210
197820
241308
348675
359637
267709
229143
153455
153265
148032
155307
156148
159121
155488
155616
148185
144375
246162
188391
187189
217165
239122
223209
235632
269151
316612
205664
213617
207090
213671
151566
307918
297005
202262
174846
310816
308883
314328
177706
301872
304943
292207
294226
284732
282715
157462
179909
273657
269010
267629
258569
266451
212037
265922
216525
142886
198886
194304
196846
247397
197243
192258
189672
159717
243364
156670
218856
241460
165352
139079
189137
181166
146829
140514
154014
150255
146548
146663
159533
144393
230729
149154
135287
237399
214083
229415
158823
236956
231837
255670
207235
185005
224490
223402
174739
226324
167594
188065
168896
167748
191290
230444
205532
192971
221032
208942
168440
184045
170070
146549
172815
161012
146005
220794
213867
282715
214185
190206
203639
220346
290864
146060
288256
207318
284112
150226
275844
270129
279220
255061
284022
240829
176577
136706
233980
328024
210215
256012
223709
218953
187947
356661
173694
149071
326639
158047
131718
348297
257595
340745
318385
329811
304537
205081
320397
307770
342847
150171
290991
271726
273353
306498
294619
272288
272808
314533
212069
338418
244102
352840
212777
240305
328532
312813
323690
352050
311647
309970
303110
291630
288571
296156
303651
286062
282885
299888
308952
301518
149004
187983
177507
281278
141727
149995
187669
145862
213467
179543
240385
218690
228766
236659
152266
140880
217225
167077
214532
187131
175585
144668
208560
190393
149583
262597
273968
157852
210352
215434
255913
266258
283460
276622
285526
293250
266270
274570
218149
309752
336167
323551
272668
157814
312909
350290
343348
289077
326783
312870
342467
365475
341090
380266
361355
318398
332468
389861
347806
347664
353038
302859
316464
447972
339121
354603
400619
411297
368384
384404
373278
432105
414826
399060
407178
353212
414711
387676
356464
444535
423410
389354
146997
400114
430742
424233
417052
155273
131221
244269
159014
223398
207428
358572
368756
349715
378055
388498
360097
345758
366111
361282
418544
369926
387049
347412
367636
357524
370017
394777
393525
434702
239267
146426
156081
424041
388160
402200
435526
445261
202638
459881
383769
275345
396171
415468
446904
437396
411391
461716
436662
461365
433968
412056
403195
445487
447413
449846
202370
445200
452322
262988
447370
236409
435104
440209
396133
406549
429458
424265
435760
440832
438789
453119
434792
459410
415721
455708
458039
435636
451545
453700
464410
447609
345634
433154
454743
470180
466555
332202
438425
429075
496313
353058
432425
471432
365967
493159
488338
541807
287742
454060
482540
473705
323780
513356
501524
461693
313779
461639
499208
520904
484520
488144
513621
507817
156939
505623
420897
391617
437214
381348
431603
411926
419802
407352
390508
389367
362635
220575
374379
397516
369738
352819
367158
318237
189509
197372
395868
380386
373845
377270
219169
353984
223598
188154
236540
231881
360157
399000
371151
379860
367540
266762
400564
357721
28690406
26578106
24554970
22479613
20411419
18297475
16224992
14150081
12072865
9957166
7911737
5843264
3729164
1652437
9544318
7430741
5398013
3342005
1230021
4194575
2082803
604772
1256451
327799
812120
619567
324411
344968
232394
212923
316085
294622
303557
189463
164200
199730
234084
212248
203837
162783
321580
253461
269330
181723
187757
154732
199100
286111
146450
150655
147674
201469
165451
187006
198838
194554
186795
158617
275493
174980
195938
177533
144671
285671
138949
146381
279678
249528
277307
246912
279073
263031
256718
243585
226786
247240
288160
257982
265756
262929
138322
244641
236159
280521
215224
255832
247644
263406
244584
231469
251702
216071
163097
273719
237881
225486
225688
257572
174432
135633
172331
173563
181934
185006
162502
155712
216625
256339
176919
199397
228716
220018
179877
188386
200680
205261
201652
214692
269586
221150
204815
246456
199815
260044
251735
251330
243979
235007
251518
245375
239757
269620
249147
245660
191146
269723
243463
241746
249250
231067
335231
349159
347869
336664
376695
373054
364565
292397
297877
308274
334776
142403
378355
361707
333431
145755
296723
309517
244737
196588
216385
216777
196365
213473
210573
229393
430590
426049
528417
402259
522890
161109
140382
156250
142937
507304
507425
510930
451105
469944
519714
535126
479559
141886
155429
544247
525719
583645
159985
477981
408095
150894
414692
141962
401315
478778
457643
505682
501499
427511
419653
431021
383665
446420
370940
358732
325103
369558
353013
369496
376047
638401
379611
143644
639753
409279
384523
608906
412905
605012
541078
136770
300747
339107
329964
337476
322641
282163
645064
345475
289290
570154
637817
288812
317692
281094
292697
309544
248645
551192
220859
544790
380707
227456
415582
362142
346957
331484
337350
356024
365929
350763
568519
643643
362388
573054
351188
377843
388180
469133
475608
165343
518971
370529
548199
550182
511397
536258
565625
256737
641624
571291
508832
540073
579076
577618
529445
155643
560887
717391
527153
168131
543618
411659
230623
373201
760900
569814
551165
563564
559209
746315
730453
561410
547775
737576
281288
549765
742364
537987
576178
585197
289760
287690
316441
151716
201959
343384
675438
180054
582720
186147
511975
217108
202852
659844
705267
738828
737624
732617
226092
223517
676196
658546
745640
328625
258802
289394
152871
739709
786702
282007
287162
778874
761014
757283
748330
748143
744210
215076
762708
788986
801877
605729
778392
785659
761775
491372
155156
799087
796485
168461
323633
192034
390572
697551
522723
712413
760694
713287
630580
240582
708303
710907
240873
234195
227206
260927
219200
718843
690662
496864
554795
702285
732506
513986
629491
705594
397240
381442
378973
635733
380907
642262
638354
731377
714883
650544
385965
703711
387030
492857
476828
553786
512022
717916
718523
728531
483708
501034
486459
771828
143077
1780306
1051532
332918
779930
780031
160084
299868
357992
294960
390498
531329
787503
432737
779420
441956
418218
842099
547914
557402
290422
786726
247223
351548
267237
441904
440929
473213
513645
428632
443147
165806
527093
716606
783556
663361
705774
731990
775382
708066
747506
379769
729570
719015
711497
381153
813501
818766
827128
259849
291574
366833
790697
349522
243568
228344
820269
819754
791124
802339
194729
501134
714732
347421
761927
359452
273662
316398
710053
349348
195770
213647
209908
193706
197660
246182
206453
295221
272850
328474
322594
327153
339155
448424
332569
656015
500579
741106
652775
631774
630988
645833
666938
19270504
17199805
15132033
13081601
10964658
8902601
6843843
4730018
2677544
616163
11133627
9019807
6974642
4923355
2810819
756719
6029231
3963859
1852176
1687725
2085721
1073149
664025
414771
434309
718718
586385
558690
474005
739759
672936
674917
374857
697798
534987
320990
686664
670982
667020
448516
670641
317726
156530
207989
647385
681194
219950
635273
640600
619403
682022
693395
534841
654636
664018
654381
520585
200846
504486
653998
521626
462373
431654
536621
520283
525549
450280
355674
406655
433521
427057
436359
416327
568926
640203
418678
612549
603585
426697
313445
426282
277018
395701
207549
253418
167947
193757
193620
495124
192107
229985
494165
316766
223937
145431
152300
153980
168252
186344
182545
165772
132405
518466
546036
541729
511622
403324
143399
521005
268616
200588
268011
276469
411066
219274
264099
196710
271197
215858
225479
462704
176700
199919
195774
183789
224590
162863
219525
202863
482917
148985
154240
503866
399280
396450
197992
212103
444539
199884
214750
138937
450594
429395
137929
144428
217237
193559
448930
436145
452762
434870
181302
458116
447901
155433
422122
457660
456846
470212
147499
163807
149547
151075
157266
164603
154688
142245
144843
149386
393454
142171
159885
229335
218613
203734
197608
377452
413520
234967
415268
231782
217947
390754
446012
402080
295257
459177
136797
249516
255342
255757
449525
295343
259454
439174
329695
415408
313510
435503
444103
160916
309499
304117
332844
430434
445152
436564
460098
383390
360761
441915
446414
384594
394453
475236
458235
389864
403336
392619
388701
169462
399454
427108
410993
396563
381991
383875
398269
417517
430368
417734
138594
411984
408920
455303
459625
464082
427644
513510
146487
474043
414882
400665
190867
418305
408597
402472
421706
416211
403730
312813
511596
512372
520357
312113
531585
264748
254244
252367
220534
533747
459759
248014
529246
483547
288107
475919
548211
140056
530143
133790
227473
237575
498476
143163
280191
142904
152829
592869
139546
495595
640509
429048
615943
164006
155109
164978
317967
549405
528042
238141
233679
298443
314489
281513
351919
528943
325988
194927
452937
408773
240500
430467
336518
548268
187929
197838
410080
391110
387431
389363
136670
357750
333525
141240
410158
403462
390401
390361
564592
330723
317670
326049
335683
349681
332571
354043
572592
587766
560232
577109
724809
697186
697736
683667
692281
683975
704578
693472
728628
711481
752729
743680
710593
718297
212254
700685
715026
541456
549422
531396
523303
531756
596009
505827
532996
514104
528661
648225
674725
611868
425689
653240
650474
598404
643578
596928
597022
621213
651745
539747
507756
571198
563508
527504
494757
602022
250235
766218
518671
487852
546553
145884
508434
494436
510524
299611
498616
730196
577642
549353
298875
741670
567620
453546
308540
235023
296023
224515
249522
237535
261723
193926
189012
184379
177732
176025
206576
199299
196599
221667
717819
214013
189616
237130
239489
234377
234054
211498
252489
458487
243867
501831
599744
352823
560920
238617
188305
495525
180747
498752
625655
754345
780068
185977
767808
730782
768586
784020
448221
775384
460028
744888
759500
776581
791192
791232
812235
761288
783581
427579
754976
787119
805032
808894
156595
429049
157327
648617
640898
197182
827430
438758
476326
437925
215196
723827
656973
436489
692391
603945
431827
721560
454667
706696
721498
731529
711500
670605
654511
639552
624024
632002
633110
535122
514133
515848
331722
513666
493344
439921
525862
462690
451666
20294210
18182479
16160991
14078198
12017391
9903655
7863883
5804059
3690357
1642030
13815641
11699587
9671937
7612976
5499940
3457297
1393772
4316568
2204357
2978719
862075
2618775
553389
968220
779344
501742
429964
692569
650773
493812
704915
427971
511986
508989
488962
488543
205198
487656
498477
482401
480189
484768
403566
475895
400656
411254
142157
289538
258005
295434
293282
273766
240501
455597
510224
139466
438649
525062
442176
311434
506070
467757
505955
260755
468851
298574
311337
269820
481056
239643
312391
278386
273158
334632
161637
153323
296537
173820
139359
158473
133952
152831
174335
167757
302907
289832
155509
253531
189143
293717
299194
292059
172594
161195
312065
319781
257711
308380
261631
255442
202381
203349
317772
327042
303271
216040
303197
309090
231520
228952
198688
230880
210655
312565
312409
312965
211555
252374
340709
280750
221390
230651
249443
260742
260609
300761
278994
196557
285249
286638
217682
286265
207554
240602
230607
233838
245631
304693
317415
197307
227042
303235
149420
263448
263589
257697
247235
256822
277783
253603
260980
269144
206716
284956
290305
267627
281690
255528
254550
251897
249102
235196
295671
278773
303461
236416
244576
241739
205488
245010
199293
227704
141203
277315
232718
228704
200957
248981
272098
291455
249110
220040
244855
283005
239083
234333
239407
278481
254510
256569
243721
250142
236105
224505
233268
273204
224082
212782
157503
240788
226178
144095
256221
221952
224031
221222
148262
242785
203312
213543
208029
143470
214012
148999
153056
144118
215277
234610
235921
139264
234461
237197
228520
214097
239017
231558
148183
150749
213660
214733
147809
209806
136464
228332
145273
157748
170341
218418
181744
166838
151948
180644
154174
161911
143169
231047
173839
143839
182510
159335
138817
160903
147063
161619
150048
180827
172469
173324
144202
233218
162905
167856
170143
140526
156338
141459
160479
187328
135700
147577
177904
178792
172497
160407
176544
154035
179689
160001
159421
158367
171954
165928
185842
192018
167323
189368
175860
171675
144293
144296
217805
136139
196195
181979
147340
159839
142723
141754
194752
159815
159721
167468
190562
160335
167087
168308
172907
259029
142868
180909
141049
239671
247128
168544
155417
178437
160957
165012
179444
195757
191393
259454
327603
167964
255649
335951
338762
257049
293875
324821
379449
317268
339861
319080
322564
310626
352088
340816
292878
268125
280897
193149
276414
211448
287481
307242
296281
283614
307253
317596
320223
306395
239830
314266
433210
321279
482027
133169
298231
321834
140410
323228
478893
284882
356092
329075
345661
787718
351434
551947
349184
366191
535813
510465
497654
493012
628217
648448
642268
162367
620542
603540
704385
702707
200895
612049
718375
712550
719323
724114
714973
710401
731758
774140
207791
748056
215983
854123
738626
217019
741886
762202
242346
231974
648949
361313
905893
387133
920972
756975
772472
762552
841227
887348
733582
437445
480202
495732
732949
720963
757373
842765
731240
886548
852362
738148
813639
750132
146228
723325
755868
647012
627702
883804
630408
647544
649692
648695
657771
995343
960908
594052
598266
599637
596433
585794
596434
602335
531844
558833
485283
351001
340879
672532
294222
282356
303153
281151
267235
283327
278126
281719
208212
293934
365297
361231
1241920
388240
361707
374585
308074
323612
337127
395612
150558
198652
171310
264840
162270
356724
556019
445416
675652
683417
266760
595685
587806
325905
152009
678215
333325
760681
164310
739090
25383440
23355541
21245057
19214447
17128968
15065090
12950633
10881262
8797163
6747315
4633787
2581843
14807474
12694222
10658189
8600251
6486592
4435278
2391612
1593498
1758507
1692244
936624
1076747
1155049
940603
825068
800577
302060
315900
768125
759850
781997
712282
755039
749851
751493
641226
704440
353957
317169
365773
385916
447684
403339
454416
713793
637309
618828
620738
616037
704476
636312
732202
650449
720162
419059
427227
631121
760652
764532
802915
654685
647903
629501
633727
629795
631219
579731
628132
621198
546821
623976
542062
485781
563424
470511
388203
390081
306761
338308
397581
489573
304484
326723
308322
324877
265839
476422
315781
475670
361301
631705
623364
329491
621564
316785
544354
626691
638888
390148
663688
637264
678552
498012
411641
656277
421652
435253
407669
435574
449771
420271
416648
424350
660220
270195
690852
457300
580683
571403
514916
518724
515577
503947
580420
195493
248920
216496
206157
229424
283514
448767
366987
530726
253269
234479
187747
160043
157073
152059
152230
159595
154612
167775
146740
468220
152942
488183
170420
143241
559232
177907
158476
166754
145046
594639
153311
152991
170476
171697
168216
151672
158841
156522
163212
165080
179920
186003
183237
185771
161203
179879
156020
171214
145174
388998
208569
206618
180599
186392
174975
184227
721629
476695
543411
705486
487159
545187
466195
320631
486423
483168
306327
529361
481005
188614
193123
563745
561995
194681
621955
352181
358301
341979
256038
642561
193424
639981
699459
638798
647771
476292
647709
710351
743607
733428
686471
685099
632662
756496
756805
289562
285731
298917
700743
151414
748013
142090
346828
764566
293514
142978
365499
315275
307872
779119
314533
324507
313991
309914
371804
384345
359224
368837
394427
158046
148605
162106
479165
194414
227566
210081
279248
478791
153324
485994
275113
274795
387697
174536
261994
611779
607064
387579
431756
407448
632908
632685
623738
164406
413054
412900
409652
397906
487787
426571
351527
942607
473637
438787
820508
415765
500715
485454
460116
926655
474877
462491
478777
401472
464828
491177
426389
926727
984788
980121
397168
454932
483143
497825
468002
178916
681185
681694
464474
468765
476946
745880
782994
191454
832213
805928
829343
797756
802829
806530
163077
170630
186674
809357
799870
800483
266786
820451
841629
286664
846206
817837
812889
800200
854476
862931
887347
188749
863845
848898
806056
814605
835222
222775
211424
179340
216771
776682
861654
218157
197512
725646
756175
829224
807272
834748
831262
772491
792483
760975
787109
836901
158837
808838
427168
572471
582052
407181
597330
626845
628574
170060
606116
412943
619690
613475
399316
532349
614132
571976
1042977
438121
524247
171494
427350
451539
560368
346230
446542
452940
159046
966577
673824
825536
691801
850364
965600
823688
567953
172860
138750
1035502
165295
949724
850966
157334
157242
920415
988989
233402
320380
351980
320631
391438
316093
408142
447447
444041
414462
405806
434198
375915
354599
357939
450551
425172
444942
344901
389729
431316
430203
381280
235994
294441
475165
413031
435435
293232
303709
279743
294600
291851
577230
479458
235219
472388
612751
547991
544340
182821
228430
174772
240193
159262
168406
159106
893839
177083
675650
626431
533108
527618
542238
553334
467522
524177
170104
455565
272278
888412
399342
401022
393216
371137
358389
381444
339547
328327
344814
356177
345097
359097
819383
339884
160997
138896
659416
817211
307983
185381
159796
701389
672955
633429
734262
568032
656922
502901
24372184
22258924
20231855
18165231
16052093
13997501
11931888
9821653
7763353
5709049
3595304
1538887
10104712
7991050
5933833
3891486
1778849
4183651
2110563
4516367
2461474
348134
1701600
1100296
458206
656901
292841
662629
650449
183887
166039
667519
294940
152887
160277
152606
157886
637199
632934
251441
640678
626331
144549
628344
178459
300391
539019
703051
698849
728849
201078
692846
621392
676294
147208
556252
650517
621647
615558
605883
336263
591556
186152
261569
619283
604673
602515
292169
313452
294431
468219
445203
450186
235126
304742
222504
218424
240396
349636
351773
182570
270197
548637
287381
253046
365429
408512
555274
558181
510454
584467
391853
395240
260882
314529
162682
263571
282360
273117
269848
157838
259571
181003
269145
254769
192254
482881
422969
144424
484502
179034
181520
514615
169127
371320
523995
310841
323296
391152
159755
513802
486078
451626
481929
465202
296587
268991
330339
240112
281234
146221
399693
222760
156017
339479
433511
413645
312531
214439
325281
332780
322900
189016
315616
321663
170847
174553
173447
203912
201531
202055
174415
180065
185160
227138
218845
404825
405854
374730
426643
159275
405793
406357
411758
395736
217521
352873
380318
259281
360747
340514
340733
346812
186117
186638
284222
262217
197030
366244
354827
349031
206974
389511
344361
335878
341053
150312
281756
347609
342501
346252
347424
375639
363224
385263
292890
161684
153042
149293
152652
156821
140980
366642
168346
147404
177144
145375
357115
159039
133542
149174
146327
183524
192668
160670
228065
168302
231255
422885
306389
157629
224253
421905
183920
234504
171170
171662
328785
285567
227137
276134
408757
186274
385763
297931
288535
151702
148985
207979
379995
372344
374570
364322
369776
368710
244111
350827
416111
387451
177966
180931
348909
407924
183852
341397
176816
318823
338297
410116
318503
341752
254024
397664
403508
434850
457409
488671
423866
460142
398888
289372
437538
417113
462673
439998
140552
411521
468416
365241
459571
441671
185845
398097
395834
397453
394140
386814
478607
472518
138929
400084
492610
421540
491562
388386
423811
417833
424132
417270
425811
418722
431693
421695
392390
445859
442255
432563
155873
533422
434022
490684
677251
141674
424956
156334
164697
200212
660754
147266
140399
436029
661120
170870
196419
273627
158021
164207
435102
170623
166814
179471
176567
206464
158461
206962
296776
138828
211561
189471
193599
194678
156216
141748
133029
611055
621283
589250
580658
603182
619516
250758
249582
145733
260489
132162
156925
265709
274421
215103
259227
216820
187695
262522
227876
206062
212168
181646
198860
171405
605343
653746
166781
287600
301436
297933
137071
288916
652983
727048
706387
588112
258523
283466
630140
241869
140131
570879
289158
318611
444014
171579
530506
258906
192129
163470
505630
438674
172397
147753
431180
349807
383814
174907
460848
524984
164774
444150
668677
666862
152136
663975
670149
185071
814831
202795
540154
669500
530824
462362
325668
145622
835806
648879
812420
252173
362243
308470
639737
754558
589870
717013
462891
159877
134735
444559
457435
425346
663761
144632
542561
500971
504125
788829
539133
498562
530579
492633
504898
477544
777537
843694
459226
205143
718588
703050
817367
847377
857156
837588
474666
261702
555585
541510
263865
267851
478564
487534
730520
580307
738217
793987
809201
787995
802940
821530
730113
680912
278164
816424
800004
237954
415774
843193
409698
484927
857561
208757
826004
832465
840078
844149
846811
834673
875037
849583
26865797
24752429
22688817
20614611
18500316
16447196
14379657
12261988
10184133
8107343
6030450
3915551
1847362
13048133
10938731
8879695
6810655
4695562
2630471
552031
2247434
176996
1258536
592536
520072
410584
896154
262049
523974
535403
506220
510830
502718
743330
774917
728242
655271
525252
662837
646181
653531
503731
689868
641739
685114
642937
695749
625900
136015
597610
617394
611440
609427
487946
618418
474629
518691
534530
679861
391927
661278
519639
531921
636570
178530
506984
662728
579918
647396
462763
275650
594919
669072
480201
611790
632604
637394
645791
662694
446098
297114
251954
599791
471231
244189
227631
467603
467494
576601
448638
456091
511029
447027
596124
552137
634632
466504
584896
399127
589062
587769
398239
515989
413355
402784
399556
376540
410665
402229
387862
386651
284145
402883
574805
182837
265200
195828
218149
366967
593781
556364
348577
422535
548458
350316
347697
568876
553279
367166
353269
420753
561230
211097
473644
211532
345611
354754
291578
348112
226363
276482
291153
278134
271285
274336
289916
295603
295515
297224
472145
295310
231152
220036
293552
212524
219413
287781
241561
296596
217156
230927
153657
151466
250654
237847
236822
459900
233403
220051
157150
148676
150390
139208
150503
492180
219153
145621
235011
148911
225361
242751
267394
251886
152386
217915
234550
160663
247310
189669
186045
167999
605880
168463
168345
242096
153402
183693
204908
184914
185240
166570
185134
254698
193029
263361
275548
562715
207744
568413
278537
548548
238976
280972
280813
560658
492640
571366
370201
377194
273806
254439
383523
276194
612196
377214
629209
441375
336042
614431
499509
571873
584689
622422
276513
631321
473645
310351
620112
386508
337710
501516
374885
291072
186257
171841
391499
159435
392107
163954
552225
168863
163638
239306
154333
429378
212062
589431
213382
232649
220769
572518
211260
158731
174730
552041
162071
187097
175253
189500
182346
186166
323892
237497
318786
236332
302253
294006
314057
236593
240982
262678
316651
258375
236535
317509
255540
441770
263783
254812
262309
391896
434810
495061
273426
374651
556573
255422
377376
384793
389533
382140
379006
376439
387586
363570
390817
378482
439145
576184
405449
446089
448490
424686
411912
470345
487748
168527
174908
333932
511524
406186
206312
684543
695992
149420
169548
416050
155151
138195
186795
245291
269945
495220
247836
433716
254133
201475
664169
210285
566710
207031
557311
444894
274568
446916
453890
500471
520336
485245
499834
411181
460553
459978
480092
450823
491228
516393
560501
430283
479964
507433
426514
295334
305841
548030
304107
250001
415678
492830
303194
459436
409625
508176
400308
511510
548072
545244
555474
576863
549626
576434
579912
548484
410081
558566
311902
566965
137827
572891
545042
378687
509502
379244
639071
660552
392746
497687
520094
390552
171950
228075
513070
613125
375245
667745
556437
551813
414077
547856
384004
593954
442771
447290
403811
380236
551155
599489
212864
320063
484594
530461
494146
360916
600096
160824
498838
469490
468235
530485
577521
416086
223643
552773
606655
680135
704515
486035
680759
649695
655557
601367
623028
620286
618069
440618
556416
358922
613718
356260
352352
608990
660401
554368
631016
498630
803236
814840
556297
815090
760171
711465
543389
830403
826581
802801
735161
726423
553644
546136
533160
611070
385398
388539
822361
433872
160302
723799
795090
803359
739941
733464
739238
715402
731044
715832
728357
747772
747625
727562
747439
761637
183747
541424
644519
629852
25958076
23841311
21799017
19738753
17626184
15574529
13511131
11396216
9323163
7248762
5133507
3085226
1024742
9111390
6998942
4956442
2899065
785966
2205508
3240737
1164615
197289
1199739
1098030
455754
566209
359013
275492
747709
284653
274528
285598
360764
409695
345469
738678
282803
838716
727225
781923
813244
482917
727522
427243
414798
421463
419454
422471
696557
580417
419172
718046
622151
683084
466080
689516
720684
660083
324475
658627
664365
650926
633314
615955
630887
623308
634644
608937
653969
553490
393149
653739
342238
556543
507328
631246
578447
540444
556204
332827
567327
331895
562684
555461
583838
328489
557621
585221
557990
540089
343697
553848
562157
338269
556937
542889
288533
561958
268366
474952
285765
306939
259273
538269
540224
603542
209166
302202
629228
249693
282760
238584
267434
283890
259645
141379
287050
264546
276233
276140
267102
284835
222843
227430
162812
543810
537595
289925
301088
288599
301688
316901
300045
345135
641742
306425
619201
289091
625554
579826
273237
638299
554730
300114
288162
280325
276481
296151
267140
279073
225817
270466
160183
146351
168166
163544
529840
268329
243930
316875
514046
505950
247450
540307
529864
241831
157267
228368
446337
251579
469365
508831
148839
274631
221303
237725
434323
132937
523907
472047
427236
477537
249541
249580
229773
436311
237384
224446
216762
220185
241443
242400
219675
212832
216053
148923
166272
219743
156517
138425
431249
210265
214781
445000
204127
154938
206958
203271
179690
205904
216516
220216
209217
209782
202859
215719
207944
228591
221039
163022
209925
213688
206734
215836
152896
223341
231148
218153
228412
228651
222027
287215
147427
157111
308877
305123
313886
307863
304669
389104
312906
316372
335417
407961
343487
358481
300365
295355
292532
287392
320665
496142
470228
200658
294432
439282
147096
495603
147337
268173
496992
235755
254109
487945
481956
139350
258765
255904
259603
253022
260648
269679
235331
242276
334075
337737
331060
342676
622441
336547
539620
314415
677188
210952
210430
233254
402661
356825
402121
391492
408487
409654
436100
431484
453365
445032
405508
439177
420610
462648
469773
230658
443567
435425
795632
783442
759427
783647
228936
263947
260283
255667
274019
258590
261232
269234
270995
464740
307428
825541
746534
457506
537180
482769
476402
274652
302098
295904
713746
271309
241571
264325
750207
744362
753785
543258
733016
734798
527644
526714
552726
753342
814965
258566
160714
725089
725274
538283
774149
746057
737240
143881
737984
158417
144258
154832
145080
227652
734371
259214
638063
151473
480799
147891
160173
166444
470091
503698
475684
486999
491431
472754
160750
488612
650472
212559
271515
190269
539423
210733
538074
167883
541543
588102
450093
306039
485892
519549
516662
551182
301365
589382
296385
489395
490837
244278
246837
191872
239224
198200
148133
232787
191175
176244
158676
138501
177167
153415
155800
140786
135920
134124
155348
131735
143796
142432
141952
128706
139325
139025
143995
137870
144909
138173
139421
156736
146880
145392
145958
137634
155006
135085
135527
136836
129834
133520
142805
125314
159680
135052
128178
151587
144586
136266
148521
132209
130981
165151
156585
150885
147109
139901
133502
168752
142801
228796
177660
178075
183886
179246
168900
183975
162617
164604
175129
159017
172000
159847
165128
172687
160484
171377
165171
156537
152179
161934
164395
157638
151218
171116
157734
148184
136036
154925
158327
157740
144711
149117
152139
157495
150505
151053
150827
149348
145182
134661
25242179
23130383
21066796
18994995
16885274
14815269
12740810
10622911
8543569
6469252
4356621
2290434
12914648
10801484
8736085
6651028
4536665
2471341
392779
4019462
1949119
778173
1351825
1148336
187057
191427
137789
171429
138857
150637
159214
138626
131675
137266
143899
169046
133382
164191
139217
162599
146336
147006
154816
181671
205856
158609
238858
226135
216890
198311
196105
202105
199576
182746
156757
161033
145901
158917
244632
248980
240232
148085
293747
132966
157330
259064
128144
224363
235920
239865
219019
162450
154134
157852
177619
146122
134120
144934
145310
144650
172661
168605
228251
188126
225616
144166
237110
163885
163731
222768
230750
150482
143871
153187
144901
151210
135514
350888
169869
131684
141695
153500
156825
146810
147565
220874
211134
154284
187620
189113
186946
152315
191494
124538
207210
142062
134944
148584
143515
154347
146064
220791
131332
198494
139194
150295
250746
199611
263146
159614
266382
142411
226347
152532
263002
142139
139152
244222
140713
138118
233103
135737
184622
230936
223032
221618
216041
228163
240167
216042
174531
218350
205828
208294
177181
138642
135963
132800
138226
207783
133413
191868
134812
125681
140724
204520
140069
131219
182933
136582
200383
131245
145042
186397
187559
133560
140819
187822
135964
130734
138994
135643
192959
233486
134677
137390
248349
254200
244901
253620
256093
254807
228482
225652
222736
208001
233722
151549
211958
216652
202304
208899
128294
141689
210454
195675
215958
190920
132057
202973
191624
142697
220559
152735
147855
135965
209980
145166
193445
203096
247893
189503
203466
151700
196747
260855
208116
245225
253257
248371
184250
180293
218250
251777
216059
223397
208880
209503
202212
196073
191632
219808
193306
148740
134734
201761
208565
188427
208730
216847
202645
207152
223162
137376
141183
201381
196629
214674
214570
213686
132101
147846
210977
135057
138116
126719
128254
143313
144871
140849
206555
148134
254225
143070
211361
143995
142528
148228
141978
148033
148424
143512
210034
156812
139327
154056
199779
147494
142681
137822
148537
205967
214075
137213
201756
206346
210188
200649
133628
209292
222911
205210
204233
191089
130009
131947
139486
140537
205885
139447
198548
131961
192153
202362
132068
136130
138136
204274
142561
135392
144192
137758
196030
125240
140033
188092
142575
185391
186861
195188
188287
197776
180569
144834
139940
133180
188958
127676
143242
184435
181336
131148
139420
202602
145821
182182
132069
123280
193599
188548
199636
196087
146616
136973
195022
136919
181378
177030
154026
132219
137564
194305
189385
141081
135300
201889
250141
200192
131804
131865
191674
195540
131011
185459
193404
196559
204183
137437
132225
141204
188377
182393
138549
196214
192144
150781
177898
190075
134342
135736
192708
229581
220779
209779
218567
201415
196118
202932
190913
207322
215630
215501
198512
192933
202287
194779
209273
207682
227732
229710
231361
230122
246424
237523
220798
206658
227582
217488
232873
224271
215786
213158
232923
132788
146779
154776
205827
202803
209382
223760
179279
208079
212771
212471
224065
223934
170878
165962
187046
227490
215731
228079
236535
192207
215153
215584
180353
213694
205402
224923
218507
215101
220158
216912
243037
137432
224157
208355
242481
225257
231646
214377
221736
237464
217965
217329
170683
213557
221595
178613
167516
209110
207618
177763
169954
173829
177427
225385
175268
218746
218238
226257
220306
218757
241317
138974
215153
146580
227514
192728
145179
236167
238698
283616
201316
274027
23002495
20889209
18877190
16830461
14719573
12660126
10592870
8474421
6400257
4324611
2256609
9058552
6949504
4898321
2843586
729531
5447336
3423900
1310517
2553143
479662
1173421
539100
341586
620922
470579
462195
277603
271891
270204
287929
202872
261722
362370
156619
359361
218511
374441
322451
349228
362767
307075
357706
350617
345301
365242
143054
363379
310410
333111
177744
295823
315602
350998
361059
346191
336766
300852
220179
350140
410347
286930
279678
232986
310239
353582
305336
308846
305802
372358
292381
352076
372699
361112
333422
399589
371299
166240
367115
399918
377631
232871
222092
244132
427930
225649
215638
163309
215226
141339
187302
193413
191164
226238
400650
183078
193676
227158
438088
492969
267229
277185
228069
258439
209940
304996
290656
282108
254823
327926
358582
293471
226186
386227
242736
261643
257525
248491
479018
240341
480051
488882
495408
500323
153253
146232
498324
497401
504804
493058
508724
156128
140715
145928
491551
509410
500912
135886
507678
565671
154230
154028
552805
227294
230700
531189
538151
526376
429563
239516
230140
437755
230367
536587
180919
154877
158198
241995
232007
269594
271132
284403
300072
285354
283384
294091
284596
299056
284276
285496
234204
494864
224385
226790
278483
212430
218137
155879
196453
139272
193222
215688
146560
193077
141931
138990
135875
455997
136180
450413
462286
447001
498168
141014
446576
493982
501029
489542
492278
514871
402393
524549
439388
518240
358599
386766
522614
518817
394286
504757
387902
396036
588414
150649
392017
291618
530740
522556
343441
533928
484879
310829
244579
379640
418936
593295
213644
157331
658444
439526
150661
413456
475998
691958
463815
355169
558056
357642
465550
458137
147790
312396
141822
145858
527575
300293
535287
131412
540297
508438
145375
146507
357479
294547
299417
542666
532267
549802
546898
538168
600299
524165
546459
515316
479054
222322
227748
235364
224369
223436
213997
218717
226942
220250
159555
226581
224112
224420
214676
208581
207090
200875
207311
243464
262847
486069
267388
251145
218187
174491
152673
513108
478828
198333
192969
310737
464671
204260
152222
145206
223534
141604
140144
160481
138555
401826
140881
350153
417099
347389
367695
130432
337548
400241
318411
314850
323391
338354
330248
309626
330218
325625
324426
251156
254215
256748
274709
310894
250023
242498
328312
237254
273989
258317
330675
256617
264332
253313
228380
269929
248619
288262
285763
278935
279741
257583
275741
290829
279068
253678
278185
335767
283605
206427
282794
286946
278798
277218
295765
303561
281127
298550
288711
287151
349959
291942
342941
371781
358430
334773
353985
137879
355786
357530
299538
137844
145671
254455
144768
145055
151551
138989
368679
282432
411068
361808
264504
282400
383209
394835
158103
161529
287422
383882
265661
163359
269626
278920
282008
273158
292546
289155
288328
359744
335227
324088
330266
278337
135073
328690
144565
181020
339099
136243
138127
337859
148397
184123
158525
155560
156740
149520
161034
148723
152997
156131
210484
164620
175639
250582
204469
218184
258016
273680
276438
277866
266989
270116
272939
275708
170663
137111
142682
222831
197245
200531
284673
197956
199093
157423
296439
213009
266302
215219
212615
212125
218493
214863
221855
218225
286202
310604
277403
262016
334956
324574
192752
142253
191964
241816
250740
143722
196778
203359
146132
147863
136483
170986
143847
151202
138936
144703
136671
153159
141350
147395
155393
144114
138805
145929
138424
147159
137593
145593
157924
27771279
25660806
23622613
21580699
19466652
17428970
15362677
13248014
11187993
9122188
7009675
4972421
2898224
780954
8895238
6842043
4723128
2666737
609058
4056317
1987915
1637211
1894286
1230664
752612
190500
146261
139222
143381
142854
143124
155003
143676
148887
144484
137087
145420
139084
144500
145388
138890
146937
146442
140515
134951
143835
144100
151324
150275
138996
148184
145329
145311
147001
143630
148717
149793
142791
156078
154682
141956
141676
138395
147471
139691
145869
140748
144707
143672
136678
137754
273386
233252
191322
245540
228621
219477
159554
215436
155333
183699
152042
157921
150819
144042
134999
185818
183513
176271
170509
193945
153145
164882
157383
141304
141048
163765
151079
152727
135610
177050
145610
142670
145647
148168
146823
140147
139109
139189
154983
129761
163851
151309
136232
141554
139651
139262
146303
146792
153629
151187
312780
253053
249027
313461
314562
241520
234730
295057
249051
139362
235313
231429
216710
170654
162825
157954
172901
161618
145421
162113
136502
147270
138990
183812
178044
220605
216610
230698
157100
163288
176742
163089
191855
167725
171440
139336
149958
170208
169024
181084
146000
169282
159365
156242
161016
146032
185513
174478
165527
183852
180370
179873
156502
151850
176608
169964
137104
159921
148010
163075
138824
148272
141277
143383
136899
149143
140167
137612
165892
145197
153762
150561
142462
145974
157506
146415
138750
160429
181832
168786
143599
156747
156644
161710
157418
145469
142426
196150
181950
175873
178983
189208
185215
167428
181028
150517
145120
168714
132696
144442
146248
147364
152370
133118
141041
141984
141493
151312
147111
152259
150160
139883
149591
141683
147496
144407
144082
140373
150081
145118
146367
134698
153523
131544
147552
155511
149451
174521
205356
192575
195650
139895
206676
144536
205162
186453
162039
148800
182962
149336
136602
153481
199102
259313
230425
192715
230183
269563
254832
241069
249053
229158
294828
276395
284815
271495
289238
297208
275981
265097
231838
248442
209283
184137
187654
192398
164693
167718
158802
160827
178912
164016
357716
223257
167436
152737
159452
159426
281610
143033
155275
179660
285272
171688
244531
240449
261748
231502
148566
170373
261776
238393
148008
156834
230271
163409
152233
233934
146214
158094
235646
243038
208095
217085
132616
231003
241391
258013
232926
239310
223200
219690
140446
223180
246499
247970
217075
142336
242282
251816
254279
182212
247319
251973
240429
237009
171069
215364
190638
138794
210888
236312
194447
200245
217518
263228
252076
252766
267467
204476
271926
229610
246294
222944
254223
215507
243862
234246
214542
267868
174653
259575
238974
242026
250359
221116
224352
215536
190853
251721
228866
224099
214719
231592
199672
194110
182769
222179
223005
209831
247383
224294
201032
219899
223051
211145
222429
211842
207929
154923
149232
138947
209610
231327
215803
225172
212915
225671
195865
183195
188430
201433
151633
224702
144440
194119
187881
138857
140221
143861
137821
167803
148175
143150
147521
200710
148079
209924
140140
147932
172390
231316
163398
170716
147342
160222
173178
171184
234753
176479
170517
237089
234089
180645
160647
183022
276632
177681
176945
209866
205279
242688
217616
203674
186530
150045
200976
124711
258636
125546
187619
149601
138384
226261
138356
172584
199528
147965
152392
158363
164409
221109
136105
194033
149393
152684
176254
185937
187180
237837
168432
174128
296216
242394
145210
146562
253882
332851
234968
156510
146903
201312
135828
142945
154915
18517080
16457109
14346507
12308631
10260071
8146961
6104384
4041879
1921547
7574380
5460943
3413539
1365162
6121761
4067061
1954300
6514832
4402902
2377154
325299
1815502
545344
1186295
206092
379547
335457
252543
145580
149099
147030
141406
144598
146587
136113
130048
165388
142956
141663
145245
142092
155228
144364
158395
163095
161375
159506
168642
164433
165723
165464
173662
168277
176269
178325
173830
191704
183610
175368
197427
191044
197106
179333
144843
182917
192444
182931
140368
135790
131045
149720
137849
154249
133141
143436
182783
138728
145638
147744
133371
150309
138784
149679
143468
147070
143277
143710
139037
179012
136439
144356
146193
145715
135004
142974
149276
146024
138884
145611
140713
144287
143089
144396
136992
149246
149899
173298
137660
147531
136533
150597
137311
153754
140680
137935
146792
142388
137880
154840
139546
202828
142976
230641
233458
224905
216217
175487
220957
215998
201367
191250
200091
177249
184475
137355
177244
173295
170599
175409
172066
153442
157505
142454
141551
153615
147652
168141
153180
155360
130460
144123
139214
146978
147461
150208
157639
155588
148510
166706
138729
146851
141383
153340
143242
140874
139506
130607
144540
155143
151687
139206
134559
146433
146179
153699
146935
157105
150330
147245
140649
140314
139439
146694
157906
146252
138106
156638
142608
143620
154936
142297
152814
151653
144331
134142
138944
148010
139378
193175
141871
198726
138422
139605
137427
212202
143894
169334
171411
206744
181462
185015
142692
151953
179726
184846
163326
161620
161156
132994
162918
139433
146219
147726
137787
186198
188430
145869
140451
205098
182453
183774
188256
155893
163995
153663
153671
174637
144999
161319
150593
147115
135486
136685
131885
132118
144728
152525
144569
154817
138978
139513
143872
154021
137944
127249
160247
148176
134716
136889
137044
139739
149860
141955
143433
225733
229102
148158
161927
209266
249843
241562
180595
177366
170465
258449
195888
266573
280926
174511
168175
1315142
306029
369691
316858
278937
382571
300042
387750
394211
257406
234004
245693
233524
239806
244967
236133
246978
175176
242203
159454
241925
243059
235850
301766
254820
235068
173761
266812
204416
183421
377861
207980
219830
311309
258096
369495
520443
520620
507427
701799
545036
419558
568658
375272
359724
272293
269537
478382
158141
137360
144244
181263
373232
201147
177487
403432
443374
352161
289814
288907
345535
300589
173057
250132
239454
231693
219396
217367
226199
258818
254550
242441
174393
179816
192535
169547
176251
143907
166721
166166
158986
172150
208629
170824
160361
224133
233120
179591
169546
190701
166908
172592
209734
185311
233238
223363
169649
146310
214685
217851
239696
178214
252813
227342
237316
247651
246007
247064
230918
255535
155288
276688
241299
249841
270012
262515
264519
269909
255760
203406
259711
234065
198512
206132
235469
230057
194465
200256
224284
195365
203077
149377
206375
193866
193742
201213
231827
202977
201968
222893
221325
220642
214279
209877
218927
228573
199641
228180
213686
225880
186256
213829
215925
214879
223653
212648
217498
209205
204171
207320
213716
217580
214882
197952
209238
213061
200417
219986
199404
208766
214294
215168
190990
193303
207108
212306
226427
199571
189196
221589
155781
196983
220496
194159
197314
206636
168453
155954
145228
153749
204699
213072
232599
190198
218603
232489
216315
152696
205401
158568
227512
155578
175620
219686
218042
167104
160869
223785
208904
191286
175077
203367
205212
221166
203120
224551
229734
22141726
20029713
17975743
15926768
13813603
11762344
9699118
7585047
5524063
3466290
1352168
9243354
7136086
5091889
3029320
916886
5721149
3608062
1576713
2810050
696235
831414
210788
962921
649685
436295
227424
193747
208267
200975
274290
220128
267701
206305
196537
279199
212036
288838
273148
275960
266775
262475
204913
224173
318844
320827
321682
213852
167945
215871
213640
215556
265439
354359
349011
324282
156948
196774
326154
277076
201570
341726
335781
329772
327119
313235
327198
308613
269251
356486
292633
351167
259804
288974
329116
352317
303520
274113
343356
395577
373697
259708
398699
378119
375750
397870
271821
507639
452821
429826
441262
317401
479263
199849
498528
274016
260116
151139
298247
490951
315872
418370
447132
556590
366510
423984
490668
380658
613475
386195
490969
588785
594453
339572
449245
654653
387551
525052
528748
519342
478566
521121
516008
408559
567759
458732
357968
665506
590709
573398
271133
327512
562941
583297
574955
334927
572833
462849
329630
515269
391232
566024
510145
380164
381285
455405
310933
641881
398071
244615
363873
756039
226568
288693
814112
804723
492481
379392
385568
376362
372384
388418
414586
392612
506848
341906
268277
315323
385767
369039
389746
378507
403977
376869
357465
351146
268776
481395
335916
165350
476506
540843
355003
328497
350259
334986
367830
355235
378118
368338
366813
497326
358174
480021
498531
213913
382932
214490
238328
320526
210521
363754
376687
411090
312318
583566
385528
266280
372963
361115
152109
290858
293663
316497
318378
389437
370392
318382
315849
302712
286305
317345
325025
325927
312864
428735
560922
530332
559301
433533
317187
520909
635846
451453
634993
331522
618700
329933
497159
166464
447272
499743
206038
266042
393522
582114
432956
280565
298350
307560
289950
277350
265878
173579
275488
302103
452745
279834
274615
274282
285681
499919
662289
207622
208932
492650
209279
522255
210406
290420
268033
430316
591270
205997
199116
288513
517002
217276
270682
468550
489090
524547
618642
645985
635356
385978
562329
222580
215929
382473
634280
400354
658152
130989
502485
327520
292344
167370
649535
150027
131000
454515
205259
760120
586078
158851
153766
160664
170878
547994
469647
540059
692749
536354
155682
635080
617134
618962
618569
635076
622766
750555
763682
630536
634131
623790
625983
163463
407151
305460
635665
768326
163081
215492
633462
474159
462423
463755
341547
299719
471171
442680
225274
248374
199152
142049
237789
212336
362210
330868
514117
285693
429185
451077
484565
515460
526384
463720
451093
351456
341735
465407
358482
371707
416566
368238
367847
416311
470734
530332
331992
474233
344543
352036
353674
449884
209077
316470
333647
322746
213059
149478
165793
343629
321798
317340
211031
321455
220416
322929
392973
349216
620829
438605
398011
459315
339681
442162
467598
410515
385513
460476
373163
358568
316878
316986
140686
163486
448636
318273
184051
418037
441418
384550
348828
648859
306562
235671
257160
269924
410083
291468
409648
310753
290335
134507
494606
164742
212205
297741
174143
319499
420361
618569
284622
290506
682049
174841
295170
236386
544493
541887
181685
281747
178376
533918
498243
188510
478546
491545
209964
215149
254742
172491
539199
187247
263571
245512
309805
204948
149497
507348
271438
259318
209995
161178
543286
183020
410925
164598
421683
208477
192900
214583
420320
168389
201468
506509
163052
192245
206090
235748
182995
237858
236789
221164
485617
177578
215963
223358
267527
450932
240081
173828
250737
174351
21433920
19384978
17287356
15242700
13191344
11076232
8996612
6924533
4808087
2735552
669377
11700091
9588913
7534817
5458326
3343565
1261297
5609708
3539321
1425795
2031930
845564
1302148
209962
153610
417751
151239
321892
159453
184418
433216
314983
180782
167179
167365
207193
147141
144779
223659
213132
227504
229774
240845
229723
231530
238390
247840
243615
239541
228052
229906
245375
232804
246934
261924
249227
257038
249922
255125
617607
174182
587208
212047
683542
271720
592360
626587
158295
197508
587465
150225
720488
672241
640993
207931
467567
486230
453407
632017
689867
280425
631859
173937
555839
164256
164272
394512
730240
391198
307115
697573
671191
217744
599093
363633
299788
257202
625385
171966
169847
184783
638457
173141
155787
171185
830667
174863
157143
203961
825010
146839
808031
155166
794257
800379
738020
156592
734250
164760
157117
935622
942061
197296
165223
902848
570355
556722
415498
405322
438911
407135
415040
734115
168534
388463
251506
315440
648593
773175
685731
695819
617248
680939
635558
617017
623224
404749
611459
483296
611283
617858
507966
354912
459307
653929
377057
410021
433467
389561
298637
578895
466844
468836
433016
391631
406148
391506
389859
315882
260832
291243
324817
309501
359768
425011
365576
317680
321388
295924
307323
528217
367875
308541
319401
300770
305183
254703
255343
250934
234685
330017
373621
237481
539963
278962
265650
351805
310781
279313
499202
140568
269100
148470
163286
331730
449013
338808
490643
398975
489275
311895
437414
453353
314802
433237
322738
328787
457135
485734
462841
478581
473677
182545
492108
448772
481339
478245
149743
500182
448477
489610
179065
383481
457726
409499
249723
399419
418551
422473
439990
394364
230632
419261
212464
401117
396326
421447
464815
281911
445868
453470
405315
229541
403448
406526
474179
302563
289909
236849
227373
238673
308674
228419
230532
212439
341520
288766
220265
364604
218414
224092
340690
217188
269222
335156
203561
278714
261887
172568
215788
206458
253070
224626
207332
209041
220616
209039
202738
202058
191987
228520
249217
201945
237252
206262
197896
195267
202981
179714
295207
297132
312090
308406
307326
288659
289610
213115
187181
182833
201790
196034
307501
300127
152878
166639
170525
169836
286310
297473
297600
188646
148216
143711
160767
167537
308879
280925
285737
283353
153959
300419
170451
344505
170378
402090
222512
235098
147765
151296
247384
417270
308758
387205
167057
420987
286790
424736
425617
390789
417554
432075
307164
308666
400040
403709
284392
334376
340785
469375
473482
463156
432698
159397
411080
313690
466421
468740
329364
354232
482326
460624
298956
279135
302030
429432
152231
362752
315736
310378
136114
527955
308620
548131
249651
286655
293007
483542
476551
245589
451582
648309
430901
264744
294769
229778
250438
290093
233601
154988
623010
595634
170659
184090
170798
184367
182067
308722
271439
189323
186305
630299
639410
484366
470304
604087
645098
594224
625448
627220
590663
327895
317758
660545
630141
625925
326074
626479
307744
644257
634375
639474
645759
630765
565798
562922
567822
176760
460366
576246
564628
211423
641670
267224
667727
241486
233348
217939
159599
155560
248680
628082
232604
244932
239853
241764
261100
610085
678087
586113
643425
240795
464325
627842
408887
190751
411115
305518
412271
139725
154639
308520
586989
579855
522383
575948
583755
510608
672424
662617
630903
657468
621002
168444
634953
178956
167394
181289
293138
511378
638120
596792
633990
507611
210781
292963
26053414
23937422
21917049
19860341
17744631
15696739
13639646
11524966
9466787
7403076
5288474
3231815
1164720
8896083
6783500
4744487
2691094
573660
2645630
566432
1453035
881535
1718042
269063
276305
751531
522832
461253
456211
423298
434288
307546
290760
332946
428495
299251
282072
306081
275762
276775
278014
267528
292460
352701
344779
265215
256726
343931
472805
227399
314081
448829
292929
458369
150866
287954
278211
287999
266378
320054
420354
383870
318522
333257
429905
434168
351001
388357
438590
378761
386387
374035
330716
303110
519950
315968
363273
260837
266985
223259
298317
360503
279518
354946
335967
368352
418749
245719
419207
339596
393148
580420
225614
217186
393917
532989
235580
525886
293152
672019
335416
353786
331182
409814
404582
408576
647419
402519
517511
413049
686651
673122
556704
524983
235263
424815
478649
143069
569488
779747
646977
501800
169664
176962
212155
167905
181361
188343
362910
315238
270035
357741
231569
600419
262079
478932
573629
192692
191867
417945
194969
206976
223133
198583
337657
481293
474350
564978
445428
649659
574497
589531
545895
442323
393353
244570
346379
454881
301883
309862
664008
239060
682438
242205
162855
394549
390650
604419
650541
580074
616472
312518
379551
463594
656529
452650
675289
367910
369448
395599
383766
453350
450166
692568
321417
407209
474362
316599
382860
392392
398516
403130
381368
586885
462832
378885
404682
364959
401001
377629
384497
599834
585980
392567
374670
377126
145036
461251
379160
452543
451235
406081
221501
639954
680619
407467
625686
626912
628884
151545
380036
368688
357895
513905
374362
362624
355275
579985
356958
366185
618396
379924
372800
547733
351694
378465
360214
394060
196279
402954
390221
413864
438001
388441
443057
442262
365956
432319
454912
365782
492176
436046
251793
531693
395897
299971
292194
323213
194741
167704
280063
311649
195928
330534
312218
322186
392174
377140
331235
281451
205742
300270
193484
163188
214332
452094
204670
416952
363315
329461
316961
319688
329157
295793
303421
462162
470633
408543
415977
342261
372264
395422
396824
400371
458597
462524
419619
483083
393840
394855
419110
245603
333940
317437
255923
313694
306385
240857
278330
334685
497641
356600
504672
228767
266034
231124
278924
282289
480785
337374
267656
198014
333413
380036
405436
272463
243791
132262
423848
168049
163475
164772
270681
236686
295074
435207
413599
409203
421290
409708
311557
386220
255045
374306
258260
352316
379080
363007
180071
355241
377260
377335
410095
370039
377752
390817
383218
363984
413176
417508
391671
387346
391557
323134
393451
407399
167154
401526
420019
421111
405725
419772
437220
199114
439979
332307
320102
357587
206492
362737
230960
238007
366793
143570
359400
313267
240476
222369
254299
241794
344749
235279
255053
305050
248473
253361
363287
381185
353789
364503
373231
214010
374969
385772
346357
197847
228868
365671
303100
143756
380369
197357
429036
174505
160463
376509
361887
384805
418355
144405
351424
174398
191445
205125
205509
136301
418426
439536
410789
231207
420348
135971
156292
166820
143743
413108
420464
434247
409331
423858
432767
398079
395951
152427
386305
384926
240203
493174
154205
145990
343009
346192
154118
567662
158879
467472
176166
159025
151418
166769
189223
173810
547574
533359
171736
492898
156050
550573
538798
187076
181089
525300
425239
552159
508067
281799
445542
518215
545501
547979
156056
435953
436686
451922
429812
424608
322053
526329
439880
451949
375600
356222
372021
473743
408901
459568
586714
24411152
22298444
20255003
18200464
16088146
14025706
11953190
9843482
7780872
5722110
3608195
1546648
8800555
6679436
4632208
2577169
460880
3060732
991206
4031188
1958761
2535458
422463
256215
382042
1111754
176013
387871
435363
391117
417520
411239
409971
467467
395526
380877
378224
376823
381947
390030
279866
271716
643629
267191
180267
283253
187324
516176
523714
404051
525593
188842
510691
590189
596634
566683
457188
452842
449751
173561
433635
269429
437509
465452
215078
446746
237609
357156
483638
203786
207730
185230
185651
201110
261707
645138
180013
243159
303132
289059
294652
353438
285798
414110
381313
486501
267819
318234
322699
363991
396745
291580
527683
486049
519117
254456
264778
256465
170820
429519
273317
217553
210730
218002
796805
720981
227076
380449
220478
742208
556665
799820
223491
759991
739994
719486
715171
709693
681026
663937
643309
610546
436384
487735
689372
703728
664600
512378
514717
662474
513822
255936
349100
334895
703741
325223
304714
297566
287359
186755
652132
291096
590572
242524
388631
410204
381313
687674
416639
694684
653306
362843
666063
670559
302177
293901
311288
584927
302578
297498
391028
444075
635779
650783
620198
456373
338459
287706
227557
284485
524497
678884
389229
385818
599355
611939
599728
598091
605143
604760
621511
603172
1253648
329412
332142
174037
157948
169106
168730
182987
155312
191413
174364
166194
165544
164620
159821
172668
168215
157350
192953
212737
205387
256199
268062
259417
269719
254337
251231
261521
293447
263236
263217
276101
234019
277046
322537
301148
289183
279427
203103
178444
288829
129961
174440
173584
361448
357395
223972
421565
398087
416355
398324
438884
347591
162077
415770
458228
278812
421754
262277
254196
275611
274852
195106
212102
260828
230269
234805
232292
141205
213881
177487
140070
259516
172652
144286
159089
144945
142467
210787
182644
173732
307381
174187
167891
176379
183178
250510
180070
160443
170160
175255
170211
176833
169566
259037
177199
248180
185320
167975
223651
247517
253706
236817
243667
238606
236368
152834
174203
143668
166053
195608
237152
155375
137771
144843
194177
196867
138352
214201
136028
206460
194707
203051
214247
142253
175490
203661
196589
145792
137196
149047
172069
214455
125516
155705
140426
141347
152749
153946
159707
153831
157057
159869
167679
158190
167266
159778
171061
199362
162136
195201
167123
163678
151900
171511
164022
161883
155748
159593
278134
163842
136534
189339
277300
260570
280283
236369
286896
408411
257550
398694
290591
142137
248833
186738
274307
386656
351050
142113
146747
141544
410013
195732
405966
386985
398473
410448
426989
166526
232195
185311
166700
248852
329197
331920
164403
350990
295627
333628
318214
218089
208289
247448
316499
400874
211645
354862
363453
374650
266724
388616
419896
397809
149907
396238
410635
339155
272667
268124
414341
440075
401027
402919
380330
393728
417723
376665
427880
292503
405793
338049
392148
357228
337449
167803
174558
197023
356241
407319
413350
205262
401997
328761
359386
397397
171720
413601
185770
356166
398958
417439
178617
185481
182045
171613
185244
189896
187082
445181
398318
306951
199137
190290
404129
169762
384372
192616
397751
159968
170464
232678
412992
243922
230643
494378
234691
438150
235562
461114
462743
468192
232897
510830
231006
304878
437815
235966
258668
270155
264738
442192
574852
533034
238748
546522
586170
253179
360418
363868
348901
543630
146731
139616
538984
431797
378623
601129
423213
522191
535594
405323
446068
549937
169654
21115065
19002629
16968862
14913385
12801070
10757804
8703419
6586783
4547753
2482380
14801366
12696360
10648218
8582975
6468994
4385101
2310004
4693238
2582170
554477
1405292
936631
249000
689385
834816
365728
649151
661077
355781
358934
608303
738163
325929
513869
594706
355887
362408
656812
602522
145113
332341
458484
708592
450087
460755
458365
737248
740317
201325
463586
516045
710878
151883
713014
405344
204162
141755
422466
249454
214710
235709
247389
215980
591829
396869
427012
674317
223629
445046
423814
428804
528395
473000
399647
418500
697345
674205
698763
675448
480204
485988
710114
563474
417860
546499
427832
322262
460585
522448
500582
418707
628326
135511
153860
149910
151703
159817
147421
155326
693301
158635
498209
163694
315549
337020
803372
316681
503863
324730
147968
183309
324868
550402
788526
760648
553119
807650
408045
504913
511327
606779
721386
638417
266131
658393
271455
645484
641181
628503
618893
692039
609236
144988
609945
741218
627514
681674
687493
144826
465578
577959
594167
462068
531021
556216
441432
500266
487722
483604
570341
470067
576813
572866
550716
566239
536266
553806
553157
567925
572678
175733
520261
578502
212845
147924
137042
717470
571196
701506
612082
177073
149344
147491
318292
176067
253690
265991
679189
512342
359172
716020
437722
471013
390935
455934
188040
503027
381264
630330
171635
342260
468927
657758
631590
697589
412443
232504
484781
241554
652179
205060
651360
579983
351431
300002
570476
289016
379905
478160
192005
188030
447900
197282
150129
294544
265350
310234
304700
174031
199743
226972
668152
301094
305034
308381
195888
158426
301090
572954
286410
283470
543572
270908
285871
625427
283391
297093
307214
571093
303148
149871
474199
285922
209759
490619
302576
488746
516421
493910
478804
192491
520658
483863
471321
492180
207097
143820
464306
206195
512912
210950
522407
277274
255564
283766
207820
199093
259807
190566
208388
278893
246420
213690
186069
186390
199331
207658
202550
214050
209517
214793
476476
194177
199518
219812
199642
186916
425949
207006
244099
189070
185913
204517
187621
319428
199608
187105
203225
190283
185820
178646
197230
195533
227023
279763
269913
261475
180293
229672
274158
273158
251793
194431
219312
259239
177710
203780
164042
428330
183920
274453
190797
188667
221547
192043
162077
219140
292949
163181
165430
158832
156002
153300
178672
159468
154520
297009
166450
154594
143301
221124
154328
194117
183790
167288
163684
211412
179475
268033
167715
157493
156813
154879
171919
298098
267512
134716
167679
151275
154737
159660
177584
153206
195095
157697
190165
189034
157292
196514
323915
157267
168441
187453
169408
266730
164689
142104
165830
269943
170225
172384
142987
159616
141327
158078
151897
137411
160629
261088
277017
289119
253786
163059
160740
166789
155163
436615
179322
321102
323904
152121
325824
180702
334573
143782
158774
327335
382527
158336
159814
207771
329782
337254
344274
333186
236019
218214
455219
314964
170255
195937
197620
415372
186017
177449
444997
247719
450934
296810
164870
316056
450456
415523
424637
173738
414885
247709
242036
178627
164492
233736
176967
175154
206825
161180
175518
280876
189803
154929
170872
141235
131317
139295
150820
186945
160392
171157
165842
183216
165778
217458
221003
246258
192660
148650
186126
243737
252554
247000
229346
300252
265628
462580
210974
259736
568213
138072
571859
143892
140206
532646
496130
507463
212763
345686
500021
314080
257498
226702
211362
358511
650826
235405
319855
640768
27869682
25756485
23724152
21669570
19556322
17504862
15445838
13330302
11294154
9230562
7113622
5066307
3004225
890438
10509773
8456200
6338811
4286107
2218445
2221693
2640311
527146
2162752
1809867
708312
776969
524794
156390
156154
161559
162221
217713
698008
142848
150307
179366
153566
627315
696014
470673
169367
481073
150530
508055
582921
512125
517163
473837
432290
492020
488411
365638
354744
581198
346850
381548
427523
557511
511810
649981
423832
653781
482736
267484
511507
520208
453217
483388
235893
335822
358291
350864
647020
681537
379730
250596
639951
583196
668801
677480
286348
560815
535327
534478
539802
553607
549758
523444
398822
554538
551843
638837
578786
539579
582237
413702
498720
335914
396605
388796
396667
566732
411984
639381
363081
466058
563207
504494
328390
569063
573006
377302
324601
146024
199238
336262
462559
393127
715573
264506
251751
693372
660016
704091
315025
253226
670081
706273
645386
705513
701461
678972
706143
659575
720265
638762
240252
262496
640102
621404
626643
697129
756573
688617
693890
740112
335051
569435
160050
359276
686413
335021
382533
352302
265467
343386
700049
698583
785493
620542
323241
659689
678891
666813
662979
716848
693536
697117
475242
685479
701009
696564
704812
700705
673306
509610
466579
683911
648756
655076
678456
666067
694878
483859
636131
241294
222338
658797
501768
667855
661793
459965
280227
455632
571179
390166
444101
423801
412772
455757
444256
208636
430491
413896
371344
429945
594639
370046
366376
359645
336236
358549
369792
371574
399623
344272
136572
404297
373029
367240
388948
497293
348034
377167
281475
354409
658908
629136
297845
649959
223357
668188
641639
606367
581181
660191
659317
223335
635672
566145
288931
578656
606481
399313
597868
604440
383937
588106
598740
510978
584486
212023
223586
475153
515179
471388
606789
636407
643923
470779
576323
470511
489625
497955
491167
478884
638406
571700
588344
442965
621047
667515
647039
585137
421967
665559
303140
477247
465626
476261
709364
509080
690818
670248
661830
592543
174410
151870
159373
145610
181803
612300
478077
719069
691418
719686
401666
201720
523900
655974
185301
166911
479910
530725
502675
683106
614441
257343
494864
511919
605296
435605
469712
223689
431286
233009
277922
290896
150879
207155
191838
170187
166744
205769
196503
211539
195824
206368
304174
307879
337362
292100
307648
343297
463751
519311
205764
154982
221567
216678
235379
237825
232743
484052
238827
505128
490061
186973
266590
313213
564679
496347
425301
353629
340317
224166
207157
168616
539142
537544
521998
504531
367167
408371
366228
170917
505891
375177
503135
509630
519801
494865
332938
518017
513796
360041
174587
449095
404659
158771
351008
415417
256054
211640
156319
284774
160610
160993
438569
579014
222616
280183
516619
507560
448077
269813
487415
497106
491903
496397
250793
498560
507751
495527
147469
523283
147593
495020
151921
240956
512463
155032
177191
545162
171536
237399
439350
527943
195510
178728
181482
247633
186085
197708
205272
236313
283841
258331
315446
243199
495748
180037
237338
382897
244849
339853
346615
249786
204079
392046
383694
289801
298497
486228
292487
435907
437197
453554
293987
445435
439717
472966
335028
294689
290340
303641
318887
332879
327541
321676
340397
272707
268649
259286
380061
254802
140892
475679
158311
161504
271095
494003
152728
283095
187506
272709
169786
281924
181277
178390
157389
337179
157167
153245
162664
333938
154353
325920
483008
346729
155655
211243
211786
433360
229725
160584
27274672
25227573
23116388
21052478
18982883
16868686
14790608
12713849
10595496
8520690
6451614
4337111
2265477
9964945
7853201
5785682
3707633
1593869
3640494
1568602
1859041
1420919
301753
507598
404186
176049
138734
412162
408545
400757
628392
631904
416740
621077
655457
301181
238039
704175
521338
371159
635926
599332
615967
622657
663037
600417
616016
525375
385625
677456
220519
281684
663296
279964
193364
404510
369040
222486
618163
613747
622417
204764
191996
325366
896786
311604
304803
262404
246148
576776
285238
413290
242957
337338
243364
221170
201150
230671
214518
212615
552851
211201
315907
319606
204699
196331
562368
327007
196867
220234
210542
197841
218015
238088
262265
261178
531581
545032
552198
577803
495334
486902
231924
243094
406279
555002
506071
562141
565490
462910
453889
265218
272873
266207
272329
352354
286143
343379
268174
243558
353191
269107
284143
248796
183745
243011
185458
174126
160996
607428
594144
230120
587531
583849
561029
551455
178063
443734
534343
343260
202072
333395
267837
319781
269102
162088
183284
472966
456916
369794
246929
477986
353518
219488
243203
225061
280098
276301
278934
277530
191189
249833
179349
436304
167895
401388
452631
385880
391076
351862
368189
156430
293853
168801
443112
399518
377577
360333
295707
346237
370907
366419
363838
397427
374736
359332
212867
323811
372990
383076
372813
290620
369547
376055
341673
219584
282262
286674
295698
299931
181045
275702
278664
342771
268013
336212
337389
201641
258227
179933
177561
167361
177093
232887
301080
306932
275968
318375
292323
234334
165338
282852
274982
259599
260198
253092
265872
176893
176451
165590
177136
171319
181881
160758
265731
176386
173436
275836
275982
269216
301140
293001
269056
167973
216372
170324
188047
308657
289118
330591
202943
264435
331897
262957
194680
196652
246732
253585
294932
255314
253171
249428
190996
272332
325305
336463
270881
272801
240900
357764
316627
177588
276636
250490
207683
389868
263524
386180
136632
385827
194483
192835
403538
219589
389628
389794
324551
395686
410218
322922
322275
410430
143454
359286
351021
330503
295588
319435
389969
434331
394695
144022
389890
403709
393486
349417
268603
338647
352586
345457
263366
294580
279517
342489
338876
338943
284944
288278
261720
252124
245887
406182
262364
391317
182862
409975
396376
366791
385608
391674
487315
534040
401758
386015
365876
371150
385910
407052
382615
384575
298837
307009
320464
468120
529194
353421
352706
360038
307144
541930
526727
548441
148951
498616
486563
514711
506259
492599
141977
543593
548542
553347
511371
548050
523621
209255
209923
224780
230393
342720
207289
214541
201853
207205
206278
207535
215477
133448
561165
200989
188261
180534
182327
196383
175410
190620
199774
175307
173893
192857
523658
532594
427403
532287
547004
520958
544730
529803
547175
547413
198155
546298
551285
512723
547964
521360
545624
561298
213563
407059
541947
555652
542022
196410
286491
509746
276291
281329
182442
556346
179564
515352
520242
286709
274213
535942
557886
237301
535142
531365
536557
545812
276248
214645
476380
165682
280675
260594
257951
477674
195673
249337
205995
262991
230186
210195
209330
266446
198681
200528
208881
205895
139129
216566
214621
197778
197845
195092
187846
191031
527603
205897
201930
189585
333859
392750
189276
385108
511826
388469
368441
489319
360958
387190
376634
369496
298132
376420
585115
367891
381870
589152
596855
603834
576091
587729
576679
570693
579229
581459
594137
591731
589146
569517
661103
636264
20640241
18529265
16498494
14455732
12344095
10293180
8243479
6130790
4087235
2022313
15242511
13189366
11074995
9018138
6952756
4838593
2785633
733969
6154214
4095242
1982702
3278456
1214022
1251521
142381
1043155
256106
639516
628548
175633
334421
623906
339347
432398
227564
614981
542649
417770
440558
158651
213293
293723
182823
226329
336373
225171
417666
268159
346219
340851
161431
214283
782233
330324
224297
349883
262298
218810
143217
394505
334211
185743
236672
815851
525831
578254
533151
175434
609190
442546
741150
154703
312646
151931
474812
570235
164199
485186
698399
707304
670719
561297
632819
654280
405279
590908
550826
537223
690917
514858
546161
243989
451161
308216
347786
213483
239490
434905
427657
348247
458989
501408
465569
452522
451179
450241
358947
482246
429250
438080
495064
536136
249590
487717
180251
459062
691663
470395
700968
458410
460177
437611
479205
475033
669439
491234
691269
690050
487830
350946
357572
206649
665534
482551
374544
587891
393849
555050
224460
741018
249190
572439
182554
763800
488445
295761
263993
476267
547386
540390
272014
315567
570633
333687
561246
551206
636984
252561
659829
187400
450312
208038
169244
198903
193134
154514
481158
332754
176506
421510
347245
396080
343900
471844
422722
383346
712340
684008
686402
252925
410068
353334
347721
403668
335637
353574
332885
353258
306411
385356
402038
389581
381937
482066
485189
418764
483602
394236
695822
398560
654030
623068
460230
374993
160174
214002
346333
211468
242723
228789
609103
448378
496469
349489
267417
322081
439690
479679
334190
396925
384169
390617
363399
561872
561261
568838
361755
399297
388643
457043
364871
453206
390116
407463
434377
371723
367386
383426
325769
169333
485466
557074
551345
563621
550896
579410
575320
553293
335527
544781
562502
550259
549657
476196
427717
294185
367284
426893
422755
573507
568154
604900
154381
426932
593054
592492
579583
239822
580115
603512
614514
156890
584638
621300
642614
484752
487891
606669
152606
151980
309049
609603
170707
329476
618535
300754
142041
625650
363469
272602
293706
514354
269293
568260
153901
157268
150096
146643
146225
272607
174447
151681
151992
191796
571173
556767
186665
583755
581897
259309
199727
200298
261204
210119
141969
139739
225422
192200
164608
237788
199984
192042
231409
243737
300447
260526
277010
270255
272503
280638
230345
226990
216062
331755
288310
280633
279167
224077
230046
285408
229481
292971
182615
190419
325846
233413
276948
138847
369760
175854
251522
342908
186653
178207
208902
205082
329208
193907
207878
412710
220617
203315
424756
355255
387868
216338
217331
231790
426961
227066
218885
264593
275049
262841
267357
281042
137066
282161
145150
278773
144614
143181
296754
188419
153947
143037
198962
195894
194535
209289
193744
199768
207579
220917
199565
205089
200071
197058
172826
170823
172835
177928
190678
183310
182677
186990
189005
155971
194609
198647
166420
208035
167496
161620
194321
151057
156984
155521
168343
164862
195842
154049
160421
153839
161696
169736
173808
173697
168778
175148
175815
169425
175305
171563
194557
237011
144841
183451
179622
191229
183931
184904
180606
246455
241913
231303
242179
235019
232534
232258
245526
218457
182514
237175
188970
236248
189909
236637
190617
185318
238829
237551
185009
141700
188641
195378
141112
146881
198780
164564
192605
201511
200385
197615
212645
193343
253603
251319
203407
241501
248533
156406
246401
232289
154048
261359
217169
253641
259877
263985
252251
254734
264680
272717
268466
262279
266132
28543236
26487540
24375081
22334547
20269282
18207926
16089229
14033043
11986395
9872383
7810469
5753470
3638426
1590829
4054219
1941627
8459549
6397216
4284335
2241956
1713919
2919289
802217
460081
1060816
471401
305972
202907
196362
215554
225484
265510
265637
265878
223277
266767
262833
311450
311804
358519
299727
348054
356067
354748
354036
310798
368408
369355
357422
296037
319361
359143
271525
367937
335106
344109
307726
305938
309493
220422
285238
284450
275607
296913
286246
316545
319777
271080
297527
218602
303698
281476
280138
278710
272651
199625
194480
147506
282336
154778
275195
254608
153493
150014
271556
261961
292018
249920
295642
239409
233058
238880
149167
143187
130970
136414
210174
205711
158875
168613
160855
149064
141047
144750
145641
222878
181809
126771
151145
149593
159178
167196
140009
159032
157830
149741
143526
163518
149993
167565
144873
164249
145770
143211
143121
153791
150561
151585
149683
147747
149434
140853
143989
139555
146639
143726
147789
141958
133398
132445
154055
149734
155730
158017
142502
138571
149942
146291
140816
148281
150823
150402
325423
145453
317282
311049
276176
276839
164118
170274
318019
146111
144831
292042
141483
294159
270060
140705
220855
219369
225977
155422
138404
216295
207130
148383
127253
139490
143782
139729
149881
144215
141786
144329
136037
148996
136678
142939
146219
150846
143681
144219
169771
156027
138618
141228
141001
149736
135745
280006
205408
312830
305787
286830
302430
291252
239683
182344
194858
164706
226904
225304
172621
155724
179337
138054
161659
146543
148853
141884
158590
150954
155331
144420
175574
136947
149575
151408
146373
144346
143489
145665
146789
145085
146193
132830
140996
157726
142670
145934
151361
176845
148859
146119
144644
149484
159481
136346
147398
140115
143824
151117
143757
155263
146849
148807
147366
147468
154494
152450
147525
153287
135593
139655
140805
144833
152313
154095
152450
144105
137463
138407
143512
156880
143892
151518
141162
152813
161677
142646
155296
142433
151115
174874
139945
144117
146839
149504
140918
143221
144394
142945
172298
149659
149059
156759
148826
144538
143794
144436
150316
156072
140400
147371
145182
147994
144560
139631
143169
201463
156361
189056
187107
198846
208737
200891
179892
179333
157234
162499
166980
150387
147907
136332
141473
135157
131880
148149
159640
136291
133613
145952
143554
136677
149336
146197
141376
134114
132583
139181
147097
147713
171361
165814
145619
144642
140784
158589
151701
152656
148363
141203
152830
132698
141800
142405
144115
151692
129266
163295
177900
141937
137770
139876
135349
134306
144279
162475
151110
144426
135043
144013
138830
139280
139458
140167
141304
154304
140104
136403
142842
151609
146064
149668
136130
156714
132205
149986
137408
142380
140838
133964
167021
158474
169481
342334
234028
150627
160848
156748
165151
194578
176357
195672
188085
174631
155976
158581
164574
186424
179452
202416
186911
179621
202600
202985
203974
140744
210954
146271
199910
146103
150145
149681
194100
199340
153104
204227
147136
152350
144938
147894
147411
148849
150746
183295
161876
144669
148485
150744
143789
155002
157902
147416
153842
153341
137111
148255
147430
152394
145873
158554
166128
166555
164163
163523
171258
166410
185323
164804
180813
185847
175333
187673
196182
180066
135252
145519
144343
207676
194179
138508
151246
140570
144808
137481
144597
144417
146107
142966
143965
129719
148784
149863
139808
149079
148828
143635
134732
143425
140345
137066
144078
150132
143461
144764
150740
26836774
24722162
22677477
20627084
18513941
16471444
14418625
12303049
10245217
8182465
6067761
4005096
1936209
12398667
10278516
8248400
6199185
4089475
2038401
5336741
3304911
1188426
1875947
1587492
862984
566020
216740
193212
146339
139475
145643
144572
143973
142034
141756
131199
144148
141083
151944
142183
138160
153253
146539
137553
148832
142760
151974
146046
141475
146579
141943
144281
149587
152110
146873
145307
171266
141906
152940
145843
151792
148586
133547
147451
144491
149017
152904
143296
135982
146380
144208
138981
139708
150863
139535
140279
148122
137273
150630
137742
140685
142833
148283
146422
146842
140322
143493
152939
154608
154560
143070
155791
142790
155072
141151
154457
190777
231536
282084
268786
220152
216913
213471
200800
193130
164652
198263
194461
187365
174911
167893
173421
161028
162398
160889
170909
152440
144047
137519
130502
170139
139511
144325
147685
152257
191826
142994
201083
186939
195514
211563
193872
181149
173304
164360
156724
158587
162114
157050
188445
162719
148458
163088
131093
150316
137476
138863
168601
136111
138073
144981
141550
154460
149878
146279
139729
131900
147651
139206
143355
146851
149570
136927
142154
146567
139143
139120
151416
151120
143940
143795
130198
146116
149120
282092
146570
141882
141511
152036
258960
301201
135612
302942
271669
236688
227458
226950
166486
217206
222080
199379
195154
194234
182577
180619
176716
173108
172628
161134
161978
161187
144346
159541
138537
187397
163220
187991
165983
170929
166252
157721
162149
148752
153951
143162
144007
162093
162218
161069
151870
156180
150366
157729
165552
165525
154711
157853
146099
157466
179314
165529
170354
139753
155089
154101
162289
169419
161185
168004
150246
150689
140075
134063
176190
145480
135538
154568
159648
149647
145677
142677
143648
165172
149421
143602
165428
147116
144441
159225
162125
151097
142053
154472
144602
158893
136675
143317
162036
162378
160001
146923
162629
139302
139209
132234
153554
143771
139211
142020
150109
143597
147575
138532
135892
145816
143130
158933
157978
141031
141232
148426
139645
149526
176084
141689
146046
138013
145785
149028
146425
154831
149082
137776
150647
138965
145835
141320
149724
152792
136451
156554
151465
138911
147545
148461
140450
136484
153958
139053
139674
140078
160482
140794
137775
143282
152838
139826
151861
139393
143278
148106
137109
143840
141101
136375
140841
148804
167031
139562
139599
146221
137967
149132
141818
146639
137415
146306
140500
146150
152621
153414
146936
138611
148400
137079
141441
142896
146793
136851
155069
146256
140202
141269
196847
196209
184676
187270
217430
179792
167703
198969
163623
162949
150308
158124
142110
155858
144235
149974
146916
148954
137024
140685
140158
143113
137501
149641
137800
149881
142084
176533
141885
152170
142631
145996
144357
143376
148124
144515
137012
138508
141295
133724
146418
153923
138831
148821
138742
147546
137904
146037
135387
149203
146434
144142
135533
134920
147397
172515
171049
150006
149236
143136
136304
134268
145869
136884
148194
154623
139300
152258
141706
153400
150789
151671
159009
151873
140177
158648
140702
136063
139480
141298
148438
152529
154985
137390
140845
137563
137488
136153
146110
173660
141061
144595
142503
141410
150590
138875
146147
159957
157955
148283
136807
137562
151023
147683
152326
146109
140380
153554
137523
135040
146829
135987
148896
143488
155021
132384
134115
134721
147307
138806
148085
136804
146794
136868
167353
137319
146916
146499
156167
149516
141659
149047
147009
17787300
16575267
14511095
12396892
10360026
8302457
6186084
4141653
2080240
9706023
7656655
5544050
3482293
1410113
6153693
4083214
1970845
5535008
3475977
1364166
2018792
1387759
1741030
779268
730337
287246
145680
155073
144270
140263
145408
139191
143217
146498
136544
130070
150444
127343
135503
148455
133332
137599
146781
138622
137363
155021
143868
129236
143829
202575
197573
199439
129197
130191
197274
144170
141245
139656
141065
178893
140677
176959
171607
166753
170488
178412
171286
183934
179789
183031
181940
165108
169616
171835
158589
176474
146965
132808
149738
132656
141816
144171
145004
133274
142190
161985
145728
149679
159581
136999
144617
157329
267892
130177
129569
185228
141076
244299
131483
142605
157888
150529
321736
136589
213422
135160
314868
142148
147003
151359
150043
148428
144916
131131
267168
301922
347767
261240
328255
291422
298738
135207
315173
134068
297267
267840
149707
148045
220440
129836
286715
259908
266938
202762
197079
276686
282807
252463
258416
262173
269639
267022
267936
274101
488861
271918
494473
502979
523258
507077
492225
500565
152163
136639
142207
564919
579296
572630
149278
168081
241345
172631
153053
227604
167440
158707
140229
583775
306118
233290
203642
269271
199952
235562
138009
192187
154544
534550
367434
405654
200330
343289
344940
344281
208349
554885
528254
525820
280889
267471
244020
343371
163440
168396
389894
329534
228384
175608
167798
516378
169518
514492
549676
578861
363206
354365
235454
360692
194106
168656
174295
351038
168652
148626
132625
497591
269470
489082
484513
157484
150430
281943
600307
138513
137569
254231
142379
152945
129232
238995
523986
639138
465814
518452
154306
155466
633650
511030
637218
279489
206092
134861
187498
141011
239011
191210
559312
294273
453929
299064
569569
580969
564295
539393
226360
274853
503526
155243
169156
243136
188028
206165
168207
163583
132161
254546
448150
147686
281127
271600
146701
151519
450190
384385
273160
335936
371753
347336
328015
309294
330582
347346
323988
274547
250236
283359
163156
473600
452780
268036
266221
285617
279473
310749
293412
265967
267774
197508
192422
210324
216600
204391
222703
203718
193843
197630
193592
201597
196636
200113
222770
315073
322720
315872
310409
251712
242626
331561
394458
386677
330884
336979
279203
547434
166276
165591
149804
190186
203093
147081
151924
211929
209012
186369
151666
412743
373715
154726
213958
156913
285834
471850
228615
230222
233180
244361
245709
231736
287986
361491
290888
282016
383935
157076
136478
133753
146741
305829
151548
145501
137245
180176
140464
173450
165493
139851
176251
175896
148079
176967
172915
171430
159549
181458
209605
214076
167857
204562
202202
234132
156830
229075
198594
252235
254183
256736
276221
272118
203320
261470
265424
264792
273588
292419
264776
131694
274950
278014
136656
284593
280934
151263
147000
161859
149003
187206
185592
191883
196927
214894
208045
228043
219895
224753
221207
147470
192351
