2496048710
191761
187693
171568
176115
189391
198011
268694
277429
200888
211881
226838
229711
218944
218038
183453
233462
188212
193243
204832
187567
238886
220447
196361
200551
232864
218157
263814
249920
202480
243863
203987
253049
246526
249640
251628
254197
185402
306079
176211
260220
207722
207579
189186
277272
289048
260539
219010
264292
280151
209751
207095
272595
194151
202849
175545
183939
178864
173680
188868
281599
239032
235841
220468
233664
233458
183604
164482
183855
253059
273085
269987
203778
186208
247399
252367
303868
209238
213924
213641
270840
215306
219991
193166
244041
234030
262686
250908
230720
200297
211350
178460
172577
221651
200879
213833
171987
182360
202289
182626
217665
231139
201424
189397
180300
218487
214201
243963
244221
214317
214269
180715
222900
241436
279185
231866
219677
181613
217910
208851
205871
257433
256393
272720
255228
225874
263471
277838
253358
238834
311665
264210
258507
271587
303213
327210
208600
210469
250609
304093
199743
269860
252734
293699
244590
258709
306424
271428
357686
295429
282147
266183
198663
248253
259113
244262
273634
270474
272534
273063
213228
233031
310031
404197
232991
244005
236036
204620
188808
447325
438840
444109
451216
434508
406443
185734
201361
494197
434348
506690
216822
257580
435791
177116
410190
411391
428261
414691
199854
178356
392196
433634
450987
465551
200195
245226
269705
214022
462256
435495
185196
350005
418383
277134
239495
175931
252790
249738
335027
416571
384872
206603
287775
269653
249163
258937
23343284
21229397
19181787
17136816
15024489
12985149
10985824
8858493
6810139
4756687
2643543
6723122
4610750
2568456
501265
3453580
1396722
845249
251145
383354
389042
193692
195171
462302
403760
214802
207027
468275
184790
468852
467170
460065
484706
471259
283440
309963
265489
231943
187480
178339
499466
470540
197992
181268
485311
321599
212585
308279
264779
306280
360579
264234
459220
380039
362395
335617
372614
231392
344044
331047
365293
343530
358089
351136
341174
356509
347172
355601
321705
380490
380310
406283
359948
362644
379926
380854
392629
378014
409251
383260
191833
448579
453908
447458
234495
445744
460905
502206
464571
425909
452307
306916
406760
474512
456296
351038
373191
291865
396017
444935
412440
418484
348685
408500
409575
353319
369781
445822
421274
423969
322105
348132
388540
381272
319697
349472
325007
304233
352329
248848
248673
383137
211480
262516
246984
396787
328217
281877
302902
339224
422281
336306
269526
205329
281039
245996
285121
275339
359671
299759
214095
316721
324474
264055
315513
235009
228758
352726
341690
360606
362637
345500
281380
298414
302356
280374
327180
307964
277364
346581
249043
318015
251081
246339
257629
249789
222428
393683
265291
300439
293298
346189
276023
250178
301242
265230
301977
250515
298533
301284
271766
363671
369357
343934
240400
325826
198783
308630
195102
211062
250733
256551
321491
283262
211758
267192
251992
181501
371976
354485
369314
205808
344319
397641
367304
300785
257052
201933
324008
216107
239333
294316
270316
321266
296164
276799
243186
194458
346022
201926
291309
338492
201465
339236
272267
192876
239849
251321
366959
188719
247099
270658
229424
217451
342023
237886
185068
254430
239376
290552
389631
208219
211542
296050
283889
332513
297505
351825
228636
348550
288978
344798
280551
306721
356135
276265
317744
245682
309290
282328
331406
340194
335121
211323
282928
302103
182832
322791
215614
256004
372677
388387
220170
298734
215635
299221
370308
180564
183836
261426
286389
349863
387372
369003
364600
279701
341756
346355
348616
383744
230656
323663
392259
271704
250375
380924
287564
252071
362857
240276
375057
231817
378758
259772
216747
367232
282940
407017
346963
254597
244530
297420
237244
260181
243003
407071
246141
372704
403746
242283
260951
359545
243862
294553
345503
372890
290842
187035
230582
226854
398323
229611
228584
345088
375465
197506
313520
213028
262032
256811
213100
393219
305493
307752
310437
235647
208733
317124
252989
375524
262550
253029
282318
272509
355140
215694
223717
294034
289885
236427
206496
244252
174957
344146
375671
291092
344185
232374
304111
326032
339499
357505
284949
326174
293164
321813
210924
269032
225270
271996
263056
185841
278192
273806
270740
311913
238255
260497
319338
245046
316396
251605
231374
184002
241514
226209
214669
181194
189345
179654
180952
286915
227984
202459
182110
223619
205306
186823
194633
217538
178620
181450
192287
187864
227167
226816
187810
205459
184960
191484
200791
276931
195243
183354
235161
236302
182704
185169
245473
253636
282557
227545
259567
182210
179153
265284
208659
233591
259091
185845
230035
187371
198129
250640
191032
185353
275830
181062
197634
182625
191719
248879
194938
180399
188933
183143
176739
272026
188829
179492
205102
182121
190904
248931
245829
247642
200471
232932
252266
228295
277163
204472
180794
176986
191057
235783
274344
187820
250951
278208
232306
210716
221927
284871
343072
20133161
18020890
15973428
13909493
11794196
9719141
7641698
5527757
3444244
1378650
9433844
7319646
5275480
3202201
1090877
3418028
1346871
383056
460964
378715
181847
315570
353837
337529
200798
189226
212202
179084
338366
283534
273944
180292
184047
363621
326119
335282
384579
320985
333976
265784
330416
299792
296128
330916
380669
258350
300561
337632
333737
290919
330930
356692
320769
342566
285332
327594
323219
337635
198169
286366
296977
267416
335423
323772
309541
243562
292376
308007
292454
186721
370536
385165
286666
361204
299873
427261
324797
289470
327125
341665
318358
321082
301949
427744
299301
305222
346500
336758
409288
280569
273191
190483
280041
323528
367546
322824
429819
242926
408074
309805
353814
305607
290882
302021
396750
358901
374970
378788
295448
419737
430103
358484
276498
264994
411534
475062
430369
498931
470176
494545
482895
477818
478087
348447
303438
470419
455310
438680
438639
405091
492324
415635
460186
493453
229535
494808
451249
514084
525660
182350
445864
484125
224822
487359
427270
493718
230126
524334
493855
201690
431006
276495
529671
456219
204341
232644
416596
418404
201763
175416
556054
519191
485445
533645
182796
512657
351852
203328
522868
193129
195988
233680
337903
593690
592626
183783
516233
607289
523236
494279
505442
183644
514246
523186
215784
501288
487510
215066
489463
514433
236507
371606
539536
219750
555941
320712
495318
218128
409455
230403
271155
289092
297172
489412
455275
382286
275428
169870
458539
231435
504766
287752
456950
482352
337614
166778
447368
489542
164674
504085
174274
211537
431167
518446
520101
334488
213878
596073
539323
578223
182605
559345
549582
207404
548497
472008
568479
483370
479685
578724
501879
515738
518785
502929
489684
593469
526305
198177
175489
488729
508222
164140
483078
458858
452560
494661
447243
492193
199433
436426
424803
434484
465565
205979
521061
507627
520308
313480
199135
509409
430314
510086
444108
463727
442672
361228
383658
277356
421842
189373
467054
239571
344305
432003
455126
521964
486703
247146
461039
466306
306305
231878
244060
239271
194547
251755
269023
400790
295418
221412
275762
249507
233268
408462
552077
306762
244112
331606
413262
176613
324299
566436
482916
372113
482739
443692
378578
366769
532450
234230
304770
488452
502522
577264
484221
422699
545430
490479
472178
188574
576025
200118
184685
248537
583232
280580
290708
517145
539304
493296
338189
245892
520056
521447
508748
305419
536871
512573
307476
177049
266149
514561
415658
511674
238922
397859
285161
178566
247234
483374
400794
335883
476819
466196
470845
488724
433106
346572
375833
341951
206962
323358
394246
203891
364576
360754
381622
395848
382802
285396
484308
409460
306901
459515
266201
242631
203958
176300
440104
403649
250440
200942
266738
426525
294689
416109
409598
363570
242988
281064
454515
342613
271556
198588
465565
255868
223905
264566
249847
396400
350630
244257
267593
210092
313137
385975
382181
241576
200487
313360
392458
190818
184096
194002
177246
203092
343242
181546
191678
246905
277534
366175
183320
341562
177199
186833
362411
280274
172421
393617
208993
388811
377741
176911
335703
198958
180094
183836
362734
304547
177097
220258
219842
305449
206799
223443
188465
329241
259608
329148
182465
179537
246795
202522
265759
325531
290367
185935
195800
345852
238017
182036
212227
265334
221284
178830
322506
196278
196771
170974
171607
313466
183715
204589
238501
306218
372434
289582
179577
186148
162097
391282
19353219
17240486
15204531
13136667
11023485
8965892
6884454
4764261
2713446
653043
10860407
8755217
6718936
4670476
2540607
486645
1310258
704086
865248
236429
194354
187469
177169
179734
200608
265636
212706
188538
258832
199464
177121
181799
177548
190818
202961
190174
218591
333977
183815
367780
176056
293706
172021
363362
165270
377223
249534
244373
173620
226080
182058
318910
320869
346018
226011
261495
304772
272501
206179
222780
232875
270193
181365
200430
183543
206529
257650
234166
321723
303066
272393
273979
275298
226899
309612
234003
229012
223773
242327
289736
250228
219791
229861
228860
234323
308136
203895
206384
279824
277111
247855
242023
287791
229183
263821
272309
216942
210678
258800
221736
292464
223550
186088
245759
267273
347643
287765
298321
206082
336250
212043
261039
244383
167305
203637
399919
213913
180360
178332
452538
213452
196808
216489
185955
202444
191867
193313
195320
204383
231258
210090
178704
197482
190089
233069
175486
183732
325125
272252
175566
203425
225488
204489
270084
211862
224291
177982
200741
197328
227095
200396
208911
178416
202892
216168
181436
188584
191716
177426
176722
177289
181947
200372
175670
174286
192481
178764
188774
187228
179613
184929
198146
172215
186846
189312
187731
183828
189290
191468
194215
194211
188093
173986
175597
192451
183372
188662
187178
202720
196260
188975
188842
187640
193608
202002
245489
197913
222552
194874
194880
187359
196003
181301
180172
232184
228852
221003
195951
206925
199781
239994
184446
238792
182383
202425
240105
221765
213520
213209
206041
198162
212313
205947
194877
181510
173938
188500
191657
189091
256465
199427
182736
206979
205579
220488
183183
213357
227439
182810
215738
201486
216938
184240
236768
210281
184449
179414
266621
193312
186783
283247
272867
276911
350271
330499
230095
1339591
874776
213418
708122
415176
171179
295463
168836
401171
277571
435870
225847
332585
377828
211175
228284
274478
264798
414831
336228
317317
202881
320461
334759
358782
374238
253389
384475
367329
273277
279722
304002
328978
320036
341625
428063
177656
380401
338483
337387
420577
336393
350387
354911
385059
439531
377729
428232
426023
322020
237979
337413
195353
320099
310819
400845
485062
494678
327084
497262
324427
486990
455544
376939
509533
489891
482724
487129
342405
514033
346781
465945
458129
472233
193478
440846
201456
172928
194155
377967
505057
512502
473280
157140
479060
491047
428255
489762
342763
504306
468401
413540
386839
356061
362465
384471
484476
505399
362918
301504
200880
355663
409355
272641
483381
477825
416019
394090
201631
414429
327617
475466
304404
500318
384321
411332
335646
170087
279651
341834
252926
403325
178200
464132
424746
419475
378168
261337
393314
297362
291266
440488
441503
274198
255706
234238
267010
193905
276493
260774
256603
502912
268834
236599
218375
208080
256405
531032
238295
173756
449595
226172
204484
201895
204516
315929
331899
189192
500340
337414
326200
260116
251417
516287
244259
234557
471156
211115
259405
340562
446064
359279
471039
210494
431371
400435
433606
269592
290565
195854
214295
495676
192906
486349
333769
485311
345190
312960
330854
269115
320513
281872
215117
376894
240625
231286
371256
285015
416883
512500
523011
237801
227993
208696
196964
539409
549350
527493
542214
346239
555638
515081
253457
266655
511606
526201
561249
278236
525780
508447
557801
569296
546884
255412
179323
554326
318856
314801
303795
305282
573359
296935
464019
371636
376942
314190
357864
271092
21730119
19627061
17596296
15520079
13451852
11336550
9277267
7213274
5089545
3047781
986884
8860629
6747654
4712624
2644091
529926
2664151
635854
629222
927134
622484
232465
221607
215238
245430
536549
180033
516523
456586
261991
369279
219123
197681
425952
247771
299739
272955
338437
369360
339618
386501
317154
353277
362406
323572
358464
335913
310742
315997
324918
320465
337634
237410
302192
199308
264644
222215
313303
303806
329610
262778
374976
192746
284999
272521
230949
182968
191187
241456
296917
281297
230829
181536
186233
177035
217771
259765
274061
230083
206090
200588
247939
252633
247781
195820
261916
199180
245008
292424
300108
287664
198102
243564
274019
349851
307103
387728
262677
224689
243360
265450
325989
262571
199687
280661
247962
344441
327314
307712
190185
334989
309305
277005
398231
262921
285293
352169
188405
333710
200506
317704
249351
192882
306922
242193
242425
325405
307829
300639
279246
271259
214613
277774
304676
253447
295982
207337
235005
242112
252329
220361
249263
184763
237702
252609
237197
237157
231122
225898
232274
227616
194563
212422
200486
200570
185440
204425
228845
193509
213123
176101
195773
206899
194723
199758
202135
201250
209150
194095
215008
209318
205133
204919
187182
233351
214533
204173
206638
222911
199341
246728
208157
243214
219896
204536
184468
219969
216438
223256
187973
254424
262016
217906
239322
213672
266954
256559
250251
223433
239838
215235
171233
252094
216982
274131
185789
260540
266013
249162
265890
244192
226140
214978
211983
225010
247826
251938
218548
219808
228401
211079
185441
213199
215300
206432
240306
223351
218141
232913
287946
265369
251462
201337
200507
256628
205890
201009
181500
211493
255835
263681
230411
257875
251751
236919
269260
276888
182449
281931
257202
176196
183688
308165
275957
254927
284580
355543
274487
292243
353062
212550
257544
280004
272399
331929
274581
320860
318641
337429
272430
253377
208929
249211
323001
347968
351206
214727
293940
191601
351670
221284
199264
196458
331477
331427
339732
361971
349245
264882
237780
284983
205656
327203
331069
356258
305005
331279
182551
307020
348268
333487
300780
312504
344604
297948
320268
322224
368981
319504
312579
375729
379999
327134
364051
373066
349442
333389
327584
360870
393210
366628
228785
355829
364522
213253
217842
337944
240088
316771
347207
372507
298356
190118
199139
244094
301801
200290
218047
220066
359220
214323
227709
270322
337154
333005
256303
242853
298302
330570
368584
317003
374164
224074
224553
268031
218005
281175
285551
217980
382969
205039
259621
410193
345951
254029
264559
217106
251626
245265
240559
367332
333857
281087
273071
417636
394714
335716
376960
245230
346910
379284
308976
259980
237264
158120
197011
207138
353006
224327
249921
221500
224276
248527
307780
222082
286330
363076
243594
257578
255544
233535
349887
198742
340948
271357
380303
247373
242573
393258
231569
380372
385413
357558
359265
182661
297292
198768
232202
363687
193294
283716
296486
250229
313332
219841
280706
199399
240977
231777
257042
334296
346830
350023
358944
357907
386608
470721
358605
242042
374576
205262
458170
453733
460120
244276
407819
273827
423085
175510
442730
431810
302964
412618
264985
320239
208698
341419
313531
188268
422022
198939
438465
377760
427251
308290
340453
341999
310605
460491
345205
356931
260143
199987
204086
283773
344470
366170
430980
242570
205007
362066
241339
442865
396598
214130
240019
325337
479661
475321
226440
478047
179047
474245
463621
488003
19636243
17583387
15469422
13416555
11345421
9231742
7177031
5129240
3014585
950184
8057048
5944564
3899655
1851738
3818000
1704516
2376725
304630
833512
321549
372804
379064
477977
437785
461685
204869
248433
249704
439665
449675
471488
449199
475244
468341
375714
203212
489274
199998
186718
472410
225838
500218
472711
376932
381253
512514
490613
530337
539561
456151
195883
454523
305682
493509
508556
504538
203503
362622
523038
245006
316859
184970
521953
334788
456120
333089
482516
243031
521866
265532
542997
471573
460706
360339
527225
450763
453684
269771
518145
391797
528342
501921
392125
387588
358422
464760
512359
209380
275717
239132
459695
151419
420425
431584
495534
248211
174619
493767
500098
489942
523725
360490
499331
528026
430022
408737
461238
190051
560282
509053
433988
625591
426765
545328
443049
450666
550296
553267
571815
208187
483725
212336
196115
206170
570072
560211
363141
628904
245276
431878
612412
290102
209846
495730
523397
659192
486997
250259
383672
575235
296495
275225
236077
253526
469886
473567
280936
582528
579016
606891
532996
200878
617884
349850
218080
257742
592094
620120
542657
588150
630577
550197
253041
572407
597273
499500
532207
509753
494824
397573
564545
389829
576980
441466
466072
436650
544495
373677
440542
420101
366261
384605
412607
419325
292579
423644
297740
382065
276492
244742
300623
644715
216961
343214
287866
487413
302668
193603
205309
480062
491123
287300
197794
348355
512438
477507
229552
586111
308459
276610
289810
364972
395578
234976
234984
254369
427166
360513
255277
218752
253578
331572
227496
312279
233046
218620
300973
272096
356313
342281
312793
212748
297017
323557
288532
273927
336469
368131
317544
224612
264169
175454
195325
190671
194672
193057
191915
213272
211452
220939
2749926
232140
220132
259706
190157
229174
187112
173346
285218
184187
190985
203952
260738
276162
276732
248286
1417514
961999
183761
209249
179372
254296
260970
236567
214171
252803
209902
223392
211929
178584
190179
175891
175990
213723
255312
262736
277059
198928
244985
186094
221130
235318
251373
188368
174590
236837
198285
248566
252625
188944
287203
223732
235855
242064
229177
238027
182471
225200
278789
194494
290837
267735
299254
192687
288914
289202
225982
323843
250886
283392
263144
273617
262959
311918
312626
288583
319896
313122
192396
283438
168962
293306
281795
324564
338550
334095
348320
364403
342604
285223
367869
294693
293392
234430
271186
355018
269534
269521
221732
299486
265988
358344
269341
302928
244057
296011
382831
295833
282229
323139
317164
318730
344084
397286
217940
233343
323396
360929
225547
257498
383011
378836
351333
186706
304592
201839
254078
283135
209968
344454
371019
456499
451889
485706
213270
265354
198124
517849
281337
447922
323264
391003
377979
444116
437700
367860
480817
275157
497772
381178
412032
404924
361860
338163
301901
422754
491354
414411
451838
263518
427195
436525
317129
464647
417420
279689
277128
279291
252058
286035
290305
339338
248053
290380
147667
256632
290814
287326
183025
251688
274084
298594
201585
466288
379290
351242
232723
208957
185523
292554
250633
469807
430647
531346
329394
478517
353243
346277
364307
258837
302738
271746
525205
199053
212734
293665
391346
225471
265581
461611
379189
234730
396110
338143
401463
393873
414710
378677
425985
351501
250025
420064
426215
208509
202801
229075
302016
402597
367630
403544
278487
406219
329259
212383
236533
181028
314633
331281
432869
195759
453428
260541
192913
452038
297094
25245332
23133699
21120190
19073462
16958335
14906204
12853550
10737945
8674567
6612583
4497463
2443428
5126592
3094878
982233
5843878
3786585
1671445
2062105
349560
1049754
351184
256739
378234
244215
228969
246252
384482
199675
229641
292151
246322
305505
314013
244304
308703
281649
270541
213877
204872
209173
226780
238038
207585
215337
262382
235916
212674
198821
205621
181181
283066
206158
212862
226966
244058
263878
242641
205543
180858
242931
296342
309704
302742
357895
370732
258553
368044
229796
295639
330791
241995
382320
252212
331475
294620
212091
242677
299817
347019
184951
249774
256046
229250
219382
175760
334745
348600
280293
242434
366806
284109
343603
344907
371100
290366
294911
332329
311353
288087
301535
277665
189117
194651
186664
269475
215844
190492
208046
197411
213862
170132
163325
207168
257394
234655
188063
228138
220071
196836
213230
197906
217651
317641
190963
181167
281172
194507
176875
187907
259698
246446
221129
256360
253420
246761
240122
266660
315382
229618
238726
265077
277401
273620
277699
275383
186406
200663
290162
265845
241251
155442
203968
270184
305504
322917
307924
167669
285504
260474
280621
282576
204041
314183
214335
268951
309603
234422
181966
228018
300591
181614
293437
302035
225381
307603
165939
201594
187415
204113
227035
209367
199976
323450
197245
229229
224411
234947
189744
258962
231712
219886
250578
228594
233717
191093
155727
224735
217102
252767
201420
178061
201425
181971
202660
200625
217888
198798
185887
248374
198001
193858
188043
204252
233942
209813
220025
222349
230616
248536
244704
235247
217722
224793
185889
244720
243379
165472
274419
181055
181643
263972
203283
192187
174124
172483
178451
191938
173600
192775
194238
205233
189993
208041
195501
164331
188556
172959
219302
174981
192955
184232
202774
170063
192027
194960
193891
176066
211314
210561
196106
175732
182628
180465
213031
200094
184996
176369
174271
202461
174001
193383
182520
168523
173752
197710
184533
178127
186742
183447
194405
197349
178326
188507
196397
198338
189148
178013
170813
187079
173796
186413
179167
179512
183319
169763
160677
171522
181756
228910
299234
179220
210903
321514
208097
277951
268372
274655
214113
213357
190128
253285
260018
249181
307171
292614
223181
250927
280065
259505
283673
167799
178683
184992
268510
213114
261829
279781
280640
208655
293284
208230
324772
297409
212027
195284
344226
249672
191197
269853
248409
213834
272506
271800
303550
254148
182132
238455
182704
309711
306074
224005
173050
208098
312689
200482
306769
264982
236917
178446
207545
319477
215584
328442
312279
315787
203766
329699
353175
172412
286086
313890
330411
206964
209511
347806
184429
204411
233960
235080
156502
263210
201897
193802
293746
322111
272802
317603
326685
337510
266619
172647
304202
293913
259648
282145
332862
323314
304856
226755
255375
258477
330218
256749
267247
268040
259669
255180
267139
224831
239763
332125
256619
224751
240176
241497
347961
279557
229494
249312
312534
306033
306782
199685
210669
231319
305841
205381
227002
248622
250171
295373
231277
295298
225358
247544
309222
237399
265841
301931
208925
246904
222431
220571
199234
284438
269833
239172
159352
316505
278576
186804
253979
172285
231936
258997
258591
196841
298947
199397
270920
294511
292690
248573
246144
248775
175457
256246
256444
301119
300878
260678
308702
290041
213939
187045
272708
324365
243222
302000
285094
254954
171880
232544
192184
215365
202742
216731
206094
222629
240120
237231
194457
246287
335532
23916085
21852903
19741565
17686661
15624877
13509730
11439172
9356880
7241471
5179873
3107566
992689
8447183
6331773
4278135
2198452
3092757
981021
549932
836753
396702
209287
213497
267234
195592
264980
268986
312128
196023
202884
254878
214515
192299
260194
215714
210027
216409
210750
283375
255466
381072
364941
200641
316794
283353
305308
319083
276870
291589
201443
288316
435343
327620
273637
445867
391537
424067
237851
199762
233549
319316
304053
200566
431741
432475
392157
319197
441139
429970
418485
409796
441682
410184
422958
408535
480816
196703
275842
305305
271989
327490
195038
202558
409690
431526
187703
434820
343239
511783
296626
201049
395590
468423
496567
490373
446791
420596
385456
380676
471867
509304
368788
391493
476154
331890
317416
221201
394231
460874
383000
300685
444414
570042
564593
407338
322204
425596
348236
469477
321910
340759
276977
359664
321821
288689
332841
402893
406062
386665
405950
406192
343409
336296
413805
403328
413522
490418
488235
287677
469726
453554
452464
464672
511990
457072
516342
471804
383171
418911
460655
292715
433435
438588
420134
423800
313674
211764
421104
417140
425930
290053
492869
519840
228868
164752
190863
500534
398496
540958
378560
205728
441255
372049
529433
394277
383570
353259
345035
345767
388686
367240
312163
407283
303594
378823
295104
388699
418257
425639
452889
306094
442971
359144
375069
418219
301164
334823
332315
157667
169531
162521
310775
342835
295364
203356
175742
170486
359916
359947
337921
335072
236451
402998
421252
302992
246569
196714
244445
201511
186091
256623
250691
359365
357208
199698
231422
258660
294716
193238
244107
258513
206512
206354
249661
250091
247496
202972
207771
200434
200036
202683
206189
201863
204429
198991
236835
198691
239351
234576
233239
236332
256339
169815
192394
186644
173327
177674
162050
256547
166762
187547
182585
191166
167448
193592
177772
198873
241306
185844
180507
185325
167816
192503
191391
191214
225360
211371
156066
206941
221058
163175
187080
218856
220608
213479
193126
154779
201113
177536
189661
172414
207128
218921
203625
179723
171911
197164
180642
190720
211514
172907
188389
155148
174350
156345
179628
171743
170345
189948
202536
206638
205214
203294
191305
184498
194008
156916
196920
216613
184626
170524
200585
164937
176471
193229
238886
201788
208715
198180
152049
214404
205861
210393
187427
208888
211746
217052
205820
258824
217522
222002
214582
183820
245638
179977
228561
216314
158249
168704
174995
211747
287985
157825
206134
255685
259131
256269
252800
271555
273961
321054
315582
278660
195935
198021
211251
198624
223848
356292
360091
270693
181319
356304
349337
217408
226912
350414
365034
360544
317202
312108
290609
275817
279409
339437
304188
313313
328226
212460
230427
149718
214500
377825
161495
323403
162874
371745
358203
385947
299638
212483
198836
192516
201313
330862
223691
395299
212094
401327
253620
218329
401722
227569
237420
188898
205168
355791
182732
193857
216647
180131
185973
392052
176570
417638
429481
427026
352110
419989
234304
415443
335760
302722
227530
229697
259872
187523
420107
424814
442393
461352
432077
215531
455578
413471
328895
309094
276554
235718
184938
446840
308272
378064
400035
314746
308165
323960
269261
271471
321564
261755
335177
318671
457942
333032
311267
414487
253209
265161
404105
196146
445978
467270
277102
482350
204398
213200
476604
231754
473853
370457
428760
209427
521926
379977
229628
416628
232830
218019
217265
309408
387237
269540
257830
20538060
18424950
16405133
14337787
12225293
10162937
8108927
5990851
3928021
1852623
13531196
11416379
9374680
7319426
5205028
3142683
1075700
1449523
1979822
1566849
387196
442813
436188
326200
294788
279510
262478
375274
425878
327911
243960
316439
257233
203215
282865
423626
186400
217994
260696
184359
447935
391969
264805
362349
183318
199117
204897
258339
244592
370517
193385
182275
190677
386921
198763
184982
191871
350243
364556
372330
311545
294347
177923
330437
170084
177093
154966
330508
319991
337377
254815
316121
332269
274572
227567
245008
309948
272438
264077
266006
259309
287455
295644
271595
297902
284966
302447
302173
314785
308283
323623
194650
328225
236692
270132
321433
343396
219955
312236
231854
277500
157287
296400
215642
177089
261328
213367
272449
233351
246039
201053
245480
214525
244232
223679
225501
203553
227346
233032
212938
245773
220112
187386
211225
203667
233103
192637
225887
195274
219006
194357
217264
252564
262738
172692
299716
248706
230238
250071
266514
179721
231126
244264
320584
204618
187973
288029
218129
290269
204280
198980
247065
305159
305907
308862
320046
318539
239104
291984
333930
278269
247268
327004
343940
289803
250418
227240
317459
343071
198040
221452
167496
347842
339716
287133
258542
304817
376608
396997
322304
340982
322502
406690
397563
376252
246357
398743
385398
217981
405417
333656
315442
300072
230208
271204
200167
180588
374076
284725
289291
308381
303836
290183
258853
297875
417769
219267
272178
289871
267426
203942
351428
268969
215260
348359
547489
371220
315896
303444
181715
356130
332083
328560
380434
266019
261977
227340
396219
3673163
256357
295364
304145
229923
287347
255708
344992
274145
230560
303014
356487
350344
409112
303003
374358
396478
320170
345599
303229
369246
380806
383786
397497
369994
389493
366884
319911
340499
404103
404716
196831
431639
393204
402721
355039
351497
367545
280560
348388
351213
366033
405965
363938
338055
393459
337214
399110
385103
231382
360705
387475
216656
311047
294944
288747
303345
295270
418012
315145
291107
269279
311585
334685
337465
392882
348110
395205
336554
392713
381969
376638
379817
392457
340764
496566
208715
379729
208974
426644
208910
199737
175594
197344
219500
197994
331512
360666
360343
188751
202511
243803
203996
258336
219455
204682
257159
252076
216623
227425
201551
198408
220475
196830
289106
253150
295742
257810
256022
273009
228963
287004
322890
348875
307354
387691
336457
224326
298768
290818
289979
314847
304742
319144
304954
264921
335374
296442
326272
315252
196810
231584
292494
172373
162391
333063
177545
239161
327823
341398
345837
238330
348999
351651
340547
170502
181020
364648
171783
217826
348207
308160
296884
206761
186373
290242
233897
280457
198059
297666
169562
258083
211277
305474
208874
230715
177142
318550
208228
178391
220137
263379
325650
398186
270170
170649
170613
274376
387537
199154
221187
169201
192386
223446
266466
198782
243769
193460
179540
233957
189817
174948
198272
185631
209051
189143
195086
223379
279323
188670
244138
277358
316477
196399
257599
209408
204283
207295
239398
201408
297544
258942
318989
347999
276825
438385
335835
214018
210361
216874
195686
194792
405128
193091
189716
238396
332212
389548
253973
325574
203505
281620
458962
431935
446049
422916
444939
277049
408950
323405
477231
428041
421492
334172
315242
335430
360771
345328
355819
218916
207602
217763
248295
340750
406297
441998
394035
408185
415010
345557
397560
185142
170372
431545
438749
420031
184050
472616
19026045
16910006
14861094
12799290
10677291
8623981
6565448
4449176
2404165
10092136
7976048
5916697
3856774
1740282
3919071
1848592
2760971
645531
286987
605604
158181
336335
452378
439390
241423
364198
234975
422254
203914
512837
274876
309495
422466
205945
303214
397540
284583
451773
417986
430275
180157
288980
280540
381676
404451
313337
326101
355196
323923
297367
339897
290477
187973
233632
254867
266345
289871
180327
182105
405458
280296
418660
249733
292775
272512
367682
200219
376397
206200
259706
333662
213068
383636
391970
347424
272916
371247
272504
243169
374087
213055
396091
182685
189835
181036
219697
312820
307871
259738
256039
253477
249333
248661
315600
296697
302147
330017
227445
262176
243977
245730
262560
296777
188390
282242
266729
267624
204570
284224
285792
219179
279528
250285
209825
241601
259802
224840
207602
198408
223864
243232
210518
217755
225261
221902
219178
199305
224235
205283
206048
213958
219786
192107
216348
210532
252782
219714
213673
240888
246038
209507
233503
224560
194548
243730
221890
193157
221599
207213
200619
195607
248060
236772
221935
216061
198691
214864
208202
196449
248144
197038
199881
230647
228560
261288
248422
218836
279458
224502
307372
327659
252282
241557
293596
303680
276884
280868
319082
316545
275554
160363
326095
154250
344730
358343
297055
313354
228326
323620
364020
178558
340528
450586
356139
368509
463479
470748
196817
484615
441490
462603
343966
213956
190634
497490
206287
501953
274074
283162
296066
513276
481359
490706
261042
513334
242103
182156
204949
226801
528293
175089
212266
479974
543671
249435
255876
221010
212291
526418
214140
227571
545635
193027
209315
295469
540285
538669
513533
563936
501599
499672
549438
490671
334896
375704
333767
301675
185977
365100
278295
299795
523125
443804
270710
295779
415770
426654
351138
321042
293345
329673
309123
436435
519476
443436
445880
518860
246616
534023
446231
427897
336451
249602
313335
246903
389292
483825
269630
216984
453821
198020
229812
270323
314975
339680
217456
605343
221525
376755
585414
531278
213180
240065
316495
597732
580441
562979
574964
565675
568352
238078
177905
355957
286562
236745
559945
580984
293790
556553
294786
266882
509617
211532
181028
179295
275769
623977
226799
506147
170873
283077
532416
559881
567263
413095
305452
534223
511636
530624
320491
503169
145885
473205
501509
285718
242002
320557
539218
343508
537903
244485
229481
288241
250017
208982
539712
217396
190136
244167
527066
258267
246342
548518
254198
524986
318763
238508
509494
514663
177597
222063
370512
429421
412512
219031
470466
243723
194473
226689
468496
332431
444436
286825
439903
447692
446416
205334
190908
476152
458668
452289
436323
240605
451064
221018
487509
182899
437791
443277
461376
208819
462367
483482
465026
185452
190317
421497
468037
211652
503646
440342
427129
428050
421714
349980
428754
425733
435659
388000
433881
464159
455625
423478
462554
418559
465403
471322
434911
476517
450031
476963
457796
206198
182837
467944
257772
464996
450129
222382
218607
471585
480256
422797
416930
328063
225014
459459
479927
497826
231139
236286
444054
193707
262209
530486
385770
226830
197893
444773
450875
180122
207086
501838
185258
504780
507056
515995
199555
198367
425777
511830
198035
365419
193604
427608
417489
216478
535491
198474
412728
475978
529758
209166
220394
541793
520206
239199
192650
543449
574088
629362
588847
216766
631826
372711
194805
678805
611005
729435
704861
231792
709646
610706
669534
373784
22390931
20277665
18252893
16184650
14068636
12001045
9938910
7824039
5769757
3703707
1588745
7776430
5711145
3597555
1545246
3972899
1901247
990071
563637
210884
578915
310968
563692
596584
622417
417233
554390
619691
469284
590515
511857
600306
562867
516500
516267
582367
620328
539981
604774
495028
599998
523043
460212
458494
588176
632643
480994
484023
467069
432028
578880
487561
419253
413795
537626
460654
559556
676083
559193
473513
636145
336021
277312
592784
642453
625265
627649
663333
706541
190596
196181
333103
698886
743731
754883
511461
754490
193001
686136
188241
217504
209423
724664
201816
726700
349296
279953
316792
599320
410139
534192
560597
249175
671305
439301
187719
349416
430788
303345
661908
405887
242271
637723
693535
435394
719843
677324
199622
267412
616033
592989
485196
568393
249545
267502
507564
256462
187490
503233
338949
231633
195033
313693
506980
241139
488414
247161
266501
528325
476451
358831
266006
416030
228796
457369
241983
254057
382179
271278
246400
241359
332106
284428
266250
270635
252223
301724
235895
281690
488261
493305
189627
286680
487098
454087
305551
330957
482359
297602
279305
525060
316113
372907
256207
454238
473860
312393
500431
212167
295769
411509
281440
396252
258149
236841
245889
424185
178870
202449
228812
232489
441991
432882
430302
202634
220792
397464
300599
405464
229918
395169
200962
182899
396510
387683
448286
208110
354101
403907
408908
388354
233425
310899
358900
176162
410602
236372
233315
444073
234650
194343
205680
464251
253170
472495
236059
231474
465749
183621
251991
454824
455274
475249
493141
479293
226108
473204
470872
453600
273693
183256
206410
460195
470242
217790
410427
467304
437440
471429
496546
495549
459680
242234
234029
446949
378430
453334
414371
439989
384667
437805
402726
413833
429558
427135
492708
553210
468949
495368
359892
424739
448790
564114
346259
475671
435434
458592
316360
272730
477972
451412
247007
287132
340501
251677
298780
405336
222605
404038
491318
296378
282963
427346
377931
384171
227298
383643
430449
197481
403266
347579
419873
401261
428582
314060
364342
429412
414703
460770
461120
420508
411536
382023
423120
427548
415193
407386
405257
341216
181636
445664
480640
514371
415002
489783
449492
466365
490714
320787
199306
218075
251967
238695
295475
176825
518651
351948
546142
255434
269025
461136
229672
193215
409888
204265
244432
225756
586718
269175
217792
214282
256326
545217
455098
310066
394797
200074
540477
480314
503371
487023
557994
431590
491657
420313
184841
409551
188924
457679
481030
474250
321060
296232
506571
374294
357775
177730
253414
338990
274591
226277
285388
279260
470552
237247
456117
337913
458790
534323
494173
376730
344634
375002
439128
421245
322406
309362
196571
301675
246636
320164
317488
227934
256561
247511
250827
387124
334478
299807
261636
223041
203389
214471
208026
255733
201948
267463
345569
228033
190568
228667
220588
179804
238343
302303
282848
265452
268483
217987
190500
196148
186408
259499
214685
150576
227981
269684
230470
163468
197100
266154
241326
257541
153009
252652
154273
165157
172154
269433
226413
246018
242673
184321
175436
176401
166782
239243
242099
269164
270233
204833
255163
285294
194742
261930
198590
288615
284467
268259
282197
242106
274342
263664
299068
260971
193901
264569
245290
259286
202833
276861
283952
289213
272060
284886
252944
249619
194376
199447
228331
304236
208159
195973
295085
282730
256933
212816
286228
276963
184598
247875
179549
195728
289595
219234
26345045
24230777
22182591
20128113
18002297
15949618
13901222
11786680
9746838
7692046
5578730
3545886
1451645
3960854
1898813
4440048
2328749
280805
2166217
1147501
643820
300082
231638
246232
332276
226341
209165
253063
278387
282452
247562
320187
278378
255305
352512
289120
308013
296064
277717
216106
326496
299199
194046
321139
303616
324012
295101
307701
322605
228603
217391
288566
311747
313597
218551
340693
212951
338615
338415
355057
323324
397437
339086
339554
309943
293678
377940
352839
340790
285048
374856
376610
369637
335619
285060
359754
325615
349765
384426
358120
341227
357288
342796
315996
494829
431096
379908
228725
344500
352352
505984
504284
401701
386183
504503
458458
498035
414329
263394
504520
440697
487991
429509
476976
243113
432432
526669
502821
441882
491100
330742
368782
498959
489716
493447
382333
368808
399486
364431
538319
374871
415132
432470
410950
458740
372240
430829
360542
285608
382065
457407
283126
497404
459784
577386
249960
431037
573978
334050
580222
596620
593031
584148
185963
205959
299043
579224
601590
183561
584491
539589
291926
573029
490520
563328
585381
224150
595537
653233
440007
530929
627793
179381
414064
617232
567871
591818
619655
602022
241635
539819
202195
252173
192379
264248
322265
318597
237919
209320
623591
256298
272188
213986
267936
326880
385677
491571
384002
358002
337972
567828
364879
263167
547163
443282
449907
507358
194589
224542
201013
183682
213978
204245
582477
197705
196461
265377
366015
638337
359838
198089
202768
643914
199197
258268
198605
393452
265790
590755
616066
638852
372361
662160
641281
648396
662381
681824
646663
673626
674944
401491
642553
467575
622128
270390
597961
634170
626333
684856
576333
580935
489540
618811
620227
674400
497050
197470
564044
532162
511528
522386
651827
477447
189980
533975
203510
483598
557666
488625
407727
595598
574005
186425
178723
163836
180134
459023
450836
576681
447138
644224
529273
419415
410444
402620
313997
219120
194358
432950
243451
172471
539690
322649
449271
335109
335770
475380
375748
651420
344051
206709
316594
391770
475096
214159
641375
569119
465351
648331
543951
575358
417014
411878
228087
439987
696470
462132
439536
278595
390391
362258
258060
377123
323537
350003
387383
371815
629193
285074
367385
489150
435225
392170
425120
484130
385409
184518
347260
227105
417802
209281
212742
287690
452351
335220
386441
470725
358850
302286
342202
355404
489880
408457
366825
162612
421234
226655
417633
230700
400790
451636
435657
384414
388050
186491
322547
383000
416956
229424
367927
375716
350497
400829
270032
400541
278575
383712
374568
354821
222911
303437
340693
290436
412665
493484
255141
230704
411961
323412
423761
399537
261096
302148
342401
260753
423444
346729
203088
373016
409529
302647
216019
339997
364946
193583
358978
238414
347758
421952
293266
250998
240356
277633
310866
276867
210497
194236
257161
177014
306059
401616
219549
233320
291473
285437
195172
238704
352656
353526
229076
196548
296343
277343
335901
193495
387555
269682
300274
349527
255264
222233
211104
225034
262865
222931
286069
259748
253973
224457
211740
203150
212408
225747
260559
231745
206586
191845
181584
205784
203645
215483
447825
209383
206134
203387
254201
191603
210878
219452
198317
229201
188627
197718
206134
213737
204706
218473
211956
226472
216924
217402
235344
214167
202082
222235
249537
227922
200608
247817
269410
209375
261451
183383
239822
187521
200290
282763
276674
301803
266970
253897
241067
236884
232530
250782
254881
22526629
20419083
18349716
16276481
14153279
12072002
9993512
7877457
5804622
3732048
1616139
6178285
4055617
1995156
4709029
2648128
535052
2147927
278956
401881
245442
274348
229083
181463
254106
236796
256037
207767
213894
206868
241018
227995
206527
199964
208512
228468
333678
211549
211685
237732
175086
252004
273134
203164
225141
200888
177439
226420
205647
223522
235063
226982
235888
240396
235334
233702
245137
224224
210864
213352
216007
245957
206902
238287
217367
229558
202196
193918
199548
214624
207738
212099
235422
189895
206078
203835
200397
208518
212703
221047
191574
213953
221375
214292
206354
204239
236291
193374
229921
227527
215163
215727
199481
199395
198882
216109
213559
235402
190034
232290
217603
227041
242764
196459
222849
275634
197180
221277
211150
173516
208105
277177
233115
223061
275032
256977
261464
231893
243601
256260
271425
204989
229839
216690
238099
206249
284999
188607
194512
279031
257140
330820
199479
189595
210851
207026
199509
196386
228097
213557
216899
207971
236036
258818
245354
241380
407235
365736
372381
367978
335457
346493
426114
257340
327045
416633
387369
419691
350475
407555
232371
375402
402874
240017
365600
206848
444542
232109
286159
285702
404762
261963
412315
218248
334308
296858
239663
456164
395056
272853
385198
386842
450065
194160
318999
192813
276420
322220
358392
211678
338797
364594
343892
399836
396361
203638
420759
433294
417331
385973
351073
339409
330927
428936
414048
402205
360514
392829
491218
455400
351638
408437
418515
209875
376915
402202
393347
383358
422792
371112
381609
279578
422020
402857
214366
218330
189021
400423
392326
401027
426966
232775
448918
442560
408748
435388
401677
427342
449157
460508
185854
250612
256234
213465
225983
439656
287129
460790
411038
243040
237853
231256
199695
210558
199844
222180
223673
225597
246173
231959
220273
208526
220713
214407
267862
265093
274519
509822
453504
511105
255952
241989
160595
174551
190043
452730
248202
462442
233273
479556
484325
430896
463803
475322
394184
392527
364608
413162
168981
484166
194779
522280
315777
199641
481337
218004
453900
455727
319582
238087
325815
416808
231060
405856
180126
521241
220573
314233
312583
391651
538339
214505
194365
180699
195810
198803
259825
304270
303031
238784
172054
211068
203944
311099
215143
267551
200723
438673
212975
266952
195149
193388
208734
216387
198180
196232
524697
507841
515661
542083
467278
473275
387563
477910
172827
507218
473756
526318
446345
199718
335082
363737
367857
380371
392299
466084
392428
251999
194739
584642
440693
190467
450392
525780
439410
279195
186645
175708
160892
174621
151992
5084600
191200
235254
201483
194865
482438
408744
374404
196940
336792
181604
477763
267976
312312
265995
492304
467008
314408
281766
167514
250088
312897
485214
237332
485224
295901
475862
248682
264360
286164
295968
328843
296044
373751
300101
465361
399569
263132
421981
348310
413371
457296
194030
313936
399839
422276
393069
425297
197940
166667
475144
373898
286952
418652
283015
295291
463567
233511
176360
484859
232322
410713
206501
415618
500024
473778
306719
495520
411185
375476
271458
261260
441935
325746
165796
227182
238725
238380
284291
390672
297121
203677
353128
263176
385260
338663
196472
291310
198362
213719
276771
219816
196543
197486
146922
298240
231215
318612
267730
297840
310933
273323
226269
190892
268372
236741
359539
311753
229503
263306
255186
262254
349822
264447
364729
181813
184871
205455
225672
213704
362852
360956
381422
298237
226223
20272634
18234836
16120830
14080958
12022818
9906017
7934191
5871516
3756379
1690110
7547301
5481840
3367384
1305688
7492042
5377948
3331262
1273962
1072427
1297312
924162
535463
240870
198778
201621
368501
362303
363044
194191
360459
215573
245717
346221
255142
205286
197198
203659
203340
244309
340948
202623
261769
260772
296003
315314
177920
320480
343810
338819
260236
256778
261447
186519
264283
260245
280246
181163
213807
302008
184136
342495
191120
317104
183488
197935
186866
223099
347599
200139
335119
295396
330417
321212
321245
249569
296533
272177
240309
249910
309671
220753
273965
275658
284146
250521
200681
283418
267746
275330
298106
316959
352548
276005
285146
224622
276327
331840
160110
317467
154544
186066
239633
209807
309036
313369
293189
246373
309440
252516
165529
293717
294522
256615
161633
214871
180227
304957
235671
226546
234552
252539
247498
250125
256449
183257
281858
309122
174899
253302
176409
303446
324940
230815
223672
297697
288350
286233
252604
275714
227225
359813
298440
295753
274865
283096
375930
225704
271775
247895
214687
325830
375139
284091
241466
251953
269041
208005
260733
331455
195646
180428
406920
350934
306563
407133
233831
276565
267343
257944
245195
260955
305603
189889
411412
389581
303391
363080
168720
364409
421972
401909
173644
321090
371355
509908
202360
209710
262127
237209
234927
339910
487994
480923
339565
247222
414349
421163
187868
320009
217043
237634
299600
297688
274770
546030
432904
210225
290354
197649
218617
499493
492428
365578
312251
283592
247490
376384
298177
519523
448810
475455
273509
360618
310601
468712
356524
191691
444613
185604
397668
447402
466687
468430
454450
548565
505395
343722
198135
192314
186276
200935
203042
508338
513496
197737
567726
472903
351179
243181
402099
300134
424452
382880
412356
499336
464562
185874
189493
395992
474187
394975
144868
188339
288084
279644
359222
220733
172031
419265
140150
285852
164877
169978
299154
433000
171709
251294
168266
231427
198840
152654
211320
239348
192356
427186
212350
252059
385841
315318
361587
256874
156977
330798
521248
214375
404615
173799
168249
158308
413872
463919
493124
444112
146473
286392
284308
458282
467888
453377
441002
442339
345986
165600
171490
332786
438009
156064
155767
421385
251699
459277
141287
151249
223638
233058
158917
281004
304317
467896
210956
466762
347203
485997
503714
326605
466605
309590
463951
302696
244889
512664
486789
356161
227777
483000
219070
274256
262696
245391
166921
362751
274832
202901
462943
410101
333727
383387
339581
342311
230683
453685
233205
396507
213855
235510
216505
403933
209248
412695
373106
334212
387354
385117
399132
287187
163645
378106
189357
404770
311220
266092
197091
158813
221045
201698
205887
194173
307154
170345
226415
223068
264353
185299
167228
413030
252129
306799
197668
249465
243245
286073
221692
236460
159428
178629
214644
413556
196638
276669
318428
151753
397141
201213
427988
258166
218139
416360
244478
235282
280011
213709
247852
398049
355573
269940
358598
414967
329923
256036
237041
380747
364626
253752
455030
369741
256750
202780
469612
434476
331705
314248
290137
366354
433318
458128
391316
376355
184509
195139
428456
400247
450309
393552
330083
188706
357774
305065
309977
221192
420497
446268
466867
475361
419632
292982
364893
399469
350511
309679
472151
263753
453645
448504
350267
403962
440827
441252
460012
351443
409072
408383
431900
422337
422299
429942
193824
352304
415883
423366
313359
266577
344865
308281
511796
157274
465252
437476
23889004
21776091
19722780
17677391
15563007
13527090
11457453
9348053
7295775
5247647
3133305
1078676
8900837
6788201
4731261
2668108
551320
2574552
466311
631339
209293
334742
548195
300528
192655
157412
189850
188134
288041
166568
177251
329658
294508
323890
364462
260167
194080
373441
324196
339628
371730
335140
377546
433250
399508
528779
411090
424493
471764
401753
419374
415448
453941
511271
407568
393161
466565
481607
522945
291992
428860
563431
522681
536848
527234
514794
224745
421991
171014
180800
174305
486164
488875
481752
429215
495516
473999
533333
482599
427806
428776
432053
479457
362253
516053
366343
484771
489225
301262
369546
378678
281483
367430
424588
301665
210121
461448
450912
401269
316097
453489
267020
346006
481157
365791
213692
230086
188926
633805
212944
612948
239794
189001
623001
260902
263043
337240
171162
223270
348562
454459
531228
253067
309948
159994
455001
526606
502488
475344
430961
290190
415956
428428
424474
175129
345337
182277
201077
487137
497883
477743
459613
252537
480581
165364
523440
495340
507574
512191
498309
443512
322185
178701
361753
352897
341696
224576
559201
533776
548526
535059
550522
575995
547993
572437
276123
477063
512971
602593
261855
292746
472495
269802
244559
261020
266030
276859
273741
226819
245877
329531
375569
261847
291295
372771
376679
423637
313464
347783
292280
207344
300011
234286
333236
312452
481026
355662
312482
467376
348728
273791
219992
227926
220374
314370
243861
243134
453960
390984
416742
393443
361733
227726
478464
407403
489967
345338
348872
236413
487234
458660
380424
357060
418326
431063
384967
447275
159639
425936
329511
378815
355451
439776
356120
477180
312640
411133
193946
482121
484370
462108
190530
475124
150025
383959
333874
157689
447906
181566
395615
181164
488380
234892
305234
221976
386076
573976
624417
451014
245066
228539
222918
612305
165160
615398
590508
633689
435222
276985
207720
498361
361250
198979
263422
214737
313424
372081
553327
536887
324388
182678
547092
477825
361588
296667
237330
596014
266956
188136
193068
429471
176862
437586
185887
361902
237259
238473
425048
438830
288166
523098
195307
173668
255429
226865
316100
348509
224545
261768
331778
179132
296032
205437
261869
353503
227239
252102
291162
298328
260252
227273
509035
375575
198965
216900
200893
197867
385636
471052
442881
199201
363957
180389
190817
175285
173866
177480
180857
183217
390287
180110
170839
181620
179325
344548
288872
208165
450562
476488
494356
477192
169018
265816
414346
232192
259329
464568
444241
217289
220016
212295
163046
479347
314169
165011
212470
399813
145025
458074
405999
256613
300403
295658
410583
184629
150834
367081
232292
280883
394613
438843
389897
401841
395227
388167
402561
184236
424055
203382
200806
390209
199806
176803
278921
274916
346750
263101
166345
245775
423901
176432
434714
317696
314591
470156
393967
163951
431685
315113
334324
228819
417800
233427
223253
222992
186076
184211
287667
323449
165879
230875
211058
219974
182354
175533
175416
386539
179901
388028
236170
213153
272776
403229
399372
244976
245903
176890
178548
413798
310729
184811
230513
217829
220976
272755
311051
179821
250574
403696
171288
194041
300345
336782
390392
208765
177607
327029
227163
204146
342098
248534
351236
262757
242835
221316
330812
253664
200906
232821
225570
255994
237746
236440
204306
306661
245661
233648
294941
289644
304012
390397
406172
194534
308540
394660
291570
196788
298234
283860
254881
185625
339553
229064
317002
390974
343788
280581
26647741
24526444
22488307
20430164
18316683
16261872
14216563
12103157
10056684
8008556
5897201
3846466
10056680
8008815
5894600
3840836
1782093
3256120
1142810
1042150
691440
474266
326328
218254
285769
307880
180230
307902
392005
229363
511509
321583
201663
368012
322916
388428
396576
238106
287185
226781
339123
240777
367862
343692
296340
265914
183909
244935
214328
343119
237192
308871
386971
274508
181451
424062
384395
218986
278912
370737
317712
375130
262191
199440
415633
236160
389186
470175
186705
286933
300418
379460
436000
408547
316253
360424
339585
408749
335774
248776
303642
250557
420009
372697
291000
367497
305791
391186
363296
263597
269329
378367
308710
378746
248538
332077
337165
414955
396939
239843
416864
422969
266547
279543
337914
375181
210096
371162
310599
214778
423185
380836
380253
359160
366381
326827
207075
377078
287085
270917
330486
252184
274469
328589
305043
224802
500318
360011
242483
324229
308021
244922
359118
369545
393238
405556
245171
310762
295796
265043
351008
300498
312039
241754
234711
311936
216238
258374
191342
274482
328952
204138
282217
274574
276433
338005
207113
252535
399389
249296
282348
348415
246545
307670
330771
234999
230003
234936
341470
206241
256892
385591
210317
373847
367860
265998
401465
232716
259448
273500
230901
366790
284324
193255
436864
255400
409059
374458
365303
233608
419713
366739
248315
244913
219071
395781
190991
294798
213505
191072
298069
199251
314092
185251
204616
401225
175928
229597
375120
182327
237952
239514
225416
205973
196944
208429
189303
315354
182215
253693
270077
275015
231985
212137
297259
211173
410645
302880
334967
225081
299936
301652
327296
230048
305385
349115
326247
202571
413585
269282
423238
499970
441887
198200
461103
538067
429398
443155
226062
311143
249112
271455
261745
416053
478760
423349
476482
383050
397580
609824
513047
282995
211646
287363
318296
599051
609991
296789
297272
365156
232928
294051
189878
439421
349120
351741
335941
449945
364615
359165
570950
296000
476938
422953
509649
302258
198901
253750
355510
267997
213778
441546
242581
351902
262683
185592
404281
409211
534571
254210
441817
310395
273773
219332
308287
299629
238802
225915
230980
281803
180384
186592
516673
175511
248608
181145
249502
174882
259515
222249
232596
174154
183457
313083
230961
242080
506220
243860
278668
172392
256738
180233
172751
175494
176753
155700
160173
269466
237063
180245
177419
256738
175537
186872
363650
217683
300361
173332
182413
206155
170123
173106
182342
181139
345504
161621
255619
259189
309725
194061
234019
373000
282310
279399
402323
187540
194777
294547
326397
204891
224205
409991
200156
302149
305410
267826
229779
241463
205974
209216
197003
198317
230910
242576
182095
202273
358139
189058
202724
218621
234199
186310
201744
171141
184851
173374
174676
239172
168141
173509
157151
189417
152554
227201
158370
250362
225602
221032
215293
168472
392597
157288
394612
163796
370028
176885
289119
365706
319432
185625
233343
214952
286234
236042
210003
163428
327592
339449
166098
345731
202861
274206
218113
202691
157514
208849
190963
210498
205474
193185
217303
218683
183926
217492
177322
215817
188753
193577
174518
195485
191291
194454
191491
252315
209651
245693
223499
241274
209013
195639
180333
332017
244774
233935
216116
223262
222727
170855
213248
188831
148968
175463
155444
173072
214003
183755
198060
212665
229665
161432
231931
225971
219567
240780
221037
314173
199214
197399
226324
235364
248046
184297
221691
317837
183290
201124
239875
214549
18931694
16820294
14769996
12720520
10608642
8553302
6493480
4370464
2310784
6816729
4766580
2652911
605011
3722800
1663678
3312214
1197431
1091676
1320104
842642
471575
200156
205912
197578
208311
192235
192066
189809
194278
194374
192666
190302
204083
185189
194796
187270
196595
191523
204441
210240
213666
207015
207423
201656
214588
216693
188173
193775
210954
181669
194717
199885
194454
247356
234569
246601
262113
351173
204665
184106
245192
273282
405601
264618
324992
203714
304415
303856
199478
171872
397500
271297
222384
208541
208477
263555
281599
262646
230657
240120
241274
191803
209382
199946
141847
182377
257551
218336
222047
239216
243409
228966
253498
311380
358138
323631
316605
350133
146567
250510
238905
260843
187801
225918
178410
245334
246368
244785
254659
243367
251964
372386
224571
205881
240181
262039
249694
172522
217276
175800
170256
227225
247816
171503
278258
182421
197994
326147
243993
245200
212402
233654
213277
247932
279407
227792
233266
205616
181854
180217
209951
324392
261564
257396
190373
202162
302321
250531
300566
243805
299536
196147
293839
190130
256452
188857
183372
259592
232359
254509
220068
213463
193137
211522
206565
205988
210949
198278
197366
189040
196400
181415
191126
189764
193618
186447
185695
191256
180202
184737
187763
197194
187884
184353
194341
193889
184701
217537
202764
197350
218259
200096
196356
193651
191133
188296
202820
213903
200384
203923
195807
196125
197407
191846
176809
169462
207050
200975
191926
200730
201853
162093
170752
173331
219303
172661
170987
165263
173966
164641
169369
173204
178411
168199
171115
179927
165630
215342
171559
219336
230949
173740
171744
213971
167822
173049
169698
236509
229130
211355
158326
214597
209347
174341
165180
170116
223552
181322
212928
213296
205097
203248
179236
214391
211266
203195
197354
196709
195279
195480
168606
159341
238144
212426
208274
190867
164440
215178
179324
217226
180773
217564
196789
222076
164622
172470
208945
175659
209525
181675
174544
164343
177406
172148
249155
161080
215013
166516
210519
229508
218553
168973
174142
212987
209282
199420
212115
171946
191423
163752
163883
179102
225905
176359
169051
163292
167661
170822
171226
268736
265942
172127
252344
248045
256629
181660
268829
234074
209315
200701
256419
304231
273437
270990
191623
197255
198512
185157
229402
266797
328727
261597
231670
228660
186365
180596
259579
216835
183450
174130
219215
171998
284696
260490
188836
274632
184797
177818
183998
167796
231977
182277
273868
317678
256041
183192
252258
207907
315611
273007
258563
345532
174928
250916
226009
239357
187609
311723
180844
195165
218916
216110
400778
387282
348743
343554
355819
359696
459360
375812
471715
427066
414695
390272
414469
244604
224222
465196
245474
279878
270930
506256
223957
215440
290680
354594
222532
306300
443611
176865
290473
278146
215177
628204
256367
211884
287592
206351
223862
622024
629996
210521
285311
217343
599401
267358
364132
575179
438948
484055
427308
319431
421722
533574
300195
568201
444432
200296
265033
449499
400578
523217
302698
449917
264508
270607
375408
305148
217590
260088
242759
202924
520354
459370
401976
329526
219365
376061
472581
405637
324719
406373
397374
380741
334366
367460
300036
315201
166489
371816
288261
240553
163633
232817
336853
242142
244910
306430
248806
245882
252625
205651
189454
238140
279848
254974
256941
251301
256988
282662
217903
259125
238228
242145
263283
256050
259110
169675
214483
152592
155908
163625
276453
228883
223281
163632
20521267
18445552
16334046
14291306
12243577
10127642
8052870
5961566
3838513
1760593
10112316
8058564
5945251
3870574
1792633
3375188
1261272
1374699
1276103
503733
275038
169221
187187
250087
199821
219857
199937
176220
160241
169964
180983
219088
261456
168395
159947
199970
167989
150101
225173
171791
214874
162991
171481
230742
160492
159239
229201
147654
155302
206710
176303
216937
206932
221563
268677
218166
215314
198537
161310
212076
175158
170947
257808
194009
213605
207938
178176
258935
280588
266726
185871
271974
289834
235370
223283
191194
201597
160707
211172
261864
196848
241941
224578
260424
197194
190089
309228
192017
272199
180169
250461
296291
217346
177729
288254
175170
195987
230271
287767
196764
211603
246546
185803
221554
181490
214113
191192
204240
255670
172509
257947
173972
224016
301986
261233
172976
178246
220697
230656
221729
216153
215535
224174
223914
172754
181894
184117
168191
179005
171462
175322
175799
184468
171090
184070
214036
217492
217040
214264
216879
174854
174621
227191
221997
176716
216703
216655
215977
166662
175008
184481
175619
177702
176042
174579
173696
176204
182324
226433
211800
206607
213523
208032
210678
173735
180728
230937
228268
230598
180459
217402
177847
173417
171753
184065
180441
187311
214929
213195
206822
221072
175746
228300
248791
212418
213392
213682
212272
215290
215523
215072
257958
271798
272771
172842
173688
176346
216455
266232
179032
219481
218577
178966
178822
171439
176264
183082
184586
175214
177451
181271
218626
321707
302843
339948
176532
255011
271861
208899
205491
180582
175512
181692
173601
174421
224234
288008
251569
262239
199505
176465
213230
305435
271880
170412
297456
249847
149833
292614
235612
280790
300870
285404
280514
190218
278782
285198
262912
293825
225014
249527
266322
233142
213422
210944
188605
188208
226202
240274
231824
187720
249255
186058
175938
228307
178190
225563
177223
185319
174214
241417
216772
240265
222927
233161
243030
182018
224791
184272
233704
162085
221342
227875
210757
184465
172987
235292
204011
213634
223863
214485
272506
231727
182111
220227
230784
185067
169122
249856
242609
194167
174569
183798
243592
211154
212178
199239
224063
227292
220708
231179
215246
216926
219684
220238
174822
186063
185297
224824
219313
162222
178967
216060
214147
213540
225826
181982
172777
223377
173399
173337
177142
182551
174430
179759
177191
170648
171871
169092
170666
164845
173260
197199
175036
175121
232762
182914
215537
170306
175810
245326
177146
189127
299949
259626
293030
222563
184636
213880
274614
319358
252004
224797
172307
208048
168260
322464
194117
245962
244495
304775
231743
225940
215699
309164
295281
276000
208123
264876
275129
187223
246865
187371
203797
222659
200369
202076
260383
225326
283013
283394
334317
219924
214103
201705
210820
256528
189131
261175
359878
195276
248236
240864
224993
268670
270662
245019
269927
341150
301901
276297
323057
357815
331591
272493
300006
354454
350809
367902
349874
384100
383981
389787
375526
396642
312316
378508
244411
280699
395600
245508
179596
552185
178213
311895
396600
347923
246083
191263
301222
327561
274380
541450
256128
262519
281704
262375
259726
267057
526043
253425
473684
242218
181949
213174
224884
209566
563322
529008
486345
587216
540107
509101
531551
542923
517996
512141
291813
377714
363161
303030
305765
285495
307315
342927
582214
308403
303090
301104
257266
345539
352985
271954
405915
500674
302604
438380
460094
195785
347766
379765
195271
203895
339439
446343
204025
395471
24386886
22264527
20206396
18150489
16036590
13976188
11903248
9788029
7748210
5696524
3584041
1528614
9896196
7774307
5719867
3673295
1563463
3131951
1017940
1372824
938005
255997
384259
429807
569189
315347
422655
363979
238114
288097
328092
319449
496527
261868
462749
195121
458823
555306
180026
186849
261254
244933
309916
329035
320044
339164
315767
338914
362629
311598
372986
414455
327593
222169
322820
384317
280664
186937
391259
222069
407670
176195
455693
225177
376243
366121
270697
362230
369243
312720
360171
420275
401303
342875
348055
305619
319711
375571
431625
182623
288349
193087
261605
353680
313462
300391
294644
228820
191019
232437
301056
303822
291436
252802
307318
365889
317194
181839
294398
272152
242586
247183
278784
226189
354466
209841
198510
246316
258321
208771
196055
196228
181633
672379
311622
257670
175034
354547
255845
188830
213415
252816
208303
248897
176089
320794
368838
208364
377123
219854
270267
359351
174194
194452
212059
289398
196986
260800
284022
203907
204341
274777
217218
207547
224961
236449
242018
199448
199095
208473
320847
191100
205368
166045
205190
253809
254176
207857
268834
263633
174586
179345
205028
227662
179233
185656
175269
180060
182888
176172
184637
170351
197199
199770
183705
173596
183832
189307
191208
185380
185384
195391
183586
176063
181306
187428
185187
189365
174097
199795
175663
182719
179811
182159
195059
187519
181105
194249
177181
177604
180115
176725
177432
176857
184510
187883
177757
179190
183060
176886
181604
176780
188567
224388
208054
206041
201186
214441
215225
233128
223173
222594
212386
214287
212570
215193
214348
222306
218943
218777
223329
210798
212558
210641
217365
175753
226164
224909
211531
216471
217969
225161
174679
183725
187320
270785
229582
224219
176354
223092
228029
173884
175068
235283
221661
180386
213484
210915
180923
223955
177102
225035
222056
173725
178657
174373
173104
220944
221674
188353
178754
219189
228092
218305
177688
177285
172021
185379
218800
285082
268637
261394
254664
281935
253297
266897
212643
208774
191732
198944
200067
286689
201034
209666
253714
315214
300203
287435
173254
187034
178130
220980
179140
310916
248240
272331
275292
262597
307572
212471
288201
149222
246744
260556
210116
269976
193273
231107
218902
185484
228417
218860
249120
191679
208807
245393
173376
225555
176176
186598
224449
174907
232836
173221
216254
155630
231676
179572
238823
179361
241733
190340
222260
175269
177652
221406
231512
189550
186704
187062
228922
258578
181452
213174
269745
196858
193696
273492
218075
248278
251872
307581
197071
237532
260631
236741
209018
243037
227428
176150
237767
272293
171203
228825
184761
176033
265530
183974
261317
171233
179137
180095
177378
255907
292334
211385
282354
181594
169753
194792
258720
208336
204744
229093
220790
204018
193654
235439
193479
158284
253504
210473
175993
155718
226126
218391
199657
198690
223994
191434
224023
177826
197756
185142
180402
214958
172066
173135
174928
251097
211897
220033
268727
235006
171947
255839
235655
183604
307329
218819
268895
175262
181059
163150
152989
181403
190596
203674
276034
187681
246972
383601
266550
280290
195603
423543
316009
208079
242426
333079
286417
314309
252647
232444
332174
263712
255550
319995
257826
379552
387089
213502
316268
378688
367525
198163
308277
326162
413689
290093
316927
384544
328054
244901
267444
212568
269004
344449
324875
285380
311574
299997
326122
293801
194767
210714
192874
184133
385808
296939
242826
248382
332387
280586
327056
257774
263601
19431919
17381920
15266935
13219324
11154818
9031786
6956888
4879906
2825421
7795714
5682435
3640413
1579500
4452866
2337347
288004
2603525
488517
1536520
705511
712465
294397
194212
183334
169259
205152
203984
183064
213400
205315
212466
189487
347896
197451
196613
172866
226234
174438
186836
269266
324374
265529
183139
304336
301181
243081
296777
311003
169450
217961
240570
293852
329810
295979
300434
299457
255610
264958
307272
331401
243914
180549
217243
255067
318579
252427
240963
221313
194835
175041
167725
170774
179934
172651
170029
168989
183122
176418
169504
205203
229074
153047
215073
182744
203837
193423
216219
241862
216310
174544
7332805
246082
258177
232167
215401
195152
288999
263130
246033
194604
249194
287285
259085
288471
266376
230540
263949
251660
255201
200836
187261
247841
271698
249386
257007
232764
199542
309603
298827
350803
197391
258796
200320
203610
283445
321037
250828
214158
261186
293846
202260
295680
187545
295629
254959
242398
262096
199888
237247
272303
216290
254735
191191
266960
224559
273112
204476
287655
274520
235242
224360
203237
216984
198098
187773
206312
199292
200614
199586
203439
196358
198217
198592
212933
200051
288948
195469
207136
208750
206239
234220
203317
192177
189580
181760
228490
190159
219867
224931
245603
232663
236723
261728
281119
201321
197010
229631
242003
231235
186696
261074
186074
189332
221992
239258
252356
214375
218476
204684
193485
212152
204755
195550
202155
193438
210093
195216
248379
199244
198216
196864
194844
221808
202292
179412
201611
197926
206865
200505
200602
195136
197821
188919
252957
203228
235495
215916
242483
211626
243366
225527
210859
174258
192028
198037
200123
194067
228205
186469
205234
187671
212990
177664
198571
198892
186146
179779
212511
193037
202992
192719
221526
207615
209417
181249
204736
239305
203611
195983
218686
199862
213281
205540
196821
204957
213519
203035
250008
248343
182047
222618
217436
210198
211065
233369
245220
202023
248180
236660
191434
217525
173193
190893
206850
187272
201648
215262
205186
276136
195548
220798
179858
215126
183046
193990
206623
209843
215979
226303
196066
241880
232679
246179
207711
278086
188973
255950
197815
195435
203268
249340
256471
195761
210676
237267
250741
264346
257411
196045
208910
258437
293971
269076
267402
253121
247404
279372
252298
316629
231096
202420
256115
252241
294041
200370
213025
214461
225388
206417
227517
271282
208254
288039
263242
201623
269081
222115
216960
256040
215484
266321
221863
239387
202936
260812
310748
306776
275308
276461
261838
298264
290661
317410
286490
319366
317994
306971
385083
358388
261474
355608
437980
162888
249161
413344
235008
195107
412509
444881
424516
287673
294521
190278
410119
410079
375433
233316
258632
293899
284486
187850
327611
338346
379724
315771
373571
310513
424586
486512
474323
340658
364866
332238
377415
478837
327932
428564
501815
331938
236885
184199
329635
266830
209044
250488
301802
373705
453160
318938
307754
319180
335793
294059
356629
338351
237982
232246
197838
238210
164474
285932
171744
168814
162710
158579
274506
286829
288665
316037
158516
270218
212083
254158
197079
201892
236336
268022
248801
187892
191732
216233
300390
208023
203745
219004
163543
225035
201220
201510
250650
230844
230902
239124
178720
203799
200724
174794
263021
231784
174076
208990
193157
170446
236758
221476
205221
199385
210291
193865
225105
203806
212876
160583
167264
154538
193561
199965
206890
191043
196935
204837
199794
235034
201260
194826
222618
215508
226445
20662660
18548103
16507358
14460663
12350516
10305351
8242283
6131264
4066009
1992561
9992056
7879940
5864858
3826394
1710631
3253140
1138049
1584657
681206
359144
310525
199235
153440
154335
297692
165429
162306
279945
170670
224366
243983
244705
182284
171498
193551
259599
217683
263350
187186
259827
195035
255177
189112
264236
183294
197823
239599
179393
263185
179998
158805
178846
182500
144255
155075
160610
226221
277249
237644
190406
267171
178493
177730
184295
181064
163133
277947
231358
152503
151421
167556
158292
155579
152009
183003
170894
165936
179736
168176
171266
165534
167702
157147
165020
167722
165482
176088
159337
227369
157546
166285
169462
183843
163022
177421
165807
166821
165490
167710
201386
166480
198562
161049
232384
167543
252777
220001
194653
197730
186704
238494
236822
170866
176810
174772
229741
179792
187219
228430
179268
190541
230895
232329
307906
181471
180691
202691
186923
186976
198744
183685
280671
230630
268172
270434
231974
279862
215806
228218
278503
323584
251826
253363
268025
224194
261775
250654
174443
178289
183291
183122
214677
276749
326866
263084
327460
172320
297081
234311
280941
292226
193794
167616
179521
224508
201067
166541
321233
237358
258211
279439
225400
189046
182472
284964
299889
208437
280049
185500
276536
181869
320556
276397
266993
293029
279115
257029
270557
341454
267194
209466
270134
278613
186710
228952
219242
221028
195015
258697
202118
202220
208532
193993
193414
199625
213400
182363
182137
202110
177819
189456
195664
185975
197962
185823
149012
201225
192631
180366
251164
214099
179821
191544
180991
182140
259544
188320
248980
280434
294116
273327
210716
236237
200565
206988
207256
193991
199684
204372
266609
146762
159475
241975
197587
204617
180175
230995
274001
161808
148621
183436
300303
187572
352835
225692
327640
295201
323991
194738
344524
367178
322266
161401
320953
154319
190339
381222
365463
371287
308171
231345
352833
271063
318672
394200
174314
275174
401772
185204
357191
361035
369578
219540
348113
308567
193983
359233
209748
343303
350819
221267
292983
274821
237125
302793
248482
327231
280461
182873
230406
260637
272191
293811
321504
244584
147725
165672
150487
219120
288286
307183
292850
265587
267553
169070
292239
159045
308730
349796
223230
273336
179139
159542
222846
146092
167495
293919
147094
172402
180979
161313
170820
320184
216725
293696
153301
338227
292524
220162
220023
166666
191877
177381
168089
159570
166219
171461
174767
233312
182255
265102
198203
272537
259625
214748
253403
314192
248701
255067
204803
184487
187362
177046
178852
174990
215332
175944
248611
171802
305768
224759
169518
255019
165121
222991
220720
208419
154075
158827
149783
147284
159770
156757
150960
154446
166952
172363
158200
156310
163496
163690
171611
149947
235809
222425
169006
175834
219859
159170
152162
176305
217687
146262
214897
182150
220351
261657
268591
194344
218560
186172
172556
193368
239919
219764
185557
189485
286551
178191
235918
189067
205928
171150
230141
277006
194188
214844
185891
287313
179204
203473
311555
327470
193128
193452
223931
271805
298220
231558
367165
291699
159920
230227
398692
239959
276495
339101
222368
205681
364911
177389
371090
340787
320336
387541
413026
367253
350214
170263
343539
355441
367037
419619
403624
400484
405092
389161
316826
338852
393277
417450
185532
234998
350093
286864
329025
261300
264432
330563
265404
231490
281171
263341
253891
281129
251543
238469
166617
292633
165659
402461
307898
279109
280705
287905
341314
282840
21344529
19229221
17182775
15113789
12997494
10914757
8826138
6709916
4631241
2542953
10432304
8318368
6254314
4170367
2054403
3924101
1809163
730744
776127
800299
306970
271577
260361
264471
183042
243622
169812
200721
210931
213807
194542
186398
260876
213140
206531
339515
307246
330691
165023
351539
343108
277342
280334
230881
252495
160304
150322
228346
361548
257920
307816
285491
301977
318103
313654
345739
317848
243503
250513
256577
253224
297665
224564
212623
147772
219617
244357
340484
375955
140404
232997
338215
376133
341742
283973
256230
415088
304137
168467
151234
415550
166392
310264
315611
300793
139520
210282
200290
230095
334381
145405
347929
386101
143632
151731
224773
291950
362287
188270
231337
200709
304877
335899
137273
145470
175371
142609
247082
153543
172434
218175
211675
159827
161343
140896
148046
155675
229502
145453
221616
141473
149054
218443
159184
156521
221220
214393
155171
143449
179940
150266
197393
173722
157220
152338
161399
150991
213961
214791
157097
177172
155530
175678
157580
162722
157968
155497
241910
177018
263642
164885
181632
162205
240349
213253
186025
212865
194785
184777
171974
162778
191240
223724
176239
166316
208478
173848
255807
187081
204883
280224
199314
194375
189857
188772
223245
184708
242215
262139
258997
204945
212054
270065
238838
248469
188261
232958
214448
185471
199658
251891
289340
174851
171290
231362
168683
204001
175217
202055
216494
182076
202942
220828
199032
181373
241364
170432
227575
222126
242106
199612
226978
204926
151902
200227
261456
226924
224213
166493
230291
164464
161355
184585
251002
190791
225094
189549
214877
231800
214181
275133
177899
180276
183382
163501
222655
167062
191730
169707
182117
283058
276498
274285
279970
239516
235300
172151
194874
194973
138139
199563
149077
264271
193786
217703
183412
201044
184528
246194
237736
212925
205601
201871
210789
211468
206935
243590
256328
242757
150048
159750
238235
148274
156666
248560
140493
149760
149179
166265
150970
146482
149520
244153
218195
159724
271967
277059
171834
177973
287823
208166
277898
253283
242122
251032
291450
290836
305325
200386
244253
166896
310372
268748
245154
197025
213347
310927
219370
173475
274577
248764
262380
238960
256561
292820
287610
311535
321669
180502
293925
321379
164686
314947
307082
270904
181348
266134
282466
195017
218193
214917
150846
210398
209355
149526
164830
164483
251853
196721
238649
189083
156619
221114
162984
178699
193337
241479
214840
214372
167838
235740
198545
239966
163405
188121
155110
214154
151058
158855
214517
222638
217470
215000
151580
151301
223464
236231
217353
147510
162460
201189
150085
207309
158201
166878
141335
204470
144877
161275
152948
162638
151305
222140
154652
168429
158407
157035
154296
212352
157469
157491
164025
167610
161840
154417
159488
154004
161385
150728
150151
153108
157497
156642
152532
167679
165920
150757
228671
149044
173294
149790
179925
151512
158669
162648
169156
164991
176455
159717
160286
166843
162000
156786
162782
156521
164944
156248
171960
153120
160653
161062
167048
153006
172375
178083
173148
161916
163506
173634
170020
170122
219443
220396
155388
217485
160662
152836
171715
164417
162045
176518
173115
176738
176473
156652
170462
178314
181023
234445
207259
173757
177099
226375
172479
195469
244586
170345
237360
194905
224459
251408
184006
206068
200402
309361
174244
239019
149105
184568
281899
173559
147106
333352
225702
326313
171143
336604
279817
246961
215529
230186
320021
448524
419125
419163
405069
411874
23349258
21234615
19195224
17158398
15043408
12989977
10925610
8808742
6747119
4673249
2556165
10524979
8410657
6369960
4313561
2198487
2102789
2393219
277717
309454
391008
291834
332812
317384
369966
581940
162046
371258
349509
151679
158841
636427
648413
265871
259172
177470
365197
521245
402618
248762
314063
240978
210895
235934
533358
430309
491038
239630
571305
310773
419691
348290
355593
309063
280135
419035
245097
454281
286045
261384
258493
263727
360601
291318
449993
396387
338172
152373
371193
249060
410773
432099
184652
302795
370185
232239
482537
153630
239322
220078
424105
249488
207054
155617
305730
258222
173807
299481
273108
175324
423579
225279
331276
239523
469802
262377
193039
210139
225602
161037
323127
369238
309680
370164
170898
297765
322253
299046
338323
370266
206865
212171
218871
282605
302262
333477
307698
385375
292499
424279
367265
448248
242956
300488
290922
328053
343319
353969
392698
160501
169635
317146
312295
226570
251010
221258
315006
145285
260320
230927
283813
151575
283841
258115
275390
276703
290535
167493
157312
171955
175811
288228
229697
159650
168120
170708
156485
159887
309873
227053
261288
159674
237335
170815
260674
393333
208315
393203
392886
164811
381086
389435
310985
388205
300432
261908
268851
219079
170274
194942
344425
223975
241801
423920
298457
287559
239298
327164
186374
384215
241748
373085
192253
190397
423708
340959
179279
241934
372419
331827
287750
245945
183147
416338
290110
321541
201081
315559
175696
371694
304698
540831
313935
251329
265544
433082
433611
274443
313530
596600
286263
319877
326272
332895
181030
511596
399867
346382
520243
485633
371266
589054
238579
507607
514033
287536
356640
237399
456563
406789
312469
458137
502043
172551
187877
252460
215354
186171
176777
264209
181996
452896
460263
429271
230754
419615
313931
309537
244712
376897
255234
345424
518598
279945
417617
351625
407011
460970
308121
372680
212507
354744
280542
267658
377863
243421
243527
376777
198846
199889
243962
250524
267381
192432
387412
213374
247621
360944
324611
328891
269540
382843
291477
419502
342461
209967
383777
446294
255451
400173
226280
189767
220126
221131
199375
187582
220160
222298
227233
173352
224374
357321
225680
213685
258099
305992
268674
227480
336038
278390
185747
174412
173102
176562
308522
274229
256143
173768
218244
171431
207052
221614
177529
181501
223622
248701
215364
268407
302647
264485
172362
184502
218199
256742
258359
303241
175277
178595
170324
257784
296874
291588
170440
216813
180319
222732
173751
177381
303762
172548
301421
166869
176956
176009
304322
289315
206054
256759
279022
233131
293371
250357
196546
177587
371900
267361
184691
236633
255777
241481
319229
199376
210229
276654
276037
244756
241146
267083
216378
251214
209002
262241
196871
198967
238602
201427
222308
228986
214953
271201
167203
216168
253768
261312
281273
270698
233882
268099
169071
256095
174338
219695
173224
248107
262043
216916
182842
285847
223588
247198
260629
231532
213854
283286
173109
189608
170685
170834
219187
222655
290899
223432
219891
175962
172847
222676
328056
184025
168822
299264
264391
168819
175569
259582
223545
283103
364563
311247
251406
354768
306891
323379
177122
162566
359592
308187
218630
323975
277082
312123
241089
162281
358179
343110
346980
307727
209562
213327
164072
268464
276685
182353
305919
355020
259632
176454
172529
278598
415497
410252
179357
167821
171513
176007
178736
209125
250631
173715
211257
170739
324858
220747
174727
173556
243414
374397
210868
25652728
23602476
21487639
19444939
17380397
15256775
13190032
11136062
9024133
6954038
4889316
2774560
715151
6427754
4305599
2253552
1372748
1868917
1202758
897137
218814
401291
184110
181231
230949
157165
227942
206531
179994
220287
207953
271603
225808
331125
417666
222909
207206
329775
294616
189300
173478
222182
272992
176616
176593
262036
269695
295095
300824
296422
297667
230090
189924
300399
390518
243127
362532
439855
357166
242647
300471
299483
209958
333064
192379
384313
208248
318676
219560
180387
272904
322114
335112
211777
187531
252540
194595
294465
164129
150500
181399
169437
178176
169402
182541
188804
281115
185840
177118
271763
274254
195841
180398
164202
297739
268936
227329
294863
234407
355282
172949
267084
184017
218772
225386
261977
201435
274458
316171
238009
311595
208482
233835
212839
295263
422450
268739
220053
312239
217403
196045
359874
297783
215286
199510
226459
225069
190648
202540
216410
191718
179277
227259
207437
209048
177805
191359
208002
186328
199934
180181
192846
175825
182708
188214
180099
218210
183525
176854
231197
200385
173554
167022
178813
169886
240854
215873
203722
188106
165395
178499
209322
203799
167866
194953
203023
178784
194706
210278
180544
201759
189891
178609
214804
217244
190924
171669
194085
177393
184547
182877
191674
212032
214323
242414
215219
208159
238659
215079
377768
184607
200197
177522
171796
238675
171691
189162
201005
216411
184642
199631
184728
193924
177407
174110
183736
181831
206678
180322
178430
183710
183065
187044
194327
181477
198173
190277
208854
179238
185274
211014
241594
204056
224653
234235
252816
211127
235462
296888
219739
291476
213746
336803
224125
239765
175660
172473
180482
189332
185529
177886
181795
230072
227352
232883
229922
224305
195908
225065
212508
223814
217229
214441
211309
206402
200361
226681
208806
188852
201571
223549
229069
200415
181760
219661
217634
241083
226335
264621
241660
226760
219177
255639
185776
199390
226606
231672
279041
217840
178654
264864
283250
256262
188738
207123
234018
187041
244446
242110
210685
201633
208516
244337
213787
204245
159964
230452
176330
287075
180716
177147
202405
199291
234871
183346
184694
182366
197120
196445
203663
194473
181983
201110
243211
201143
235258
204938
204259
196456
207364
204966
165408
211959
190314
190012
181592
203501
184161
197075
182682
175530
180686
202631
186710
185504
189751
192354
179025
190640
180047
178330
203706
196148
181875
193853
184122
193485
176832
180435
189059
176751
207851
179449
175121
180632
187862
184464
208565
173712
183953
177366
184694
187822
190025
190821
196733
189960
192339
185032
190181
177847
176502
188664
190804
174964
226012
191264
190219
200840
184673
191643
206072
190796
197223
216964
192691
163182
198950
211927
192534
216537
218276
179193
162315
248145
188770
249902
188031
164989
180745
178016
167722
166165
167618
179017
193758
171870
207955
184815
178660
185187
179596
174177
187401
202512
169286
166211
197600
183903
180044
170196
179091
266941
177930
186215
229217
236129
175306
182149
230921
188845
202016
210707
216468
207169
220915
212972
208136
220185
202058
211022
255300
248002
246907
183278
253109
241239
240725
284634
278417
245474
252598
245843
251550
199553
196529
232574
203212
200225
186413
197503
202893
190784
248037
237010
241655
196186
245996
194689
267548
170355
174389
170530
172186
189881
184531
172384
188188
178032
183244
188230
193408
172783
224080
174087
188028
181646
189226
189761
172720
177628
170228
173316
183165
187659
176641
180358
198234
20831056
18715210
16680877
14619870
12499357
10447081
8386396
6272981
4210602
2136462
11426434
9313596
7264937
5212472
3099582
1054784
2541227
420739
357859
764804
194135
170769
187968
181633
193781
191614
161510
190085
182378
185061
199433
187563
176792
181502
254668
227158
248042
189895
193128
258133
266478
198411
223372
204045
185559
221902
245776
194045
235248
240280
192223
200523
216313
189962
226375
220770
192000
192157
191774
207582
166015
200346
169999
195607
187675
191811
180522
237702
187099
153608
182048
174478
173644
182711
192856
174509
209124
170406
183842
196312
197525
203529
199906
213901
198566
192074
257702
244662
243277
195764
179102
249135
181411
162732
183532
193044
174789
174414
175679
179989
193597
182388
227236
166616
203564
223780
158476
192256
197441
205226
196505
198888
193883
179827
180218
180522
173270
196413
185576
178048
179409
172411
198054
186110
174554
180299
210074
203081
185767
205561
202830
204177
209674
235939
204899
171939
232865
226987
211135
251276
303131
164260
173245
178755
189996
247217
180088
205050
230002
196139
215308
321579
162579
168450
291148
302566
177399
188329
326304
343344
313334
252699
175037
312266
305912
184830
283279
228271
151448
289919
214018
268450
263747
183103
281656
227715
206497
226028
207045
211308
218503
202252
195407
190196
195612
196641
206107
192684
188900
173317
191894
184078
178709
185024
208739
193752
192485
177949
179637
187399
190114
174339
190607
190462
216647
202431
181369
181433
182542
179837
221141
194864
224988
173707
178286
197614
179337
196465
187275
192277
163992
172102
185500
187008
165423
190764
185481
192556
199029
179667
172973
186857
209603
183478
183255
181962
189501
180708
203802
189223
186559
183028
439603
274115
195155
174476
177166
186608
187821
175571
186052
191745
216271
174265
177061
175337
186827
169168
188109
183471
199079
180794
191108
184049
180571
189690
181900
189117
179361
188354
168253
181210
182904
179661
156066
191785
178222
192206
190831
180634
177401
190575
172782
195238
184261
191094
182000
196691
188039
176659
195052
186563
173269
176072
174554
169206
172483
219630
174529
209671
218296
201483
204633
191716
189800
182766
189755
188327
173483
182680
177503
199844
177545
184748
179119
180533
190018
180319
184669
194750
188269
184211
187577
182961
165920
178560
183081
170664
187522
182277
163464
184814
176368
177833
168857
178113
192209
176926
187349
208254
193747
170762
190059
173423
180190
181590
180078
181735
183850
174380
191052
179449
187687
185944
179781
197553
226626
170080
194537
204619
227229
229829
231875
252296
228584
249392
248605
254673
171336
205790
170767
236476
254202
192555
265447
192069
181104
184285
226654
198512
247457
207034
185438
180304
205044
196039
199481
218326
200030
179344
172551
206238
176084
205022
190886
181654
179507
177550
185447
182827
182291
207207
212928
179613
174523
181622
190420
156307
196790
165146
179539
192447
195392
177588
178285
188931
183299
179642
185530
197230
182709
193854
195560
178610
186056
192044
198152
203853
175256
182850
191761
205920
214388
199065
212123
211208
185124
196380
172680
192055
184144
195243
215336
217507
227549
177772
216510
216778
214636
207986
246439
243165
175784
253877
182840
228404
258096
226734
222929
237435
213745
256363
254395
226565
241969
172930
251179
248344
175457
203930
191438
173016
299761
170967
257461
293145
267476
235550
276748
272519
282022
264816
270752
232434
257245
216816
221069
199308
223584
224021
178454
274507
221109
229504
295398
306434
226962
19722807
17609498
15558604
13497396
11382524
9321243
7254594
5139257
3084253
1013673
10875156
8751468
6703559
4656732
2544278
503786
1787200
1036416
775482
559646
303702
305360
210590
219729
252661
292007
225185
216505
336572
305512
308651
305854
296744
308426
175750
300202
334582
311299
310417
290458
303387
267727
191632
306142
240506
215338
307082
321185
330374
191740
208434
326504
174199
196130
320272
350417
318659
215768
152295
258759
248808
190982
172257
333318
325999
225857
260482
361666
204314
318098
312076
192543
334388
234094
338904
341261
337369
330895
319626
309715
361300
365764
391756
365279
308425
337604
351081
335198
355168
236079
265509
302914
216165
201788
351439
395737
252012
243943
308530
203518
392328
215553
247660
300540
203253
291168
302520
254312
301261
293750
308557
315309
341728
208579
362265
369041
283430
349291
325252
290701
293419
357203
304827
332659
335066
331178
339888
259415
355186
369008
383893
315176
367818
300864
192249
334855
327008
282233
186955
292062
247621
223730
264573
250159
255587
244281
323819
193648
206594
204545
297635
230281
252865
277038
318011
267472
236091
269449
269870
225059
184448
213148
213377
267461
219529
222886
222438
202546
221988
231439
219525
247999
204552
246800
235415
158142
199552
164643
353757
186487
212981
214219
194736
190509
177300
209215
218497
210363
185576
222181
171920
240913
169097
189941
187611
191845
231876
179033
211335
221483
210682
211643
219770
225327
205172
174916
202912
206847
192916
209339
216747
208896
219611
185710
182780
198849
188771
203046
196077
184003
184965
179608
186443
208283
180028
183561
187335
172067
182405
212557
192063
182588
190720
171768
201894
184839
177359
183361
199879
183592
184576
186466
195949
203325
178050
195281
176313
234873
243849
175345
249915
217250
144540
237295
174949
219496
170586
209195
220841
213879
159854
189458
206090
204086
201367
182605
188579
199306
201221
180175
187487
200765
171104
196799
171828
198827
145554
186013
172830
189497
184682
162919
198077
198178
199822
180836
163668
188093
195054
183664
218864
199993
184187
209916
189983
202419
176548
199150
181813
200539
162221
196380
180032
199626
172670
192351
192158
193137
186630
176190
170143
196125
174527
164081
204477
191683
207253
178439
186030
184442
174006
191471
189479
227058
167362
188692
167506
181654
190306
194240
185930
193732
171569
179769
178877
193618
181145
180961
204977
199869
205397
202556
203140
205715
213134
204895
198907
188281
183626
188506
180675
198965
182639
196034
192560
184998
193633
203275
185579
188419
194687
171254
224929
189204
167932
183420
197223
154985
202546
171325
202968
192600
185149
169896
195174
176634
175898
197161
189018
187961
169092
184104
172650
178929
162540
194994
163598
171760
186969
175933
176413
176233
199524
194816
208572
193567
200840
199343
205250
212794
230405
232738
213004
168389
180760
177066
191118
176101
181085
170759
194930
178549
185135
184071
187954
183585
184457
180699
202882
184704
180957
184764
185662
186428
162375
174371
185070
182025
190986
173169
186719
196795
161263
167295
176598
180709
173894
163662
178690
170212
181567
185337
187717
188534
172143
169923
182768
177534
223762
178900
202306
200344
173551
202538
170431
189861
219095
208131
201389
183362
180108
189778
175999
184645
185899
219905
217954
227361
174133
205064
232136
242572
214630
264896
240184
165725
213448
234939
181275
234998
226254
221362
232129
233036
245766
240635
203783
198830
245385
181945
266776
216181
221929
229855
235881
215912
226459
25492861
23380673
21329184
19264776
17149991
15069568
12974736
10906959
8793137
6757399
4690095
2575630
8211680
6101106
4038110
1958222
1787421
1974496
1085950
1193913
886139
294160
200100
229763
213907
285397
246559
263619
238246
235504
225260
269104
234897
279831
286154
233657
267501
185694
319080
264121
322654
362722
370303
295153
227295
331145
323200
344401
369531
261930
277656
422613
350225
356352
353362
306372
342973
227850
219412
280366
330923
298086
325730
242774
292635
244332
312541
298970
278730
234480
361564
316516
293197
189969
248645
334754
240709
312418
304120
496437
237275
240373
283172
379665
200896
285280
312073
309615
318935
265147
299884
294019
438307
433486
257812
191213
250243
315892
301795
240920
144796
289623
466099
169907
175008
284109
461766
319528
195492
257358
328162
383419
326875
250742
292579
372752
352108
204150
283985
178481
384099
197153
294610
182237
228234
257683
314221
287968
316225
313813
291009
327504
324133
302710
292930
311584
343378
266599
257241
359783
367887
236978
212400
214163
317592
316442
206730
223661
312672
221434
169418
183126
224531
203792
168315
372512
209328
174472
192206
202629
285382
214805
229541
230785
201854
252727
194862
312400
241809
190700
171676
298221
191816
229760
290164
216874
232975
234224
185566
186622
214466
191175
184404
185198
195960
193621
190415
177433
157218
192252
167545
174719
178521
183659
159088
204135
197957
175251
184012
156022
220347
183092
168330
181543
208924
159773
165022
215272
180782
193617
166990
190997
196565
166224
187396
198712
175777
210442
201615
171431
200996
176350
193285
196437
182526
193709
244377
245811
219281
202623
218983
182957
215370
211551
234139
214112
173369
195028
212728
182892
211001
210720
171930
197267
204855
195505
179199
182402
165046
186936
181120
191067
170184
195189
203783
188719
178648
208259
183457
179424
203516
180541
193040
191806
183594
184097
178192
181700
192776
182674
180627
189933
172075
197077
181205
187666
207201
201827
181239
196525
203346
153151
176464
166704
178937
197493
187569
194207
169356
171483
200527
164124
184293
212553
167239
183271
178627
199225
171723
170570
193866
199225
168520
178960
187392
196468
171974
178526
186712
182210
186303
193600
187474
185819
176050
174158
179312
183214
184276
186074
203209
192115
177685
176984
187213
197242
192792
211906
190373
207533
183698
193220
228351
213809
213402
275650
230302
232332
334633
206519
240810
196986
243333
246003
239609
249675
265952
234260
204373
256434
203382
257668
188815
167568
254479
168165
161339
305307
177349
344126
239625
300762
189466
180711
202438
184845
196600
187255
172953
195506
189488
178571
195331
180527
190451
174432
178557
193893
197145
179925
187623
176076
196462
172365
194733
194610
171972
181123
183518
174963
184088
175760
180316
