2671278425
322654
241000
238349
368222
415406
588537
196711
338974
349569
489018
350483
445728
338026
457777
742372
619292
190786
789307
699055
700513
687099
191845
492876
643616
446657
725125
533056
628201
672060
196309
518238
637602
289670
778385
241110
314045
692064
347166
635074
337682
335526
206403
370832
415963
312228
448729
277988
200600
707561
676128
785034
734606
788526
741999
658641
822053
614686
633815
373474
737345
371833
425155
536324
475670
556716
601595
590978
565880
475088
455728
604044
647446
703759
710918
590994
637168
217680
879604
218541
948066
741117
190751
890506
813063
945776
754718
198536
827247
933085
642869
897999
206811
367997
192227
870118
323902
202119
298190
173089
963320
309963
273866
819349
798280
503398
278112
251517
266255
333350
329741
313282
198691
205253
928684
618029
930833
914144
191931
203132
182788
162550
187470
194788
292618
578712
307124
382208
860870
562074
895451
560122
476320
322749
325479
325658
582517
615059
346326
625466
756188
615515
615500
624792
650780
576342
325526
306347
525262
294179
233788
530700
223908
287392
232685
282248
479795
440074
326606
287761
259943
296991
231125
294964
176964
561318
368894
387407
362106
289350
577526
583847
523402
610484
388163
207837
708341
236155
544434
281074
317017
221946
294610
463613
330716
301708
425820
302982
671163
343239
223253
226342
209657
199147
239961
536907
601898
548025
308959
670988
670611
643676
306047
314011
401937
237263
381935
396175
319201
693100
599627
316716
383026
330341
418799
644088
395123
562636
504722
306992
353035
734591
698010
691720
597330
345643
581879
573173
581138
655425
615329
27785273
25675980
23675634
21616467
19558688
17450234
15402669
13335452
11223869
9168719
7119489
5027152
2935376
871504
5658123
3545531
1503668
3541587
1460482
1110471
2588921
476394
350564
848534
543312
1135618
1010383
548371
430352
780472
630818
438970
367633
530373
441352
646329
561350
525082
223356
530476
290170
460261
461290
298586
455501
423043
194973
455117
458679
278241
435682
505700
208949
427341
215376
229356
241915
456796
219063
382019
446361
236620
223142
268989
208417
271303
209992
250493
341841
392310
291475
271868
407246
252795
446463
473669
559709
472269
273660
274336
511197
216816
695135
464356
489203
407748
354782
298983
294218
261823
458895
206768
613190
544660
481113
568634
290473
319386
274896
235475
576185
681923
671544
610039
261479
542849
444607
388279
377876
537070
333755
217250
208218
332276
332363
275384
345992
360739
340688
587341
342796
200842
313830
286829
371431
312600
340336
383089
228101
356166
224465
372493
289297
490919
218593
265916
207116
394945
381336
303604
222313
483449
481658
240301
224605
498524
224826
515019
325210
532364
519604
506087
581114
517865
469026
185641
186438
238521
214435
207505
471828
489677
195276
249816
490843
185474
380015
202640
566326
483611
334969
222572
239061
190802
557877
217414
216208
408817
295618
241146
223897
233979
516664
472085
556338
494544
438017
313628
352961
348969
450205
414010
441715
319982
302690
393543
446668
396901
435417
441688
436030
288938
261528
363632
516039
540759
464605
426442
415670
431796
315100
394274
344195
335366
419063
293006
351513
369619
262763
285646
497008
273889
270203
509946
251098
512289
487112
525689
293249
237398
320176
355151
332455
533764
191843
305576
270775
248194
308636
532115
519167
534494
272299
251606
270334
300068
350180
282244
301908
240164
282578
520757
635923
467347
464193
404059
373553
451618
276147
527682
486573
528982
558870
200553
558803
541577
200561
563416
603183
395386
384886
274462
702641
354799
341735
380139
635271
398794
661037
581987
663984
586824
579059
482387
504992
429100
568522
390427
568471
575137
200523
290429
573700
319358
474497
243002
376222
481264
280948
487906
224695
401734
473021
489207
373523
269200
371043
190203
239790
333705
344415
531689
199966
339776
446075
512309
345707
527557
374893
553547
624894
427176
442468
727412
549248
432775
205710
497662
343647
556993
281144
426654
243425
499903
523889
169055
374157
429401
444608
168835
493819
274478
428334
361391
475773
215439
490496
501336
605932
538698
502766
386518
497944
475046
617565
666207
512958
544403
507288
243412
607449
209655
396090
388766
439380
332257
342984
405384
242122
624809
810264
733742
704823
692875
650814
212393
567375
660945
577687
466307
552615
576111
557862
543588
213058
713677
591031
506596
500952
575549
211452
720433
579734
195168
575194
229565
471647
247028
395941
620854
414577
507284
477654
198920
187440
182474
601108
551018
407899
448357
464766
664934
370484
381598
372372
666165
364220
292258
316872
561311
772543
727649
680603
668500
643157
249028
290157
529272
296389
646909
637364
234870
230961
243965
251428
445396
446152
326239
243175
193833
227690
403333
235177
236984
492589
565015
327192
502838
451175
782761
164059
669699
741927
653887
484743
314242
602424
258677
226199
241761
238879
324448
302729
242616
364998
452080
456835
259193
350592
766057
289876
495158
284866
538487
274134
405646
421053
623363
350270
447795
277615
28249878
26136148
24110038
22061502
19947907
17896671
15835831
13730806
11670680
9612845
7496857
5445204
3382430
1267892
5895058
3782993
1731744
7933687
5819134
3769541
1697205
1323821
794853
1771902
1463238
799419
1326012
1153549
865792
552825
800992
444742
893930
914845
714214
746694
213766
149065
509769
316471
292838
290571
198794
362272
417298
410239
280991
265530
415500
418757
228183
161471
287120
282414
174357
279368
236088
252683
263234
323491
321639
329442
257928
328661
262588
190894
225220
214290
273043
266255
294353
262678
338079
332327
190891
236921
289596
191507
518574
245171
270375
267399
331014
323408
286446
318131
318153
224273
201050
320831
278748
278164
289698
330710
190415
237687
216442
360890
364931
185035
382039
325438
207419
238406
269215
238650
183164
215286
403262
446340
425541
413361
313352
434654
400927
193973
391346
328963
255780
466104
176484
301716
165000
415397
323933
200452
174270
310450
421625
185541
386666
397311
379045
331721
184703
406418
153074
389941
154437
289030
346211
196037
395499
392865
222993
236308
276255
235322
263320
324378
283241
274109
251099
382856
339862
248817
220511
248426
345818
243286
412224
341544
189168
379938
166173
271662
212073
204755
244310
231053
191318
290678
253805
370195
293689
355404
310900
236684
298657
259139
243439
315795
185133
262544
291637
260287
355788
222981
218734
221700
229331
259683
340154
215878
306053
269098
370036
238186
229933
237988
252458
249868
237611
228308
205853
235413
278123
212267
228407
199081
273504
211391
209752
230145
235684
278811
201533
234421
252526
459098
395260
262378
296717
242123
226334
255719
302272
258099
272343
324143
256550
254929
225537
214852
214006
222919
335226
371816
263084
179300
255273
249156
171388
248520
248040
213868
346165
220022
246154
246754
219585
240191
233118
212827
225605
291223
233519
279662
220882
316532
254098
238744
193964
243252
247038
236194
286543
304225
296897
352388
280896
289487
264507
330142
314476
299268
261380
402786
326576
208907
330079
295193
231166
276587
305128
189380
334138
256250
199712
199014
239743
237381
203966
279917
265900
292442
271081
274416
254368
196741
219210
199106
242279
219002
224877
270106
217504
274466
256811
242393
210116
234584
244471
202351
215643
332942
193584
209454
268827
268413
202347
275011
202085
256449
224526
233505
326789
276476
254378
269900
230362
263688
312817
272311
236642
275864
304604
223712
305476
358759
427858
288990
274108
269356
280570
273948
278410
408151
345410
404587
333961
396739
268942
389590
276585
509483
332387
503133
182249
404969
439417
437833
178431
407524
401353
182711
410206
328780
304834
158527
262277
386552
383328
368079
350828
396921
608534
434593
721688
706015
501682
425086
411065
370837
465562
713302
659202
559343
629597
731315
615970
498398
464166
401136
538671
506402
245185
556548
722005
609565
225164
519050
514513
794919
737836
277249
233026
496378
751643
260469
763758
427684
192441
290329
492667
777286
378075
252073
546445
629291
400514
405933
664524
319329
323972
808275
455642
493921
648341
575079
660396
207342
300577
345107
668583
663844
541113
307145
631466
405965
327426
797551
375777
263469
348628
409568
342820
315531
740624
185080
294438
376943
359986
334043
516638
296621
490905
572823
568393
653007
164165
398162
475749
397144
415300
281436
364489
519835
534513
200581
549241
262657
726599
635291
273839
566207
371167
407693
589441
602534
200915
289525
317058
599700
589278
305973
591534
609311
467679
286472
284085
19978270
17920294
15820368
13783713
11711587
9589783
7501648
5428288
3313080
1249578
19818817
17764968
15663323
13599926
11522542
9408789
7331011
5260042
3137040
1056303
3702883
1581086
1174986
1999043
1722790
1359121
304311
356979
1473095
801222
323596
191459
188470
636041
738707
372601
273628
649897
294659
249818
299347
325094
210501
563846
207684
236398
207425
658650
713285
546842
647842
545993
596428
293662
304643
216817
238725
608879
309187
683355
589494
224180
221454
213293
228802
248860
254617
433413
524819
282392
299008
320869
268561
594428
268644
247179
187969
506876
493452
439707
631749
248473
257810
252980
486378
422259
422158
454368
400533
434584
466957
413333
441550
355697
351319
465439
414491
375070
445494
464489
379943
368673
268472
355783
401382
350949
282055
412952
400525
312785
298494
595222
301189
522795
605538
313977
460876
558517
527581
546913
631624
681589
635770
620858
542066
433881
255138
345037
334516
339392
508896
497633
564511
420141
560921
403453
392542
420346
372081
423910
384975
407176
365145
321078
411518
395803
378871
390590
406088
430417
555163
472657
264168
456851
471369
476477
581037
549590
620644
265776
192167
528187
564782
245748
603024
547463
575985
235697
802624
429623
257326
214424
683003
627272
222483
573550
542942
559298
186828
245551
245970
257445
587838
596632
311318
309519
583340
607628
258114
233939
461113
260880
580402
232436
532921
515246
500989
563527
604143
580597
475355
349111
214372
481114
575982
307633
206769
213110
282235
282129
600064
168463
518342
569991
531166
616410
182300
497359
664722
459405
311177
224018
629249
582258
591151
560890
581636
537691
611157
211295
209197
180954
217635
214760
641666
668336
642282
709052
682986
541907
696605
592135
213131
744413
691823
663113
678792
192742
244459
694098
620312
372125
634065
690307
709386
324135
670193
682191
688708
654811
421419
199696
679302
716996
714228
723884
203658
218598
741075
678136
704565
258914
239932
734019
396547
211491
474652
644613
197848
734327
608169
405604
195324
696147
515774
440121
575884
577415
241054
512279
696638
616811
370610
569160
540531
630942
183231
197622
667951
249036
266531
523254
361679
583324
579831
351216
605744
583077
586925
298897
550750
591096
651432
389769
293584
617847
654342
262193
330478
288934
159469
275546
319412
367008
371550
540273
293980
7396893
5283343
3257081
1223556
4975040
2859992
809661
2250684
1419898
1126702
1622625
360863
598052
203934
518681
670340
550125
633949
326977
414859
598957
339352
443119
168799
186773
267546
216101
273162
350493
550642
399420
640132
614679
578946
202941
294877
483739
208213
382365
202141
234888
308527
324577
395545
323539
358864
379109
370486
357872
327984
330671
558224
505611
598455
472705
264932
215633
551292
277829
382819
329159
546048
557239
305547
251727
329487
316584
338292
395439
395041
381892
525730
492594
263356
519416
494403
360304
627291
369220
320579
349733
617589
246392
254637
831308
326955
188980
488426
335174
586765
315437
776239
632040
670973
743537
240778
329041
503553
356141
568685
211569
649219
748603
478929
785022
685524
700240
706627
643161
627109
621218
691550
437224
648881
214570
510508
790571
546881
250276
319269
373654
366935
460580
372385
316723
222239
324479
245372
278167
351558
209318
276851
434481
289163
536657
498335
317991
349415
265592
191206
578159
283874
500270
267788
261294
416074
569971
740425
255953
396672
217585
386838
719274
280381
172205
688146
158413
225410
578140
726708
613243
589367
634388
617033
190525
28063279
25942069
23942784
21892438
19778801
17732635
15708023
13596664
11550852
9473457
7357796
5295767
3227144
1112859
10817209
8703874
6740719
4687414
2572921
525487
2266227
2438214
368018
1945877
1223876
218670
1370779
387314
1172937
1002996
498398
217023
478391
204286
187610
520475
507286
159970
446988
170445
487495
459669
237737
513919
544485
500392
474914
464369
404794
241546
251387
465229
452487
380719
211647
202693
556759
202408
472677
185317
308362
317924
294538
269092
512932
547037
496580
294795
574347
543558
194932
567825
569958
231377
591246
676836
308004
556765
571017
729243
601332
547801
396046
202950
544451
228176
212221
286049
287790
573754
553468
303740
554747
567348
501933
582307
536881
548368
348753
588600
572637
569532
524464
514635
521455
386646
417458
471920
512384
467908
680045
585662
384408
579181
199803
548287
536134
314692
449600
248674
536809
330433
450786
348093
563169
342869
324179
331887
381489
376884
432649
313556
321035
332352
355884
432741
389442
421759
385239
280520
228561
288526
322214
365229
374932
370084
279178
315740
437287
343741
334282
297913
213014
253819
403429
409831
339997
257952
214607
380818
237463
341917
433471
219467
451219
456663
458403
469480
488168
244041
399366
441079
321048
247065
510187
339224
235656
473690
391361
471391
340144
193491
283549
510777
225859
246801
523402
202830
242456
267884
238250
256689
213778
272711
213875
210197
356240
224154
343529
291914
254210
232112
436585
384165
405251
248622
193280
447458
213041
394598
296258
240699
214337
272630
240263
246561
318220
297421
192758
210039
206666
256021
234768
476710
415225
329293
300408
213490
290084
293034
295982
353959
448041
273054
251598
217113
186743
207873
215227
227918
263592
243043
255766
239055
217663
189682
252266
215040
236636
223974
269078
229960
254488
215407
237797
343739
337358
215318
217817
235474
205973
255542
218586
241737
241385
358552
243473
221108
403548
151811
378256
249899
238416
257751
359348
357305
246471
362618
222183
256279
234327
259114
222174
242955
218029
221459
223599
261259
229849
237505
218225
224816
203734
253358
261863
254815
252440
254306
301907
467253
261647
362992
190964
310096
240314
209191
201751
226650
258752
286261
189210
199552
204120
210976
185503
354186
230704
292363
216707
325767
357021
322116
220939
241186
202466
179246
193244
281025
211604
200601
232147
216418
221643
245324
218665
244563
221721
222729
220875
205307
229937
204663
247994
229839
215724
225327
207990
243088
240843
213074
231056
233206
235330
200845
196719
213843
206888
205738
218391
234818
308886
237425
331831
226742
198336
218776
211088
229878
308108
198492
243010
221796
228007
247644
215792
274747
232340
198560
189061
231687
222160
232490
228862
293556
258638
275398
237038
224646
244647
232539
283548
260322
234662
341658
335081
261365
223132
241915
210862
258243
235657
267258
292988
314654
266718
215972
259464
233882
213433
462110
230241
283021
270338
238160
268093
182015
414533
477177
382203
178870
344599
271100
263892
397440
281351
352711
348365
268469
295673
257064
435106
269564
239911
210101
390753
380694
351208
167285
265027
436369
320492
233994
230658
228369
234983
234452
213547
497544
555588
507870
549641
222142
490362
479631
470929
309253
422710
540885
524386
529049
540263
534098
436473
259233
562469
190946
441103
560035
510995
287079
506720
439437
395117
263938
506004
526023
513487
302921
193649
255712
510232
515791
522360
589540
463410
432128
223001
183517
518780
578382
194184
451996
24585873
22486678
20468630
18415815
16302324
14245895
12182907
10068493
8016857
5969240
3855277
1805142
12650349
10528652
8484206
6445515
4331652
2301750
3698942
1640274
3242154
1171955
1690959
1642119
733814
1025016
631359
437331
1179903
255897
902099
207451
644084
444356
792468
249629
719761
676345
189436
252193
518493
544277
537270
740971
682001
502615
624454
224531
628706
590854
675524
625730
594501
181402
208893
183825
491676
281376
364240
675636
194991
199898
185109
176495
175487
258467
242157
553069
204663
244327
197171
290075
565569
501186
521427
267000
599985
191078
594804
481898
426653
581341
464978
561013
475507
192269
216139
515213
325558
593128
619091
540377
191002
170077
487606
164477
178308
538700
391647
439548
203140
241870
502839
422987
175635
495188
271702
178856
647578
440493
402382
445512
325518
227592
404418
386880
446101
207973
446521
427970
327396
216930
378121
425779
312607
663229
338931
248225
228756
175302
228583
238737
199529
435549
580288
529591
354277
535786
534610
308711
522669
344907
323338
347124
463831
414097
581377
381769
510694
533708
337516
552559
296257
559712
468743
531007
469262
477299
467679
444296
536803
205080
465411
479865
505628
183786
422440
496913
541651
358349
643301
615501
176272
552718
550878
569510
542326
541382
541956
560661
560699
572404
305758
219932
227831
619795
531552
605218
314874
521548
330695
221251
394278
669160
182054
313254
401256
392424
434909
552286
565721
478666
249837
193002
268732
173796
470437
422227
565447
698477
438637
537746
510768
568580
410186
367062
418204
454919
427770
402036
425446
499448
570100
415047
427485
394270
423794
501626
451204
473074
198027
183199
420946
412731
486833
174162
485341
502529
194389
224093
530969
652257
196528
527923
278743
211691
541729
502991
520167
199933
203708
622785
558147
550181
487675
533607
337614
699630
597185
222378
200147
441951
526602
305956
198410
506453
351830
641162
243943
225576
498371
592863
487380
603255
624285
272837
400312
593873
535083
225189
678037
568580
560648
496283
550744
621530
623040
278893
460837
496765
585368
563639
561994
444316
219143
190453
203616
499722
451161
473172
322313
478220
451451
513372
450130
484098
181289
211442
219684
278678
1063595
195216
414824
219412
168665
210946
222930
261707
198878
199309
192868
201600
280045
194190
224163
229141
231700
317031
189183
284573
282749
1277613
559479
455449
359034
259263
619709
639419
247981
202376
330196
540265
464567
477765
458661
263412
596138
284202
174749
264120
331954
683551
395713
467457
439531
289836
356892
189205
173139
584402
576805
500765
275220
363527
166683
167132
170642
176717
582482
164513
178097
399712
178025
809225
199694
785590
207153
212300
371387
909358
255411
403893
572229
285914
222875
524299
784495
264506
528735
690553
226443
341261
198185
173371
401908
748731
244859
403965
671737
258249
267842
692050
748311
641538
772881
539445
528141
748995
684560
597032
171854
461326
595980
632016
716658
763580
361249
856852
809844
725695
780152
165853
192359
796236
662889
763206
720603
316885
712247
829260
789861
733800
690746
651061
415384
292332
366178
489080
348520
297282
610059
587806
632736
393552
455140
443475
735980
266012
652282
751581
819407
750065
645800
373450
815518
469552
663732
522998
726750
659554
688866
460454
557106
484498
235656
586189
594836
264800
710518
398016
674279
381420
329738
746100
765295
796872
382009
214469
803260
279248
321421
604086
200887
722400
746979
251914
680603
185843
736905
700163
759398
664850
433301
428787
22468195
20355322
18347049
16288356
14174775
12150371
10079442
7971346
5930154
3874075
1759494
13718616
11606299
9589271
7522751
5408156
3347741
1272566
4324927
2211357
1974419
2089653
1887000
1705269
207491
1386615
734019
390722
353613
955898
204003
849938
849876
791185
275582
254300
733474
222577
378853
335286
774662
829704
206781
728930
251578
509471
205354
199334
593131
560648
550937
705931
534323
845934
157381
682048
728077
720005
750991
608519
544976
573505
344366
582763
544876
746293
547454
762962
542015
486950
174767
603871
613458
502288
501216
549133
169883
563114
509893
522865
521068
526742
459520
512369
549059
546800
482008
506847
557554
491436
475711
472644
452523
462751
404698
402681
459906
613940
192174
547146
551055
540411
594613
559125
567310
322007
501462
474801
475190
468301
397074
403264
463790
443192
393139
437536
440818
463604
432818
385218
389221
234686
276971
385938
323059
403764
320472
418226
346875
388969
298562
330823
349647
342475
255848
165665
584505
546711
606765
559765
631979
666360
624978
620829
175979
236959
487269
614886
191366
317808
177866
282181
234736
232312
207485
629982
206348
625712
185765
593454
700992
581840
646660
189311
354576
595516
588760
630474
249372
567986
641636
178281
652328
406959
585588
335309
299559
647909
609153
589685
605413
326267
193720
482488
158811
642427
245230
210724
581679
697877
207163
213110
596553
194052
473786
205107
548085
532583
285994
632082
549872
205594
624141
184427
695411
248332
575273
756844
189251
488162
794224
585185
577409
231366
739555
730233
583901
698009
700273
568550
697696
608496
771645
762166
831907
826296
829212
417824
664123
527707
727159
510450
297551
604179
762085
354140
460950
311456
480587
481284
279088
195008
235826
282549
534683
212422
582858
506183
226008
667237
540607
665569
590951
216111
618872
260200
620380
323221
623259
562694
575763
594474
605212
604618
575458
587519
520799
496111
308564
545807
581749
566381
385383
548637
514370
511293
527907
540396
544147
538430
237379
204026
195207
530052
483473
543881
254595
527446
545771
533917
531997
487428
534078
477808
448797
454753
457986
401515
419181
406143
174225
554941
394837
408081
175635
523740
187889
473686
204091
432130
483401
425100
521954
344608
498401
266779
488653
488609
277499
506322
292074
567809
224580
462040
311594
426521
299305
423430
550760
188024
551945
593936
522005
561147
438862
288632
492245
288249
512308
429353
564536
305839
470688
292782
546483
543796
227597
533625
459792
352356
440758
295279
514982
520816
545024
522230
512102
531314
207942
266429
388336
393059
391776
433371
465074
213131
541329
484982
469586
471616
166487
349405
169986
390094
482225
405541
419485
377487
502215
453358
489701
460267
360026
338142
290398
443515
295835
326368
289108
226172
290924
324553
552765
469743
318621
284350
303286
252656
283032
537043
387462
347505
218720
370777
228858
304003
460654
443701
236282
257402
221711
192600
228958
421800
229639
226469
398060
226472
237370
241432
288637
289774
462000
227133
312448
300687
267435
301985
461576
220534
200295
262339
347802
260383
190806
348637
215293
199516
169448
308718
355917
397350
217557
207295
444458
374921
489550
354381
310489
418155
157798
448590
362449
229369
201036
435451
477000
419586
154787
294245
641387
624658
460243
456177
223511
613849
492044
521595
494036
421475
622111
417995
643637
452331
353036
637014
531703
466934
560005
526778
665919
491386
458074
563166
605242
467627
444823
553286
352687
680931
662257
611383
658475
658509
24014515
21939978
19882625
17830670
15720934
13641728
11559990
9446178
7352870
5273796
3159044
1081398
13245429
11131266
9085733
7016247
4893920
2842632
798564
2701428
630373
2867547
759275
288362
818187
672164
1145229
756526
896078
776431
329508
224665
386045
210120
471385
589912
494054
466459
555050
477629
497841
467309
469913
567895
522657
194906
541150
614506
522539
476501
496802
510565
488658
431593
331462
446565
535398
533574
186737
221505
412096
377451
550481
625276
208095
387116
464280
314093
459549
217781
523980
496901
250931
450500
428143
257003
264052
445493
257504
452156
443309
263404
451263
249418
412348
379078
383280
392357
451875
218709
465771
442490
456469
496037
457401
198014
429837
449402
209870
430766
354351
309270
414606
455225
421505
417581
344047
422139
443115
453992
471866
460057
438740
363773
460925
467658
458114
418780
452615
464309
457315
449691
223239
351349
437222
524615
504376
461892
488095
171766
351895
505898
505581
240104
484687
356907
436332
405239
421783
306962
470322
252611
402083
345906
432766
444447
399367
239450
235359
418877
412157
507358
487926
439328
398115
459931
477332
354400
443504
326470
328903
326090
414433
500503
378338
402935
470148
479988
473997
453878
423019
196023
210253
476815
210913
325498
494306
444900
344140
354618
479078
335127
616128
442875
360741
531369
297900
205535
532944
546039
306785
410551
524402
539566
176941
158211
407683
397243
394192
263112
662183
699796
450501
179171
443598
617606
509253
231555
643882
474554
482642
485802
430498
633854
642449
494717
545458
563793
596984
552300
595726
638773
503829
684173
716256
569811
648938
684722
182629
618257
632663
673563
426480
565295
754709
288272
190149
268493
418560
658693
426848
614109
626488
612024
586118
599084
619923
695110
488571
691399
496090
566252
620867
247632
274388
516145
259290
280973
525816
294336
537675
546035
435424
722508
192329
567799
615131
735906
162035
259277
657273
705387
202455
633995
686046
564280
757175
739339
687230
601403
590859
187649
272588
688067
531579
607778
604098
586659
552149
512749
524808
631263
590382
602611
598348
599201
582788
653363
379835
231033
566352
555066
534733
544836
477237
615305
571330
546440
574318
515860
517228
697062
504711
546400
199590
586393
557582
559039
487156
555354
552046
601448
614854
190717
266589
398879
311593
781693
710196
672456
618063
597711
615386
587803
626003
636061
546732
535388
599655
203503
587566
622286
520901
197650
547750
551601
436971
183582
500761
269905
491602
492047
532000
559673
521179
519884
199904
546301
515591
200880
541087
519492
539859
496407
533239
515257
187973
549146
508082
280127
553210
462461
758402
204639
570890
312907
551138
306820
594575
505351
664499
664300
181154
190078
546599
175223
650794
174722
737595
522342
306280
863232
289288
230163
198354
415882
209759
780685
269031
470278
233585
217796
827392
240457
242583
227972
163620
166148
217175
310894
230641
809315
822534
221711
219944
247606
807326
822223
759641
153177
509209
502783
593600
174227
202451
177386
163456
688971
570573
606338
383833
643510
795938
789978
900265
802551
666654
692139
706612
835187
758130
713880
725601
719873
799190
873854
757024
324781
431106
714172
643548
789216
803381
649898
636845
679984
555253
672124
609083
557963
162792
935302
929728
508853
686918
628044
941118
689445
561023
652773
634868
248165
679809
638837
854041
178102
613029
496607
197035
721449
262037
670104
793878
783465
648805
295368
541049
566393
895918
554877
882823
483775
875167
870499
545492
21149442
19043481
17014699
14951605
12836873
10784026
8720159
6606317
4580784
2517313
12829513
10731422
8684398
6621045
4509567
2471152
7970987
5849699
3799089
1769317
632513
432903
1491788
1677378
1087014
333666
564967
1463488
203033
1050401
840067
646856
191876
587518
187510
635504
457285
232070
646096
735487
605223
926006
352771
631826
199938
837447
264244
900363
196541
454326
960499
217950
647949
685841
367560
506961
605428
910625
797331
956855
850850
1022444
723642
622723
1064996
581786
731063
809281
333890
412151
338268
740684
764250
754706
658737
514991
975014
711345
519281
709880
617392
889994
467386
642901
702229
357546
310486
528976
309499
311959
301784
301283
499407
1020552
915845
463552
425529
821814
1013719
1006681
281255
891109
414182
181705
911305
669392
864706
475219
932455
189231
651239
887369
366494
447488
241998
183504
226353
487620
491369
585306
517022
467089
505884
446667
514513
452787
338628
451900
453172
598971
445820
809701
338868
479518
495693
401450
726640
568471
716954
188042
198185
239904
640789
501105
503528
719659
711093
485767
432744
657576
320200
763423
734540
189797
766693
723025
241082
222153
412510
185228
198427
710584
747200
676434
739107
723833
713121
666338
737127
671548
608730
212476
193328
573563
630727
356638
678934
604825
352844
213112
669061
614650
671817
679279
693980
184218
204323
748778
688570
767153
184105
186798
233761
712277
286609
202372
757432
248270
622646
632022
531820
607840
298392
602930
643572
200664
188858
643208
524769
275357
287371
368372
377633
635406
356604
307699
353532
212067
345599
196299
201592
191361
379948
319511
197865
700100
463022
300057
254209
325087
314166
421751
424734
426910
191660
414562
477541
309394
180922
216966
444629
264680
418023
208090
195888
461693
418471
430638
362243
198788
400327
399011
231033
371852
389114
566185
202028
317398
188590
566242
352296
558632
327454
289127
503447
550668
500196
346674
311515
526696
263069
534052
640349
340769
432554
267369
300407
289948
221105
371972
644903
343820
383597
263129
416004
302685
223691
378730
240179
380396
273138
177406
333448
303987
287668
509057
369362
202952
299619
206705
179866
380999
383417
601087
324288
165558
463053
468803
248486
269518
294540
390238
475626
552977
603210
198296
371835
548841
471134
544138
160183
268136
428038
487754
488369
555538
558699
545510
489482
514804
443901
561363
613881
485408
172028
242789
434905
557416
171825
498625
394189
214047
553821
570778
256737
558249
257941
302423
603945
463650
611247
535670
288567
503577
485536
526907
448273
496956
502321
517522
439238
372975
409443
520341
452669
555701
616024
299214
659876
338211
224094
400114
346699
410835
627247
665250
487985
433474
191906
371163
321871
232402
396810
529197
395804
355979
418028
556472
483975
485574
488877
204315
198519
424624
564716
568368
315525
586220
440558
283612
577923
238931
480915
214760
413002
170607
488223
441015
554092
468404
328458
316278
242614
446453
199516
421181
438470
487763
325879
228292
441646
203233
406248
291745
518745
396598
394804
529748
248681
208162
248210
381426
196602
217229
535692
360965
331434
224904
202416
465688
531990
486847
481327
406881
301050
223179
326118
490055
560793
357517
537683
597896
258287
569165
483470
548225
536978
241634
481867
295177
440102
372365
479073
465744
269727
507802
368665
559667
453577
250094
473548
540061
342632
246658
367174
368115
622397
345487
605449
655437
568235
477699
371376
598692
580250
538054
630172
542182
490458
384152
618713
488714
528730
411977
20091753
17978660
15961940
13896247
11777680
9721744
7659709
5545017
3488807
1398264
16311396
14207948
12172965
10115257
8001504
6039455
3979703
1869773
5343126
3280477
1167584
3067001
1073738
1820288
195538
314342
953080
1172173
559149
1094381
684540
698320
283894
626388
817565
810531
774887
724742
688172
408301
623392
351844
333590
442469
542664
490245
451661
440326
524155
374397
499105
382371
463201
390771
405629
408882
485302
383095
333785
529397
395470
397924
504669
281320
496550
264069
353918
466688
258541
560319
441607
480001
560929
482621
339674
473968
476467
384568
471138
382840
349125
697988
369203
512361
268828
505442
572074
572278
570108
557900
267464
505434
423329
553813
508633
514153
254384
612254
548157
563075
607347
564258
586203
575939
606013
630374
621083
587028
580630
569461
347886
566194
602942
585422
295711
592296
470784
646570
707819
455149
600449
633271
629941
600616
604066
595651
609209
317860
519420
204532
443396
655982
571688
164627
493267
620864
604382
596340
372034
514644
374980
518046
612123
581736
488877
369579
411441
393939
243377
584504
406059
608395
671056
547610
588669
556250
585615
227474
711987
660184
736448
165006
405766
589122
637732
629656
556970
594902
241914
379412
621293
560104
394956
417584
400865
257544
660275
629839
351484
472647
720013
508578
666481
537516
660573
636326
544453
671574
543793
604097
719590
670992
666402
326607
628242
610285
566866
516085
402535
396248
632087
501493
728465
706883
659646
620183
661006
454818
443058
727205
723375
590015
710708
527613
539328
508992
575994
571363
602265
585649
338236
657537
571733
633881
542276
614846
617687
553849
660009
248265
416928
487611
582269
710035
622761
475956
348417
662832
237338
723268
295027
184681
385394
571601
574857
680042
547483
290297
766662
622201
580010
571944
605025
604784
560587
683009
681440
609619
543173
296975
332854
397508
172468
591314
625286
395161
463685
384424
180550
567171
644337
559688
469732
589046
544908
482920
542898
600909
643626
187489
160953
475356
647501
172901
368120
563493
153797
489472
457691
401048
407228
350691
659045
639937
616436
574973
407377
344952
362647
649348
333874
565237
480231
422026
412348
391215
342655
348583
609022
671117
583366
624749
691038
635973
498956
351327
527359
610855
280524
649937
618952
646220
437495
378120
403487
702631
612652
540113
665771
395457
458735
518459
576585
547978
632337
695119
503877
606785
467732
637427
664489
508862
273829
539729
284629
572866
482273
603613
356078
354223
605339
371665
310353
468441
607725
222631
213779
267017
326860
746404
669106
180221
233696
331861
555642
560949
604478
439531
627407
616582
786093
271977
331896
785293
332366
822157
462373
639927
785745
265015
842995
248025
486920
530452
546696
526692
779912
697534
451673
354597
484743
841692
155307
500660
718450
423316
762068
170345
729377
271853
798111
777144
824561
633545
176171
729671
188353
799694
251684
654384
318553
236245
405264
307120
801200
804099
927913
783835
340581
673935
981617
791464
733872
748098
278934
339445
429002
476851
689384
699269
673558
711737
697613
815175
694558
747616
833548
820541
661302
507864
607336
767110
526201
726389
792991
626981
273907
744306
813083
596609
609862
594077
222683
711150
787398
795059
761995
696931
701502
757572
775713
681998
687445
729315
785409
700768
696919
327164
690679
259188
688501
701132
549500
706184
676551
714375
517425
563659
730471
459578
751459
742887
737177
792177
827795
771854
497006
769424
534103
760614
658635
595015
738939
344741
379426
22789466
20677679
18651652
16610149
14492755
12448259
10383329
8270725
6221062
4162314
2048521
13272936
11156391
9126671
7061266
4948271
2896760
838725
2728319
613723
1962727
1555561
824017
801994
1841423
809502
515655
1348542
818819
252337
1001484
756960
609586
194755
876099
580832
596482
369670
701246
340733
729704
597002
767923
577407
590917
360998
657946
663705
591094
391566
295740
603041
468445
470190
462080
566972
566545
583460
549388
577926
263027
423951
615292
580221
209826
591530
574738
512918
576203
601642
536835
534621
643804
597694
580442
609156
583508
603109
596444
563276
573112
657744
640028
444545
613356
568562
629859
358909
398586
559373
527851
511471
586150
522088
184211
612649
668008
560667
419593
164106
682585
184202
665230
685499
161200
711586
320288
622842
341360
649258
229378
297184
387233
654282
177530
337196
645471
658372
241376
712423
771382
596799
669077
221775
736426
449689
239217
430191
548654
611059
494142
577623
693060
536927
478899
393229
196184
430524
474102
461257
345758
565056
492573
463248
325435
368284
226328
292852
515898
228336
243538
218001
721937
218766
255017
241930
234689
447606
337820
349212
216807
228142
172353
357337
351373
367093
599664
761580
568293
547993
365287
355745
377624
204543
425441
173603
538456
174573
213570
627692
727119
161862
595505
488710
403386
540285
595630
558226
367744
524449
574066
486529
201339
279729
428791
169636
538469
265701
421932
182510
186690
182822
241594
256532
503484
522771
459151
191242
201270
653790
580244
505842
170980
437897
483271
261050
424538
504432
192383
453897
582355
575372
201068
282283
530957
525802
164889
291218
319126
615545
427731
514493
511099
604299
617392
562889
280482
560741
180987
242590
720966
254867
201234
630536
533617
600602
398298
268451
353518
491647
269769
323526
217055
190348
245777
556877
238085
322458
540677
541182
513169
186643
258623
334290
237147
236987
476287
355745
455163
463785
495005
347327
298553
222413
272861
268642
235376
260645
357072
297759
401404
459352
279658
457591
348430
303165
447759
293270
227158
361219
490636
246547
480869
283694
282444
410130
262349
262772
240874
230246
237579
408781
163210
492001
179084
415363
210692
202428
194892
300447
415360
435123
402990
341338
342085
492850
240591
399657
364624
484343
428872
397411
184616
411758
238104
398332
415846
240456
402835
513112
235865
349013
221950
299550
225541
185760
424313
351418
448239
219023
349183
330477
361649
462064
258019
405055
363152
454858
195353
184156
432231
159601
224377
385620
224178
615799
513197
393418
465811
568976
233957
232167
628717
190971
621811
312920
172707
173427
521610
219685
157929
275567
285539
290239
211198
315267
227141
190142
170670
526347
513111
152348
174967
163460
574814
252166
187257
164725
149663
641066
300937
590284
161767
526730
217808
518393
622496
609633
287752
597820
149420
186398
204233
224337
544527
192392
249106
258069
275047
308941
359717
534025
489851
492898
627164
664348
198857
487963
255249
241614
583939
613289
583936
499333
443998
642585
336900
454029
190136
231413
271744
615424
557566
244927
618281
586665
566015
494610
271789
338368
278489
536084
683669
359553
531475
534323
430425
509454
521731
480413
270652
505971
508119
384182
672861
526115
364919
639187
193977
191681
194575
187074
237061
249556
254327
238062
254498
368672
257319
653179
607337
599026
474896
405161
568044
569690
425991
394245
576450
423087
410534
675159
417293
589828
509122
183860
233121
686071
692728
696320
523687
181655
528033
284549
186322
27481125
25366700
23336999
21276408
19164858
17101305
15027108
12912176
10834554
8757961
6642243
4572536
2494041
9520822
7407670
5371594
3316227
1205514
3164885
1110474
2179548
1891276
1250876
1190446
677891
235527
839557
583557
337369
689638
461706
173049
293301
436192
731542
631452
653415
271853
176144
629894
573784
163207
390689
596386
425896
631147
662652
565449
500157
584306
311860
374481
619094
622008
635727
403115
386526
382469
213313
196369
273709
320938
344976
300463
223025
816000
511942
272033
616301
511355
183632
673627
215246
235499
268946
362609
237697
246426
225663
197522
190938
196138
189629
261681
210929
183391
316666
301347
213479
288622
207640
215318
333697
279124
299235
309081
183541
232504
307990
202134
1384100
507257
501545
710638
502497
659951
575280
383757
615940
385905
394785
428178
638227
406733
608578
470372
553668
609582
461778
335585
180111
420244
492752
515200
306980
404058
289259
199761
562970
384853
278881
548640
189323
562765
350956
477227
352288
511414
512572
558999
279088
572827
574339
307445
563732
433669
560557
536972
541970
329343
524937
312517
551121
212344
400942
386286
553451
475285
516747
452551
519941
552824
459974
183372
463028
373631
544530
673097
380202
547572
536967
444702
521333
618225
567025
369956
581054
579812
439993
451965
435920
311385
455213
462416
468345
441669
458032
460155
468521
329172
313201
482958
466363
448009
511372
299422
634495
499565
621554
534770
511743
555131
656088
595482
200605
646936
656694
673097
674465
630290
363259
609854
552140
611941
653499
386467
620308
292390
496199
579461
281601
580843
515398
413859
454144
482994
479748
465578
618238
175515
629363
512655
679371
335292
469518
492452
649276
478097
642515
620629
166275
660940
440881
301441
572239
562927
546097
611464
240366
521877
663316
284020
268985
603410
607938
494487
491233
495004
570265
587786
613810
658650
492545
552776
176924
273936
314090
617502
195932
431469
301233
447738
286666
435850
709096
357195
453774
454029
593027
271798
503153
542013
622837
419762
272017
476725
187571
464280
363938
224725
186731
418862
293218
332020
379509
385290
390527
442718
404894
618792
418012
775048
724711
577182
433956
435701
678426
445034
193417
260712
308944
601759
317614
328612
311896
321598
184245
326455
518355
337673
330207
244871
296574
263221
700327
359417
751797
267933
375233
442821
720872
434003
724527
785136
439560
759772
412144
297315
752714
511577
174594
704020
263703
745765
289364
718530
623502
260519
719690
756878
521159
344790
528797
156699
397596
364073
649855
737416
212751
204595
270314
320195
271276
384294
356154
290628
298151
458329
316586
205458
310837
245202
316040
245408
299172
318377
715712
713805
387487
285220
415812
270084
257323
274777
282123
252327
358695
313308
180262
682505
758777
724220
365275
771119
741208
714087
541544
286201
536638
519543
693011
497573
277876
731100
508748
786186
353715
241387
747985
170601
272685
740890
407468
223291
239416
329168
260641
377964
248461
196531
262595
814506
287746
408752
246059
303888
837973
426450
322889
367989
724695
230372
337757
207680
169079
286674
618085
539725
643369
741034
868152
713905
510764
716966
512740
472526
629707
489720
722966
664339
299407
266584
755010
716979
544306
219076
781226
279372
206917
473547
229535
273771
218914
198592
198825
430006
240220
234596
271588
739662
779282
268999
252217
243171
462738
801895
647555
646602
477981
324701
497045
678146
653412
228927
384531
435155
579281
308978
778967
834305
593789
780241
660732
757727
714172
20095543
17993226
15932595
13898237
11953258
9919890
7938041
5848531
3821846
1813547
16915628
14801888
12738075
10659951
8545717
6482436
4402867
2287479
4439198
2371952
257908
2810456
733612
714208
1768620
294654
785704
656842
361235
267282
421401
823397
367444
395339
481237
193529
348759
340262
234850
399167
375308
384473
355625
477985
733892
605136
346485
373463
311788
802457
500130
613180
429747
747085
455501
376101
623052
620658
822407
406486
486776
608317
492685
488120
682886
319416
435328
503686
320991
811715
659542
276036
736720
187868
737907
324396
162778
649799
662191
665015
295985
330341
690569
157252
518366
497208
623058
563052
749441
335479
484107
712060
556991
487651
569235
557475
384878
173030
583799
387674
353897
461749
564598
439970
333220
377645
361899
430363
379590
565120
244052
534235
531347
408173
367988
322141
338181
280753
195789
534706
607437
396530
230093
190554
255554
451986
568036
459903
436499
440323
530332
633785
531254
183626
182073
526022
506385
483727
317591
167472
448104
570835
302934
322692
277984
583215
309686
421954
381528
319233
284291
337465
234590
485992
293336
415338
499265
236421
493890
512903
201649
512357
255660
523332
511050
513184
523388
225427
497990
411988
511628
234314
330945
461334
466602
463004
403392
383253
433844
518364
568152
323876
450296
245602
195142
520547
541824
398193
525495
273332
648811
384008
517494
521933
267182
412878
365582
466746
292395
181170
519201
371312
499945
313131
430828
452131
476785
420159
470463
434326
425487
667300
368818
334212
443223
280104
442355
406368
427513
427566
418729
408853
430954
674858
265974
398398
172377
517766
420690
468291
275194
515508
283181
276164
516106
417974
576161
564011
256055
566981
571512
516219
479780
514895
473986
565943
545625
531678
544071
514441
172613
596863
560493
463093
525530
593163
594842
529028
588779
482329
378951
545917
513212
502174
668860
479036
653024
587198
189074
656608
573653
626966
549690
201797
558760
648034
197760
592675
419251
447519
652220
495135
343261
310625
408491
419758
441749
519050
231505
348601
516194
257946
446524
422735
570909
441902
336226
566087
508841
591747
567645
180051
556064
511518
515128
491195
575337
507487
415369
590763
526726
593908
572838
493937
483227
509830
393975
474867
458651
522267
479388
493375
276927
477289
517647
524332
162810
290778
514643
344012
359993
321237
449657
433885
322136
506064
188321
197882
424577
563088
465925
472754
472478
562415
492986
479884
463362
298519
446060
501297
564179
486166
573366
411283
486353
486899
533993
560722
550073
672223
523395
360296
478541
255695
396920
535690
552610
533716
412378
401958
241713
352603
645531
419936
458218
483508
455033
477856
514176
571066
544727
480651
515638
506439
457839
164844
503197
153382
522183
182418
376395
393355
481138
386288
418163
494726
396318
313524
392085
385764
385432
366421
309260
450669
253071
341321
345295
322881
440762
346218
333449
262420
330061
334406
319881
273542
196702
252128
290331
331300
240999
287803
315840
255949
271842
325000
523140
392287
366171
526229
506496
519042
515558
517899
517439
452011
270169
281762
404019
245434
447917
324943
326397
324646
501376
432341
513837
236420
230190
185572
371031
495248
423750
429215
514698
379666
361090
352609
456562
398065
371922
425772
213996
390411
473065
377551
372427
289333
471381
219738
307492
608546
264392
321464
351631
607044
467254
492051
528394
385662
413030
443464
569708
546222
364970
563254
565411
608381
265927
545911
544128
494016
635631
409294
501451
240285
19323982
17266307
15153597
13132625
11080443
8964193
6927353
4884033
2770190
722492
10141345
8028352
5983127
3942686
1833102
9250681
7180306
5067704
3004112
942804
2849888
795570
1046341
1233822
827591
445760
1130301
931041
1170834
1054218
492611
559228
571889
728424
576340
674165
300289
208104
150591
451246
185532
190570
497499
627978
331082
675230
645753
582279
598891
472699
424289
427684
611450
578614
580168
655967
355223
612769
628721
405205
273504
672246
681209
552902
486685
187383
442881
184626
193404
486694
278900
418253
256245
273094
241608
178526
284131
248676
232990
244649
296774
245932
350112
240715
242453
487712
576042
233058
247211
623821
600296
665248
618073
385022
583993
199880
699644
444210
323667
423788
244979
186775
188731
416727
184649
472425
193953
608892
628352
746455
518473
295026
590861
544950
567949
493071
274289
270372
452143
632333
399151
257032
278236
240763
453995
242403
280555
306268
255732
240004
399017
343093
278352
530294
551242
283778
232669
543666
384934
458903
466510
414559
330109
671764
601477
224190
270169
539324
267242
547860
463983
370277
707376
192526
506747
636702
383128
218223
664890
705853
236889
528023
433832
417893
331358
199480
171563
444593
472843
474369
368607
383180
425354
323010
276276
387754
390775
530874
545287
551913
480163
521359
550182
484760
516229
268779
434209
232820
382792
411147
431752
372933
570842
519811
545098
334577
515362
513145
310079
445504
387994
300949
549294
801948
463056
249546
592633
704697
555991
296667
630670
286660
522207
631835
624880
267806
287310
642386
647483
158859
295515
592034
596148
596450
577573
593613
330823
265130
276785
502807
228179
651645
304226
449003
516926
447606
270564
162049
590152
168824
166404
606400
522285
373463
357182
337717
377608
495577
325483
319254
457633
454126
556690
501988
278592
241383
420516
262824
638862
369023
369679
415149
365319
302126
573727
517912
302295
322065
315703
284896
281939
561587
489094
505007
548417
494074
471282
692680
673336
719658
558273
381997
643075
684155
720319
366006
635184
657076
370602
261455
580336
606684
277688
586500
479772
284176
348045
680951
504051
459441
718171
321403
507949
423762
749597
472812
481891
625861
474642
325320
476063
627064
687700
687129
696659
625600
541777
636931
631729
652043
212890
763538
658162
532424
643328
626218
426032
471001
440384
675869
709047
480938
694924
259999
626286
625354
392977
426198
399253
374640
424650
608526
358226
720355
790668
512779
388574
375766
404658
310814
339771
628973
634116
363129
690243
629805
455235
619460
630064
512219
371244
182712
256962
174297
759654
250343
280482
189464
756734
722759
685231
256784
734087
221374
244681
779116
530743
411326
555895
215695
338145
218342
671669
652486
680992
662841
675541
714925
711008
532564
224570
192949
567992
508822
700474
654262
416406
403402
256134
495714
384805
246993
197124
502518
184060
403458
500564
340062
261462
646017
624848
184441
614532
489744
193597
574370
332805
562619
541777
611179
580760
692423
710638
297572
698076
709559
320578
671690
697006
731649
751748
700814
688305
702368
307472
741762
265569
315258
679595
658221
241666
182697
416471
327724
511855
430183
581370
217021
193969
773330
366708
177828
329166
817953
560190
742590
193507
189226
403886
800708
577516
551322
565176
698316
562202
286237
300164
347913
402257
247123
596821
532719
629969
676217
210520
268484
468769
175736
473545
491478
517395
264003
282966
812917
300457
335785
881085
547026
623398
250939
817068
797224
810676
619807
21168229
19055534
17010332
14950215
12837830
10783194
8719891
6602048
4529042
2455913
14723451
12610897
10562736
8504014
6389638
4327803
2263308
6322972
4210292
2142676
3608446
1506043
902121
2014117
1471633
307154
1314458
580431
400405
495837
1036725
361069
748143
235087
309838
976287
302256
722417
594717
713231
313680
577533
629008
744881
825344
354049
214180
341460
327363
246780
188269
473130
171635
518597
735964
452010
664216
627539
749412
583127
767466
277592
385489
747881
749783
734627
198073
601050
647491
317181
768879
264835
604742
310026
896699
672898
699755
704810
803781
751670
768337
690170
436359
694512
767097
766062
599450
719305
810070
661063
675968
776516
569123
172242
320328
591202
677449
314100
650609
610407
379669
536394
654919
635548
402956
299366
508443
554184
264594
423603
497606
578277
544704
469125
486329
490366
533738
350234
510510
460203
500881
276678
441725
392234
398150
395159
424104
396756
399115
381884
472429
524962
393877
544356
356938
469625
386390
375352
278886
483963
356290
313095
168959
192719
434827
247986
344559
429657
466731
213111
457844
467690
241749
525081
395148
379027
211634
333966
377413
450346
393095
406373
415878
256419
285061
267611
456634
455846
303440
177385
390546
182953
417655
405268
382471
391327
171611
238823
445387
240504
316789
242224
180775
381792
391319
364712
391336
352024
362022
316798
293712
225606
305149
156930
242192
322217
289400
268841
526217
368394
352309
375670
327186
304321
179961
368036
254364
292803
370897
364139
302175
357943
332987
330824
165325
289686
300222
399488
274460
273552
288059
287817
295884
333415
288534
342079
231949
308364
382888
279572
276094
362560
312752
336782
285994
397473
268778
332297
281746
197409
258496
427117
193240
459789
363017
350828
309677
413737
290686
442344
416555
446819
222960
276301
360239
427108
384196
348542
315631
364428
445505
450921
425240
512278
462683
423285
280169
282069
430752
445752
411945
436307
427709
263659
461096
179290
244712
274515
360215
355427
278401
523082
326970
371728
391968
511352
448580
312076
337679
358215
277207
416923
570432
472155
403278
357171
511818
413395
389284
264433
340803
451549
218685
418415
449930
379888
424366
388225
445312
414864
444121
403942
206124
503484
291203
469257
514995
468375
434516
461063
296538
411360
427124
400090
458368
432727
373410
364755
351350
376588
181806
278211
478301
194042
415799
495439
488626
502290
289802
526025
224027
410700
341308
403886
428710
398350
285606
238900
497617
232579
180516
401714
191393
435953
186099
177320
360866
179819
185213
436174
435774
193614
485451
405308
443330
421904
177563
416965
416327
332691
509758
489946
488330
502063
490341
285126
501916
532825
521062
489332
541052
524146
517410
558739
512989
189213
548544
187500
171319
602497
580439
293426
361461
589763
195095
581617
594129
605821
598922
397149
539617
601178
283192
182787
597391
571699
492310
657350
228258
571144
558853
671567
523915
507547
483600
455471
497565
457642
431134
202588
595364
590813
542086
478896
467443
473195
431887
579445
499675
491869
387480
463941
587458
494088
456069
542463
599333
435233
425709
497913
563358
559018
495288
422324
702843
383698
640960
639538
736135
744735
691685
728278
764654
711811
640356
609565
705895
347929
490956
704123
713262
779852
232295
802870
716283
223879
826756
253208
275592
760710
799862
270236
419156
225052
682434
731756
356885
204410
435302
291418
879653
872721
789351
805428
796356
195769
868856
527471
515149
548509
811197
556066
601584
619961
377951
456386
26893575
24882151
22768996
20764303
18720253
16606309
14546867
12484687
10370157
8308117
6242699
4127682
2061641
7847114
5736096
3696969
1636772
6013865
3956825
1835836
3598278
1545678
993571
2144276
1822097
610544
800527
565030
422511
977208
284753
440297
708612
270570
172507
800468
700572
272742
227198
769801
273391
681403
292292
645591
279728
499271
686224
712616
520424
547682
740143
192678
177072
450389
273788
286727
446763
314743
771570
158267
338484
430780
430564
294331
318238
342159
665879
324157
503655
349881
337559
521798
503500
422876
330784
462140
333963
404140
402912
341787
435011
421957
474449
374118
311158
492617
352670
356703
367253
267859
392761
508345
340989
319399
319005
468438
265510
177591
458633
415504
405060
327360
417839
402451
468697
443046
282335
203235
441569
444459
428252
284221
325478
211953
341230
382522
186971
199597
325679
208889
432619
343674
222448
336477
352095
394870
244674
236826
237562
191534
238480
224248
204497
172203
216309
185553
223450
202303
183012
242361
188135
214661
193492
417267
186014
271018
425804
449138
382907
319829
219928
269039
302383
458156
323998
665259
675274
306048
207352
497253
483303
272840
461674
357281
311351
323364
324238
289092
516592
489976
453996
401992
177930
360509
231190
304551
303811
229555
211478
322957
249822
356139
322188
326080
487251
188947
243879
514282
269714
207981
192532
496202
557484
530759
648662
305914
190042
315447
533989
521774
187408
408916
164838
523784
530410
172044
488542
301802
521014
532407
554710
420723
366657
159507
415450
308616
350570
466542
255832
434125
492840
416227
187382
472722
376156
425134
227517
180635
356498
164357
578919
266732
334496
305325
280691
271542
315747
294850
627377
182336
552439
184935
539987
398348
392147
231669
264582
437533
557868
246415
304523
493693
390490
179003
366022
337356
432138
180712
372638
434001
473225
447741
301393
395436
336647
391215
389039
482365
403804
498024
288633
825556
630270
278476
298173
651328
315140
256598
262990
251757
355607
626501
550455
437750
553553
305043
554682
247853
601436
326171
604214
563055
272767
298519
554687
552535
384980
402647
560391
617823
566647
554507
561896
382629
239688
608737
344544
488843
254345
386134
428527
356925
357989
408439
612936
516136
486622
472511
630682
504961
432963
439374
440966
488016
494788
398492
501331
411438
662932
635222
660806
536658
545982
668157
556763
352909
543390
606596
261589
252867
245563
155714
698356
691424
705186
617842
540131
367870
628771
620269
618227
616060
471532
419397
501012
437545
470472
655256
204578
603675
648636
539071
362827
497731
426082
463749
508476
443192
350360
414780
491156
518679
415591
538808
639515
574163
484154
482958
531829
661564
620791
204585
535723
662333
542582
692584
539349
421162
553340
540454
315736
182528
518865
523211
515441
279184
693879
290279
694716
601662
390170
748681
500527
321253
740293
169654
333679
326824
563066
206609
536356
307065
540999
183124
210076
772341
277993
273227
723267
686908
630022
337487
360999
364284
204062
352000
373881
376223
353636
359826
214589
351090
400526
368388
574108
379513
624274
376001
361971
615597
432276
553543
368800
392615
488348
569015
574553
775600
200103
566120
791070
393574
430810
431967
451044
201109
659864
399060
252571
333046
431617
180545
379039
397753
353083
475679
741875
252600
739850
349002
399135
271766
287924
402458
614680
299506
810279
440868
337806
296958
208054
462197
322043
238769
598340
367680
330104
515445
630144
529183
503407
222142
415405
343875
277866
366452
20984121
18919977
16808443
14764490
12709286
10595536
8540399
6478803
4364175
2308013
11970683
9858511
7809869
5761853
3648908
1608487
5222895
3173425
1059772
3501952
1448064
2276082
211939
190405
340499
1133440
511692
476250
1084701
739244
679230
607915
856521
458852
478652
224376
368543
263298
716807
583809
394881
196791
655446
260099
384005
432169
435079
183250
478229
398748
260409
837419
498185
378846
757969
166146
370946
701336
686843
675012
668375
487562
814816
583153
597152
840184
833534
561365
225999
587888
520726
582949
512864
564505
520065
507137
365465
713097
703201
512515
392208
184980
396197
498313
496117
500129
496929
256325
663816
214836
507237
214715
520419
273878
293155
299899
247574
562137
471754
407031
569528
539717
394505
596129
215178
283757
239123
440901
444893
543583
462007
455636
434653
566487
562755
604705
580143
597312
495593
663477
545532
579772
574560
502552
400097
560128
449386
210451
575399
553862
551111
515786
572113
403638
491332
194942
212621
441216
266747
306405
249193
468888
241010
267283
224712
398179
484129
286825
353351
347188
596088
411836
291674
536457
395806
316295
447705
265445
265030
341951
263847
263433
412729
322067
281110
269086
438897
298903
310167
355050
408226
392233
325840
333634
297156
321905
322606
317460
376259
325396
337317
302898
286445
304179
316339
356492
352896
266592
338513
339342
356562
356356
386579
339681
240317
370470
438205
384684
252657
363322
441511
337440
185867
393177
361860
239059
251073
254809
390826
375265
313400
260818
367786
203192
234750
489355
410414
233250
224995
198133
193449
210846
218654
397196
338850
265482
250128
283151
207348
458095
222082
253246
264937
314855
331308
214229
211276
319110
380294
273645
509706
194647
268233
289101
263157
244816
201723
194214
216735
213355
195856
211113
321209
383450
200316
196365
340117
269331
273552
352671
262298
244949
266555
387592
488912
449420
270181
615406
565424
507213
586677
607522
627626
562976
368137
620904
519500
531178
548540
582000
566018
320341
618359
458945
540362
662293
575369
564264
562847
573863
197415
585678
576369
573375
597358
185909
576101
529694
209978
655258
214462
509871
585101
489366
534344
558497
557846
205535
219227
318996
318567
290167
182338
183644
234328
293909
310157
191028
424226
248022
352395
410012
338191
283937
310637
338630
353967
458364
176201
292847
249114
405986
395683
214927
332710
388733
416090
297383
283251
334397
293979
198871
229049
273805
344502
364791
302156
412287
340441
209067
219271
220592
348581
256472
255376
269612
385199
256722
1345120
623342
271389
275246
517123
247755
376156
342645
332537
580182
205624
648044
586892
592326
294368
279222
329078
280663
328580
265607
240406
238172
285630
335144
346001
427057
416929
411910
398857
473628
590258
380071
390632
291189
592394
383848
380976
383604
382871
211373
207601
396854
395015
290362
412566
221895
420510
301577
414033
406394
195601
285243
416140
415754
280613
362000
287137
290283
341853
293247
391834
216466
287428
594961
253904
595574
221421
605418
257646
289652
430464
405671
430035
430679
461619
481877
185901
210908
232843
581642
315349
595202
212801
628763
611419
583046
247607
238999
677803
614094
195658
710637
681567
222133
414259
296512
409545
342317
411106
398324
451331
459466
353053
275928
402634
356678
416944
296545
271167
371849
386088
237813
294052
336822
268553
735374
365677
221413
604881
250320
239908
189201
393879
242274
472845
535669
268595
254619
479030
305369
307503
598423
707517
407890
306081
470713
335535
423346
20795994
18682742
16641501
14584478
12470814
10395344
8332571
6215377
4140524
2055978
14060998
12002985
9889038
7812528
5730602
3613690
1534096
4761090
2697532
584000
1816862
1130818
1615026
625024
839893
202900
640858
896113
259558
523084
182168
429811
316921
810177
240676
235869
612577
671190
298899
752474
309090
224498
564217
593857
324839
764380
286517
722439
414748
419945
218234
407745
172415
446582
278848
195245
778023
582538
742586
513741
681784
406831
384967
495852
422042
363570
430261
253227
496314
567069
500479
527948
578162
620412
230786
261276
521188
467878
455140
406736
466231
201968
531803
651362
260010
438772
266704
432145
619282
526511
568147
247207
505148
554008
550576
568226
393063
491509
167575
394720
406987
237929
221807
639437
415603
399935
497905
428381
249320
423696
649752
632999
575211
330913
341168
412426
400768
481442
403002
398792
217783
319795
436499
513518
253040
507433
396021
475194
396666
230129
434009
394868
343716
471663
401069
402328
182169
190947
485817
339179
352472
517286
209206
488033
164721
352000
230150
421960
510422
363882
584054
491001
205502
201667
420294
195741
188583
308240
708836
632191
443671
674325
494807
582714
630328
455030
225331
472001
411134
207933
544564
667886
633770
620611
254021
491006
687929
226486
276522
473243
460936
500776
621545
634820
592429
583282
508178
533012
408029
455139
399987
401497
220726
181398
476268
383272
496592
349220
439695
629862
458257
411004
171762
403792
295686
313521
552532
330848
213072
447440
391835
386364
444506
575348
453845
414870
816587
719097
504447
294567
160890
482716
555012
554146
534181
701396
459510
485331
451717
516050
519679
549712
185459
610169
634049
523602
485968
530839
524013
562378
731442
538877
735332
683066
545886
723974
749457
734760
538082
336905
639473
555416
749298
753511
730257
489849
471733
449573
183037
532489
493256
475593
474090
495839
491309
480442
463511
486403
487781
517829
471566
495093
490194
504039
533826
462518
534034
503842
293910
487617
222133
506354
688868
718805
660373
307901
230604
747406
653709
245479
197666
200245
209739
199358
210496
433130
234932
444275
489075
438301
424196
546061
564856
204996
652695
496803
622837
465206
480577
369883
344671
730194
218454
450324
215360
215099
398790
458756
266070
375649
460575
381782
379989
732644
416789
397583
186363
597213
429377
330215
453795
198448
562674
566767
629668
441708
390900
533500
255652
429839
310007
416276
409077
391309
349597
426313
442971
535937
446672
396219
402216
629998
376424
436003
339646
364858
260738
816613
644629
826261
471903
810873
268769
263866
292704
286565
302504
218692
441328
311558
577568
274454
306477
325381
244626
344516
263510
481977
303912
284091
317056
287326
314013
330918
501552
497968
546657
607797
504823
431785
325527
457717
444631
566473
508051
433596
502778
581458
553196
635705
519884
551463
642348
197722
507329
586474
603174
578200
401488
407306
603850
547697
644831
673110
625418
648311
652702
687079
683594
602398
631845
263491
686290
474832
182561
441401
278433
549282
544857
549438
755972
375160
314084
227406
264667
432018
711038
186707
240233
887478
280933
513208
164134
267156
802583
581655
694970
284026
338727
699779
644116
730723
560953
470985
678554
730927
478977
739313
645459
817239
453198
619850
452096
445764
555299
526248
628813
505257
574400
531810
385067
486917
491092
724099
644834
459959
570950
587468
655869
631292
737092
515144
704928
739074
680876
583426
637487
261935
270129
274192
832771
915099
758007
724379
166625
723750
22985339
20871947
18823193
16777523
14665914
12618445
10564377
8446514
6392428
4332060
2217344
13328474
11250391
9136488
7064282
5002240
2888386
846008
3768931
1655991
2966029
854066
1259208
600467
851432
1296418
879944
1093418
248109
741510
379911
308850
827710
355544
908296
213024
914180
192667
843848
556114
478367
430250
297969
964724
224329
759304
932868
651559
408704
818949
959028
194104
310571
861653
843363
817373
200488
198364
872313
904957
661246
377435
719966
1000478
763002
633912
900044
448453
717481
775517
719745
244913
942097
322608
766513
965483
791619
291305
310541
927479
346768
906110
492179
719169
907184
708524
197272
456611
442905
384427
822369
721506
484769
854090
897456
478143
262959
759760
775485
475627
705689
241188
716476
860235
831466
820003
282714
829751
455466
726765
612250
777838
747369
765309
477419
741949
743912
733212
469547
792644
667418
452698
916266
472340
797573
815280
748274
807219
615178
730759
761533
779517
744496
746569
603006
752190
734051
440495
820971
732148
426541
709889
716603
346056
340481
639837
796126
665808
637533
462529
641152
632252
402629
458363
383646
347997
359053
409986
378990
399770
547756
391604
379416
407415
352250
637475
367124
490763
387723
298059
183471
370981
355961
345162
362019
580141
366142
348328
572293
544676
602168
532805
381473
440672
371406
188154
203361
202238
671728
489299
561709
344283
509062
334641
524763
325380
318189
567965
508494
402185
378351
438356
498302
518967
525895
449408
519800
525084
503343
466893
370676
439910
436157
377010
468285
462555
324872
457035
306469
277209
430425
426541
362167
418593
398207
265902
284456
250215
298439
277757
356249
459006
452062
542368
498015
550784
476432
482214
403316
392104
393180
435474
436974
458426
477618
268406
418770
353123
352451
345245
307272
304225
293887
308021
309062
421523
633319
449491
344850
332915
331443
334605
310888
326036
331857
330893
370980
352233
342766
333554
336822
572388
325289
341710
361812
421819
362858
360926
359226
338866
301422
361366
579440
218845
387677
207523
330048
325303
339951
378988
385235
239876
314853
182488
315155
240479
183501
327165
467472
447302
168551
237373
234184
242455
227708
334612
236299
511626
353225
358292
431073
362841
320878
316819
245738
336741
404782
331018
324612
316251
196989
232802
236656
207170
208751
219059
221086
369630
321585
450909
312629
189493
284174
224972
200735
447600
381339
305314
485073
326520
430030
348666
304855
338551
291488
284012
285747
316471
335460
320495
261409
396653
281589
227957
223340
378756
374698
310883
229827
224023
335204
233523
221952
188225
376036
341592
291843
380610
273772
241470
439351
349909
346281
193699
207393
248540
282010
301786
309755
302388
357383
428302
407403
374473
339981
614520
225315
468642
343821
207242
447030
239178
335511
402160
178043
324882
323727
227470
264186
349832
205648
495918
366644
194002
380415
361206
342839
419002
197026
435739
444086
226609
225062
220647
283919
177975
594687
526325
592062
217920
318000
178904
544386
305807
363216
512509
243100
561400
487088
339360
491697
342089
320980
394695
285074
480667
522015
447536
444900
286659
246610
295096
359879
356945
190060
396833
237279
346484
235851
271309
357985
399766
252405
374384
415137
535088
660525
330083
359018
309087
312140
348413
295911
336197
338174
333227
226553
247296
657376
322071
544716
246965
727425
193265
197840
235922
524603
743217
690441
832861
333957
587323
753383
619335
705001
853068
574494
847806
871844
631748
815863
186645
317462
168956
594967
213693
21088840
18976036
16951018
14865359
12802491
10687793
8628076
6563895
4448833
2386522
17212814
15100908
13051299
10978932
8888773
6794478
4734001
2619198
567227
3964019
1851287
1061835
1146017
2113896
476037
1638275
248013
1262532
1071257
805086
731485
637890
464563
431433
780703
552330
919761
463805
456699
491677
475479
456447
492498
465883
583242
407898
565612
413057
530913
670818
559159
660685
541579
538415
520105
788675
741915
744468
542851
341400
676729
509890
511080
500475
343422
659771
650562
656375
388758
854605
614081
401166
632783
376479
650062
377083
820103
243999
396984
578031
407836
260441
282392
501550
767173
519106
630074
469490
444594
383601
475730
471203
475722
249060
361821
624811
492333
490821
484721
455623
463637
483237
468815
466496
453931
368108
277376
573121
548932
616687
527666
351431
569963
595544
498611
545851
550317
499343
444691
282829
451116
551447
635977
490533
495115
631500
593645
517105
448018
468229
444382
404470
386107
316935
550051
434452
836433
489681
795238
577484
428841
210367
466391
821373
490197
496744
181056
470251
411166
613284
811082
615160
797248
553706
624600
640369
476407
723997
353376
724873
614030
805335
628651
203963
207559
213258
710350
222869
794986
524000
354044
569565
583201
634917
512741
760742
763937
772066
805465
194969
203717
175330
486570
271823
806395
779377
905804
259053
219342
806224
298918
737456
415134
842636
821568
780046
698652
403264
286015
886776
371664
803705
328530
431212
789436
841977
750577
268428
351367
797712
230464
196322
285760
334466
281768
205703
265671
237049
330921
239269
203088
751526
748781
801810
221264
207044
788000
469184
803537
857246
735073
763826
771568
783423
454127
237123
284866
454596
722588
861997
302684
719652
610405
552653
731403
673856
454486
313115
270701
862232
712294
904137
854308
448948
701371
645669
778585
728737
798934
728147
933191
816665
793243
394452
800951
788065
949807
964915
854281
884521
989179
956982
805724
967323
775399
794990
788865
814005
158676
789006
286298
533770
560912
772239
358166
382657
747538
753902
772080
703775
662173
613371
748175
580727
327176
519908
716668
215843
701103
590508
890387
531130
199247
914408
549421
698411
732671
780267
225604
840162
855296
846891
515383
526850
725092
810331
644343
839853
726295
535597
585084
499732
255120
286506
252195
744330
804027
790958
334271
329716
279107
330539
849715
423607
808251
515584
525096
345330
507730
254257
591533
576024
587753
777306
240371
543200
557746
533856
255442
212350
494028
475961
442759
557375
232406
508853
441427
503397
505192
497498
198672
600709
409162
770081
499113
387380
568198
650672
652233
609846
483829
264560
598575
463999
444485
453986
432473
453761
474737
553501
447208
434620
398684
403335
573302
255797
499713
400963
398676
390692
413495
411599
408136
415116
606559
543271
262810
513861
255426
682540
618213
552312
490940
545143
431206
324791
462227
201865
642941
434487
590004
621351
646985
595396
580250
223289
762539
585179
637906
508559
601940
420527
216445
273269
678753
497759
294814
651965
568251
465594
361580
603093
617522
578039
700116
929037
778431
656718
338646
444179
313895
705336
263451
692466
597316
750639
760931
683761
185240
659070
477761
432049
716007
206993
283819
796185
745671
404476
563931
683846
519503
448332
817886
778939
576282
287150
787575
652239
616066
388056
295288
247899
809326
723385
245896
706168
810043
801002
819631
380711
795821
788299
789508
653584
723038
855765
852712
528511
304211
509489
422332
741811
755214
202226
366241
362365
25493929
23382227
21346050
19291247
17177195
15120918
13065821
10948231
8889791
6838695
4722578
2668129
12209167
10104306
8058491
5991944
3882079
1826027
5473912
3360586
1322366
1793213
447384
857503
408309
588893
185088
1148050
987382
1163992
969894
383253
235672
913737
280295
323761
800789
340740
295932
295166
307520
1096209
178866
384192
571516
964759
275440
492415
859178
651447
818595
424554
408729
644565
757733
446581
711724
730740
434915
450796
819847
1034057
183842
884143
266898
757281
169782
499441
808581
693995
549877
570506
759805
946039
595265
683167
531168
932382
410529
425565
605100
591925
367455
356547
583909
273996
1043075
453491
615418
558422
479740
566137
552138
481850
498886
490666
423634
744688
234198
558465
597703
193717
562122
819020
791504
696133
769430
185420
708807
717704
809081
820462
800502
850205
817387
683895
387975
804504
257612
783970
589856
563250
594178
606324
807575
761455
295954
721005
764630
770470
710540
727865
710989
215058
200100
755955
198886
605864
509945
659155
632254
718635
339460
659711
645690
630899
660805
627880
619660
658722
580381
670095
205003
337069
650225
215037
686455
313487
311840
335432
276449
398554
195564
755756
492147
483113
286456
686671
299483
218085
270256
801975
273565
616559
303141
746690
259807
311743
268973
213765
795018
205471
743417
757495
268713
225101
453881
452529
470066
476843
720020
742476
725140
728143
378849
172982
746161
369932
739245
720852
542808
538665
631696
654409
351055
251034
612521
295499
732836
791238
230944
712952
340437
213130
327907
520657
448379
701062
341007
231333
346065
338302
482213
461127
399430
335087
835564
395651
720436
668419
223327
463137
456326
240217
210911
210153
447258
331232
313339
453883
290598
225000
406916
552149
315283
322121
513035
480715
508459
651802
519831
331044
511284
582465
450642
469668
497152
485852
470464
467456
435754
315006
309391
525696
592587
269582
375505
337491
316941
300032
366270
362096
368222
326662
370088
329924
315605
367058
341074
507467
418980
337207
478609
506544
473055
382023
491213
453322
477116
483641
214687
348823
537263
464304
542479
504260
346850
344237
327168
452039
420088
538983
232792
216485
520060
420514
413595
426235
533325
433166
457165
432071
434843
281579
437018
476365
209814
487500
437476
308907
243531
457046
264816
223747
438397
531678
445068
458536
434370
453933
531486
173934
226599
558450
181043
565619
233035
521887
539220
543671
401383
409506
436160
398387
362272
406643
376722
452119
371563
362916
372427
383100
380650
396814
380166
289141
215705
393428
515417
458773
524896
219343
208954
165512
398857
383364
506796
413601
438675
402311
277709
375270
385152
515638
182988
179750
495852
398082
411321
251024
409156
235718
259946
437931
383941
248383
494087
500419
439167
189585
409915
213571
233817
462521
368101
181600
238126
223257
446233
429693
214332
272317
441906
235956
482872
424613
485989
400262
451818
450230
239349
224521
395576
198425
206193
204657
370469
200732
403742
212878
212309
229614
372711
376751
377437
456310
389752
228807
399889
444814
199098
205429
384529
434114
194985
394788
198034
208391
454052
225468
220167
185920
382180
415095
421108
426410
438000
430031
300162
235756
180494
236538
295388
249612
220125
271526
250379
236783
330674
376740
188958
247435
349554
240418
186219
426377
181261
459131
264904
468658
451075
264677
249621
419826
423959
450498
502770
259942
436684
184077
425157
439811
412323
363545
380753
368844
414650
412292
246935
261055
412457
403937
441012
291563
311030
738827
420635
24987715
22875389
20827649
18781959
16659844
14603134
12547341
10433329
8373847
6309124
4196808
2141513
11896417
9783263
7739634
5684216
3572403
1511547
3585557
1528269
3235680
1123395
1334622
1046209
1200556
712851
939203
569532
1104988
931910
602066
815903
410399
320963
323353
310552
185608
537293
543868
250112
463395
415018
437944
191360
600306
578546
513188
587287
191341
294578
274820
230921
531578
188786
182991
722645
210465
594763
217126
491294
221631
225475
720896
406314
259847
182569
745045
196281
264561
295459
181271
787623
185837
735467
665275
499058
196209
207702
600694
801574
786508
342281
282511
645838
739035
350574
769300
418966
571910
746944
514205
483747
904729
764366
661690
779060
541802
823285
541437
743986
571639
775318
763741
795158
859008
741023
568970
816934
1057180
814510
704375
855135
709171
888415
340753
1034098
584232
1071386
304525
1047545
555289
256873
343458
248638
1100725
394607
449354
1037140
401422
408347
467483
971947
242992
616280
487341
245139
471254
474279
1112641
203242
1118725
264195
524801
1144821
1110335
190066
190205
231684
1074123
230737
1097828
270110
272456
1188832
391969
219576
176030
1058977
262032
216996
1091523
206699
445921
1111989
904600
1137793
544973
1147860
1118673
1094291
291270
1137582
308052
294410
1097339
1133200
1094927
1142272
1189522
572869
918636
236791
580740
598463
1058877
1125462
424292
481810
193249
875454
874541
1151584
1200023
1185928
1201915
1277842
1177997
1189963
1067645
257977
939887
1008457
1280211
1004490
214626
1023765
1239325
781109
778181
242086
1103870
209872
837005
189553
439484
660606
501565
723113
736200
749333
1196682
189684
340578
595623
583868
387953
1172098
1238281
189751
258575
231501
887608
643303
534188
642789
630945
960580
1138953
885001
1094140
415211
228668
1054497
414407
638046
1030269
1040136
1076968
1115253
1031246
1125666
188699
596862
984868
590000
182445
600007
634025
1065879
1022861
1031986
687102
954788
799678
1019653
635123
787111
678102
666023
647981
669177
720448
644277
593279
693157
558317
266790
637021
520124
641639
998212
524529
529800
676736
531245
680026
666614
600895
504833
936044
691082
671540
794947
607977
593565
271739
745270
709229
631631
805971
628168
856844
565281
601682
703191
709791
905997
721017
458214
808820
724498
719509
240452
726097
702235
712369
709552
685548
663651
199283
590910
738424
683451
582663
677488
901854
197974
693714
721071
532690
918830
905619
437522
654322
897221
718959
669208
844076
489642
652620
656139
266745
657549
799523
758834
307800
681537
567885
822714
773828
514224
194995
314085
789038
927048
535850
694748
683049
637496
670608
785190
593330
586240
588299
449317
295590
900156
571088
438213
625952
439958
521184
261239
434763
435639
398975
346576
281404
828175
453612
635541
338033
195556
272731
509301
514955
544924
903682
248736
687344
355815
209783
552308
521745
424305
385412
367269
329603
341922
288616
418809
384140
303693
215769
352971
341778
356548
273422
331086
253949
718856
283579
272552
246623
300873
661545
295538
632460
288693
286716
618385
649061
282204
183983
672193
602209
648381
596411
639990
489436
597148
584372
253944
657580
580483
598186
163815
620453
174788
170921
604033
593358
307410
329137
276704
218561
596868
212610
202964
214208
668046
653544
225475
206902
230102
254702
224127
307291
167094
252638
241030
275634
233754
255879
245695
282901
264766
258214
312420
323794
351333
249986
610004
328822
318379
300714
340668
205718
327973
324772
317312
619745
450611
344596
318467
458720
380274
368570
200720
372953
563471
349177
560577
214361
374554
388251
29199286
27098080
25058394
23009952
20900592
18830936
16753326
14639315
12558240
10482855
8367469
6289421
4208323
2089510
6392045
4359390
2246893
6764682
4651545
2591571
517132
2005129
1599234
436277
1565339
422183
198214
259337
1191779
691074
179086
457513
319826
421434
754363
280302
730279
800651
348272
301877
192536
194035
734168
736399
705948
224180
212986
206084
533512
274757
266386
242441
297659
291992
298543
476891
183481
206584
193404
241795
440684
424780
438696
358632
305616
409096
337192
359285
356055
265347
406805
361130
372295
475849
430978
250220
260032
289669
249349
212622
308660
217464
346285
449272
380026
362302
260505
188739
184273
217593
182748
176159
193827
212540
199863
194471
211440
181486
240662
205045
202150
168305
189368
197182
206869
278886
229924
216382
185623
221644
226388
184183
225467
194949
209228
218796
1410462
433242
309456
454256
350195
646864
358316
453061
430027
232789
442570
378068
423193
349769
240353
443049
388827
427341
220467
684946
343985
337006
439187
378293
418722
455101
387170
418161
323046
286842
379352
371057
215867
336165
304067
268713
418525
432214
504614
523003
449625
219322
197061
315210
463141
307495
278967
463806
490819
452452
245348
346870
251453
204713
298483
319963
322863
205361
255203
341221
385063
351484
266442
403021
604413
465615
353281
389600
400104
277883
418875
317022
286019
413347
290322
347236
341653
480498
584303
185687
581823
607571
420706
292799
416568
412641
558427
355384
259220
563558
500673
615340
480839
341795
454941
354390
544778
343734
311443
603281
594208
596453
605310
504787
607264
425854
511597
585875
588487
582371
578937
393341
246303
410205
623324
658362
368762
611514
602247
488129
509298
273363
356792
623518
340510
292747
263943
573279
479253
363832
543144
633405
504442
394930
351448
236162
359726
581339
410093
179315
253548
596397
382674
389030
350764
334792
569274
651830
231570
515853
611365
586484
539712
630658
574169
785916
205316
622724
428898
223255
414706
433864
463981
905002
668273
910331
316023
340267
315680
308417
548226
295991
663852
892427
899421
654040
686674
242956
294500
608412
763775
600771
288508
564029
654248
301856
611451
856749
684903
570741
957367
709840
599583
555517
538424
545026
473228
532850
781969
683119
584759
413269
460664
368183
617946
213380
919825
385985
535954
543315
346733
275069
277772
590062
575807
553715
360143
902736
354383
974691
337889
336543
462860
276183
422990
398193
276047
385691
567355
355517
329204
966132
874609
966572
344008
396104
445564
660177
787840
599198
525348
378188
706911
739233
996727
553505
537382
406535
909068
620297
664231
478613
635713
598605
912233
573056
574312
932993
883252
933793
898332
615267
305918
927127
478044
461581
389047
281869
342543
328972
392107
312351
448107
460025
865862
360204
281442
980534
538439
526653
282697
302618
979749
952164
538730
238123
532074
283452
263702
500890
496726
854134
949052
551540
529902
817407
1006300
991369
573970
541515
571295
568136
953182
778159
556014
659715
565722
528546
646444
356860
472961
336370
419065
910633
330201
386228
533631
561492
314807
794238
740090
363566
806640
313931
392942
578510
391306
243875
309477
306901
188218
842567
206151
262150
281419
240448
783573
840066
816362
841788
569997
789815
202842
188609
193413
193650
187697
208093
223049
258064
254953
393521
362544
445440
314759
390197
316168
402243
866678
487969
435841
441145
251838
507908
787697
794111
478067
679465
598799
370442
362522
334724
377076
181355
483017
682565
186403
297260
458412
801867
301814
24800612
22701702
20691045
18634672
16519001
14470743
12410422
10295770
8243966
6184338
4070386
2017084
13372485
11260238
9227130
7168201
5056290
3007271
943586
2364157
247658
1316898
654182
1533145
579750
905372
553427
523618
624182
417340
874365
511421
297141
462820
355621
427838
477078
274545
458196
269867
445042
197957
719486
296140
629257
359652
345656
300412
460728
297953
325561
326269
322938
355511
275625
342588
235851
485551
428346
438032
467878
462350
353762
435944
498985
448528
329114
713928
269273
179759
252472
284158
390757
329162
393908
333346
310404
444061
459218
331861
533240
392125
531297
312321
221379
406354
499783
800266
520371
386558
314446
700059
371979
382998
508492
522357
458286
464773
595305
438677
368788
697407
480897
757764
392942
532776
320977
598885
299912
430163
452816
397845
389733
389473
644213
461069
485847
237327
394563
410460
604182
826752
284138
607076
395481
441475
677040
424619
347820
537809
618831
379028
257576
398918
443942
417219
390682
657032
317716
413245
733811
360625
738859
295571
344249
748552
403337
410757
316292
806373
680477
708994
436054
363404
364254
690414
247468
200267
329685
389811
694654
294505
368586
478990
448632
373015
421278
375040
374889
554547
211683
520481
492470
414602
718123
571243
608171
187021
647583
443556
476067
622962
323947
484317
419700
440610
702103
678585
374847
666244
481499
768056
622353
225067
583782
675262
690709
735850
678251
253569
944591
327163
351669
324955
298446
619887
757404
704097
292937
743609
365305
851087
211625
742764
602620
210023
616428
753189
769201
188485
563647
603794
886138
646857
227279
400599
182583
168663
586862
252637
381715
196908
375052
390159
313803
359228
376466
389844
376507
307533
186976
241382
327811
239271
229697
257386
416999
179295
279878
253090
903275
283992
186469
185503
169583
215608
212618
1000988
998681
189859
1714043
777137
919876
510113
357973
1103321
933118
593531
1023245
927731
177623
786016
217249
209074
513473
210176
203278
814916
736997
178871
970769
827979
937664
944358
239395
775916
748426
194800
187987
311838
293224
357415
279161
351223
801021
583222
290471
324023
400344
325552
513077
924439
270470
371078
632283
277708
303200
360305
309626
286750
498798
506302
502754
267525
503667
370806
268579
304308
890653
615786
276267
980638
284535
252622
320989
569935
876016
751199
308271
828232
167515
975888
338412
307195
205346
441577
224771
217138
230437
335019
957023
231219
563154
312094
715908
601929
870514
333859
744766
746602
515131
754959
348684
520711
409637
362883
288438
465787
819382
846467
362313
294367
300408
845825
284594
754611
247835
800316
968760
328275
934702
230457
357219
422537
676855
213878
215575
159494
247225
330071
691344
843557
500020
878988
625271
639723
555227
223667
663834
286570
509295
678767
211314
245664
233292
218277
243151
216729
284814
327544
259378
194743
248985
520967
212586
431556
450358
451689
419783
657098
221010
615516
199793
424807
229687
553296
552680
385228
736562
188517
348058
269883
201446
268146
296121
404556
187823
503180
196014
574724
176344
345767
213037
198135
216525
218849
359970
198134
242693
313091
312367
239964
361378
574375
505330
244964
383853
257558
394683
356658
261888
283142
381148
560764
357251
398064
378555
244819
484096
321451
329392
329750
570580
323120
317220
554096
471899
464594
309707
496510
325847
358186
317564
239531
521375
254255
436799
221422
510579
465083
476630
371327
420982
214307
200305
506313
250051
368785
213907
248843
233561
484074
475946
441523
284750
295444
21642743
19540898
17513284
15437454
13374532
11259736
9182850
7115491
5050427
2928071
850627
13557797
11441810
9401827
7352215
5240050
3196090
1126926
5021018
2964599
848737
3756928
1704249
1071517
439461
643607
282894
722505
535072
194097
496993
252104
278483
184933
280314
541440
156815
189829
151779
226630
217997
539592
453797
258422
240507
477707
443912
331086
503736
601395
605974
531325
432890
328398
430102
357626
301049
273117
411441
318207
401586
435319
483226
417811
301166
509861
437430
190456
584996
246249
217562
188615
372566
500485
176345
366914
228407
195123
274058
196584
521000
447278
243299
366219
434807
373883
458713
461694
444638
436078
439930
256971
472141
463733
414332
170672
496795
423120
522696
455513
436844
450077
410265
425225
379756
441464
439795
226071
433384
438082
440607
514515
266710
428052
209927
446736
413185
196589
401379
255956
517826
460914
428730
210142
209373
218531
209349
243786
257574
486219
248684
460351
224367
507456
190862
573638
226813
526884
526954
186356
462683
449462
450454
291947
473681
449245
187273
528148
194664
518893
500107
295937
595693
484678
270917
350235
465274
269415
282757
302610
723141
288829
549244
271950
409203
393507
513165
226565
243413
270265
510037
273574
267935
506877
530843
445263
332598
353602
234624
538970
180722
545784
461135
434508
468460
264429
288458
488863
222514
257109
214492
274784
261881
290308
446520
270643
266826
309232
185777
273218
547152
204168
429465
303229
624474
989245
457443
465331
1067882
1018988
981680
401068
255836
656945
663393
620496
292945
150582
606346
172007
307916
532987
439255
524337
732928
614539
320470
535227
713213
752934
678542
397299
735943
721047
740154
775076
386137
689621
254859
725745
718223
192064
659477
199787
315509
637987
643664
586272
393950
742869
155853
354331
688726
151577
729797
161670
750048
168002
289149
758707
191183
783013
176006
223357
190295
264581
238555
281163
257308
802884
151983
382503
377888
900842
403302
410814
409146
633280
420374
320404
289643
793591
250074
223710
242153
175460
822103
263400
728787
645429
944994
694267
759463
274223
270779
228111
207693
239538
206298
259255
184480
206818
315263
321277
176536
630481
260206
199032
873641
690516
918598
202799
793546
850427
618513
801356
154503
641100
206910
213974
791929
733458
714688
872832
871131
826529
832002
367512
372129
357026
287643
363556
371484
371716
458699
597407
413892
350975
384671
363611
384200
373251
288964
343594
279139
330564
458019
937741
434750
355029
552112
506025
618673
564037
953886
524209
550682
475206
527650
538955
535738
668062
158192
975541
981919
655567
569824
557406
645548
703008
576849
653913
567452
833986
677339
550559
416606
611948
670920
616330
386615
873149
385544
518259
396978
390872
324810
317143
333026
322905
186273
886642
171568
181105
912566
172966
848946
687377
179981
818945
186146
696564
659677
445162
417871
761142
276832
454770
449734
550990
734346
757856
487377
752948
716300
293610
610077
879984
648879
720152
588699
644335
748641
713305
580048
586771
758603
583905
643274
318055
463555
276396
609867
576812
262022
618275
286728
272833
306057
226081
467135
292819
271309
272107
368797
295916
280224
284777
708243
432536
618337
686833
350594
363847
359799
618003
415880
391226
321665
315301
823325
436706
719143
452691
700168
392403
315401
358330
357525
252592
273987
197686
377065
441135
504456
572273
564409
352586
357190
520127
515286
510677
245530
591521
309116
403052
509848
517879
227788
508243
812500
420222
473353
434534
334538
325733
21850266
19738839
17715963
15657806
13540588
11495437
9433273
7319530
5281586
3222208
1107264
13589833
11476429
9441132
7384658
5270008
3217177
1151786
4316495
2255648
3843582
1782093
1530552
595005
1395770
655291
1439190
271002
1327429
1126462
1055450
853437
497047
181970
918120
747625
521909
561363
306689
429686
196180
485903
220495
871224
492369
472481
858430
197493
624242
190783
774415
209579
319150
185687
214236
186614
764529
825285
258807
835141
656568
329792
839833
833688
174417
545299
201982
183448
817719
257705
698820
209863
206198
863697
210274
820566
816453
202814
238279
804709
470253
168618
202960
843711
684914
729435
522758
735763
849992
427828
294821
412370
755895
293984
699163
300689
299106
421193
557666
337203
423733
501669
570424
168305
705177
240554
308852
713119
406136
495029
223466
407433
279198
570626
566576
500475
862923
253983
418228
341700
982340
664628
304897
442231
270887
465413
332661
693704
382177
446940
446227
314559
264990
448339
880069
862926
497594
833842
693865
493749
725588
549284
581635
732961
665093
672301
606079
802220
598496
283274
185687
676969
737288
301401
712310
774284
278624
485213
233455
324300
357922
363381
636010
513077
457335
618676
319482
339071
469398
314843
422744
361531
512238
551859
216916
191527
187262
532578
263532
185494
192918
277273
168487
256702
281197
490461
644662
630957
465490
581477
199252
237361
178210
371220
644629
620297
532973
523826
655124
623988
394556
579253
294453
497589
425986
305156
290481
202245
303295
202786
541149
554931
197207
349416
205345
340975
365320
207831
499691
392772
380639
269787
529743
253162
197374
199092
276984
546632
363530
390520
266692
389458
367844
252893
549694
479254
249616
188805
196075
414050
179778
415570
317804
188407
236897
251565
509832
253866
190637
153032
301367
731248
440411
484837
429034
248531
205259
431566
379920
186884
433647
416038
558909
406007
483501
146981
162966
492506
183062
586308
506034
511400
152723
156498
485614
424009
498927
437118
319509
506615
437923
508498
514560
540967
283286
453594
339612
433601
389183
395360
342643
275526
247477
426695
352756
266557
390240
227479
460820
160750
333154
280729
214072
394100
401709
221818
217845
441905
437073
546049
355158
595906
589405
196244
617248
618610
560475
587540
516903
311849
572777
451859
165441
293955
557153
215959
569261
527047
487145
323466
411433
477872
521174
552554
378554
433565
390892
367461
354621
543790
211911
349291
568574
380264
511382
371449
499117
457402
331656
342059
555303
504141
312442
549390
406582
194220
311261
510449
318327
215120
469268
281259
685474
575486
390803
423242
316808
307329
323716
182873
302954
308645
206570
501947
298404
205235
587175
391016
407017
582511
348321
190981
523303
174275
186202
520392
591444
330105
336675
514224
587856
516947
576704
520515
444301
591049
586860
509319
531694
182954
620773
611955
607251
614624
616910
331155
634410
345374
337421
239534
217455
438300
407771
452095
548533
470860
529921
379346
522763
531311
186747
575927
545723
223059
580509
587003
260016
214942
300781
179189
227640
592736
243617
245117
229810
211438
235381
254679
212261
228513
583434
211331
261814
217979
586953
155643
246633
593052
157252
165475
504837
195408
599148
591613
569013
555087
205981
609193
161457
623898
175601
576636
557786
502711
448198
165947
568995
497183
586089
581299
368704
592820
264722
594712
597567
510250
610887
176698
508681
166073
513955
576084
567992
341814
266182
186362
257073
622639
594630
578539
486709
497536
491963
382585
586033
166773
592372
25120960
23011461
20977082
18902239
16787488
14707501
12620396
10505916
8428775
6361760
4247430
2176801
11419470
9308803
7246789
5166627
3052326
973753
3961384
1885791
3618638
1565369
1974382
1841636
1081639
1243996
840864
237396
918442
820432
351131
529252
362037
325762
654414
506257
372311
686881
299199
398227
403180
506106
424384
407564
420033
224809
425418
626162
216741
345570
234931
180677
476155
488169
192764
229128
213284
428364
502075
193572
245285
191107
213305
582894
652264
473690
622425
308168
302683
376090
484534
558352
532812
283668
497457
656104
557102
543583
632809
472881
643837
528302
583506
534873
344153
518709
458485
364345
647961
351270
605368
490504
258862
668292
673103
416128
190114
345327
303266
421155
421047
433011
384926
218072
270325
326466
295343
306235
344108
485873
452397
169511
433605
362505
458014
232434
196630
296579
366636
364462
402369
224683
225429
488009
457483
324180
464518
303978
358197
351539
363665
347328
377140
345475
354068
360143
363742
590048
560529
376580
373411
372035
294352
288104
263138
414548
340868
266796
317205
421816
421839
569691
494731
475866
307473
317250
263168
289524
269827
410705
485123
320331
308057
330042
414939
242184
247458
298374
265889
248658
488283
408501
271419
623334
257688
303887
400309
274660
367609
407743
387784
413183
262382
530940
419887
404022
315580
427499
524176
459204
393065
374540
346759
327486
288402
527555
331198
510955
297473
339415
315266
300513
514003
494525
539965
467404
493210
490080
525599
626708
624910
367553
525994
507521
537604
339727
498313
560884
731017
728886
533808
625631
490473
403455
641370
520288
654567
489998
630483
727792
781165
550383
705357
766338
716364
758461
504561
817522
826007
795532
832417
774881
831038
785842
832045
798460
853105
814279
818274
868010
845857
877889
842989
368521
340359
863500
726070
881370
223090
326297
859862
814589
874998
316310
512498
418080
399739
572903
395344
892681
875746
417116
878337
873492
517199
531056
548841
462994
440477
872053
808332
853725
317744
844558
862537
545568
825604
757895
956978
801085
578915
494860
286263
977044
873212
252717
947402
257331
231715
454245
512584
192254
862439
893196
257812
308907
390706
354400
704137
502775
510287
553881
522808
357820
511916
425969
270309
269428
433271
500906
202324
283985
850291
175821
648431
199087
296505
865467
238779
302945
234020
202507
955846
903101
325883
231137
980320
226939
959239
385592
451972
220350
945726
947552
864135
222175
410618
531537
195287
239189
426835
399189
410565
280230
344620
233011
213517
668081
967073
620392
724910
982983
661619
656207
686234
765818
820891
756048
203254
202515
672805
538892
341426
254638
299112
550900
500329
459821
389770
227089
615804
436552
525067
464429
523851
354628
240974
353648
266770
285099
192162
251748
249791
196599
197055
195392
211505
186755
181128
199576
183853
186259
183951
181510
175554
193518
