567254870
382687
211660
257727
205466
207840
219151
220899
211809
190823
192229
194695
247366
223636
199983
171340
188780
216730
182144
193626
210252
330155
198277
210031
209838
195005
216678
205413
224553
215797
208448
270844
249398
188768
266630
234024
299798
294206
209141
201178
195750
203803
193738
282314
225274
216313
230103
235878
217001
219309
196584
266425
181588
225972
210701
188580
194271
201849
213008
246456
230805
279303
286729
182457
200805
203154
245417
220838
215448
211335
198927
202972
238802
204501
224450
182046
190405
213614
210750
325849
201313
366343
231501
210119
202376
192888
204214
195762
218465
202304
168154
197590
241800
218605
204464
199107
375926
255806
209156
197915
202722
200844
237791
235592
199137
203562
198221
355358
285396
218232
268115
195312
278438
199234
200126
205804
201269
205572
217385
214006
194862
261596
209884
198585
201205
255581
329011
325183
222982
211408
192820
224900
252962
204907
230851
201277
200190
220085
199791
202232
234912
383586
256248
196374
223988
203577
254278
188153
229193
225261
204414
200589
190662
285953
186806
207633
191476
348506
193293
194132
181354
200975
191139
192172
183205
211018
202682
286750
245124
259577
256752
190306
205467
227003
247502
235721
222617
190749
188603
206764
183665
205426
222769
185411
315117
186732
204197
198802
211995
304187
215485
195436
188586
194123
208885
200950
267863
242587
217213
188865
203629
196245
206762
277095
278251
198069
237466
188699
207711
193520
175649
191566
196537
195364
182489
314497
189762
190357
217375
293536
193723
199819
206507
193991
213121
238282
184408
225952
256249
203195
218420
186865
208264
185936
296236
291581
202334
209549
205108
186720
238855
235308
221847
213049
190921
223613
213758
197749
220430
197896
347847
315329
216164
188746
207640
197457
223846
196581
266373
170836
243546
199936
196439
264787
192751
301186
246450
245267
191500
194827
191485
212496
261913
194938
192114
210330
219460
210480
228753
201116
211856
188962
194309
214165
200010
237185
215675
200870
221417
202673
210173
243212
215466
237186
212633
293487
232150
207862
219446
194976
233120
208450
222108
213546
206502
230300
334615
197216
208874
193164
364933
213972
277139
207875
210185
193222
203068
197094
195914
213130
185850
240989
243478
207686
203031
206236
296644
247530
205333
201372
202499
203683
208608
190784
219805
13405959
11282846
9253900
7249587
5131695
3064159
2297253
697040
368308
201436
199138
198284
227406
339744
214140
271340
187770
239369
255625
239825
205837
197840
261014
207172
215472
208477
192285
215657
198934
259609
211574
206474
216325
244766
189900
204855
222710
333959
254041
213921
186869
198183
205761
214910
217723
272135
207438
212273
265570
222462
188410
195841
229465
281509
201559
211656
213965
209331
192520
205210
230822
215424
207788
201518
227807
231823
193964
196875
226354
233536
241455
217564
216783
221144
198601
217785
210808
202489
212719
261492
232916
195658
200321
238915
285280
235861
199325
209940
224623
206210
198572
242219
225103
213979
250101
205347
213128
203570
196384
294236
228765
205025
228345
199595
200930
245965
264066
227160
211927
270114
203597
194240
206021
228944
287915
191864
203876
221656
201435
192480
251644
199309
246305
247063
205678
239523
214841
210408
197682
266682
628799
200670
215445
182629
205849
215158
226414
264619
253623
224857
201549
261374
226615
205722
201702
258130
184314
332208
333159
205024
195210
236107
275936
203013
237159
210553
237486
195046
256459
186269
203592
236675
323704
250804
282970
192995
201209
217123
200530
196989
265309
244558
197562
251163
215692
213790
177157
330321
266326
218724
201673
205535
192370
226464
200178
226719
186791
222053
196051
196272
198190
278495
198451
264743
219989
220429
186468
196889
192985
213739
278777
245229
231212
284773
198921
207197
256634
318441
201832
209821
217577
214184
209124
200597
223116
255427
220538
218657
281166
205033
228497
206593
361691
205335
214729
232506
194182
238030
294067
226114
235074
231473
245028
267362
227748
208341
243073
203697
232472
194386
199082
206691
201924
258045
219063
226424
240893
193235
263913
283635
196247
258784
311075
228867
236234
233881
200194
218886
230810
266754
227482
204216
230442
287444
205284
192912
211117
256461
223801
214454
215893
198698
206918
242970
198567
229509
214732
246163
212903
192899
307331
204993
244283
212572
202102
193563
196788
216969
206719
284718
258744
208636
292308
211912
215629
244020
203751
353657
215614
186308
207078
192517
218439
199354
216055
225451
196799
313951
220577
225153
217829
216559
221827
250031
216969
232201
215384
232853
227093
186001
266965
213493
218910
217800
239636
189747
198461
301448
207537
226233
236857
194455
213988
194910
203340
202543
204327
220954
224633
198092
212367
219069
277713
190021
212254
216555
199963
213252
199422
201777
240142
224669
278674
220112
201557
193470
215939
216696
244131
199110
211208
209350
196421
249436
194151
248271
199744
209364
259587
237558
195285
225644
254918
254906
222392
210276
208821
211641
199219
213711
271712
261411
228241
283119
228367
266167
197437
314792
245712
193374
206740
208979
199341
208894
216930
239207
198468
207630
226204
223955
204653
236727
343780
222506
219669
198258
204202
218015
181913
189254
277318
219814
217902
301287
187277
199178
208061
253021
244632
207132
225329
204909
207310
222066
218553
210764
223479
273439
247328
215698
215771
205509
351392
200158
205567
223466
196773
219399
198061
235193
263111
216247
218766
277468
230118
207056
185120
253553
176757
228910
221529
212966
202304
202452
207099
222057
205457
230652
324776
194795
206998
198334
316675
209960
184297
208615
204977
209888
250222
224638
226912
215064
209801
235960
186810
197167
225454
290128
185993
217216
228328
195991
222936
258908
202405
233689
212398
233633
260950
215338
180082
217188
400668
211963
248113
222986
209428
211974
215809
201302
208967
200807
202002
249081
206324
193339
199331
288366
265139
205688
203756
197237
205429
254012
210456
326456
205583
212120
219355
237846
194014
232373
217792
196952
227962
234133
215957
193588
273199
193905
268750
204511
213707
238623
213053
198458
206045
439714
220491
196045
204170
218524
193036
223742
205951
244798
261800
210912
292848
228802
227471
193936
361648
293736
233526
211946
199700
206516
214760
216175
220395
247845
220248
240959
192944
204978
236872
192942
210510
198092
188817
231358
215317
205797
192255
204033
254386
212392
214666
289171
203432
178300
218688
405923
274006
215846
189519
218164
197796
209995
187590
207496
195148
222214
270128
302689
196215
213136
260924
226132
272217
202862
223863
204255
226406
213253
253351
209469
242415
198669
330032
209982
210238
194879
314024
266092
222375
221278
209408
224518
211399
202087
228822
234522
197788
231101
319546
209388
197385
431330
360752
267997
183502
202469
212939
259466
195291
265350
191361
194350
345662
205777
188985
208711
198343
215056
199880
197717
205519
207804
220005
228269
228112
171212
195670
215541
288211
239478
222454
206847
273056
243690
232786
183821
219651
218650
268139
193161
222545
273559
221089
271141
242267
204326
248638
331407
209833
204045
204557
194264
213150
194722
196961
243718
243889
197263
254364
205222
207903
284412
204281
311604
196301
212069
218816
183310
196939
233747
199677
221179
217163
253939
230406
181837
229560
248497
223707
209016
237485
222445
207506
213282
277835
203348
219361
189253
203855
261781
219366
212866
304670
204980
274356
191857
232996
222312
195193
189750
198133
193010
215455
227004
315786
213288
218819
213910
200900
184447
307623
228846
207118
195710
206418
189918
238100
215807
192260
200204
248302
171924
208230
235137
356858
263707
196851
219249
216469
230332
232647
238748
245913
218588
198650
312496
208485
189698
192391
211169
247311
223142
212544
198660
189891
204305
219648
255899
231464
196485
225680
210054
229006
213148
197118
192495
257887
194737
218547
191869
198893
196267
213890
294983
201731
223995
171069
237514
187367
283251
298139
334545
196507
220273
218765
197580
212344
201727
257671
250162
189112
187644
277975
193108
194694
212286
212238
314420
280227
228208
204692
195645
221886
235035
234770
229015
214598
197045
245452
261400
232765
225336
267531
248274
207237
203475
204604
197092
228498
260393
208121
232552
205946
213188
186833
199181
249631
353839
232577
257086
204752
207501
217459
207139
220844
294117
213615
211755
216936
186168
206526
210002
221973
226774
202613
239050
198747
219626
181518
208347
224120
212311
232051
219102
210991
200719
248991
203814
205430
208906
226781
186519
196393
218455
205739
219518
236805
218574
309986
259065
209788
193326
263351
269584
204258
207859
206160
193621
223890
212352
226881
227365
226797
307889
203253
202044
230894
219687
314824
199086
184211
221441
221655
200166
199848
205912
230034
192372
202078
225473
231769
183140
222392
338070
237298
226459
245952
195521
218056
189509
211152
251768
204879
213950
204861
220829
203872
200054
203335
304150
198495
219408
206657
216334
206597
200743
243357
237890
203914
226838
203710
243661
222616
414707
283340
227483
228749
214386
222245
202534
226765
238321
206595
245395
357242
214587
217197
197513
358106
234782
265138
218839
191020
206375
242551
224357
273553
215405
188947
282252
225695
242481
236475
411931
221054
229376
233242
12695409
10571219
8521322
6468168
4343506
2283014
1383239
336962
267268
188662
208085
402112
267543
338793
235745
211152
212545
257665
196679
203800
263136
195245
219779
213308
212982
213042
295365
245792
232448
192108
222647
198085
227969
203116
218853
237868
257296
210759
247909
235724
183800
207771
199297
209675
249822
192226
223508
195906
215356
214468
225876
228508
203385
211333
257771
191654
210599
206579
274338
221373
212229
208181
206055
209888
201067
202066
233160
209594
216978
269232
214080
195545
231199
238365
241236
217705
212494
203403
229728
203455
227565
226029
210569
211332
203729
206073
188482
243410
297095
204926
182437
210479
212847
239766
202440
195125
210867
230580
221574
353215
213216
211192
275278
337128
262629
196631
216007
202452
199558
225503
187207
205692
197870
226730
183188
315095
193829
207702
223985
350280
231736
215579
203288
189266
232486
209288
200133
217494
242290
221224
244798
223928
195123
221791
230193
303526
223603
234931
212823
202505
225648
204750
209751
198005
247762
202120
221877
316976
228499
187388
220352
261774
225298
196957
202387
199765
227523
213633
195461
232964
207174
204312
343123
198186
205090
199266
295440
273057
227591
190315
201006
195028
194397
204702
256965
226609
213033
232972
236623
198774
226203
202782
333178
234549
220796
206960
236955
213681
248758
183399
231128
235189
204311
279606
232168
201501
202283
402616
207511
206142
208002
201056
212611
228658
211832
220578
208112
254445
200920
218066
208964
225848
194621
340026
192180
179209
224465
192019
249860
213378
232037
257268
201546
208109
235845
296216
183062
203500
201660
294625
237636
221280
201909
199489
206372
193758
237855
229689
191502
254005
240910
182264
210714
286058
208113
241220
205952
206730
203026
237294
208612
210450
228692
189346
286404
234173
200301
203618
212382
216358
208420
217145
223389
195791
227208
247592
221576
214387
213440
213166
200608
206445
195904
235400
311530
211665
207131
213717
196107
212542
200988
245207
233924
191060
191373
236440
215217
198274
211143
290892
270405
218765
206664
203852
220968
205925
193086
252164
201979
215381
215285
193417
194728
211837
311136
277087
247080
199421
191854
187350
213556
250707
218709
239372
201049
269541
227069
177400
201769
202037
255880
238128
252396
214676
206028
207347
191241
240840
210749
180750
275849
232564
189749
190016
186371
257915
268597
224467
220810
190248
218177
223540
229839
198521
239968
208698
323051
255470
221947
242067
366653
202793
314115
195679
218041
208716
211784
197754
216154
199068
250580
251949
206893
197510
195523
190181
210738
240759
209577
207997
205079
198423
198080
265980
212673
196185
244060
253727
191478
216132
301717
354620
186481
226302
221385
223088
210407
215223
210160
245075
194641
219149
253996
231171
191505
254810
213459
297706
210937
222743
213899
188586
201326
217128
203156
266851
225280
180202
277848
205353
254814
216309
341190
239465
198438
230330
191870
208395
278432
181122
231513
201972
216546
296438
284391
208349
198808
381279
297006
281906
216426
191174
203744
206808
204382
218462
282525
220085
242728
202576
209915
257587
384528
325588
198395
209590
198665
218504
196539
211326
213398
216811
224432
239299
258295
186081
210782
263881
190326
199882
212257
200144
214843
235528
209140
276644
223970
180625
266256
206128
211946
194206
218261
188968
202361
474488
205054
194656
211410
240580
208977
217235
221676
241079
337701
208253
194429
220717
214938
217104
225033
264398
227285
218619
199696
216956
258831
236222
186985
289148
210319
204634
204259
417937
264934
237222
237248
206409
185516
201079
192030
198221
223757
232979
218505
194810
229106
199791
322155
199937
191685
233334
183019
208903
216865
216580
223332
203977
240487
257984
217928
198666
187096
238045
233239
217573
215073
205482
210749
214188
213331
216209
208610
192288
192946
216202
310360
242333
364576
203877
198587
215286
197410
216491
210864
200298
277683
247055
215520
228452
197800
187550
213040
224695
273609
265855
215263
192624
204277
199182
210750
225187
246274
362971
186190
230921
197334
243418
230855
371138
312402
258342
208770
189847
200725
208489
191878
194793
231777
221549
190732
266914
215294
195597
204320
222751
195893
216159
223665
200752
251404
271479
217436
261350
191595
200747
282451
232894
218851
202871
235848
191441
202027
201020
211518
212568
208395
198475
274077
203191
221927
263056
256297
189567
195462
394238
246037
196422
218915
203760
222939
200115
216268
217220
282416
253285
261268
233313
181339
203877
356629
312519
212041
209060
203069
199278
200130
199338
208441
201195
236489
319891
184850
193875
192787
213023
346990
212649
226101
196787
185234
185105
221740
224025
216558
234871
198773
297688
252601
184379
222538
336082
240870
186674
203903
193799
200574
192064
197483
198225
218166
231588
276999
234233
191398
209286
214791
249055
239166
210717
210003
229435
254451
195045
218819
204417
199540
211392
196665
203992
200815
1432080
206100
391955
234460
201778
219793
207137
363561
260539
223173
195176
195852
188342
213117
252584
207936
226516
180160
215930
262313
295110
180651
265014
190851
254724
189074
202579
211646
205724
193908
232601
262616
227040
237876
280684
190072
192567
203077
232522
194211
216467
206633
200280
211372
193761
234301
237606
255084
227251
196434
209859
326761
250478
193731
209628
210998
201328
234832
210610
229706
211891
210818
215328
215211
204126
258843
216274
184130
199083
196680
244314
280536
204860
204607
183851
201688
212982
214932
197577
221436
190675
228293
199508
217888
199101
257132
232627
232016
195546
202023
214474
205025
209840
230318
208393
218115
240014
223057
215656
197561
199379
312805
236631
195323
208031
200198
202266
199250
212727
226261
204136
223916
221547
195624
186702
225945
213724
287908
236288
223970
198037
213683
249726
189215
244741
217541
213510
231677
236566
213472
200608
344035
257860
273691
197636
223902
209568
239871
178968
210398
225174
232366
237108
262055
204027
211911
399589
327873
205174
186945
194724
201972
192588
250262
233869
209352
203234
187769
261811
217538
192241
197646
331654
259679
198201
214449
184518
202053
231271
248526
237471
192594
199253
182476
224635
208407
189592
204431
258417
237886
201264
203462
210631
211377
233559
208134
195046
199383
187859
226684
194675
185461
198722
264499
282741
214174
222874
198526
213394
235275
254205
271638
214387
206158
193813
319784
255097
179321
201172
311431
221617
227543
213294
198498
200897
211368
204830
220185
194278
276531
229713
189328
209140
224341
214458
231383
270881
217506
185838
207549
195490
190612
248952
188360
195697
268837
209228
211233
205778
304137
217473
200501
202882
197763
212145
180280
221448
192830
199716
214983
233498
194761
186209
245521
197280
223209
263576
202007
186124
200051
189413
212348
224482
232249
215673
228451
259803
185349
214901
238180
215420
282409
191889
185237
207448
211206
203647
208533
209745
230365
208899
232165
202179
195136
277524
382584
273584
202398
11965174
9890094
7767927
5703893
3635624
1512577
1555407
578428
252105
204551
187800
198662
216245
299927
255037
273525
219500
203073
209540
230160
214562
218982
198001
269401
270321
191870
184724
214428
269633
240708
192039
195807
189895
209248
235885
181215
236686
203623
197510
223217
209581
202890
233767
190134
264483
192454
204211
205262
213065
217126
196585
230301
247601
199916
311119
256675
224392
210583
289351
287320
241485
220411
194473
231956
202027
191969
205577
274633
202580
273071
223950
208029
201997
186410
239662
210831
184183
208427
195161
193457
220800
236293
185764
218767
189874
217855
183376
191649
228951
249927
193365
192410
194839
191536
214304
221892
234808
215980
308829
280732
200926
195442
197008
185419
243742
215746
205383
219760
202091
183882
200133
280045
233828
214116
191160
196726
190698
219252
216516
224420
211997
283041
197461
209296
199080
225024
238053
252632
230391
216814
254008
221647
187395
286479
364810
361262
194355
215888
195060
208167
205631
188248
219178
224996
198549
240439
242885
178354
190769
185174
224407
203808
212498
194712
219378
218026
195542
218121
192613
207450
230767
207372
212493
212890
218790
292285
252069
188554
193612
185078
187910
245576
202187
230295
215245
222069
272259
181338
190507
238580
220192
222049
215013
183108
189971
190613
180557
202999
215957
215175
186801
230210
186411
210028
211406
224655
348183
209500
184053
198300
210006
213483
246863
260595
281340
216023
238700
236860
215384
184276
201936
350539
205570
230421
190792
199478
187082
255649
226975
231174
206216
184223
217224
181154
223465
190168
212140
213862
225444
214205
189971
189022
200349
207078
198613
215282
231705
240136
199483
230589
179959
210553
190286
235018
205304
201576
207398
201833
204406
177483
233765
223130
210390
1342569
675428
192482
204391
308937
277290
208862
231047
194148
211080
202602
199772
207059
201718
295266
258633
192787
170771
202916
258097
313046
233970
217420
192765
205559
190471
248919
183802
216539
223093
201022
243498
196489
206002
201126
303460
310185
239692
198194
189724
208227
199856
224405
235039
253324
254977
257794
202303
212765
205068
203537
242257
210533
210002
195341
198884
221296
191300
192060
236006
230776
198201
290992
221908
211063
225724
303226
219051
220259
222649
188878
199403
222667
184156
204314
186316
203982
213429
191835
201027
242361
207018
229154
266185
222021
199115
225827
202142
206127
214746
186513
213953
239591
197612
208433
180991
204810
272299
222649
210147
211923
209977
207098
219110
219028
292148
211419
215336
293835
214776
198257
216553
228977
240168
221047
213277
193309
198661
273644
193514
227454
189160
281966
246031
205277
183817
212862
291441
200681
214190
202442
205702
218500
204931
198493
217103
223106
199625
236959
205517
199561
198083
325618
224606
226930
197871
203421
205668
1822270
229552
204105
217714
205867
252109
203529
222613
243945
307600
210135
206706
243000
200114
219078
288998
302478
208800
299421
212026
262376
273800
191335
259502
418312
347249
261582
193497
199886
211568
284171
195166
225446
241394
205798
219602
184120
206550
185001
360985
255802
212860
215942
208325
189963
212563
241589
225286
294705
197910
228079
225503
235884
202862
187735
400049
279243
199966
204480
190778
208777
189197
233402
238503
226782
225326
250769
196165
185674
184214
194498
245891
199904
219833
208102
204575
192585
303626
199138
299824
199286
228804
251278
286513
193919
201952
214301
263905
244914
205398
202691
200776
183854
285640
196753
238306
224815
185944
239968
269672
193102
213171
218656
231353
226969
238116
197362
200209
203232
208899
238447
253011
251883
257548
273804
203313
217554
211917
222184
207945
235987
217435
207281
203404
197710
183106
201228
215104
201167
227129
200445
219987
196824
305336
283382
205685
178970
205507
222540
197100
199170
218699
265442
251959
196489
327563
204284
216866
195045
363602
190001
181776
215144
203613
217398
231875
241489
210251
260743
207329
235639
200367
200661
212370
325565
226018
209948
226260
203028
206335
218179
198594
233138
233431
194965
250450
196639
197520
218244
232606
215604
226939
223880
210408
197295
214536
202388
233932
195936
190989
336050
296879
194016
195950
204350
324357
205211
201857
191597
205969
206934
200911
217418
229974
197567
283445
233664
224318
214716
188479
331759
243927
199612
190026
192803
217912
209006
203183
286298
238729
245949
188704
175538
191851
207213
366287
228213
197885
215522
220900
189700
207406
251680
220612
213415
215931
212858
301608
194240
204313
199708
274465
206152
233488
208380
195134
200609
274003
195884
257009
182431
244337
227421
248438
195309
263360
397919
247891
219730
206608
205638
263115
200700
219491
306346
188710
299242
256268
195719
203115
234468
280495
294987
220104
213953
207328
217389
230899
190197
282298
201143
216886
249843
278673
213431
261241
400199
233494
265048
204037
213735
255739
230665
226324
219797
207854
197617
233632
223245
199962
232198
413041
264100
271924
188142
204815
221225
289286
190539
216299
195459
216480
224858
215278
206310
225825
286735
272474
241505
209098
201650
223509
221620
223120
230543
205522
201782
181208
196608
211373
239331
259361
211110
237233
223985
197901
209577
219018
229758
283336
223884
197475
251439
195352
208998
202943
195395
232992
209237
216278
196962
199852
234692
236929
261649
208329
254983
200919
192294
189334
259658
221206
250159
237875
211347
211176
205404
216685
211505
235296
224784
190040
306686
221499
215836
206724
295587
242549
215669
191595
201466
217156
209760
220832
229344
263948
264975
264014
261119
217731
212298
200748
257838
259552
240829
200651
213609
210619
218851
217350
217501
187741
233743
203515
197106
199671
235157
252537
196465
193601
193303
221607
207610
217075
248698
208517
304842
235602
268168
246057
244044
201404
231355
358214
236961
208131
197236
216145
218991
229591
197010
222360
201684
214339
262046
181456
225563
205790
191344
236057
213929
200988
205086
193544
198594
215935
200086
220819
241214
212266
278809
311827
190042
184009
187482
285190
207765
216191
188702
199710
250426
195715
245187
216164
198405
255327
231646
200911
205342
185528
217141
190131
310858
222829
212028
204170
205961
199329
254986
229644
209622
210230
222926
295045
235999
204534
227183
365645
220800
196087
207805
211888
220688
233550
228038
263786
201107
200307
208101
233642
190314
240842
320034
217045
200295
212571
200707
204856
253704
194168
299709
274354
202482
260641
240189
225923
192248
331940
214891
206920
186876
217306
192450
195869
236092
249661
235124
199519
190742
223804
214451
194970
201908
245489
211345
209064
218952
197807
188159
224961
290725
223128
279950
231406
259844
249722
240022
283692
332548
284341
225107
208005
201634
229844
220106
209677
205210
225331
234646
207433
200504
195725
186042
187753
223151
202026
211662
220571
194956
226003
246628
201006
207316
183350
334392
235685
198517
185479
185819
268168
271203
209430
177008
189308
203587
206021
11384591
9378433
7249689
5188362
3078064
2619299
417289
227869
212714
224703
296104
297489
197369
201427
209266
184258
221242
201497
219351
198029
251653
204215
197211
220387
228221
216147
178812
197207
192279
200950
195114
226471
240851
230895
188978
269243
263338
200704
196859
260154
302681
264001
213756
197228
183442
211198
189571
204759
226969
262710
197813
248966
213108
215061
208078
305860
216109
203861
198146
201729
196276
206533
187969
231128
268120
186115
190307
221497
200813
211969
257757
403740
201667
185428
206186
205206
197854
184303
211029
226660
230616
218449
212174
299238
235749
192348
184733
202439
253532
210851
220528
204208
237546
217685
197195
218041
223777
248488
280065
200024
197378
219716
198602
192373
256382
222384
242265
195929
230514
251660
235019
290730
222802
196471
248477
226688
193070
197918
183022
222931
245520
217197
206139
202459
188136
180943
222910
212231
224076
204604
217801
203167
237051
288448
236016
214784
211999
215567
227677
199289
182149
272099
228438
190376
223282
184575
193745
194380
262302
323791
213461
195445
215148
194506
208177
213659
322341
255561
192792
269176
232591
194903
190384
218612
376498
249862
230827
196386
200693
192252
194805
192138
251247
191308
209350
227575
193490
194103
206014
208899
262872
204529
215550
202504
193466
209593
272443
207050
193665
221007
255844
231325
204454
207325
199627
317648
207384
218129
213606
199589
192660
191052
206072
223625
211088
254293
197542
213752
189344
212855
229012
234138
194359
187314
238498
212575
191744
196967
183884
195327
326654
235890
188329
204866
233908
216214
235101
266854
207796
213386
192402
208277
231809
200095
262375
240346
305622
294745
210634
199167
249393
205637
224808
196999
209423
195585
194815
255791
239621
211931
224518
209077
253313
204933
208450
255197
239437
220728
266553
203234
206997
189520
206408
235457
195615
188089
240788
316303
323457
171203
214750
242209
186715
202247
192800
220876
185950
224337
196068
193572
181365
202098
186354
266584
246518
194042
193316
197639
275339
200475
199358
216513
189922
197566
262683
199573
234474
253365
208881
228811
214826
192753
216882
224670
230599
236781
220770
213586
193359
205570
215075
245413
226807
193492
240631
192959
186156
229582
271962
373773
236124
216752
217255
192533
221092
269007
196586
222624
196578
205798
260672
207932
244683
188717
234776
254689
193748
216734
199558
223283
196932
257402
241786
226607
248951
206805
199595
218306
198901
210490
233710
197526
237021
205604
202745
210794
186453
216444
201090
200403
281139
250525
224909
204782
210322
296230
191813
186975
231211
191826
236066
193567
201985
215076
205016
247333
241402
242377
197042
218236
201328
426478
272578
226009
205401
200263
211550
250462
193663
192064
220104
278026
233393
202200
183399
204279
351340
179666
251768
239456
193754
226770
197626
222425
193331
191695
213584
257280
221665
213719
216580
263365
238492
188215
200003
206025
211311
191626
187568
279189
187570
290278
212108
224128
198401
226779
243404
239794
200559
220715
201764
247967
200770
229949
187198
216278
212458
206339
310265
208825
234539
318017
238566
211449
223124
198130
195974
186803
204937
221859
248363
231371
334407
184387
204027
252705
333863
243120
226591
253650
198925
231947
202059
244938
209593
216850
210665
231495
207517
211618
228521
208434
247986
201385
232411
207361
221888
196107
181112
290534
207448
215745
237529
197115
210196
203999
211016
243456
206876
214432
215395
194562
217374
245309
226150
260042
190779
214827
225084
187499
197215
183445
205094
192225
191494
206422
198583
197632
183635
211378
245031
255285
216011
278119
197294
184760
196662
218092
207444
204232
208860
203085
185661
204010
219394
260843
240792
194680
307922
206132
205099
204240
292158
229241
244124
203233
199222
204253
267603
202770
228401
204847
290962
270218
226246
207431
238166
391764
185201
232471
196871
191987
216152
191437
226917
236288
239345
205974
204258
213641
194671
210839
251811
246394
188575
208112
199346
204601
206600
219269
201679
205269
230453
218054
201313
200206
202303
211585
238447
212056
222762
210272
209268
203446
203977
266340
198873
205414
298657
223173
185315
270519
272528
265014
243849
215105
193673
198265
249294
191999
232725
247482
228766
225442
215638
213315
292192
179605
218595
212546
207834
203035
194896
199376
237869
207731
215400
203915
199321
317294
225827
199300
296946
257262
197992
198660
201158
202145
210204
213208
225166
274788
182866
263174
222897
178191
198032
263868
194541
233880
230079
207503
189889
217982
198568
223909
229156
192865
211861
214460
209646
188820
229131
228298
271514
237894
210061
197115
211388
243802
205305
237321
199533
201641
208823
199739
214420
211537
252698
320107
204999
202227
202829
220986
212610
252078
209290
219234
207623
204379
318792
191340
250392
238086
325644
219244
220446
219925
220927
201154
191440
269330
217152
217680
178188
203723
230073
191976
206719
215804
294197
212934
224953
224304
197837
236490
193906
196344
241803
205304
200026
288051
257606
212333
203634
379658
269896
254057
218201
205856
208841
203373
198654
238446
210253
220974
260620
220995
208806
227497
252401
338035
214620
241427
212908
204679
212961
242786
220794
246799
210188
218624
237243
193140
197057
213092
292555
182366
207421
217536
203985
207082
192105
187717
184723
199052
191121
198345
176371
218138
216849
208618
335180
236502
217293
199759
201346
242391
228459
211536
273280
230950
204376
285699
357417
241971
195307
255695
210946
215031
202071
189548
205592
205951
201519
239315
205199
252346
215994
200590
217453
234971
197402
213277
237463
204460
214443
201883
258803
215065
232086
234005
199382
306854
283600
237405
179208
258325
201603
213030
204415
212475
204109
213375
199894
191071
246777
215789
250016
233500
254555
203223
218102
205222
258802
222169
201651
188854
194345
186833
237310
241456
198490
202403
202468
194745
213987
188641
244136
211124
286950
206838
193889
201266
197118
202723
190065
210351
233497
220432
268936
237308
222273
219187
218037
270160
208595
203815
214208
204970
193726
240860
212910
264286
212171
217646
263365
179325
192721
208920
373863
236166
234273
229136
202779
220192
196133
198639
293978
199680
228959
265521
243869
186020
307188
182244
363915
265322
200058
232872
186130
217118
204926
222039
265837
184874
227400
270854
208747
212209
212450
289949
322620
227682
197015
189490
197480
192658
202602
206509
181111
193025
329651
236762
194731
239141
372510
240293
265736
204492
185663
200663
202160
185696
239452
227784
201376
189520
240619
226503
197129
536973
211436
213812
199063
221941
212197
206071
239886
208158
210513
199319
192766
261390
179357
202076
210260
327142
241894
215408
242886
195489
231873
207116
186960
238896
221899
203196
291640
217389
193058
281348
265657
229936
213433
222471
203164
203740
202879
205166
273567
209297
201105
230165
191979
203045
185740
275524
193365
192145
224623
201483
210749
239444
289501
321614
10864887
8749835
6717729
4677407
2588346
1924176
192628
223500
338250
207649
207336
183639
189182
229314
188082
236134
191570
186429
255264
181773
206376
187856
228247
225422
242881
192900
186197
237659
270377
194219
244313
214749
193719
213356
199705
183589
218599
335123
207875
216682
201927
209151
189194
205200
199409
243665
216239
222547
227173
221353
213063
215390
360588
219481
223290
200521
209262
236398
248400
199503
224121
211858
224986
253448
277983
221150
191334
192655
203196
269597
233444
205308
206364
193070
281077
203137
223569
200837
211283
251419
220341
203964
245875
320000
237401
195236
226955
198251
202468
210170
181927
208486
214731
204826
296604
206360
195677
198549
276860
210356
229552
202138
199989
208223
234378
194393
233625
213786
214800
236252
192049
194464
208851
349631
286463
204469
212429
212017
206278
188666
180749
229962
191647
190701
294474
233783
202441
229313
339378
246954
252526
215120
223736
203701
195559
191914
227603
216525
206252
258430
222065
196618
209290
197218
339254
302238
230326
189742
199303
212441
262113
208256
306341
215047
263713
335393
217518
193032
209956
291559
237365
209370
211189
204249
208009
240762
219771
208707
203130
198908
284340
187930
220845
220661
322049
270327
217698
216076
198356
200471
192125
226133
220886
184768
217851
217472
224941
189295
275063
197405
276950
229455
213251
202532
215244
191188
224788
226640
214210
220897
216311
227186
193771
224728
214057
277485
185259
202959
202054
210583
205370
239213
204709
198408
204322
185620
237574
248874
213597
199622
251112
385360
210696
214250
192762
217606
210122
191940
260719
186974
263378
271463
257010
194607
211096
196414
336121
236370
220734
186045
191291
210556
189526
225174
219250
200562
209993
249355
197695
297193
204198
210758
264026
242060
220793
196117
214223
283461
248603
243991
216677
203394
213766
191899
583610
208162
283921
235680
206542
226303
190989
205282
234817
212051
204640
233206
196072
268755
202248
200002
208812
260194
359298
250411
214962
227436
210021
205566
215082
189590
211189
201116
320957
239898
186248
295197
203061
317700
215890
225338
210581
209908
199264
246238
183899
203804
198699
213408
264869
231336
217846
241644
220717
284102
229134
204837
194620
197820
210494
183370
230541
182546
305559
207157
203265
198668
251375
204014
222128
215475
183496
200648
199883
207206
230466
204660
227030
199572
221422
278584
175603
205420
195268
187922
359159
215538
216828
195670
204417
195114
218171
210021
245983
188722
193791
296258
203344
205098
205668
221435
348945
222550
251501
208455
201945
206414
196300
214486
194556
223953
219699
311689
190155
191912
240640
360923
263665
231338
194310
198554
224915
203526
189469
265288
202642
236873
368796
313816
212888
192685
279455
247937
194173
198251
208024
208224
192568
199094
207736
208073
210987
230989
217424
229085
194297
222124
232116
238455
201881
192034
201642
204877
189354
220503
235707
214300
254443
236550
250889
201096
217028
196018
335605
194929
197449
205576
205704
208719
214212
230630
233870
224927
307434
215811
229610
191487
196809
281096
200354
197935
204979
205986
197143
237677
219256
237984
216559
205074
239388
200146
255679
218523
264090
206557
185331
197458
205071
218451
189483
229340
208570
218648
186136
282550
190577
202844
216294
258848
183725
204851
214861
200814
201776
234849
219037
197778
215446
184924
262216
221183
203511
213692
242245
209800
183441
205857
199060
203852
212767
217575
212913
197734
182494
172675
227195
196011
199104
206860
200510
214104
187448
230240
192167
216138
190282
195950
268508
188919
206977
227521
197835
207193
210115
198483
293669
232745
182637
201537
191365
203557
194126
196427
235075
191086
186585
237375
202053
174704
212703
378906
252390
214726
189970
191217
216823
220441
208806
236850
217426
211327
242371
195037
184882
193793
189688
302458
301282
214039
200565
193251
202773
201708
263302
214628
216108
215970
297462
202315
262805
253195
265451
210127
223642
194041
232236
209794
206961
209459
240170
210754
211835
199436
219649
191869
352953
280090
234337
204105
204829
220226
202082
209216
230047
230032
233341
195376
280778
221582
192392
197987
349056
283736
221622
216190
191038
199520
187840
229053
198999
206675
308778
236650
199202
246748
274695
192999
214292
211135
196830
208760
232928
201684
261090
236956
215572
218955
252544
211299
185373
296997
226397
214727
211705
187921
197742
200576
226975
244907
239533
228168
221518
204359
211965
211497
199861
311610
204528
207254
202394
197094
208123
190321
252335
209810
223360
194496
193316
228538
202662
220344
271040
215559
216542
230168
208725
218983
201892
235726
266378
247128
211230
258892
210487
194628
272059
350857
256758
248209
205564
210235
201804
209602
218033
230204
209702
209379
210642
314332
233865
215807
222799
330352
234464
240554
217212
223057
210202
200900
187672
244587
191799
231559
250375
224049
231210
202779
340395
252530
195255
229767
215165
204611
257321
197254
219578
243439
222883
295069
261711
198633
202293
356794
213489
199999
207534
197292
217770
208518
264285
243394
186734
207639
224731
248403
196936
237282
211921
302716
236407
192094
204164
211597
189254
292560
185265
265662
269745
214275
219708
260074
224354
208675
196079
223970
199953
217227
207856
204318
206182
199099
209321
213239
220742
195859
208416
197631
202576
302280
359577
200315
246499
193756
193581
219934
257821
220934
207009
206190
211022
235831
197891
205097
304813
220676
240299
210174
213582
205367
189980
204622
195991
212035
267374
227710
279383
219908
212066
233824
196420
260689
198597
206994
206600
195370
207799
209681
292071
241592
224517
268801
196350
183815
208952
188069
295822
211744
222794
212145
196560
190677
311818
205935
207283
219305
219928
355832
233330
193923
271180
239671
257637
230164
224927
210923
194174
199210
214524
189241
233089
231054
193992
275249
318497
192763
195576
214350
249101
202938
240612
199497
209284
199598
229736
229393
226752
248452
186892
219747
217547
217149
210302
235032
208665
212855
197800
203408
174769
205207
222511
198658
208646
229300
210502
189609
253827
198216
189881
214048
284901
303779
234323
232843
195960
237220
259733
197776
215854
219132
217416
223509
234033
196446
196206
206264
377352
207179
324582
219548
207821
209266
192994
224079
293099
185964
243152
207826
193876
199614
253037
301299
201126
215000
213679
198725
205607
203114
237077
232620
225647
192282
220993
186291
192324
198050
210980
241190
206785
216291
203637
198710
214881
198641
205319
295040
203549
231051
224646
220002
202412
202462
279035
227827
195718
231368
194950
183215
203677
190461
223112
216701
294591
190482
288572
202105
249534
337240
281063
223867
204002
205601
190841
191187
224934
238855
281406
232937
338591
188396
195824
196061
353645
254309
242730
196685
225800
209701
210531
230393
212277
201199
197043
258231
222020
209120
203170
242325
382062
253586
251324
235265
206250
213310
215030
214451
202325
213141
210036
211786
209530
12275947
10155420
8109933
6039854
3894163
1861566
1805398
941955
201108
302684
240989
209705
210835
273627
210861
210127
195708
208262
307661
250395
228963
197255
185041
213496
234534
247478
189892
211817
215287
210681
205325
199164
190509
190453
247084
208495
183940
207044
205558
200150
252668
203227
218475
198420
288752
294658
187775
197392
188925
269850
234327
204488
212182
195752
205554
218785
192969
215893
213016
277834
305773
227018
201434
207344
327746
244494
224623
215124
207080
203524
247548
215151
219747
204172
206066
238579
209789
211330
200835
394818
187876
229101
215990
200877
206878
241305
191078
259962
211265
201023
324556
189814
232623
212056
288641
228498
234553
232897
218308
202030
191808
200719
312693
209175
186281
266207
242200
189787
211771
201297
254253
221976
217702
190343
215970
270171
240864
193340
262888
195042
256380
196964
191740
190970
208975
307186
220394
193767
220212
200002
242705
182663
279664
233004
230304
311063
186586
202027
264525
357053
273770
262982
188969
207701
196827
203047
207252
287241
180207
207670
225410
224459
204587
188489
293988
291579
195998
195637
223590
202644
202142
205369
248230
191891
211047
244867
198301
215942
257628
388166
329108
224884
240306
206711
197030
231088
192822
220761
209468
208704
210659
248027
246763
203101
209387
203123
183292
210354
220334
213120
237941
204407
217352
207569
227888
215284
247447
205004
194145
203098
208814
231283
194499
209746
206730
190876
207303
199924
212811
219194
214149
198261
200990
208777
187117
215522
222085
379695
247845
212761
205525
217299
184403
190980
243268
210151
233368
201793
219509
206180
197783
190007
225883
370887
201318
279491
186129
199849
226552
195505
225017
234024
222929
243920
299416
261949
232957
198068
276473
269542
285638
245831
195217
200592
223851
230285
241068
201786
208171
241343
215468
228462
198189
190248
210228
265266
213739
228831
211788
199917
202021
213444
177285
218796
224387
194241
264553
223000
191090
187390
213867
390070
281990
191991
198436
202291
249443
210324
223571
206763
277238
193354
207918
240903
224214
205232
212182
286938
232813
200629
198255
207337
230274
226708
191645
225818
211815
208595
200369
217574
199641
186912
206581
325579
274927
202500
226235
194420
223258
223295
211533
246925
193461
212090
250105
200976
257730
219191
240350
270011
200662
205774
204437
203810
195993
181389
207872
237348
199943
221029
251267
222219
206503
264251
268200
316191
208286
189327
207365
201432
189447
203011
222470
199480
192546
203726
204292
205182
238520
224164
211024
240509
193695
213154
197241
234201
200896
228410
288474
250124
225071
223176
195381
226533
247823
368493
204628
216360
202226
191629
189426
219394
313480
214093
238391
207588
245265
214829
193862
200781
277613
313595
209971
196913
217600
196975
200038
226456
208775
230708
218614
277477
240075
263592
202361
244900
385268
270720
201876
225448
197025
191697
215631
200446
220464
199417
225786
266620
180264
210973
180607
202398
272222
189873
193825
204303
201941
225230
202707
230721
215280
192590
227840
232076
203311
270188
200807
214782
246372
201843
213105
202873
194245
202780
236878
234350
232279
205774
282764
211114
198957
206105
340211
202206
205683
214862
193422
195163
199144
190352
217402
217663
238647
253694
221650
193796
268991
185327
256556
190105
194353
195142
222342
236197
206829
212548
215991
193161
220761
196405
186153
265490
204575
298826
215050
224940
216225
193329
200941
220901
217401
206868
185465
298615
255017
212324
189244
213646
308705
255184
204433
215148
212239
194044
194058
179520
195113
194306
194125
226082
185183
208552
235992
215110
391259
211271
209999
195914
198920
198154
240682
199916
271844
244698
202651
278959
330701
185830
188175
203942
242815
263369
244152
208001
197279
186154
196076
194519
221123
250323
215607
264854
198679
223766
207026
190984
196730
185364
214985
230356
184136
202075
193934
210155
266953
247995
222029
242209
196203
214743
193153
226695
406842
207974
218407
226348
194897
199964
182906
205036
188205
229292
195680
229861
191148
200000
270795
254697
290073
229933
184233
198170
199073
218805
211699
219161
265316
214724
274485
188717
214817
200755
208094
215293
251514
242617
208449
198106
227764
229901
194373
236288
247680
192224
298984
206099
187240
204081
205890
208426
181557
214646
219557
224991
208496
230579
210577
195578
183536
228322
257981
211577
203131
181424
195742
190356
217357
208010
224499
191232
200558
227190
192951
211002
221607
242584
224641
193086
186523
231127
244831
284201
199630
204948
222292
205881
207042
208741
207799
252956
201277
233373
202187
193883
212483
266553
249718
206365
201286
195091
207460
219807
260210
220796
213559
206694
256945
205936
214861
201671
457442
317016
215604
206164
241083
200666
221068
229408
191737
222640
263776
212303
254432
209203
202850
266386
335436
222822
229200
229111
203764
200171
193153
215540
273067
204122
247438
245246
198428
198825
206221
194517
303813
251859
213952
193726
190251
203363
286830
216642
224728
216663
195611
254934
190495
222149
191097
192698
201791
254710
205908
189074
203891
203807
222025
231642
219792
186911
248533
292518
204846
221987
226013
286995
211932
185521
215628
206440
188630
206165
243764
203908
210165
215539
187025
228226
208934
220948
195837
315337
204775
186262
197544
195255
209940
203761
189422
208077
258520
215683
251517
222164
201485
189182
227690
327223
253763
206807
194858
193512
200136
211538
242569
215932
247858
216406
243518
227936
203743
254556
255857
237896
208922
214350
197605
194281
242429
222612
209754
234055
266581
221517
215122
194323
237655
378128
246650
202162
198662
197056
215194
221021
202979
222619
248202
313280
224742
261555
215639
201160
214592
385847
229482
211207
212184
200819
206982
202447
213750
218784
259153
199267
237316
220181
198313
216484
195070
251363
218517
219161
216740
198619
210340
228192
211071
248176
221303
180748
218369
192001
186724
244618
219449
189364
242247
211784
217777
202179
212587
253697
203092
221166
195555
206083
214178
189064
188076
207279
266281
264997
204636
195579
204579
188902
197176
192196
259582
197025
208709
185381
227804
205334
243146
215852
309799
203036
197041
187392
206974
239927
199555
192936
210065
259479
187431
333700
226016
225617
185448
352562
308151
206261
205098
207490
213036
199487
203239
217042
198451
236186
184458
201536
195141
199870
222824
321076
229682
231435
192826
187998
212148
215996
189822
234857
210339
182959
276263
190733
228285
199052
209711
262571
222112
209097
205161
202930
289882
203496
222750
198188
216316
209159
234785
187960
213858
246084
400280
219118
212655
212411
207199
233970
297552
194309
295294
220785
198278
285069
190263
184644
191955
367083
242790
204224
205091
193794
253209
194252
224611
226826
243987
234493
205098
210740
215645
284531
217586
230304
203409
207018
209725
203471
233035
209471
215442
219429
227084
240856
237603
220861
208703
216670
209762
197079
215442
187983
206363
287571
10368606
8240715
6240109
4196023
2076001
1292490
361946
251732
186937
354899
275757
197087
231511
185775
199702
230473
197620
221177
211131
217488
248899
190066
192733
248579
313528
346834
188754
221262
196601
216049
209745
187092
240894
208185
222713
213163
220993
221436
206481
232481
234659
198296
195144
185209
196085
203451
212265
232128
186098
196706
240012
201040
242643
254238
307704
246283
221083
214767
202042
190819
222215
227790
220953
222903
187167
216256
263579
204431
206767
331976
306064
225236
200689
202920
196267
198601
241434
203652
224462
200463
232766
300583
292144
199905
253395
189613
318801
204232
223491
190719
187001
216256
194579
205093
266397
223653
247083
188731
199879
205351
378639
303820
220477
193984
199944
186866
219765
201262
210450
201791
213501
266455
205172
183744
209157
205172
305206
304194
207145
200928
190800
226216
276280
186117
190089
258533
246888
185735
203925
201204
259112
318142
215258
211506
198153
206513
210803
206904
196606
210382
198569
204258
247001
212981
228521
198960
204812
216704
237300
188068
210516
196668
213034
251119
212315
206994
224262
259300
190675
207804
199032
191453
206948
218557
209083
198971
202903
188044
200558
214775
211384
263879
178947
239550
187512
193892
194778
247497
262127
238597
202533
198146
242249
218381
196181
233391
256968
263947
268336
217552
202089
196413
188625
200330
250458
204480
205029
195171
210964
225154
228515
225295
222752
225458
257742
200798
205246
226748
378326
234647
189880
228210
198622
208257
205620
178761
255187
203699
316501
253377
204883
195774
263576
261805
237411
291804
190190
186672
210911
190189
199648
232730
232160
219501
240882
236041
191375
233408
319754
285454
197876
198645
217976
179924
209517
196264
255604
205386
206621
192640
271447
211141
191172
212561
317906
210669
210478
248510
200885
202668
251070
200817
273142
223788
207429
223281
262066
223186
217062
285094
230584
195101
289449
197312
196685
195349
222953
224941
224509
226681
191093
248338
180748
295222
211894
211896
254071
266958
218600
203714
197028
209086
218091
207408
215141
206383
220735
187030
206675
245506
247654
216783
192955
217196
205592
212546
256770
207635
202794
205958
225170
260512
235428
210673
193827
252938
199769
254461
203228
189823
208748
236497
197802
207260
210598
224272
218700
202032
200527
201635
272072
281848
223386
208010
191539
256115
209359
204744
301048
272516
224149
264125
220295
187150
195982
217763
284276
207100
219329
193899
197526
225874
197087
205040
212012
245886
258312
203320
198688
192061
239126
336805
215849
188465
202696
208037
208136
197319
254869
224006
244067
244975
259388
214723
210708
266250
248061
198333
192533
213462
221314
197062
231306
232565
225630
218574
235165
210200
217345
227180
319301
259909
233707
231129
215279
195460
207005
207625
235529
263101
197845
206161
241009
229363
203852
224099
287805
247671
224791
201397
249123
248594
210881
229334
195784
236775
259097
198042
204368
211817
297993
275571
201531
221095
197045
216567
200663
191488
200780
221173
202982
214358
188764
218525
223255
240863
187362
228493
204202
204045
198920
252199
208192
203263
206317
226952
207107
277307
214643
204147
256141
313055
213789
198411
190279
209702
197035
230528
193616
184969
208070
204764
223545
209013
201606
210636
259112
326803
241670
205640
201143
201816
190624
190258
201782
221853
186023
257260
215733
202853
198434
202770
231590
221357
213780
209611
212644
208263
191901
212036
262530
193977
303579
247114
215793
252081
472060
290148
230011
207361
205595
216088
209889
215467
264458
270213
197238
233586
219008
205680
232505
289367
346547
201315
228939
215993
211653
207597
238325
233329
280998
200976
282419
241787
199008
224263
209394
323719
229574
274721
210751
197169
196909
222355
207742
260330
209576
234907
230015
246694
207903
214784
225545
286147
246340
203255
206090
206517
205836
261463
207413
214975
212512
215619
241346
219264
195363
194672
200973
212601
254517
193345
209812
216223
213546
190474
201574
197621
208410
248486
225280
184778
198250
223942
217073
224727
204924
215673
197152
220778
195158
228988
229884
221218
275428
216851
197047
210955
190062
348986
212308
212872
185643
194232
202371
189490
197158
206251
227814
218942
243949
266883
215477
267310
204090
294159
206995
215309
207154
193984
208433
234632
232692
200791
182972
273837
240974
237918
210055
361600
277209
229436
225964
220167
188737
200164
225876
229578
224597
232962
199198
218117
184667
193291
194566
200231
253771
184047
249015
179486
191184
210320
225765
193326
243159
279838
327439
308567
235483
201123
187269
204534
267822
246455
209799
209759
204915
215482
200902
271294
253883
254508
319813
221305
186106
204389
263557
206466
197602
199062
215537
212659
221540
196319
242123
209892
212041
289580
255971
191580
247553
293800
270625
270498
222639
192868
204550
252734
186884
213990
187318
214575
248144
254174
199472
265683
302049
304551
226127
213781
191439
211375
200271
214778
227991
227640
303667
289007
194474
201898
208074
236242
238072
243123
204695
190543
211423
196669
239018
269754
279344
343762
209002
200521
182025
182455
243277
306454
207457
239081
191615
192904
229995
349398
232827
215151
286439
218708
196685
201232
218311
250430
197072
206478
198644
192811
184119
218740
242322
248186
189934
191074
237425
201016
203380
196357
211542
211253
189703
219235
198566
218190
202190
208521
217105
218280
311264
260918
220729
216286
258110
394202
289720
187894
194970
196474
219561
249297
249524
199264
216084
310788
225558
207425
212710
181727
193843
280604
484306
222217
217911
194358
255280
224584
208234
183882
285914
198432
193316
183480
389102
244039
192949
226767
195307
211240
203403
214735
219576
262651
234574
233325
213612
221957
254350
229351
322799
217773
201126
185916
190039
223842
192147
196823
230904
209610
335673
252408
189481
206044
196646
231701
207421
212599
195697
205280
196035
248968
185792
201247
225571
207432
273139
245362
188127
190119
332259
254184
206852
192663
184347
240006
273033
201917
219040
187456
203547
227637
191772
207012
206727
209670
289448
208096
168649
209076
186202
212039
210866
197253
220531
235404
219471
247894
214046
199127
237449
230536
254615
266554
180734
203964
212508
191467
203875
280551
257787
207848
329989
326899
201561
204504
275241
299634
223628
216002
189009
203049
198994
248367
312050
235249
193318
202939
253010
222665
198729
240111
391339
300201
266016
206930
202623
231998
201365
192233
217055
209206
194059
201759
249161
209990
217254
241929
290788
201575
240066
202167
207278
201306
213956
214637
203831
211543
217656
297818
265420
182910
195991
204497
277969
270075
194649
211410
221172
207133
193234
257204
203431
213650
339732
268163
197524
200393
223005
340199
247072
202452
204255
191193
212435
200469
202386
223107
242725
216063
255826
284503
192121
245188
265480
306695
244780
209973
198369
243106
259422
192851
207418
193845
212765
257561
215058
194622
188545
248445
279290
13179630
11056564
8974569
6879808
4754153
2662784
724775
261013
248019
207273
281318
202788
190971
202346
314752
293710
221348
202935
204259
198619
197338
218481
182871
201545
214321
216110
277679
227149
193896
206370
213737
340014
214782
190028
193598
195237
203405
232796
215551
223920
192162
192567
261512
213669
195639
190046
241761
222765
197576
191821
189129
192609
222401
236406
203145
193613
194963
206979
190601
201515
248860
292663
251504
239387
224744
199517
234483
235835
192049
303345
201412
232294
228826
208054
199352
261854
238273
297001
222402
195211
202202
205434
201917
251031
228485
236705
241703
211920
237148
221809
197957
206003
267051
219178
213247
238779
198306
209494
257685
201170
204620
226132
218878
237111
197294
190853
214186
220429
206217
315653
210640
177913
198560
213358
209303
200663
226172
254976
197620
273256
201841
204260
201972
314729
256367
201684
216989
217489
230745
201903
227765
231798
217233
232373
290408
288858
202463
191752
219786
248854
243025
219071
209862
192759
188639
228772
187462
230541
225851
224196
212655
240191
174417
203071
299255
329553
228147
211728
212204
219754
2126891
239328
188799
249847
274823
234978
196500
207568
193561
226739
239570
208189
215575
191637
192516
197703
199223
204873
249325
200055
269344
213452
189214
185186
238978
311753
261277
218440
213313
197211
217102
234841
228728
203639
192882
188243
222148
200813
194250
192230
266169
243701
196367
206250
200764
210076
215581
227042
213287
223100
283559
260655
209302
210995
227444
315774
184457
196715
203941
208539
199652
212166
221606
240703
226310
255735
213262
199429
206030
217034
244282
218454
198662
196817
207912
198054
212542
238684
212095
174728
269240
215561
187552
195241
194892
206982
272713
219287
216918
203403
207112
276900
203085
186480
258852
222816
288587
233381
225017
266036
191784
269982
277003
253575
227108
179416
208246
288440
207611
286024
198585
188776
258973
209081
221582
227807
218329
262028
223669
226262
194931
200940
281632
194558
227992
249409
235573
286800
214388
201740
248981
360372
268979
212461
189034
196176
202165
212222
202374
231125
213294
207207
268347
218302
178382
187765
189377
270582
261082
228086
226136
195805
210145
198387
207416
210679
201502
200341
335922
239885
186455
259982
308473
349654
242039
242802
219087
202466
196840
187213
280283
205533
197656
236461
191058
206808
221823
234124
245892
247617
320155
191838
197149
197323
230776
219288
234791
233580
254475
274776
182410
214311
224732
275179
294114
220057
211090
197318
209628
215046
260709
230935
208302
248971
247367
270892
229703
205774
230199
333622
280462
206867
216499
200763
191119
232906
196466
274610
196923
203954
187843
216085
197638
203420
222315
196545
232459
219665
204545
188081
197657
223177
208499
224751
196326
263151
313242
196720
186956
193259
192827
217401
204432
206516
204394
201256
214316
220433
221031
193090
254438
268054
199478
242875
204390
324312
217072
245852
209570
205233
192874
246607
189556
267228
210231
208124
263237
202832
210801
224642
351165
208838
198783
196065
207809
203198
222436
227393
259595
242565
194245
235771
191311
212185
213049
204220
371977
197062
215461
226729
232727
190284
207501
204589
246791
207240
227364
238418
200335
219279
199111
359835
229514
221837
186868
192614
204978
190867
195666
327150
241113
261663
240382
204179
222747
204826
226156
247804
218470
220336
206956
204018
208478
194114
228414
201336
194467
231579
201341
200072
279975
353447
198209
210250
198792
208972
200646
232926
223072
261864
188116
194034
265072
197321
187720
240664
302982
280924
221414
198014
199587
214479
251440
208957
221073
201853
235956
333772
263354
243069
194757
223902
232221
189476
200478
199023
244999
196126
257012
204441
262410
201934
261459
213098
238289
226145
201297
343585
282626
211186
193102
193967
206136
254011
193499
189153
217811
271174
333561
207462
221465
201958
403229
232090
221037
228325
231312
211498
247691
225872
244773
215080
192543
246878
206069
199671
203309
286155
268397
237396
231168
198467
223546
222434
235699
236303
196907
214729
242243
214948
206904
201229
260071
204354
227168
196356
195185
203040
209413
215425
231915
201382
213864
233817
181047
214835
217338
328474
297650
206487
179724
213789
196140
211326
240653
222153
223644
208459
251618
237826
208121
195978
198375
225666
215780
202644
212652
245118
208278
187787
185802
253669
221282
215784
235678
246762
182013
209883
224559
254741
211566
204491
213467
188396
221595
190022
206476
264651
203805
292003
210917
264245
219885
233530
322617
197297
262380
219787
199972
226903
208462
205092
229488
203665
182658
261921
302939
209148
188535
218205
243176
260134
203063
205135
206816
205627
260726
195777
204840
207617
232476
254638
221605
227606
206442
369239
242650
221458
206421
205052
190620
192866
240514
231675
253205
181729
270981
210377
198617
196003
201846
195644
261984
226409
224225
204303
188944
269333
214211
219145
233598
408580
236711
222475
206593
205406
285818
190059
222892
201576
205582
204425
242671
262346
180084
208875
212634
179295
230489
194077
209044
198009
212783
209303
206994
187243
189938
240925
198561
237034
226430
190865
218873
229689
214179
232373
221494
237451
193474
203921
204706
211460
227550
225009
220002
296874
243630
256133
211721
196028
190112
219582
329564
198436
216140
219000
197176
214371
208976
232771
269073
254819
361182
244076
317699
214914
296962
210202
219245
199500
202327
210546
210614
219555
255671
213686
262692
287189
240394
286306
259510
199636
194515
232375
323901
256555
225712
218731
200402
198545
195213
226724
221673
236650
191291
209710
231330
199961
194244
199317
259026
227036
228449
216318
198635
201268
209246
204858
261522
205428
194915
217293
239163
205626
234710
283960
280030
205915
224464
196091
201690
185969
205740
208353
220141
220294
227536
235335
220992
186862
197425
321016
198220
200575
196527
211953
195122
210755
180790
242345
204201
253482
213962
183589
208280
178461
203662
255622
290699
211833
207942
216349
215597
197413
213921
223492
212948
256553
187922
232990
200937
205870
222451
202199
200321
208317
200016
203892
185586
217137
286101
252905
295966
205173
266593
184262
228362
324264
276375
202543
222625
191753
208587
294379
215204
235119
216107
200183
293514
199825
215434
245606
335005
344540
216094
225521
201063
203895
209834
196333
249810
210750
229833
271428
184211
190553
250850
187309
308387
221802
215193
209498
206790
219263
218835
216152
293147
207203
205660
258452
207407
200428
211908
298933
206581
225459
232353
191863
215830
222470
189710
192172
212123
213188
266073
255718
205072
218214
363363
244580
195745
226253
200530
232588
194821
204156
202274
216483
216478
265514
228075
202913
209841
198159
304246
206952
197911
207429
201367
212796
193403
196931
209876
196640
261762
299709
213027
208771
219681
252660
220333
220786
211624
206565
203021
194249
218085
247157
209459
205545
286022
237998
205444
240863
408804
226406
224135
214029
11271586
9146479
7078718
5005563
2869364
3907960
1782439
397666
215515
293179
216032
489244
196403
251859
211685
199246
195622
204604
215421
286601
209846
210400
275651
251035
223966
212139
211907
265483
232981
214896
227993
189654
212975
224442
209090
242509
197279
209957
202970
198956
191653
230802
352723
267630
230565
227218
201790
212032
240029
214503
224092
197957
228205
264228
250216
198962
197219
184274
291648
189320
218166
217866
197513
187789
241082
198069
191951
204313
188861
239688
231902
189713
286466
202329
287891
204583
189756
201029
204174
205679
190980
200796
247915
184533
249063
199473
205930
220334
188735
304857
325212
212576
218339
195781
215821
202981
187034
198185
216371
302252
228558
212648
216311
238986
390487
192710
218820
200097
201224
200541
192025
191615
240461
207724
207314
242517
190391
199729
200957
277708
283279
208183
209499
196146
203089
200419
219886
269207
214061
215472
236680
236667
191290
182036
208292
230332
196030
203361
212153
207870
200776
227971
210133
210525
199711
300782
261144
230010
191702
180283
306845
232191
208560
195216
195633
204885
210809
197895
257439
201264
227491
249874
230280
214376
262008
203736
304135
205103
188913
220597
236057
191879
217180
202707
270779
194203
279656
222887
212312
214217
242030
374091
231625
209085
209970
188656
235809
261294
218763
201283
222795
232414
224287
296902
202653
183256
221496
280535
203913
206464
213972
187929
210504
217474
208760
241045
266134
197035
229318
235961
189204
200326
197504
240060
208608
178179
196064
186856
205773
269476
200291
214093
184380
274748
213465
229801
199787
294245
422271
210498
215401
197905
206843
201241
293488
222073
245112
192471
190712
270261
212818
203815
224743
291000
219385
221431
216284
191894
233014
278049
227923
249369
187373
191711
241739
196754
198826
180577
228929
297080
224045
210580
189951
203445
198357
193198
197371
279504
241993
340105
243033
227290
207284
279541
299538
187426
230178
198324
192191
215237
183336
227512
253683
235132
274584
223910
202541
188640
350592
335457
248148
206902
193038
212110
261589
228780
243996
217159
217406
210631
209069
191285
229381
429016
275143
245475
195359
203001
226688
237292
220181
228062
212006
212785
318612
228910
222916
271268
215659
233120
207263
230243
193660
216007
250088
227819
202280
206080
227606
249493
221694
203166
248037
305600
243963
210185
217492
202911
221276
189809
206669
243919
239908
205121
277047
207924
188757
268964
300749
198582
226447
219907
201254
195351
191974
184224
240786
183126
236226
262034
249337
219368
325887
208024
243115
246341
250982
226929
203426
205621
215840
200673
247603
204197
339591
256528
197346
214039
223075
201346
222588
196349
224782
203825
196080
198908
200043
234407
217954
242884
347338
202398
187133
199923
204892
308687
246704
236374
230801
194516
205513
231061
197115
232687
197793
223626
233039
221028
248155
198503
340389
270931
186885
179286
216699
215348
243495
206915
190790
250117
205666
209832
222893
267222
192493
206568
207450
246041
228157
209662
207352
195713
196917
234488
213035
209421
232740
216509
281718
206951
204282
282926
329040
208987
206232
193673
201395
232632
272820
198067
323593
221994
210190
246619
203201
194279
229221
360083
222890
214531
216782
190003
203546
193092
209969
202741
217991
210855
240359
237553
229504
190523
288035
206130
263079
202084
197938
199173
203343
220933
249875
286449
226957
244958
268296
192448
211570
199857
304884
223873
210761
206608
206002
212792
211088
233297
267555
201269
284327
201847
203615
336015
250312
272251
236194
224007
196891
205621
226251
194124
243365
195016
195086
225357
193052
253445
196407
192520
249139
228135
198371
192978
208158
237713
189153
212209
206787
281369
206613
321654
253354
227797
194608
183246
259080
196682
243319
220300
183392
209247
213412
286875
202644
248550
210893
260959
208359
208345
192383
227966
334003
201894
195107
201229
206162
191631
250873
193114
237749
239492
185835
220386
187638
192708
186447
240101
222277
264200
217952
196152
217590
208040
222240
228122
207489
218542
288991
226740
212915
253535
400521
197229
218543
207489
224956
194286
204847
236389
196435
220260
211140
191257
313470
196333
199605
202226
264103
232453
185964
203967
187244
207302
238862
188358
200923
205252
219477
216511
203769
201713
238967
396787
242167
195053
184828
196057
201805
203135
211358
260996
195421
206658
264431
262664
198129
264600
485526
235677
207925
241084
208624
198966
206932
233152
213707
218159
221012
257683
269819
199779
212627
200209
286212
190616
216947
206769
204011
206189
231690
236289
219296
210161
188367
297223
191258
225452
233486
268812
185919
193050
236906
200276
204299
197772
195772
184279
186706
209775
200753
334898
206934
195884
199857
328751
191698
229303
201635
189628
209039
238287
195423
195511
201632
188768
307928
202262
191113
228673
351797
271213
217025
235877
192433
208377
252683
196746
225504
212422
252792
200650
209944
203506
203173
229306
372849
242260
211537
229676
215821
199332
210050
228851
239629
204341
192481
221594
301558
222617
213798
239426
325352
228913
200446
179637
204397
209350
203971
221967
245876
203850
210963
270152
204411
208391
211679
327870
253043
191076
222053
207415
201623
203917
215617
229613
247447
212382
297569
214419
218947
209987
425860
277922
221953
205283
215198
225622
201472
202081
226641
234815
197578
241522
272169
197592
258744
390625
269910
226647
183795
197426
195363
233483
189356
259438
200303
236043
194189
223765
187126
288348
213122
200938
212090
208567
226386
203910
195647
196709
368400
213794
204714
208170
236343
192526
193681
191347
382077
225628
228036
215014
195074
213105
244874
239216
266332
211124
253679
246668
225851
195138
254619
208121
253884
204329
212318
203009
195082
280153
205696
247731
313098
227391
266107
201353
202282
206757
289699
263197
207042
236879
194944
208488
249354
231180
283722
203581
291947
234692
216049
233828
186537
385355
208294
200180
217342
201761
197129
211618
279357
205799
213556
227741
220754
222091
202218
203567
238071
197124
235268
216136
211738
204343
203565
200892
228530
214573
340267
335017
207740
201142
253563
318794
280420
205920
207663
195042
234292
205225
203632
197541
230428
207752
217283
285575
188472
230675
224989
258593
275537
190975
198218
204395
205160
215250
224022
212602
216435
244956
203596
218501
217158
206578
369654
246713
240332
189918
200364
211812
194347
216703
198578
207207
218575
244201
242825
201077
206484
342748
202214
202326
209956
204244
189726
213314
208988
256413
204819
218285
257073
231674
206718
212233
306574
260584
202432
195425
209524
218388
228602
220959
278462
222552
214631
281494
202217
196526
193914
212607
297424
226516
181756
178971
238065
206167
212344
274125
222270
235594
219975
250703
187852
284961
375012
302702
223125
195340
474733
195106
221482
227484
211327
198834
187175
286962
222052
191412
202833
226747
356471
221273
202730
211652
219877
217908
204160
196192
10613688
8506881
6461963
4387077
2257428
1241921
796137
202752
390213
390682
272394
220098
186444
206847
208458
204672
253378
206963
218847
292757
230754
200686
272522
293280
301438
213140
212066
208666
207119
193060
211122
262516
254937
196289
296136
215598
194637
196022
274293
312287
200773
254477
189812
198647
201449
202031
278911
221172
207446
175010
352452
194067
196279
207614
201550
202204
203357
206618
187621
196445
231822
199479
246209
213636
282267
260146
186316
193116
214213
227696
265489
218912
213209
217984
196893
235932
186199
247319
187108
293547
304161
216995
210137
212084
308975
196872
203378
195073
207444
203851
203256
236038
207595
227581
177773
239385
195753
196793
197397
200273
346798
240007
196719
214478
199305
216656
214239
261389
215157
190873
201203
225329
209274
194389
197412
202260
300934
212667
206417
183295
200845
203134
222263
201055
178282
216733
234093
215844
217688
188932
253206
263735
197042
203387
191392
211895
213529
175952
211199
196415
239355
233544
221922
215615
268249
211619
241619
251822
219080
194799
201221
217240
199483
222880
202777
223658
216474
210118
187637
238036
199668
282006
205395
216666
207154
189804
208773
244979
199028
251996
233975
211374
202477
201542
216349
227009
245565
194952
184050
206603
203087
233296
194043
191825
206592
253430
249135
241889
200914
197200
196853
205553
248306
218752
195314
200797
188027
208388
208430
251967
204990
218426
242074
221198
213173
256679
193823
395799
216704
182158
201418
201190
224707
223984
218999
212189
199774
243085
229300
185330
207507
248331
325042
201369
289099
199805
210633
211889
200083
189218
215408
256343
221649
212678
223356
214664
205461
183918
322873
216241
203351
225257
198509
221773
258456
252321
295061
247443
299105
227917
196077
199602
211196
306381
210856
202304
212073
197913
226964
205381
210832
217176
224616
196867
242891
207141
202920
204831
212488
314206
357691
199561
202961
211410
194934
199378
217345
188518
223124
232697
200007
262784
195970
214201
201749
278519
224131
204148
203919
184834
197910
228128
195313
219843
203179
252267
254911
218573
188654
222032
346504
218655
207277
205960
205794
197396
193271
180090
205604
199692
213781
303267
205593
192118
545042
403558
215847
200486
189694
202936
198007
203099
212559
210759
198499
257147
278302
218241
189729
286961
303186
239949
189856
222128
203586
268110
189192
186152
205363
191959
194115
217713
241300
210007
214080
326790
314108
202232
185930
196059
202054
228138
198333
231246
202905
199663
184545
189728
186322
199169
333732
193436
223056
195746
195019
182267
236811
223140
179679
217952
180813
244220
241371
194993
189060
193572
214421
211930
203358
219794
184733
214341
208833
240810
236418
183477
193736
279389
295802
184342
215552
328236
234221
262576
191508
185103
192128
200504
198283
229286
266975
202187
239036
211481
201456
214740
210023
243158
250615
188524
205519
198154
197254
194728
201029
265981
194131
196334
258489
187137
187448
228135
237593
240374
195052
193120
186596
196741
189078
210694
204142
218287
257370
224323
226751
183420
193921
230827
332065
195376
203291
193004
177966
181227
222330
228052
213126
228538
211271
235304
205357
197046
246724
204979
284549
240643
177860
206466
210823
207380
221834
201709
258062
225795
202181
216946
189240
200536
242880
339976
211898
216300
213998
200860
223081
257300
186308
211683
204503
218153
228224
216112
184779
194632
194612
221040
212985
174438
198922
202067
239282
203030
205867
186693
213263
219882
186682
220765
222211
222414
267494
193221
198282
187606
216312
195036
208447
217589
223179
236235
258171
246610
201670
212974
197838
299688
195386
205373
200711
201531
193772
183946
219112
244359
205947
200162
268678
204813
194090
212372
281316
243342
207083
197205
190475
205768
193299
197178
287617
176866
198408
260364
169734
211339
217290
369533
262054
223561
194514
196412
226270
272333
228648
239707
264995
204986
237407
202147
184372
217070
213386
246592
238189
218612
203957
200923
208175
207301
197567
227567
203282
189323
212861
228797
211889
245622
363240
252523
200304
209479
205094
184467
213310
229986
234495
287145
199141
199703
311122
190014
204175
214671
213340
220077
225972
224852
199420
208855
234283
262571
203254
220491
196401
197952
208042
202313
211318
215716
307367
210174
227630
209899
199289
214488
194357
190513
258948
209997
331326
239564
270696
196738
208132
327010
325809
208625
205188
202541
195815
220264
237053
181726
234142
183303
198474
216585
208942
192475
202267
341593
239983
203131
220658
191478
226049
238148
248716
204614
208900
239466
200902
197206
247457
205673
332809
217718
205424
207887
203965
213871
238142
202849
226473
196366
265938
288000
222674
218838
215972
334331
202853
198121
218130
194723
223144
238258
221629
226738
204455
228488
266779
224075
216522
246444
373931
227597
209740
206053
203913
220082
276835
207966
231891
199398
224142
216387
260710
195243
195022
195912
330115
194266
201928
184455
193931
203734
200871
224922
201713
203995
253222
174431
201610
194792
217043
222075
244838
191786
217384
212231
201157
214736
236696
213468
198374
236794
302793
188859
201392
210394
306854
206729
222484
217583
185463
212189
203576
210764
195223
194268
209480
220343
227255
214839
204718
218234
233331
231590
211864
211093
206701
202980
203874
225803
204485
212252
243819
236474
219615
216832
218515
338745
246870
242983
231521
200954
221770
275043
212267
226419
207650
209516
265238
215621
243630
213186
211019
202563
228291
197191
235196
195173
213063
247535
192356
241911
205962
204675
241877
191178
193838
259757
201158
254155
226506
199504
206307
228451
188615
268121
228355
204839
209319
216227
197326
186000
207072
337692
285020
231963
208406
200657
193407
207882
240705
208253
285241
202555
239535
315266
215216
283323
202185
297074
225300
200392
192090
199020
208965
216404
206007
228321
209352
259045
335084
214842
208110
237035
398056
292258
203185
202268
212787
223491
204217
194083
277945
213359
210334
265669
191780
197103
262293
245991
282251
207061
206026
206355
215237
191059
200848
196269
270038
197775
256840
231845
204662
210098
211024
430300
249174
217405
214253
198682
209057
195495
207319
190872
191045
223220
301222
236107
213810
215320
210031
285507
267136
195493
207348
209975
212114
188055
180779
243786
202771
229576
225378
209474
187689
214537
277565
432868
229094
214756
204536
190974
211663
249810
237750
208970
181178
207025
293338
241446
241001
220032
394879
246001
230799
216645
199967
194456
209230
189131
201109
230342
226654
307771
195445
214337
245890
340609
241867
198226
198575
186240
226308
229788
205706
256518
201892
213218
215278
220124
192158
197770
198032
406781
215404
262718
195348
197876
209144
257963
181226
199736
227191
199566
403939
225546
188332
201925
226769
195710
206229
216029
221985
196505
209216
187722
253302
264176
200328
208640
216072
203060
185275
297815
208563
232558
232491
248614
205320
198581
196617
188554
265900
209885
220640
11818638
9685476
7654038
5591112
3467408
1835320
819205
312495
303532
197588
206859
190001
240391
216853
258653
195661
194576
243217
194698
197030
190537
193462
205920
225629
205240
220922
207078
201662
245777
220919
188482
227247
237453
209518
180697
199966
191562
368992
239019
266231
231776
197407
208928
232761
210383
209514
201267
344071
255559
212669
213627
203332
215058
257791
214386
222724
207546
208003
202120
197635
252946
219513
268696
233101
233700
213562
211458
254631
196376
198493
208660
195083
216288
266317
193272
210214
240426
200374
234966
210438
193384
207621
255407
282653
206727
218029
200690
216183
260846
245354
233910
257721
193691
271847
203712
210670
175775
439905
303591
213015
195639
208302
215054
191326
232898
245389
225225
224550
259766
256947
203166
230902
302475
225418
210607
202187
202098
208359
203512
221288
256081
231945
198635
210881
286440
194241
212762
203245
320377
226977
208106
191072
203114
207528
217541
251123
225550
209431
213472
224787
202633
263984
227591
255959
203745
210295
207127
235931
201715
221300
199870
206539
197820
222731
248170
211571
269563
365547
242129
215649
208690
188669
233708
234909
228309
195767
224924
209963
277904
191888
199714
222570
361352
280392
203142
223575
192875
218181
198699
257273
248227
216855
196731
226651
242136
190879
203123
211239
251119
347043
204047
203884
197119
192648
224676
249587
240917
225823
197548
204021
246277
228157
246737
212819
200836
276282
230125
224274
195022
207266
227090
219854
240314
205672
192484
269094
190977
193202
202415
258130
291609
207525
196056
210425
204003
200893
200756
205664
275164
198883
318296
282854
202998
246946
215309
267299
219417
207062
204401
207789
225335
232388
192956
256690
192051
229632
258049
219829
205308
209045
299411
280644
227734
219168
199635
223714
199206
211134
214499
219737
228451
282979
206248
215619
246145
405568
234279
196823
214143
211168
218230
207799
217067
208493
205787
204023
375423
290495
199448
198228
214731
378754
233532
231663
197186
191514
220622
233228
199877
279548
207818
217787
271912
192699
197659
225110
358633
308529
232660
207513
192564
210860
206203
195493
284621
212759
232054
240587
277626
195277
239963
223096
204825
189752
205018
222594
191133
222241
194508
185800
202736
205000
202058
268441
201561
218678
206391
246098
273755
204065
250844
228965
199354
216533
231976
218553
301041
235359
187684
271132
218777
212569
217308
389410
284849
205683
190571
207367
205011
291601
195003
207585
240282
305271
192353
200968
207217
205909
355224
266306
250322
241493
208562
190415
187704
265693
184019
211695
224331
216073
193452
220093
192383
232737
209534
231949
191088
208355
197668
206536
205069
281133
191889
191747
200542
195995
208345
210246
207991
294522
205321
202884
222244
203040
195070
250904
194501
241804
193660
212201
276427
245099
258515
198368
213557
331447
209437
225950
201593
190282
212525
218931
188506
193682
213038
237579
289474
222579
212588
212749
268302
227760
213347
223470
200663
208866
230601
200343
202912
231801
263488
280686
226253
193119
221159
328078
216658
201844
208787
196733
205885
215714
212287
216649
189008
210989
244227
212108
216920
218441
210474
239119
279787
185176
191084
212099
200859
182370
214293
211473
234575
214817
201142
188384
200650
361511
230730
267622
198667
195292
222279
185024
194868
201398
232026
185632
199235
329311
196011
184329
265983
327569
337689
204405
199044
207188
194877
216963
242477
188272
219784
196478
194315
231553
203868
212302
220072
353244
259149
263329
208488
208373
203058
206493
210545
204085
203082
214705
248137
247654
209571
190823
215050
204478
220505
210103
206887
182018
204289
214367
203937
216822
216226
206554
249196
223542
195067
206385
253902
274422
194582
186063
206885
227716
210152
196624
243958
209755
230480
213389
220862
200317
202921
207461
304602
238233
246580
219325
194724
207448
237773
193263
203646
200755
278972
332831
214396
200892
224414
277591
227791
243690
207515
202379
248654
224634
209705
260079
200483
247956
300952
204121
207895
264126
216612
230309
187084
193611
189383
194566
205695
236157
243094
257855
256834
204935
231543
305754
223922
197229
323527
242121
202959
233388
207686
220805
216079
194266
203232
214293
204111
282007
224585
213500
217907
365486
186410
203460
208180
201913
219328
220612
178998
212729
191009
203935
204812
189088
222028
198414
273277
225938
215599
219033
198511
232020
249224
192252
241297
219830
220250
281931
187309
195602
192337
352603
277401
238513
217755
194988
198343
213664
184248
199575
261631
207737
231823
203308
182349
206167
389929
205789
184611
211278
201864
191982
213161
204435
194641
218120
219304
240755
333704
224749
226513
196469
243008
215708
193301
214296
194483
193859
239055
215498
247257
217728
215501
206306
217439
203844
238654
201669
332903
186179
211284
187192
210594
193113
199867
241363
207936
210880
227284
238458
220293
199772
228843
293459
252031
196678
207117
196572
220626
188095
197175
250024
199940
205655
322360
207969
187752
195624
331503
277925
205456
219918
191359
227430
211754
216300
226211
217194
174774
250376
240404
199482
209517
236949
298870
197596
215376
226714
195461
208724
230347
201050
252573
215935
194855
233363
258448
198615
246036
377638
244509
185417
219218
193612
209439
205599
196495
224130
310480
244175
214275
218554
204195
257099
222255
241787
184325
213438
196891
195227
212894
229980
253482
196396
185694
251943
173351
195436
209547
209120
316948
192808
210324
198797
293906
211206
187370
181759
217168
192292
227697
224494
272641
205792
180886
206861
207993
224483
181327
220203
192442
190098
259050
220536
228744
191775
215219
244078
209476
186508
183480
271616
255582
220524
192046
194942
190368
258500
192496
182721
187942
231502
323594
194914
187386
197938
193324
225639
205269
193412
218346
201985
214931
189962
244328
224932
186242
261526
235452
214789
249058
195736
378940
184300
209818
212755
212999
201017
204501
172332
238487
224523
321810
226104
215202
194021
186406
275005
229686
298180
201914
209989
210463
202376
215263
211775
264387
191398
188232
239911
218938
189758
239412
272154
286862
205804
194200
209425
233104
213623
199538
200037
234764
192058
192557
237619
253247
193021
192613
203177
283364
253109
236642
192175
195338
197495
194957
252480
191738
198653
225370
223353
199252
195963
189321
323724
249368
185473
193916
199221
186742
190916
192483
228617
230347
208933
300469
213691
205567
253090
320072
223450
233665
214570
190271
221185
205651
220055
226027
269342
209019
237925
207029
209313
191062
208316
284403
210349
209055
202821
189155
201528
240727
264727
191684
190674
248993
243214
213268
172055
208713
229345
190343
226352
214349
196336
197733
206830
190342
265382
216060
243008
298381
206668
209419
211208
374592
192746
209853
227186
202343
228200
195161
211495
194873
229819
180165
240527
249902
223298
221874
203744
223413
232509
214200
227101
211607
208458
230143
253294
208245
226994
260216
258746
12379227
10255875
8193631
6145372
4020416
1962347
253477
197620
189379
207676
219333
293712
195772
268637
231587
196471
212300
276635
323191
202903
211089
220728
189742
200997
288015
184251
258970
245522
218657
298161
251770
207456
274349
232346
277643
201753
209148
194145
206026
202901
201520
186424
201750
216180
216714
243111
193322
193189
231677
218564
214543
213704
213019
201168
208858
233687
216726
201863
218245
213212
230353
198158
228009
214549
323233
190103
193737
212228
210400
195111
190887
240612
237891
234555
210394
202715
258718
207594
220157
223737
324769
191344
281678
229017
208886
212608
219089
194395
193679
222901
203308
274181
206793
185856
192446
198393
214220
300822
246536
216155
192032
217427
241441
185041
235199
195130
238466
317554
220188
204064
225273
350285
182975
234689
230153
205214
202492
186579
222637
217081
244841
230339
217192
191721
212954
236465
353764
282816
214010
242944
199703
226141
219133
181873
220534
226056
231678
228543
200492
210159
268256
304798
261485
228042
196391
206884
231240
268465
196006
265687
203903
203266
226539
216231
196700
282444
330435
220028
238445
202967
189368
215942
256505
199260
244662
221683
186040
269136
178620
210161
221808
384598
241476
215526
216878
208931
227299
194208
189255
221129
191536
196190
265071
205558
184247
183300
332314
277497
250373
218308
208960
214393
214562
201461
263832
226924
216990
242616
228063
212153
202600
226655
336987
283366
249949
186027
201299
222040
216370
194076
219288
193487
267251
194975
230448
214562
296094
202262
204445
259603
202204
205462
199180
234087
191334
190533
276251
194849
279530
266180
198153
186079
225553
327905
213162
201704
230828
184720
219207
192668
213768
237053
208597
212881
271127
210305
178792
251383
246912
268835
223544
210277
193016
225397
205832
203716
229259
202395
227991
270451
203308
198707
216028
226708
240337
293063
212184
215482
207864
206831
231838
196506
199804
230280
291887
187519
202235
212101
213241
227113
216143
217784
219661
196654
224049
197381
197142
189584
203370
205197
212034
193306
214531
254938
211998
204487
271069
204648
202450
217504
240349
194299
247061
207016
184167
268331
245885
249734
218045
209021
245739
272867
212926
204822
185655
211117
207115
217886
190689
226243
281767
232929
201248
199601
278088
240626
232129
214711
218556
204115
217186
209984
220837
247697
220706
243011
277881
185992
243024
227986
256796
228849
192842
190359
175821
209405
205684
179617
196541
207504
198744
299344
219828
187995
255329
347505
252846
220126
217464
214790
212556
231223
193723
185050
201057
216367
202351
296509
209020
187571
190507
220015
216262
231062
213510
191489
192518
195603
232796
197105
211040
198126
247054
199518
200315
210599
431355
245008
220289
217110
205681
216089
210923
203284
233452
213282
215575
312370
187753
201894
240673
301226
216295
199408
193211
210658
218037
216475
218853
226582
241055
191947
229056
292084
219370
222705
244972
193963
209530
193343
210745
185097
188109
201608
218830
213408
179135
261888
202205
206787
219317
195735
251490
253065
219618
208643
206674
191447
219779
227643
220752
209124
229280
201520
202774
226870
211612
192880
200888
204308
200387
203107
204935
213973
259110
212751
196321
184045
242766
186051
188567
223965
293791
200610
195157
223673
208405
237204
195207
283428
207449
195672
248432
176090
210920
238730
367783
333990
196760
199686
200414
208053
214950
178301
279710
225022
202716
192452
269991
204489
207105
216267
305061
211515
214742
203017
213850
193324
220687
256160
206242
202727
280119
232610
191362
203883
301729
348404
263693
189566
190799
207885
197291
229660
208934
276819
185989
189018
292460
196532
206042
188649
211805
341969
227501
192385
194263
205152
213896
189124
230922
246206
187997
221818
275170
251484
197234
187230
214349
309378
207163
192382
206000
224966
200995
209561
218918
207939
201916
251908
238375
236977
206197
206281
208406
225148
248549
200356
181714
231530
194892
183763
202622
193523
211778
229656
182393
205373
246321
337697
243832
207784
183335
193842
197908
204282
191943
189083
262867
351772
264151
250985
219529
190445
260088
241069
250059
213771
195427
199012
225292
187814
182688
322147
216870
236631
251742
263557
177170
206000
321095
214071
195830
200360
193340
196295
205407
259170
208565
199229
202247
220169
265489
192875
204993
255866
269921
274631
224730
221374
204697
206723
204830
199137
272874
269421
190556
254934
212023
197249
201318
287246
326475
222452
198758
188754
199625
193249
229466
209552
226051
196395
275951
301818
183422
193694
210228
304137
266085
226531
206065
190676
222650
206816
213863
222485
202348
205228
214528
204537
211209
228466
361858
243555
199537
214544
198067
202612
202035
235881
227465
259800
220275
277600
200467
193204
187681
203963
314907
277855
216294
190233
240986
251100
187786
266477
224019
192879
278684
196439
209433
197497
299760
271038
209260
186127
190830
222374
225095
190548
233284
179052
205846
245684
301411
196186
185051
401010
257106
250096
207913
204220
195419
203364
252835
199928
199058
208234
202341
267066
209365
205589
195747
236373
280714
182376
229512
194993
206083
234606
191128
208641
190369
210233
231830
194540
42546445
40455162
38326758
36239733
34148111
32021707
29960238
27913202
25785826
23744105
21663108
19554308
17464025
15376423
13246257
11153114
9060682
6928663
4865399
5791001
3670572
1599158
585260
197449
223066
296648
272940
180613
241431
235422
196634
211658
200429
217273
208533
206687
208741
192191
232157
384907
193357
222984
206012
231211
257335
247931
206997
200514
329701
233518
194203
250849
202211
208900
249165
198652
183382
211473
204230
305166
198460
198282
233050
306465
278765
187450
217700
184825
211471
354632
178486
257099
208774
206085
310555
267593
196213
216714
291977
268777
216512
204210
198524
622010
216837
212202
199409
188374
284530
220305
207413
209641
221078
249495
301015
193477
211933
209772
204654
218447
205645
209755
213381
211952
208899
196798
256156
362056
217737
219072
195123
208620
204345
198745
241899
209509
250278
205183
249303
301200
207055
215172
290668
257046
200011
224007
221302
207028
204427
386305
221323
227052
227622
214333
270103
237388
211259
196908
301624
218758
214294
246502
195604
194815
204057
184835
338210
217016
212295
335807
221570
232430
203716
210248
212727
235770
181859
215433
202093
194998
317681
207399
227982
251621
287093
209216
232201
226252
435386
294281
191872
202762
206353
204173
208345
186747
213309
238914
201840
389912
244582
188739
230378
205957
193451
219816
215462
214121
193050
212397
252144
213975
247764
263578
256981
235111
212943
205704
258709
221440
364786
244411
190474
225577
197876
207152
356153
219161
196632
309402
218476
325426
179127
201576
245430
212827
284797
214594
224678
10539833
9582267
7452757
5415719
3382844
3006939
851136
389951
251971
258591
279587
210366
394637
408329
262349
259033
185242
203177
209756
179302
218424
210292
366753
277182
208255
195336
259690
233702
279432
196298
204962
199128
202931
251882
219032
213123
237673
210032
238192
203195
211932
194748
324597
233363
185887
198132
206877
243169
202835
241603
268027
259253
185707
265445
228739
203289
202937
216879
292855
223501
198708
208920
232774
210373
202736
259048
222359
222948
273604
184024
188157
239673
540534
183832
256706
370328
217435
206569
224023
237736
240461
226721
229482
298627
246849
194719
238149
233269
354019
201446
210146
215771
205327
222576
227580
185882
191199
235461
231422
312821
191209
202336
221067
332408
266771
209127
216860
186295
216915
213283
203527
296438
199849
199666
200403
209027
205499
254480
202028
217124
221347
192984
195799
192214
194554
316118
255511
254092
208058
205267
201955
231285
398930
200919
256474
193411
216946
184467
210955
191177
220427
230699
244994
212471
220850
224428
181540
212335
204120
189908
249178
239004
197637
205240
222560
203720
329548
213725
205550
478499
231673
309835
204958
214742
246785
218492
239590
221457
218322
211733
194913
187958
200330
194521
215413
211422
246340
254458
184419
342579
381771
246457
251312
215974
217378
230100
205494
208970
206189
224267
204852
236856
339768
221236
189100
371631
326452
223838
192447
279606
192554
223143
193711
199807
205775
224290
555672
218210
183017
212870
207242
289266
415947
198621
213976
211432
192063
265699
233480
210877
489230
292485
213319
212820
221661
212744
373858
205284
182492
228899
216488
212256
277401
201493
232202
205033
264727
198230
199805
201217
304111
347960
200420
209292
212378
197381
219314
317656
223084
228173
192981
197791
229642
310172
205106
237176
208311
182236
245881
195403
258880
204984
237974
249126
217740
193767
203188
307212
260572
216576
212324
415864
199890
206534
192454
197835
203584
276582
226316
257877
196076
247204
292754
212656
204554
284326
266077
215359
208180
218463
215881
212580
221481
172997
247323
269518
381486
230172
202796
208962
208212
198608
329299
249846
335585
210991
219117
199983
196942
217162
229258
189658
262527
218397
186868
218677
267109
234965
203223
240310
197025
194540
216720
294822
222266
203709
214895
188934
208533
212154
293084
207589
303951
308939
248981
225353
209093
205827
222807
219759
215457
229754
252656
265115
233628
233736
190634
268940
200623
243558
301408
215540
194779
217335
208763
186647
222372
284259
223426
216397
294967
193488
313832
260566
270981
207290
203920
192742
233759
221526
232910
328991
385696
209200
198561
286083
205399
197674
245414
213025
206346
204467
207788
324260
227617
286940
205485
218928
219055
246082
203699
193317
197510
284953
231563
197990
229183
202070
184915
189280
247316
247160
204919
210884
271644
204629
199172
204881
286431
379448
272815
222268
204619
217009
199918
213194
222593
201626
185316
242904
193285
197644
221529
364478
322730
207352
209631
192915
188381
209408
228323
210906
248409
206786
224698
215875
203498
192589
200555
353661
256628
217147
247096
189659
215583
197575
194654
220750
193391
223886
338766
333741
173838
216994
203762
256573
313168
256169
214612
198154
205432
200497
209861
197110
189343
255484
255080
203323
196226
200356
286708
192177
235623
205148
198485
203891
206057
248002
237112
226537
266275
209341
205476
201765
340233
289527
224042
195561
212539
209855
242170
255711
189017
234365
222863
212176
376007
190535
195975
361813
214250
270179
230750
334338
196514
216916
241234
195570
427594
494478
458577
333604
213423
424915
270825
294881
221718
418982
221408
193952
207822
217157
326859
212053
221763
228662
237325
295419
332250
205072
232105
344008
309663
361056
179198
195160
186510
203671
197839
346133
243119
222058
278136
517750
186012
194655
237035
359273
249444
258295
244689
257143
253461
358762
257546
216231
259724
222450
461850
229983
212787
277916
326734
198439
350695
302535
196067
192696
206218
350190
213432
301828
208199
319497
382245
220780
303767
301946
519323
302442
259620
205034
185318
278357
212373
210972
215472
203349
577395
213660
225252
189006
328314
374667
350847
301611
283952
262731
174770
216122
218175
275359
414542
282512
284960
238637
234575
179718
490231
406315
240797
325248
244295
179250
227881
234109
310868
262534
189187
291217
182278
203743
201332
565330
349417
214366
225759
207474
210250
222258
449055
216051
229925
199486
188802
243469
312913
235441
191675
200113
341156
232047
284015
214781
211094
212876
248423
222066
247133
222657
201760
282559
209531
226161
246890
387191
232870
195117
217130
202516
205225
272750
266351
238262
204943
209841
285412
220584
204765
236457
195023
224577
216466
215424
190190
220067
302414
211165
206284
212499
201429
228653
249427
367981
225080
340968
222202
231035
221610
310172
204568
238454
201969
216860
276210
400755
241117
279572
235673
205809
13148448
11104347
8971937
6928153
4904084
4032281
1903701
868620
201520
204322
213603
266500
333906
179540
225052
258273
199701
217939
214089
232256
182092
253272
191183
301654
214460
232714
187770
251443
265469
194977
193875
362561
211915
210641
194891
281261
190562
205741
196397
332321
226345
243156
216969
210600
242108
210176
217241
404605
278577
204688
183262
204362
239987
212461
214352
261965
221387
199485
250911
201377
208057
415269
200328
303985
273878
199817
206635
216397
230027
199162
221470
234716
194395
318532
234826
198333
185450
180135
232703
205050
195730
229981
233667
228789
209003
243863
288600
186251
285971
313011
183258
200943
392582
317113
187621
224923
237223
201424
197328
225316
198051
258769
192470
189530
233885
225870
216825
212485
330334
261833
233170
218549
203343
186638
280376
213074
225266
294273
215016
193660
212630
215288
193099
224815
320245
213227
210204
211137
196910
221919
199401
259792
240076
206147
185521
267827
307402
188353
239312
331142
241294
209082
215068
260496
208980
281481
196609
248681
