408743068
316404
289812
228093
193769
188148
266106
217496
200909
290450
277629
279543
342769
263628
277571
217209
319154
303883
212839
319088
315149
182823
247776
198039
221721
231797
212334
252320
231918
221338
190558
231485
291221
332315
358472
314514
197571
213015
237688
296992
237442
224364
270441
220493
214555
278402
244061
452662
192194
369146
299168
222287
212842
206647
255203
272373
193704
198146
230164
199905
212796
215047
256349
211728
304014
360352
255394
196521
194863
301972
279764
184883
354673
212798
199841
250403
246610
187677
243751
301780
323960
293685
211082
198167
264936
208630
201420
207781
218121
228102
207531
194400
237770
229316
332040
323459
299716
233045
213290
251868
300794
278443
214503
238977
229525
230339
213364
278783
327003
323326
298322
197306
242266
199119
240474
219633
224899
374967
284483
185567
198831
195538
228134
323708
336404
244216
212131
227204
260223
269806
341021
181830
217575
297751
192303
198422
292452
217058
292423
290040
284013
257942
257426
199739
242212
204093
229453
264956
241959
193855
262925
205269
242550
209335
319604
333289
285109
227575
280544
245924
239293
297707
210507
218786
235469
201912
222321
195872
279242
216875
327253
235942
200133
203524
229308
255373
300948
243727
232313
226582
199489
203086
317731
254827
211262
268562
232415
184354
222782
224140
219910
292349
199009
200652
246183
204905
214415
263840
224656
350336
306391
270166
248466
244590
202047
275812
212974
219100
196209
198350
193304
193713
237735
244385
279283
219782
211744
193940
192279
203237
228768
238030
260514
223739
213839
245376
234587
223635
334553
189790
365086
228531
226216
203130
194247
318861
248228
230675
234525
183657
258695
178655
229931
331111
271540
304032
192836
211101
202397
205877
246870
217942
315460
266872
217503
265191
260609
205900
299335
303458
277844
215511
256751
197037
202436
266768
204381
341333
251734
196506
243267
218637
293528
409624
270631
320671
199911
213172
200202
235708
305599
244912
211552
215955
202062
207686
305554
219190
286962
267126
341967
285722
194290
216517
190389
260184
250134
235107
297854
232280
209369
210131
203701
289767
263903
262869
263740
264120
188350
208924
190326
207613
234929
187986
340322
240636
192859
235156
277574
204293
185695
210165
302028
232417
197854
308368
204811
213783
250387
213784
207392
235122
195550
284755
210708
221201
333678
303541
260872
226306
189852
210394
272400
276391
380204
247723
217924
237631
370242
276105
317382
326501
257318
316583
196755
186224
200508
229903
207417
215752
280215
224843
210285
11326919
9187174
7116896
5085717
2956830
1816030
1470060
1277095
363277
480106
285070
202776
299132
233393
226822
188658
232440
281708
363115
272476
235636
226842
205473
245097
284789
218817
261063
267937
235454
264627
227109
265614
215984
225477
217320
185175
288821
254970
250987
305576
215490
235785
257601
198731
234626
231428
189351
331229
225264
209152
267689
198852
200329
207497
296373
231310
295703
312581
214897
196696
250810
220737
222117
386427
278328
319938
221248
206099
204160
231743
325897
192662
216782
201919
239008
246979
200702
220510
356350
299406
203859
280236
274940
205012
210028
231412
246574
351948
232398
246339
266826
228757
216756
456544
237184
312458
214743
240843
211966
321163
278327
200358
278858
213736
196170
289564
194956
388914
240700
204788
229550
243153
253347
207141
200561
202228
218038
563238
212920
215060
214437
188982
241964
260050
241249
323376
253957
260433
308248
202920
229874
255663
253061
217557
229096
232130
206222
235299
242314
214009
254170
346839
204010
228303
232433
210725
343968
247086
236234
280502
220301
207345
249421
256104
298715
294654
288916
268084
305781
252583
227577
211947
318689
239195
226021
226205
201902
240033
244995
335872
207277
353776
320520
221760
195359
234089
222778
284695
223047
202555
211408
211782
208379
225368
207319
229053
244391
233877
308687
297341
207384
216488
303934
244057
258815
284024
273413
224629
226167
217406
251290
394474
289000
397080
284900
227201
241034
274487
228047
279094
206945
275298
213762
273211
297016
365692
409634
383277
233671
241066
211572
212431
194820
197284
195391
274185
196794
198907
237253
297818
361768
273091
269525
287440
292204
276111
348295
223679
229194
220408
244696
198820
203592
212409
231271
199878
238486
239725
330323
246303
284343
194140
232797
215392
227428
239004
288451
213054
282687
217189
226856
197372
290915
281671
303325
329662
204437
205083
266590
274630
252788
289337
254342
219156
223691
231952
216210
228942
334831
212925
386418
219417
210746
187927
332127
317203
268482
267134
225428
244574
210947
200752
292809
255461
280697
281695
268796
208773
212430
203494
243487
233338
243670
230912
204964
210492
210182
200237
269799
195410
269376
238880
234047
240530
197714
286525
224445
203708
232516
203673
219698
293442
299429
245465
271118
303239
320982
196225
231533
205851
191002
203442
254554
223555
249745
254084
212583
200628
257647
240597
236160
317665
313000
344586
189684
235920
277682
223697
220125
246763
231372
245575
222020
231423
296246
287070
256665
345113
393381
213595
284947
237410
297046
284008
246275
212186
191234
221570
214952
212754
211825
216035
256321
304807
185301
224603
200893
197689
232080
216025
210558
217343
222437
227232
311137
240412
274036
304350
312027
203603
246506
198535
259493
214043
301745
252731
204654
188049
300159
374466
294330
213800
375309
333680
215597
227035
192184
285397
249062
215297
340210
303776
201852
216412
328428
256890
275152
245273
335771
271745
230791
211268
333115
312276
252470
265427
251190
221136
187609
201589
190723
226625
229879
230010
282709
216054
222489
197657
211759
233102
220808
322929
208100
201430
349723
294585
253941
215305
256802
395472
211877
217364
206401
196387
241400
201222
247104
294714
242250
208566
231377
218721
208636
333408
249979
203436
255400
210799
197414
205523
195047
216303
249652
246742
199120
223278
212083
226460
366632
276038
245043
242761
210028
225146
206547
291523
203690
204167
248813
214579
219847
296754
199872
331894
256358
388422
212809
257992
218539
227816
193673
193429
220743
199585
216607
265361
212092
224028
233749
198250
240020
265020
199946
213773
199001
233639
208895
264867
285299
252072
212908
389725
308036
215586
225542
279924
295824
338017
219977
227443
234257
309618
214438
198225
308816
210909
259518
208187
282843
213050
402520
317791
316289
199912
11509422
9383962
7331190
5259887
3131189
2282360
1859802
1022311
243105
246127
218851
498792
424850
385422
234013
241619
309561
200835
250024
206239
196471
215308
205398
260190
214100
315185
384115
287599
322746
328288
178908
186586
212154
294799
216637
219401
279866
197768
259773
214159
192546
208886
207477
185875
238326
272221
225751
210719
301422
209276
231319
213829
217702
198946
231923
216097
281662
233578
230708
260017
266158
314367
202722
216237
216590
380391
281382
186399
253529
231729
261450
236678
261481
360652
419524
237191
194752
205389
188797
296992
220456
207614
317501
213565
200287
273521
313101
252899
247576
283326
380858
264573
256060
198186
187410
238631
206066
192311
338386
205410
217615
269441
215903
257747
306189
222235
208641
346498
177401
201037
199571
263728
272186
233998
288602
241957
199714
234329
215074
240615
289443
381980
294598
231217
200646
212121
299770
235225
207664
240624
219952
211319
211565
210926
309971
206765
212408
230221
353122
186713
221644
211282
254851
299501
288816
290321
247547
189345
209912
190292
196488
325896
242551
229159
312663
220133
214497
193938
366570
293733
191669
229863
223421
215508
211406
209820
205978
266459
252480
230243
312599
229389
215666
292834
271778
189720
247807
205937
207822
230254
239615
256951
241937
292266
216039
296495
202361
209096
193293
210905
308466
234672
321985
224822
199740
212295
221864
215960
242564
191922
250578
303069
229827
215630
200601
289612
320695
220722
215879
216487
182376
214565
208624
276247
341787
255224
287353
234860
187454
256046
208917
200226
286766
226849
224059
291150
239897
205521
213221
265517
241001
335367
228819
212662
224835
214449
221772
237565
283110
244944
219528
237296
219028
193599
215653
273806
263876
351595
283973
277667
193776
228154
211418
212389
237922
205984
260238
202332
214272
209318
246697
200505
310026
213142
219542
206917
181910
263574
235425
248338
274693
203820
198677
208488
285588
386519
251263
235673
297568
238729
233820
195652
286127
284241
233994
179080
191081
181293
195659
212630
324030
238869
298418
216672
193899
345094
240981
207501
210163
251383
222973
203813
316485
215304
201983
219014
268355
219040
246265
348304
426157
201452
184083
185971
184429
335318
266150
248001
250049
222720
241012
211270
288204
347650
232976
241885
223683
198696
207447
263927
221058
213743
220834
250423
190738
239864
223440
244401
268698
261079
259272
269551
204878
204906
262116
317677
235597
200304
197131
238990
221674
213465
249911
240601
251946
366434
200339
219067
188149
288520
204809
209571
249497
233048
185700
205982
231980
272303
243618
229833
305046
236304
227296
211909
240615
207230
242982
213053
278391
240160
217658
309793
286312
247467
238588
208577
275921
203837
203071
179726
292525
291566
237342
272259
198153
208166
199690
220838
207820
271187
265592
249226
197066
218359
195543
220181
242635
189670
267563
242449
199810
209030
348680
319682
278377
273451
293741
402053
217751
210881
359996
248427
191338
243141
259067
243171
210740
198697
224967
261789
251908
385885
218329
203564
221049
182486
286693
316324
206088
216322
191267
210823
228698
212729
250563
254262
301862
396446
256173
222682
195107
240483
215150
277883
245870
230902
221603
266520
216101
354997
241823
191042
341076
191775
201062
243674
212413
240826
234440
228808
190004
189951
226761
200605
291840
296053
202568
333240
300321
225157
219321
198042
231947
341240
245223
208659
220326
192376
261900
292693
252628
270682
289717
241186
204079
217705
211253
184632
258143
263819
236681
198460
209224
199022
190310
210957
299950
383337
239638
293082
184082
237626
249366
268071
259270
392012
603665
220811
209939
207635
290442
273820
307604
217394
307664
209305
265979
194992
247824
273817
200709
229627
183760
233665
223629
192588
281503
206769
177317
278523
247346
324631
211856
181984
10109858
7985051
5944808
3913820
1787736
3706467
1582775
1190907
912618
221522
379304
573774
252022
217708
193759
260048
236050
277424
205757
249770
200699
223857
197016
221209
235822
277558
230234
234053
289505
228911
193875
241802
284245
202428
348196
240383
202106
272036
230814
263301
233457
266003
209764
277637
286581
208325
234431
301113
212322
282951
250214
232637
256098
256125
186362
231630
215101
343405
215917
258808
196859
235576
234553
240313
238772
287343
223545
227366
214490
241157
338271
302333
270259
282281
232970
222314
238535
312697
241585
274564
225502
218023
211756
203026
229814
252540
246856
248359
325609
213280
186902
203626
261381
249420
237459
206229
216480
181765
238922
207888
284431
210658
283038
404027
309018
215386
226298
199674
296533
233264
229756
244803
204481
202239
246827
222896
252710
341982
335111
196889
193067
224584
215182
229604
245072
231890
187096
243431
248398
197678
204281
327618
406208
285846
233049
218217
173360
241678
192544
221741
246105
267375
294623
281368
234719
201494
246381
248015
221890
197463
411811
200349
241806
281927
186992
177262
259211
230364
376307
220550
234847
238464
371066
207706
240010
229241
359306
255745
182925
204169
232060
212176
207126
247168
271910
208636
211347
237460
364181
217966
256464
316273
297797
286504
197652
204745
200258
290216
236908
444844
226288
233565
236399
211203
267847
225698
210313
244155
202897
320212
213856
207611
208420
240917
232101
216161
244270
227062
211772
251450
222729
344043
325317
236660
255899
212288
249378
276117
239253
283392
267578
215182
244748
219470
218781
201438
213959
291393
206614
245758
219181
211401
294363
214635
238440
234196
211342
237044
225073
214061
367121
257480
377946
233512
227559
220665
213855
238019
217704
220550
211095
310418
210689
190270
216594
222370
201042
293983
213491
276170
213776
216092
217271
192415
254657
208004
207173
245473
239018
180699
225607
226147
241545
289699
319988
327351
238485
328017
196925
189531
282895
217243
363326
243874
206545
338921
207214
352193
322883
235411
309229
263806
211819
207712
215700
194260
226780
217432
211568
204537
218436
227552
277198
315963
247952
260800
238909
235970
242112
195253
242224
364156
207053
216552
233955
220587
192739
296021
228526
230513
280518
316083
269258
341192
256105
221280
201207
221416
307902
200952
275181
224726
206201
181535
218102
240881
248980
223642
276959
283433
195513
192907
251828
248758
300568
270569
249327
218052
211208
238622
222718
253812
237021
190014
274334
278875
199544
269625
223201
195425
279026
254486
233150
292845
219065
262297
226230
216652
261324
233534
199434
235487
202635
234519
230429
253634
218101
200843
201306
206375
280639
227714
271437
225576
301455
291396
201693
240228
251821
191555
251521
253540
211015
205234
232295
258882
219261
342487
351592
315859
208575
203827
192503
229132
228752
242931
202553
207383
215510
265636
220722
238499
403181
246151
248171
221298
230782
229932
195087
298425
222496
287220
187612
224874
279978
250185
354020
393730
273037
280249
212270
220031
269506
239943
241835
265931
200674
207094
210292
283454
280580
221673
330565
219321
236099
209538
183282
245592
245698
235352
212540
283704
229358
223540
200650
413732
245435
311911
305630
238782
225758
207662
334308
222586
292608
324728
189141
197878
209622
216157
235028
221403
442895
431430
333286
217768
240136
203664
238567
265885
258329
211770
209483
204251
205454
202537
257899
254534
188621
230607
324783
224742
243372
191622
265610
236568
195175
192907
299209
188658
243357
279533
206797
248039
248884
316504
283143
220188
202060
201623
232581
237761
201711
239217
196594
236832
297273
231080
215245
289128
448439
246625
227738
217778
259960
227475
268364
294683
215691
215265
266378
204650
184256
264463
324375
324132
252182
193067
205262
180651
268243
251754
204992
230439
11274193
9158551
7123769
5075193
6251015
4177658
2098017
1440179
241824
213979
283894
303667
229628
226664
247684
203967
216874
201456
316173
356754
241285
270025
285422
297037
283496
208656
267687
227095
2406549
225510
215385
255904
277664
203320
217837
205622
211806
201808
269252
218631
238271
323919
313256
213557
218472
300344
311058
263675
284838
224262
205128
192246
344971
307944
195898
345916
234636
291093
230000
211172
287210
260271
222841
280241
232204
197929
200892
326123
244214
218261
315698
313333
250308
237192
242008
215640
262386
307843
245026
224381
208904
212485
251982
217775
265584
292058
310532
200136
204739
214245
221687
224355
207273
241768
284521
186457
211163
227498
215516
193620
216609
329535
260121
219661
251586
194340
224624
278952
237772
267999
279852
209341
215866
200577
281529
372930
235929
217048
306955
268543
211431
196308
285268
254631
245430
197328
217969
195845
215651
282094
217290
241451
242655
247444
203523
250870
202494
311930
232118
199251
220974
233118
215433
283401
235845
244786
313043
271547
229557
257789
367470
199174
273918
282904
196910
189295
203403
180365
193016
284478
247978
229847
277051
349149
311235
272435
232811
200742
262752
344543
253799
210918
235641
207937
221521
305712
239732
224081
296192
209397
204185
190530
194165
199502
305420
201669
295131
178926
202272
207381
247564
203693
337635
303880
213883
274356
277591
196950
227405
242681
286218
332273
255861
180681
192969
205519
212748
273029
211923
187278
288808
220905
213118
244261
284723
247825
213423
237715
203209
225652
197336
234375
390637
275993
235925
233416
229961
189705
273179
261207
243068
320420
229456
197804
209085
189986
186977
222816
211434
232178
333841
265606
208860
205821
262983
252137
198394
250528
200214
248912
300532
243283
258180
414910
261076
229836
225765
232067
242494
310868
197261
280487
303863
204815
270996
270841
380157
220116
343348
250331
332697
251275
261092
188305
305872
203008
222726
208253
247243
204029
204352
209087
276371
254240
179538
250958
296822
227271
196645
228373
210337
200433
205841
191690
242232
206061
277404
230327
214255
223593
341901
291873
248762
199435
211120
226849
293750
211857
281253
238338
199335
213211
190748
228602
227381
217117
299801
208422
185798
338288
246252
203124
283912
272040
202983
218113
207048
260317
330578
296661
307234
333274
212463
223805
229245
234582
226166
281804
250031
210152
197797
209395
214602
292435
192837
305380
219686
252765
213343
220072
225940
190936
225943
279490
204619
194697
230811
221417
208357
398602
391272
361821
267426
249503
220145
218496
217268
208524
211614
216693
393780
199794
199006
224658
209406
335696
300039
330727
281195
203170
204835
202806
256185
201850
206277
240948
216463
220251
274839
257460
218515
287963
339726
193911
263836
213024
219694
357201
243978
314739
237259
218077
204984
310908
222242
323286
205614
222660
276623
196632
188765
216590
229867
218431
232055
229021
208513
212936
287973
219886
434678
246637
430548
222513
272203
223758
270018
216122
271657
210748
209009
197556
266978
242570
215965
181450
327353
231103
197903
288489
185234
210915
235202
241015
374480
239421
206585
202501
200552
250979
339377
311996
391135
215194
267142
195734
292305
217056
202305
243462
266537
247549
197458
255526
261802
361678
234338
233898
336755
265893
282201
211148
218988
221829
205321
270992
287981
225698
225351
203179
345759
198587
290617
218695
299684
271452
216834
210549
234512
222558
205297
233164
251540
196900
187363
186682
216356
192600
360573
423839
269089
308166
200281
225960
195255
216119
267508
249013
196782
268150
204194
295123
265807
209975
303221
352005
255321
351637
268812
214919
197918
268347
209749
255353
189071
199383
189833
247567
295853
236524
214732
257734
261360
203722
200689
210799
205782
237093
228111
237682
195017
218925
193486
11283633
9158192
7113894
5056020
2913422
3172431
1050289
831856
419995
256709
335491
411122
218936
215375
191411
248121
236874
198864
290333
281254
341572
326746
228015
197972
275269
198994
238324
196209
281177
192972
267908
346516
258779
243636
279576
253834
280541
231140
194974
205430
279215
209141
204444
282716
228967
214293
190621
208766
250044
209833
340825
207943
231118
206307
297510
189077
193469
296501
297898
230112
246741
223957
188498
214834
308710
196044
344023
253060
320235
224490
214430
214176
208577
251832
321773
323092
258444
239427
220514
971718
215606
256286
278383
257235
277811
290385
219957
236717
248451
183685
264660
217562
214125
208484
209416
355312
220329
354793
273559
365948
310790
299891
204446
380787
254090
227484
197376
218655
212026
199913
204550
280093
267266
236818
337220
387534
191600
249145
323382
207826
216574
254767
193338
218363
202170
246676
199683
252985
371722
370472
398071
241383
213597
255466
278850
237942
206855
263469
247448
194840
204120
201514
236013
449750
300243
309632
306866
234724
269740
197807
212651
200308
211243
313512
253280
180233
262502
304186
214236
320079
204060
271281
301748
192415
215456
207027
185787
289905
232272
313598
243924
195892
214790
196184
296254
261759
245748
324745
215262
221671
186788
226579
254123
206589
328250
225315
210313
221596
390878
293183
246445
253333
302719
224058
198763
189638
183061
278402
225822
238001
196179
197609
200242
209703
184933
293745
282172
292216
237951
215071
234492
208026
225012
250196
228549
196473
207516
192269
226104
215072
245870
311568
295034
231280
222763
199863
248303
247513
232355
282105
203473
216435
206552
257157
217774
245556
260325
249922
220596
205326
206012
257268
234245
231601
213443
251654
203177
214619
236185
287023
273314
318762
365371
226932
213656
207153
203257
218788
216951
223824
211450
191021
206293
250822
287712
201046
284635
296330
320252
201114
212185
190119
211731
253389
207198
241626
207030
213754
362539
227987
258645
288253
297098
399161
249954
280869
189119
198548
259137
228016
218556
325578
228250
216805
256695
272372
247468
235188
299703
293885
309065
199516
214788
197373
214312
215457
265109
277204
218660
208264
194013
197732
223455
265074
351751
259548
298994
233624
210661
250499
212216
217080
216667
246106
221179
233168
205056
333457
207310
268972
314205
185042
245959
236223
281906
214427
198779
262261
212976
216664
273477
194666
351901
198272
202519
261249
313191
204415
245344
263609
212592
296913
212484
247114
235964
211200
213802
239867
249332
405923
208542
340318
303903
196734
199359
220330
195128
264059
207306
240811
214571
202287
205409
333018
229805
234151
318262
304114
202949
253856
190534
277309
199579
262598
250093
258684
210406
226527
218543
291180
228596
266726
224178
336212
222371
239599
228308
220335
219444
215639
1146314
191672
209876
186785
275399
382465
216605
361811
338585
293205
238729
219827
243129
241721
235659
242537
261808
198027
175270
234098
373754
211940
212631
420527
358806
236424
235939
198848
196614
253274
198858
239004
237198
220694
203538
255684
263249
225273
245753
283932
236086
240152
211873
219739
245554
209545
254007
232059
217750
233370
266187
371422
293831
258402
302046
313517
229575
209080
206233
250053
193128
199363
219490
276116
196949
307481
246916
233963
236821
238166
378616
254478
214635
218398
185795
264794
259183
301900
202264
205800
254611
267999
217786
462426
317821
318067
297916
202812
207018
215160
194097
248086
206624
199253
193024
231896
334403
257038
306344
342713
333741
211248
231595
262156
240216
262519
207966
232738
216249
220902
194627
279079
241447
251076
216849
187447
205898
221640
192744
239631
250106
223924
195847
235306
199965
267092
190908
305347
363429
247736
323160
359168
199679
205134
240168
216097
181397
280633
278863
212872
203358
244830
224572
203331
12562896
10435883
8390350
6335252
4216266
2164393
1303927
417187
503025
283344
350796
214866
216186
359814
267644
205219
235883
242350
208936
253060
235420
206619
260172
195510
337418
207799
236036
211101
293905
213828
218343
311780
211549
306194
230563
203114
185005
226635
219233
231529
255189
235515
323834
197693
213811
201532
305827
446850
208668
201094
212160
272330
248534
199058
256231
217859
202008
201080
315660
212782
229916
229177
347612
304810
313911
205480
207181
263667
284271
203756
206376
211225
205918
199165
231628
231042
324101
201445
344281
280905
216272
211127
208214
198969
218527
265904
204355
201941
202215
207235
291690
266728
411115
282714
371228
211985
213084
179953
184967
177596
239185
198887
199158
240599
219548
228483
224483
245299
312257
267002
222912
213373
230153
288060
262719
203825
179433
340146
227710
215139
217556
397639
264191
323160
302402
256592
208060
200825
207281
244734
255486
276420
321757
216923
224892
202967
191712
207159
217906
279683
226279
221935
215206
192154
235961
214656
257590
251523
231240
201275
214309
235931
227493
318348
279556
243373
200190
286363
215510
251303
258405
182664
244509
249721
230333
208289
240967
259319
205734
259046
310003
301467
222793
231345
193883
238018
228306
264376
324014
219451
203393
232121
268453
231882
298268
362799
229467
209010
234136
219947
236750
290893
201089
354338
216015
210569
265555
209941
238913
287873
341467
322502
322318
221069
200524
188270
231967
242037
238623
202067
237891
221352
195820
290658
259251
236056
352328
249048
234436
188679
203679
261363
233543
189044
204091
193572
366181
234262
352565
216611
234484
315478
408218
191890
182305
195976
203252
218715
257120
207370
240375
202810
220862
194513
193911
420088
255743
371215
356374
224422
224819
195552
195226
252543
202209
231032
242645
213164
238230
293013
198318
291925
238826
387037
207859
286398
205695
193295
185034
237364
343521
304789
199128
198772
220979
386937
245051
248200
365680
265425
239627
231693
296057
216205
200938
202191
193977
214003
218044
220977
200519
286595
294705
199039
245716
202631
265157
202555
232621
280239
197216
255154
202735
220150
196329
212658
205254
252667
257942
309730
274521
246348
216414
193764
288035
228618
209818
222808
195329
195154
213994
273174
257974
199917
219451
298621
206653
271455
203518
275381
199848
269740
199218
277736
238608
244090
208871
209221
229612
224978
304252
212999
211885
209103
207849
208846
224230
352429
218960
207400
216544
242528
281026
288713
283440
395516
186797
273621
192062
276900
288464
274974
228722
245528
214118
227780
183122
227189
230237
364161
245268
202879
191112
182773
202926
243071
195982
292184
217400
187328
216624
222524
202333
251862
212252
235359
184021
236552
218287
236614
245555
232276
200201
223228
199429
241964
209840
249305
265156
205329
277304
211043
217020
210100
199191
279537
196320
319068
196161
212902
232317
208393
208741
363052
258097
236132
252723
220308
191488
213874
311129
188560
255051
214675
226714
206816
268832
257210
276210
188160
205122
245635
209860
191999
202919
278507
219556
228034
193365
218262
225364
282528
375536
261998
214975
316768
263299
204682
198241
196280
224527
212024
343099
242852
187625
235545
206784
453229
247096
194670
231143
194555
214239
194469
217473
272474
290339
292543
192515
194422
269951
284625
249756
333578
372358
229527
194159
199458
238174
217638
194875
268555
217741
214131
222874
213632
347870
294888
331035
324402
375002
189031
254530
214294
212296
298183
215417
249217
268287
192992
287337
245484
363374
306205
240275
302678
203631
250576
195231
204044
249060
218658
288910
213607
214893
302057
194877
210311
185391
297851
270519
233507
224561
177362
245681
258428
230618
231471
276986
214630
187682
327608
278190
206074
249943
233970
388507
308004
295208
193817
277787
218378
204716
340339
216319
12722728
10590497
8523860
6439249
4307216
2272654
427973
218485
399310
332123
253154
387954
503391
236010
271246
193395
211555
210198
221453
473707
371570
327588
266207
241046
199452
230810
222838
218619
268330
308930
264860
182412
331766
255866
268576
367731
212594
300233
200957
219871
229684
224242
227235
258025
225970
221047
214047
244432
266795
216618
341366
220376
237814
189745
201998
208462
220829
277532
198732
244375
230385
213635
200532
219220
264082
282331
375256
248239
232026
214391
191281
268393
198586
251131
216525
290167
250476
199841
193959
329872
280050
409575
250321
327467
186038
240129
193704
210499
377138
200781
290183
198150
223571
268421
275699
222689
299509
298237
318288
187033
233536
187839
204823
234039
188996
283191
243399
217084
260036
202809
259863
284152
299505
267649
245519
237921
220179
268950
205225
263951
212721
249291
228632
226125
203696
322985
178843
196698
402656
397616
201831
197664
193408
212767
331421
213372
291468
277985
211821
207102
221965
202812
209600
209308
382118
208423
234264
190623
189247
199283
291941
186693
415731
306748
210442
196442
315781
292240
334265
255385
331588
288309
232447
184116
236388
277960
205042
206521
203618
198505
240435
187187
230507
357605
309483
192651
249788
228112
203754
228343
223510
203956
302558
232909
216463
252932
213352
248697
212929
317352
212676
225722
203041
221033
227642
281915
201144
225106
339043
201609
211217
191463
368030
217358
332994
414164
307337
203018
204737
195275
228031
184028
324816
298425
198441
233879
210464
251726
276222
364906
344748
335088
218907
210010
216033
223580
201084
202242
262191
200510
199469
216115
209282
300106
205189
185764
197187
231179
194601
263164
181908
200044
213279
199995
218993
200811
220853
183635
219817
214627
267484
297819
260072
285789
235398
214079
210056
203720
190103
221880
246760
217995
228160
230892
214910
323868
259858
214580
220890
220749
197695
220902
260924
258556
277634
315482
225968
196474
221120
221885
238492
273667
217963
225317
226998
219933
187159
274293
294267
264768
339303
281310
217982
215814
219245
208823
257120
235950
373921
202139
246304
202022
194811
229038
260411
220397
302932
214686
292824
404768
248118
219369
253807
206774
189238
220479
249261
194393
217967
349977
213191
212947
240690
218837
306584
193364
219003
280881
307012
374548
269642
212141
205781
202759
321131
320811
206738
201807
240272
209523
252514
226191
250722
217196
383413
387600
303657
270115
207435
199520
232112
233240
248101
351327
230603
198063
285265
251770
285281
292663
370156
225132
278495
195684
233877
262180
244661
204269
259022
278520
220141
200371
229221
234662
203852
213971
226198
335376
269931
207136
201859
236572
219488
257542
350153
264224
217833
418928
203461
232467
207255
183718
380310
187634
256441
195277
306318
236542
211893
321188
237811
186000
197615
214956
215349
257240
311572
266427
244722
219483
218291
239426
292168
258135
365469
284536
189958
228618
249483
348928
211116
264435
349918
331316
233804
221876
288671
260313
249884
332595
251132
280890
240863
311493
232830
266323
376809
327614
347933
321665
267184
190809
216019
206164
281204
233757
223969
243965
226782
204417
206507
199570
239326
392809
312641
351706
203630
234542
210199
211768
314097
209822
277621
251818
218022
197818
214002
213804
278435
264306
290136
234856
255321
231570
233286
296978
199584
309350
226869
211496
221231
195305
213205
288603
416824
229942
260716
287240
204379
281748
268070
206121
215962
267347
203195
238859
200341
220427
376336
315071
302094
286999
200183
308895
203654
260833
299644
213119
212494
207850
209837
212430
192892
220808
203026
247053
236776
187206
234816
212300
212760
221248
210578
205092
237450
218231
231987
198094
207020
228695
290550
221494
276512
261974
213832
221216
208600
206074
256211
232363
201501
258074
225739
200027
202121
11776699
9652153
7607424
5549583
3421872
3840057
1709790
1180688
717458
222493
241697
189180
220578
277370
196924
332133
233428
290986
361744
320361
230359
223931
196601
222334
219316
232139
196751
218294
197452
204608
180769
298645
210913
209127
308279
246312
208466
207625
218202
269349
206169
322253
234065
218072
203916
214574
288222
294730
345637
392981
211590
221206
215791
306080
213340
203861
282318
268244
176241
214310
216856
361941
211703
320585
221506
229158
287155
209731
191604
241114
235479
236900
209696
277765
187198
234365
245504
252320
209317
534979
198226
182744
202550
197505
215332
256491
236564
226699
260316
197444
199233
230415
203580
182797
259119
230194
318973
227961
220327
202538
241647
219082
236154
250515
218159
227316
304103
221378
362090
257572
279077
203276
217812
199211
241718
204361
260473
222230
310948
213187
322676
194499
186217
278883
231291
245018
298270
209158
200809
202623
191058
261469
258340
201517
238005
207874
240031
211719
266233
237621
328363
293483
255577
226113
199955
320386
237750
229637
223289
192937
202841
210227
283602
275576
244404
274365
227266
338910
206434
230793
225010
238665
224888
252404
271826
235142
193872
211618
275232
256593
205211
264483
293542
235902
205171
200704
195904
242759
256957
235337
263863
229812
265369
210387
293091
198287
286983
293499
297322
191841
235089
198779
327900
272798
196361
283135
247730
218856
239973
208170
227537
236604
310986
307500
218638
321631
218254
216180
258842
311823
290753
217848
210498
224894
277910
238542
193023
326600
315946
242015
216621
229128
198046
210111
306839
209234
215809
226861
214719
222197
335719
205434
225394
253490
310295
273822
192674
170379
231550
204002
230918
284351
212189
231060
210908
206721
291400
259283
209886
212095
288717
201985
201105
186285
277391
351496
277109
224514
274572
230278
187185
241217
342979
218904
212025
350936
295989
185098
202406
196780
226233
235747
191414
183254
220088
222254
224143
308756
287599
370901
222877
266924
198349
255996
217486
198710
214929
231284
276812
235102
208788
248737
215275
401430
244652
368279
342720
203670
224531
255551
249867
274664
203201
221708
244113
209129
201503
205744
175508
229877
346649
234145
192107
244655
198360
221308
256676
196284
265532
228646
214617
196559
196485
202357
209472
376129
261639
196500
228342
189006
206006
247879
282258
204067
288361
273043
240732
209108
249831
415583
442849
379120
500385
231903
226704
189102
211015
196629
232115
275690
208336
279957
209105
203647
217286
247476
320433
265931
245499
225786
230770
223955
282663
220159
204021
240394
218925
213671
203301
227561
211555
355482
290948
230004
186902
258883
194130
263875
236500
324604
235587
219491
224316
260258
297641
328768
368899
192316
219177
281016
193826
204205
378306
211170
188031
246008
201706
201335
303819
204890
235923
290918
294252
241772
201285
231758
209961
268284
224163
194229
240306
224904
192640
251477
238275
222174
228156
290142
304864
261510
260236
225451
212521
261683
267922
215413
297613
236965
207333
247343
193534
238540
193628
300406
268440
222891
216736
199214
243865
232137
236055
208618
220650
185116
197663
337149
230995
379711
271513
230794
222483
194222
212100
225588
205994
267623
205467
293712
239833
187087
203107
223212
253453
211325
265895
224283
177134
208892
238513
202376
208061
278617
240077
316663
218975
200873
222098
196262
343015
230377
316629
282496
312826
259752
215019
278008
259439
241866
214072
200947
193481
295316
218688
303436
344307
235922
370817
309886
249431
192936
290332
302798
213783
220637
232608
213091
195295
208391
422951
282933
241941
299895
292009
201006
209852
194709
230712
249764
217551
177555
191632
218719
211879
225324
219844
293417
223456
239276
211542
220731
200323
219998
259049
233668
310829
265251
200569
200515
242342
217962
330846
220347
357294
185654
12080188
9976935
7920723
5854468
3774498
1734198
3198273
1062843
859993
219612
214205
340250
527282
566607
347450
199135
323073
193547
221272
214040
215279
366948
204965
197371
222351
227136
261712
390228
353943
205085
297712
260456
209409
210252
252660
222834
214440
238739
210768
204455
206769
251597
247612
222887
340955
269689
207406
265768
192553
245791
244563
228496
266805
196020
189572
239564
211203
272253
349679
274607
234514
222968
205716
214652
256454
222669
204855
345127
238360
188667
191724
199224
276906
194059
281224
219472
261904
251708
229002
306380
221021
212272
227298
303117
235638
221740
236648
206789
321509
289992
295543
253954
215885
215685
216687
220882
200737
314330
206255
276683
196243
189206
219321
254880
203778
272347
337201
200208
195757
199872
234799
216625
226310
220455
208306
210660
209975
327298
212561
327749
230000
224587
261510
195849
179719
227820
213200
197982
282614
219709
210897
207728
222908
282839
364141
306170
239811
253068
243211
206341
190153
368511
222306
208077
220736
226942
223903
211277
197391
456351
209610
304632
224146
233148
200053
247052
313115
234677
233590
194229
191098
278229
237566
201111
193125
286206
207419
194157
246715
198365
196847
211024
258877
226439
202062
207162
227744
212973
343413
220957
226125
426084
263232
237047
220952
198364
210748
233395
189937
224344
214984
252793
193994
197834
212519
335585
264926
192444
310282
250880
205091
219968
208408
289796
212439
250591
223167
190453
228863
206202
226610
221163
201598
371544
225957
237572
205148
265715
257625
230318
419193
323167
199536
211960
223041
232898
210734
371507
271049
203025
207952
220160
206300
207778
284593
196377
188995
228897
208718
218800
203674
264159
190831
204502
419282
240249
194206
217903
204728
230097
206180
214946
191446
236526
240808
255270
279272
260138
282919
221027
324296
343197
192956
205065
190248
272232
251982
194116
209640
241599
211778
185507
213593
233947
364648
294292
242393
259073
227462
197240
267714
267046
209098
244742
262146
191422
211811
193921
475915
220918
194692
267332
277967
202303
199202
189850
200674
209898
296063
200915
221745
224493
204338
311346
281208
378252
240440
259553
242166
221337
212601
198327
205897
203284
227074
220778
208495
274837
211951
269691
300822
221051
370826
222686
276346
206660
212150
244920
207408
239500
199698
234191
261634
198746
247592
254051
260305
299404
330822
237012
204192
198375
186335
305459
189948
254211
213894
182044
217408
204635
285719
180861
248491
226901
278612
216810
209894
194039
246570
246533
209368
206154
231021
204618
231733
304115
223853
331178
361131
348413
216241
218665
296809
224110
289257
271056
239339
224298
191308
218245
238597
210659
295989
197711
213511
240013
244600
174097
452903
262827
222428
210885
237072
205006
264836
190642
253492
197376
198462
282764
236382
218847
203388
196886
216540
194993
287261
265595
209826
267867
229626
268859
375832
258367
274540
207755
202082
207469
212553
250812
229436
187712
318673
218393
219830
213464
255684
210357
194464
272717
317640
227412
195299
196417
248189
248092
193849
219465
252120
212432
229512
248364
301167
217588
350055
282265
306713
228905
225675
198784
284259
258190
219568
225003
249622
225267
245799
253177
216672
324406
225319
261176
197054
326561
202653
315805
276425
220835
189136
226818
203462
216832
192475
190114
229409
219542
241773
275994
251748
213410
190306
193343
235446
196694
363728
327686
446859
213871
208528
322894
266596
197269
308765
315920
202953
251923
210962
227089
226535
190369
330844
272264
223091
206984
198964
265718
304889
323931
347224
209692
299258
212220
224651
292596
256938
236062
216766
308878
195927
219271
212389
221018
211286
318013
254189
232670
265736
186338
214901
218878
274228
331394
248669
206536
207445
189433
249645
300402
229838
317864
241909
442480
11438936
9305785
7266957
5199139
3066503
3318779
1193602
469354
426448
207934
198935
322439
478692
349495
329630
268469
231941
214105
185075
233429
244997
224087
305268
212525
212790
209656
353503
240491
351460
196131
271209
205007
201550
187468
221900
236665
187278
358913
228166
225206
211616
199796
262379
250412
234429
289552
299688
208045
201393
217688
207678
186471
218845
200511
258922
196552
229832
222174
251037
333452
250810
361291
215538
236111
192139
305990
273575
218561
225982
196583
219920
197030
207412
251851
272028
231314
208123
339735
245356
222835
196240
216612
228528
265388
192006
230256
268230
215230
230012
198829
194676
329651
235004
178700
188597
208132
196818
220536
276572
220261
211060
196306
189087
247871
224087
265907
203523
253612
199333
201801
210370
187232
212270
249588
225338
290337
214956
218152
190124
314412
251139
200216
259585
320617
274269
187793
191661
210988
226110
216450
366057
231210
232440
257674
244166
250386
257036
245267
306039
188866
196138
212107
239374
315415
231464
297554
223094
202581
256114
213889
210610
263382
209951
275715
250376
205729
207931
245033
212801
197636
238709
257124
193914
223449
238626
286211
218423
188951
295176
283881
306474
258094
200563
244068
205383
303052
233594
264756
215653
209745
236200
206113
181775
284236
239522
304100
251031
230046
284867
210764
223770
196586
321415
259536
212472
237862
237341
210394
201508
367743
259786
213690
198826
230709
226216
212886
233098
198041
238869
229213
224229
210267
228598
227737
262348
268995
331870
207266
205007
191127
204082
195284
215029
233585
234555
196009
215386
199654
263765
321352
322510
324173
202820
181030
208510
211522
205000
196249
264696
276361
214357
267834
221198
202033
230287
287078
332728
237103
310223
207577
227521
285486
253370
235701
253240
213132
191022
200358
212970
336954
307935
204921
285544
185415
197505
183792
219176
233686
250242
218256
257485
219339
238810
260844
295906
273923
218250
217221
323865
204165
211907
196971
212223
245318
275300
213451
221424
201605
220243
290715
210605
365409
305656
307356
203938
234598
355089
217016
241983
238077
280588
238393
201809
283513
247132
250686
266772
234743
207821
210149
202437
185235
219978
325730
220591
356074
240169
204731
255302
221494
289759
314674
263903
213132
234490
198275
198336
207569
253715
194437
198686
248424
212110
202808
241041
195124
359518
242276
475962
314299
229272
188891
213558
230498
230646
285693
209586
241512
218065
270052
235139
307341
300652
337969
235006
185129
229301
316698
198747
318281
236584
227656
235469
207032
212133
309290
234605
244468
253565
289801
246134
210775
184444
237883
272033
242672
319530
214762
200891
262956
227850
275144
299363
261905
200719
296822
297078
200925
264502
228064
204874
276929
212597
204684
206943
199468
248993
409808
230021
329627
241266
262381
212052
217179
263393
229187
241833
309029
234033
196598
223820
263552
210064
226102
318595
196242
224657
248031
224741
356887
249716
194365
256060
211567
203779
208114
278104
270875
297174
271721
234576
231113
279208
200751
312496
301778
209086
316945
192204
198813
216786
193716
256095
238701
276427
220455
246727
211260
221143
187359
224160
211766
247400
264802
222549
216279
276191
239603
367739
213056
298086
294294
293177
204065
254084
183546
269320
233355
298745
303490
221481
226036
304733
198638
302914
316108
183092
221231
236729
204485
259858
229369
288528
194168
356947
206287
240065
235373
222049
271469
238015
429054
246314
297467
222321
227632
212605
339927
216536
228136
242674
262717
211558
298974
207625
302749
225957
385751
251594
305038
213397
210104
197266
269222
229676
251516
212543
212014
193718
240539
199492
267379
321462
207985
317642
193735
207138
214376
249329
235772
246110
190944
244060
202591
241719
209214
219411
303864
324836
248950
219566
204915
256215
11888605
9777933
7715710
5652081
3527665
4137356
2008856
1780005
1147000
271607
451378
491668
382900
386442
252839
205452
194881
251931
210050
205466
224027
211270
265291
227101
258158
221059
294379
302548
237076
301178
202729
205304
263716
238221
223943
210621
251146
225831
261719
346298
436905
311698
190026
281169
813393
216134
404985
262518
243835
320597
218823
211360
195788
217013
285746
378623
381753
338286
304522
232800
208189
229650
274303
200721
235165
201288
283624
196785
220410
216497
219117
252185
351167
290883
286547
216646
193720
210868
228523
204027
200464
282659
190411
219581
231391
386140
204249
277999
364500
329167
245054
204692
247787
254302
199712
187371
248076
208621
201489
239422
372586
216976
232355
312931
224351
248368
262683
201872
191406
221484
284623
283087
215809
242830
283456
219865
255979
209612
305339
240368
301345
220122
231964
220501
202393
203342
230893
313525
205316
410570
205320
314109
194175
204179
248372
317900
271398
256677
222222
319130
238144
196466
214006
258477
226188
199169
208970
238441
244043
225764
235594
312488
220596
214439
208055
320448
232663
224653
198507
195739
197177
202416
258211
263986
302289
349662
237343
266707
220779
197518
265615
282608
318111
277968
268856
196881
204320
193735
237820
245912
254975
216322
372424
247698
239345
208426
249877
277326
241152
188529
211128
197890
221274
282456
208342
246927
318078
342869
247869
211437
194508
225089
242536
259798
241823
209732
225833
197120
198063
297965
203571
362755
259275
322241
241662
251427
236693
244099
225984
232643
249190
225523
216018
211988
278804
304457
273201
262093
227097
236213
194261
213308
250499
233828
213317
206049
216560
187970
227348
406553
244805
285158
217621
278981
209376
214890
226829
189064
242426
213682
223314
231967
196263
243978
384374
214092
351556
326788
295166
214593
215343
214378
226758
247740
221103
207153
186404
191982
191169
213500
196564
225513
234091
257891
271915
253325
215200
233707
206060
190726
206752
233724
312299
187704
203311
317557
264208
283842
220126
325045
270679
199059
211281
235702
198966
204585
228361
255506
197363
213058
216868
242681
288121
413013
334847
272402
208164
191406
265420
229834
229788
234354
226354
222498
215145
264965
200083
233320
296116
355514
201826
205721
216723
203058
280083
227100
208959
203052
243559
206723
262454
217613
234139
291287
231582
205163
272136
227432
226844
236767
209137
200050
322234
198925
243735
199081
208446
309562
248865
321817
382602
193316
212105
236979
207353
207260
218462
198501
227627
239023
214973
206139
214286
247569
210003
205816
188136
243166
237264
214580
270966
262408
231690
222416
278942
202326
203197
204301
207327
231710
197164
340047
335682
296249
221119
219975
282882
256647
211063
227099
228228
226729
196446
189518
224258
206205
212654
214437
297955
262717
213527
205337
251449
306051
194038
212595
267046
208020
213216
221547
259658
201503
257456
294030
388008
205970
227647
189142
219734
218413
213136
280442
224206
213663
262117
198721
242435
244255
261565
256981
231585
203984
301168
203972
221648
224140
285712
211920
213223
282221
264829
291596
371476
269963
202946
235721
234887
231270
211717
226700
243281
289422
207812
208633
206375
309844
265874
335398
252363
305055
221150
213426
216204
203858
255772
263878
256373
199737
196438
206019
226140
209376
328614
323712
232235
222789
201015
321368
193553
243098
229162
342135
331057
245926
197473
291662
310347
210586
319086
341361
342796
235665
256644
217026
248067
291998
202687
216145
202790
218792
217355
197496
291253
342435
200313
244463
283541
205178
229507
225519
192996
373250
250265
276821
234456
197992
227998
231441
314805
248793
324875
294613
193444
220984
208211
196958
200015
302716
244754
222252
212670
218034
216856
354032
232043
320813
264518
315979
256946
255666
201494
214456
206397
217616
11998468
9870576
7873405
5802067
3676733
1688969
1956135
1136570
668461
308985
405597
477603
219828
251647
392863
225031
236978
213191
216666
193095
203324
274278
297446
264189
305581
282096
189589
201191
181782
247204
291677
231368
208346
234249
191240
209998
222964
207504
336632
263957
232398
233890
195725
239978
231794
185511
219608
212816
269343
195305
210357
204809
201698
237818
357747
349972
309802
228403
226363
208257
221776
236644
197605
252071
218698
220350
204779
213036
336440
239331
371026
215113
364372
209098
245317
221493
189517
225929
207598
227618
225885
251576
281828
206239
304801
212831
237986
252933
271884
238409
222298
184811
210742
217832
233608
248060
221099
273063
222700
254136
197489
317136
230861
267130
196442
204914
204319
268328
321375
195405
298869
213302
215525
238571
220639
199435
260156
249338
337084
207455
226697
233256
233791
267069
278500
213292
188585
205481
273078
214392
241858
225643
247671
326231
296306
192585
221404
276391
204114
204644
215552
281496
227040
216613
194507
275340
288365
325063
217010
308729
196590
286807
207268
214818
171561
305904
252271
206608
251417
187983
207092
262808
236065
397841
317001
240238
269524
207631
217167
306709
261757
228642
224811
232360
232437
200460
199449
288245
267460
334900
392710
276090
202350
216998
250799
349440
216500
453491
246939
227909
225938
220548
196938
308767
391507
229951
373416
251191
219488
203047
197532
314950
208253
191173
233629
209090
212457
187128
212835
212033
381995
265119
375646
213687
224350
197788
207966
205360
213001
239058
250501
210080
226137
215221
246719
405806
296013
231759
246236
247122
211582
307473
229210
201229
367661
282001
198403
240663
334598
352366
218641
311314
292734
272782
306511
235852
235121
292338
200938
231072
215900
276574
235928
248954
198349
292221
217851
298420
297753
288463
226299
233769
221235
268767
287454
257690
222586
223097
234675
223731
229753
292629
279160
259549
273671
186921
229220
192237
261619
317863
193409
233900
226004
197209
243003
263826
231672
438340
231801
314688
249505
221596
195952
194084
226430
240624
205441
244067
239894
258570
268318
234986
209776
252052
320568
290131
208035
244483
191856
209812
199531
238682
254857
247067
199522
196526
210068
303290
188370
222163
242547
255146
234826
216219
238165
228558
269179
209818
284553
243255
215427
208496
225498
482298
395439
338115
210333
232232
231994
219195
255437
223183
249390
263083
228510
207567
255555
203887
247138
205299
276029
229661
241913
226068
188225
235672
227043
270940
191677
270499
208302
201895
234673
341738
346597
291309
319225
228050
206747
200023
225955
204844
228167
232331
214989
215751
201151
218943
191964
355910
328844
204778
284984
230870
238106
246711
219986
197491
196400
200873
196665
263391
239155
222694
332716
229395
333280
342247
232441
209292
227273
262729
206414
204744
273495
206775
219077
195800
282036
221471
248365
343548
343019
224986
218726
193606
263993
212307
258778
263953
252653
190741
199156
286351
318642
396545
338365
208124
239636
233532
314354
312826
273289
287178
217810
218012
189771
225223
219178
395942
256839
416716
221531
202564
219187
242061
278848
263688
228654
240348
228913
208293
297245
244431
229743
266588
314221
218583
228243
188081
274349
269982
192809
285777
223949
236240
273491
216735
363133
287862
249923
410636
218214
202121
220765
269701
225378
184427
253685
208946
198660
201357
184566
252898
283888
310848
214185
377458
239078
294144
201289
306227
209557
251966
218994
222558
204089
209135
433376
243307
224247
278009
258912
296391
249158
192711
234554
222023
241208
258747
247014
226936
270792
263110
193001
224066
194650
352970
294286
221710
194278
229707
200044
224947
187968
293350
267665
198624
217151
369534
246858
245256
210773
377402
287196
242191
250438
191661
184542
197328
210534
196864
214216
210652
10670867
8598809
6476677
4436373
2388654
3120671
996112
965609
543699
264980
422635
233541
445555
381592
203615
209248
222892
319110
234662
272008
204427
250341
249178
215818
213299
193531
289369
264292
227427
222791
224810
207646
241142
209372
346005
249714
359022
214762
289907
215463
235821
213803
206838
217751
244944
211813
259796
231364
320972
250352
227338
225353
263010
218349
205799
252200
192377
281144
367026
238900
195122
267766
223781
210668
209567
292825
206615
295961
195992
190167
238177
243217
224216
228113
213643
196683
222628
220172
292787
199622
318402
196351
305333
236585
242279
213178
216833
317588
225218
208849
197156
176419
178750
252873
213191
287150
231029
206855
279569
199089
200991
336816
238409
207899
236698
286646
197967
190733
218704
349394
211151
199996
221272
232585
252544
258199
229441
202231
187532
245009
218241
260748
534005
208898
404813
233753
239241
364923
204146
243512
198316
197762
276703
254864
208128
231184
287692
208888
203147
184132
415302
301900
287847
258742
317292
225967
218074
208803
278240
222307
188876
232805
222522
203020
197452
247278
210730
267015
240238
239203
266798
206075
193717
333256
221954
292684
306806
244885
232424
215610
203411
190412
360592
270887
227508
224857
203365
205531
285182
311636
220034
296332
240313
181404
227701
263571
223729
326431
224028
372046
188536
187078
205809
192362
239039
201531
358995
210463
192595
228014
202784
217347
187479
188807
291286
194667
217357
289519
275343
200081
281637
195002
220778
211252
197935
259789
208435
242328
337604
286132
293857
212381
228540
200687
280298
194923
202506
226611
226885
200617
189794
275443
258212
375022
277063
224992
195731
258404
242934
228646
188577
199734
202188
198953
196396
209236
285630
199606
235604
385241
278817
282796
244079
224456
251756
222605
202015
242126
192472
214189
244866
234734
242212
215297
312239
246998
244632
189614
248484
223936
214913
305685
254664
205029
258292
201743
220807
272095
317906
394342
219112
209474
195590
258706
196562
221659
188417
245090
210636
183166
189117
283951
194574
269736
340440
266917
217349
239950
188604
249310
247364
243269
330899
214542
213668
222902
337586
251972
247151
302258
218037
187846
249346
207274
207344
227541
258689
193338
202068
219702
239267
325023
252859
209170
220050
213174
221962
223629
203009
241058
215586
222937
188020
206126
217907
227539
273509
244252
336710
246852
224828
221850
196616
220407
291620
193253
200175
222261
196406
231568
202959
216953
213830
252445
198979
247548
213479
237002
234136
250640
294511
195392
200549
247657
209642
273682
201306
228220
301463
206419
222986
237403
246647
236844
199524
354490
288835
199398
294560
198209
227954
214408
247021
258567
236613
210363
366465
315903
221659
217325
192223
223349
235458
200246
255985
215091
225071
208712
231300
219939
242769
376424
225312
272509
265959
196484
236180
284310
211569
362873
229650
195113
253120
223039
220624
416682
309257
198069
185126
209348
306578
248108
315149
205731
311965
222241
187622
206909
193377
259933
402536
295611
191435
229713
238941
186751
231236
225079
198241
218886
235316
189294
212523
293187
231411
239096
284004
384062
251118
212259
216995
200339
227172
222723
334631
328838
214090
207355
209915
207076
233875
218621
310484
255829
293449
298929
193340
209329
296758
181522
242946
203875
229649
205684
209728
326055
276733
307810
227263
190156
205523
185603
210336
251904
275885
203578
262451
226213
193411
199738
243442
294544
238727
319695
318801
403136
296594
198037
264209
193033
259119
251145
194950
353783
246200
198659
245262
213967
264681
208275
290670
345889
189834
208377
194425
257843
275372
215097
254131
196123
200650
207316
298820
265508
252002
276474
210069
265017
217951
216945
224170
240461
223824
216713
222807
206273
288796
186698
211496
256013
415090
337883
340320
241309
12567573
10440277
8434351
6356206
4240430
2214633
3447130
1320388
781245
499010
525952
247312
302524
217430
218743
228424
222687
295041
189608
243094
220970
204405
186261
211628
235763
277204
228108
365642
312440
295383
275450
247676
189068
205027
247975
194703
201629
195288
209439
225890
236256
307347
204646
267136
351245
222619
236999
197912
212093
233601
208414
330130
214467
220965
213125
184389
216869
220138
229743
334395
354765
224418
215367
196474
227977
258903
253120
226665
210788
197613
224666
301518
202259
214212
294802
249383
210150
253865
231720
286697
221522
254432
215017
226377
210508
235612
329180
218620
352696
208737
239682
287687
243550
211849
233638
220303
256043
214639
297311
197519
195739
224762
282084
251432
254271
304118
329062
223474
233362
218556
232322
311609
285258
245675
301423
195377
205399
204586
208545
302650
381208
286012
234395
278023
249184
199160
434732
374734
195316
200404
245129
215481
210499
190594
253011
306612
267419
267412
250429
220588
194976
243069
272562
207144
234676
223539
222203
208489
255767
218749
560724
237463
314525
280187
275938
225022
215428
199282
223158
247458
222463
190356
195717
220375
299582
308225
316703
211397
214267
229859
242379
229720
307476
218837
181333
240781
238575
233514
214073
219490
239939
179120
278596
182889
236250
226075
182323
230858
299586
204079
215474
273010
242777
199992
199367
267877
244088
261144
422701
304183
197767
421648
176278
264361
207135
225005
235803
294528
213185
188298
263732
315022
207316
250850
312530
378955
223484
191467
200302
225954
285823
235446
275312
222420
208871
203837
210085
193137
378748
335515
394935
354862
218609
198495
248373
267996
204825
213468
262589
183241
297982
195106
377484
221943
271489
275240
342936
286920
214043
210105
246448
242623
231616
196579
240178
184404
277637
223224
213219
205566
231095
217173
213322
242578
181707
195234
225648
269537
254761
216137
241504
237064
223047
270913
208469
196178
261087
206284
351179
239445
223504
204971
285777
202833
215203
203336
269991
233724
300077
229171
234911
201864
317296
188964
208347
204390
185054
197840
271916
303007
268187
342834
249067
219626
253513
274468
215363
199389
256387
362875
203390
187129
211987
258032
265345
212811
228912
178966
209738
185397
210447
238283
264690
270027
371520
244091
264830
192030
272725
206435
249102
225464
224873
200419
204449
212482
195806
240775
312560
309707
207689
230568
232696
187983
233035
244422
223650
259505
207104
214063
213365
211892
201296
205012
323786
284427
330972
266758
207651
180541
204954
218961
210680
314330
245211
213111
217151
337067
313610
327885
398665
355224
250724
254642
210580
228087
312893
189347
242301
191355
209858
246055
193361
316553
277694
263051
230773
304779
213142
217783
197132
222090
268603
195245
238207
237898
210499
254044
260872
200932
241819
251730
309139
273835
197119
188315
229978
200981
222145
229948
261460
195479
213817
212509
296747
300756
235732
309606
340834
232259
322316
291893
228857
214319
198500
236246
217663
212022
286286
196095
348071
202539
265432
228150
223485
272296
205192
198361
364022
210786
204077
191979
232747
210728
229574
242126
236211
194746
282410
297240
371511
241865
230271
227507
263134
251474
233827
222463
233444
223886
196510
211808
241052
273117
449537
322891
278249
236693
240461
253093
211135
253762
210430
206630
212239
187425
252717
264152
251755
262767
255441
259010
202427
304332
209714
276511
275087
238393
279072
213232
199988
218478
227812
325055
232196
297237
422649
236347
212134
208092
265467
241923
222448
394055
202646
205802
246518
316004
283929
311511
280497
354894
257500
200247
198726
219901
279695
200674
224214
248950
237644
267717
206511
304165
224739
316099
208187
392686
208941
209074
176003
231619
320289
236158
198007
213526
217428
216749
232981
242187
300353
194339
325863
188234
234534
11547107
9497541
7412782
5377704
3291834
3247919
1114297
591212
203839
330734
344003
510955
394405
271447
238597
208176
270217
318647
245967
196799
255193
204594
203784
200766
201719
268046
281370
403064
280483
219610
202497
185768
243946
334717
205829
218124
267563
245994
191516
192559
211300
216140
196507
284491
216962
264025
202978
214235
219337
192623
203674
262371
223818
212575
207727
231190
185642
369140
359099
248012
329264
234263
222011
207128
266108
206522
250230
223738
245613
221898
220869
198219
254578
206194
225185
268366
284294
290661
212549
209118
234326
249684
245180
236738
233788
205116
215053
314041
254849
372904
316272
337325
266425
239765
188963
283130
220404
243962
222748
196931
230364
207024
211635
240492
281661
236977
261036
199229
259612
209594
215937
270308
250400
201356
220709
225684
224015
200130
327152
258650
264754
279437
275592
256202
217976
195848
287046
253557
206106
210012
272122
222704
225881
207782
260321
325106
369520
411378
309927
231200
249443
221833
234022
214551
236761
213973
228218
213858
207244
277074
224230
223365
300346
286357
253548
199280
202015
211241
206610
205609
263462
273011
216304
288810
213336
286938
222098
351374
324519
291217
252871
239534
220691
219178
283878
235388
408539
243780
193682
216000
333314
247626
230079
486428
245210
231038
185684
287737
238775
203156
243201
297177
216748
245079
212517
256490
252985
360577
206913
394368
217222
191601
274748
343699
186422
239541
211786
200556
223933
270945
257465
246357
300563
278760
199134
270894
205201
276163
284686
209467
243508
214960
208506
227873
238645
300645
207238
250571
262301
337712
309476
203638
203086
216032
232966
190611
252070
220957
250875
186411
209860
222847
236736
310122
278877
217332
242722
310254
196625
264415
303124
195579
210931
241919
200055
215311
255965
284987
218813
360386
272371
314858
285378
190442
242224
291812
206548
326136
275340
212613
259310
225921
289206
255201
251296
249674
285801
198562
222657
259793
224177
227454
251030
230861
278911
292127
205751
206711
199860
207589
282321
350707
304835
209717
224018
214755
208633
287617
231623
197453
317496
204380
209667
198325
206618
233562
249272
292811
295067
298038
204820
207370
224991
293204
216590
214827
212196
201901
190524
197745
342488
258229
368626
217649
246583
196816
201856
199049
263642
226685
284839
216495
199756
253091
278360
276601
352646
241451
264315
254978
214274
222785
217695
263869
303574
196071
269172
215922
238070
210013
244206
250959
318228
216249
297523
262162
254956
189482
207137
268294
251728
237110
227984
200283
203301
280113
217258
310465
413159
338373
266257
199709
191946
207944
204729
225963
207939
277988
203767
245549
188323
236884
198734
362027
350862
214127
228116
199195
299345
300770
272347
187103
333709
285404
231054
232159
201281
224635
308925
400372
317167
242110
255804
203892
277472
203841
218349
195639
233772
200845
278834
242029
301299
302742
228977
253331
256525
195922
299076
233931
195333
223118
236076
229480
200842
200646
202061
227513
413381
237548
207545
261881
236436
210367
304477
281910
205877
237575
234344
208881
238862
197108
190313
252543
264507
238070
324812
227867
238581
186333
235089
277697
250920
241637
231503
189115
185879
197238
218473
197970
197722
206191
221434
193428
210823
242654
221550
274584
317867
223790
199751
201349
194637
321519
249010
312852
365927
395878
236965
216070
194528
280934
232815
207612
251169
238014
209400
264710
223971
269490
384531
247563
384873
235238
238597
215622
250607
190881
210481
261881
267450
225175
229671
245071
259051
206697
263696
362678
244930
220040
201955
209257
220581
189160
359845
221178
211869
290684
196884
245301
224083
217042
220548
254390
240367
194791
215418
285921
200772
228144
236765
259510
210546
219489
213337
217458
320038
293972
304897
312466
200920
216583
13604362
11478714
9445483
7426621
5290790
3232967
1796579
824002
553834
402553
284624
319841
212948
304991
315508
216475
224721
281429
213839
214832
218656
227904
212020
330044
223886
313380
295021
309049
290053
300006
205966
194464
227572
241499
251109
242377
206324
306754
196238
216083
214428
197385
345737
232274
282130
236340
213087
312343
270011
192178
389660
270463
224400
215546
207094
296961
273219
229364
229999
333461
235033
225024
314154
304481
240542
213830
213944
195380
210264
199563
333640
209942
331832
312795
188478
228007
217881
279353
280439
258907
194817
199193
192013
231884
263643
242721
219073
216234
294639
249052
231783
199177
274456
239440
230813
208397
216806
216216
227214
250980
306694
305408
370055
395270
222498
240549
193590
201418
259749
209372
214888
222909
224642
204465
241689
210812
365916
218565
238494
248125
195173
196638
305403
225482
265258
247546
204121
242817
191712
205381
198801
248161
211611
237823
247898
299870
299158
202603
313374
202839
215542
204953
276317
239822
233691
274047
346608
277128
243417
412357
310499
294632
183127
202941
201850
309147
287637
229176
229789
194413
199170
244398
275070
239655
346917
234317
362177
205193
241386
225253
254203
213718
197221
224442
309049
202979
216695
298342
312284
270818
223534
284575
258017
234440
214312
212299
286609
281195
275225
240894
193290
239464
207751
317532
230176
378162
227083
250706
248067
260030
224474
201212
229933
251826
258942
312640
205060
198487
221173
317413
270571
217922
262571
209231
241530
254775
214620
340494
259886
254433
265996
239634
206050
225330
308270
229844
243992
240179
262256
268860
197474
198611
232296
295300
261846
252902
290562
212103
194438
264328
193866
228801
343614
362531
288742
231967
226464
209297
194582
195389
245235
235662
207667
237468
193044
193482
313554
205470
296621
284829
189404
205627
281561
212315
257959
225770
241972
263275
225926
261127
266327
238176
205934
303296
325227
329299
220255
220519
218531
217644
255813
205901
276933
217025
191145
222105
213924
204000
372449
231714
187673
198350
214911
199612
230579
256208
202634
214387
207677
223822
210980
261483
362097
418690
232414
374230
191238
198848
210475
239979
269229
281027
320061
200959
218447
232059
201733
248474
212852
243424
205742
229809
216702
218437
244212
243104
227100
211201
249831
206072
218240
191451
249395
235966
212929
248135
243985
275401
198379
213121
286540
219558
215651
206833
221782
221755
269711
240228
206897
245033
294270
333761
275648
213547
227647
208602
218592
215217
236068
247132
211794
219597
214158
361352
225950
258802
218800
342798
202631
213471
204889
334844
252117
260210
212641
252168
213399
214756
356718
259621
300718
285176
209043
193823
205663
201462
247053
282921
321810
338900
224353
217119
228760
373418
269678
260054
289368
193377
206991
238504
206647
199769
240006
268721
223661
194790
227781
202657
226749
212021
412011
283342
327916
221942
211160
186075
241105
298780
225192
272512
208881
208146
198436
222782
309971
315819
209010
268903
225799
243622
205409
262252
219741
208456
270014
254211
232151
199902
212717
262221
307561
212411
331015
312694
185679
192801
220520
180627
268449
241317
385652
208355
210375
216777
284867
247755
360355
307005
230637
203818
241058
201854
282335
239827
261344
202385
200692
214728
223056
380693
234374
277593
256789
275513
250294
229931
211454
219971
213140
179130
217323
201631
188209
203596
211381
294413
308076
314772
311542
216258
206427
205281
246737
228536
239224
252285
233659
219600
245961
193340
226894
330111
322253
434565
348954
200243
193732
291981
289088
278282
196608
218176
198731
215489
201802
248625
239669
354064
317497
217072
237911
218290
210561
181434
241545
247241
216300
222508
228354
225703
369159
216076
257474
349415
358873
218365
206973
204294
203635
255748
195652
199750
214238
225070
11475242
9352884
7346066
5282059
3168617
3433355
1415769
1456822
557192
215533
368912
351659
329857
241268
206763
262510
244025
271894
229698
243537
212565
236108
240742
230757
191732
225648
211530
270161
254178
222364
291682
222011
229056
219964
179745
206328
319221
325380
277180
223869
206436
194956
204455
248475
231266
326173
231251
210891
205296
345594
220055
267833
297570
284382
203391
208162
215535
293862
249538
200527
229463
221932
193813
213137
272859
241290
262796
340704
247800
240415
272937
196757
225149
215482
222373
223425
290324
224477
192004
200888
289726
342342
241848
226079
251432
243529
232720
200209
279350
360962
253999
353338
210398
205955
290549
207049
234358
347244
286698
293712
226414
218034
202773
287962
255808
286869
227420
241596
197251
190462
203472
394237
218391
316965
267964
243557
265034
207654
211130
208720
249528
262689
260489
245917
215087
184299
191895
272138
307703
230728
209692
252286
203985
210905
209616
196802
225993
190009
193133
199341
205100
229249
227901
277128
270146
290975
286422
186299
233474
235927
212689
207627
217388
188558
230103
220077
207154
283688
239528
189816
337156
183527
262628
196506
217298
314321
214469
261337
216873
181310
209391
206446
211503
293500
237324
252437
194480
261131
239175
241761
208229
352923
239335
246784
281038
202428
199535
192355
181998
221011
300280
255778
217692
214692
236875
210311
243702
225076
219275
330104
260339
203082
247229
222471
327917
286873
196765
217718
213004
214119
201922
212233
265480
206341
190699
242591
231995
237619
209811
217874
206307
274527
313953
237593
234970
200018
266140
243174
277396
266828
202098
237095
202583
230950
213625
224172
428551
380297
372771
212688
183335
285216
204218
245331
261990
283084
211971
203651
200795
190933
244020
221110
197581
371840
288900
269737
227919
202963
223031
217330
271970
263646
208266
218509
218221
318927
304388
268046
242227
369096
223359
264835
292808
247463
252462
191769
274930
207032
215258
213519
234555
262500
278611
270763
215903
250779
229603
199853
222010
197393
219721
226866
308431
192399
246094
201698
253910
234156
236477
255039
343354
208881
235748
183962
221378
227704
201814
194176
235566
195297
238813
376855
226941
217380
406371
329045
326564
183855
199355
211159
229333
226345
195741
274300
223366
203293
210344
197092
216280
307326
258581
270325
204323
225451
201355
187893
213700
240231
200498
284724
204529
246554
211394
281471
215922
205131
229959
390213
228210
202817
195293
238456
254251
191760
271988
245998
221898
216506
208272
244672
217000
232575
196296
331266
234018
202853
248327
222051
242253
233260
282852
195314
198886
232697
301782
214337
270875
302535
392995
223447
290493
188193
227615
238436
197204
318146
241170
194288
204673
198865
216694
271951
208816
405932
297731
228095
223762
184217
252396
214104
300347
223445
243320
202998
257803
334137
231805
326642
385381
214337
211220
229213
193653
234342
236828
290132
182815
235427
193304
288794
283010
214694
265802
375775
336778
203021
208667
224545
209506
245109
223678
240703
204908
210425
205617
291647
276193
292031
254340
235772
191759
208717
207914
226923
260080
277078
308632
220602
209044
211555
297695
204557
254831
361910
278077
190648
217981
197828
280470
214236
214495
263564
200574
232761
197463
270402
199692
226645
337971
211661
203430
202291
231396
280218
216777
232221
235625
222075
203329
221998
266074
285563
268615
247434
239317
209438
219283
251799
234405
276337
193838
300339
201437
209036
247330
283819
231615
203243
315493
202844
253625
201616
222577
208677
305693
270870
209396
197884
267058
201376
267141
210529
211342
320533
253241
333400
252242
311281
195282
186674
210132
211872
207711
257880
233074
203570
280767
303293
202123
193483
239276
331720
201336
205024
201886
258345
265929
190797
187591
257936
213151
263140
252507
235439
210280
11595881
9489866
7451175
5396623
3256537
3077971
952293
980715
232648
329661
437019
242910
200219
245720
227594
270746
223757
254885
220763
213092
214350
263456
222004
193826
215909
227681
201319
257602
299949
227843
316070
292231
342239
191425
247988
220010
256649
324511
233217
285447
198238
191010
237007
277877
201807
203369
249016
235331
216210
241673
204352
210109
282017
227809
263430
247408
225824
284375
211354
226314
212991
205406
407822
309536
219205
205984
208779
202786
209106
211469
280741
231261
237595
249675
278888
315302
230941
325428
222087
307416
211391
254544
196831
238602
195850
223553
188244
194774
223579
203434
294934
252353
397988
330981
267087
205876
227966
245149
271740
228269
228285
234251
228419
243613
197544
237324
282010
316830
249139
191828
253105
186593
269595
210737
196964
282757
248866
189287
210871
249465
238939
283703
246089
429574
202320
235180
215909
252183
307465
251533
203014
253298
221386
201643
353287
218461
242000
314689
206481
314150
212590
257345
244232
203808
257460
235322
189071
208040
201799
221963
224281
254605
247703
280634
196249
199491
207809
190475
187288
270321
209076
212786
263402
227719
282190
205902
289434
336665
191624
258812
250692
191472
187815
216215
198689
214922
215301
249382
224959
200867
219635
283227
278851
262412
205517
290739
201051
198193
287906
209875
269042
356602
199209
218050
208887
340327
231724
254593
204487
350697
242391
248326
192596
222195
288956
330748
265943
215262
218101
205488
226546
308030
249675
318877
256860
205825
207103
353977
262514
201824
311694
210947
227022
193169
395000
241480
368121
270553
350595
241773
215955
210549
213207
333350
222591
363261
245666
185965
253203
243906
218331
370466
267154
208378
198312
231800
200956
219349
251166
205604
215755
212192
211668
231607
197271
236687
236698
297192
303028
341951
253826
271174
212314
227037
246200
228022
249341
241855
200684
207247
191375
207560
222331
262107
287496
276655
212246
222694
187506
204205
292308
197167
252547
218689
202182
223662
212081
259910
249463
209303
316508
262381
213864
325334
200728
223888
212540
238310
254343
244925
202983
213852
250825
278912
223332
350018
261178
200861
202639
199493
263973
210615
207582
211803
194213
228853
286389
208645
219867
338565
315213
199564
283993
236463
208547
200321
192995
227342
266889
221474
204734
212154
281942
306675
289285
236424
212647
236445
346858
232813
270904
291981
292670
201969
238268
233561
256106
231688
235761
222871
219221
258175
285878
241206
210186
238279
290578
222488
276594
214659
184555
219194
222701
227388
295187
349429
198445
294406
241696
215854
201295
195476
281768
225270
296571
186711
230285
220412
326310
288216
320127
255373
198660
235466
233172
211347
214366
245901
217764
212951
223012
221154
211322
246425
191246
307438
304004
284421
204728
306854
205263
273902
235815
258533
215577
215559
197238
206390
195732
241316
225263
265032
205967
398628
240473
231504
229174
209815
249724
222275
257016
316238
219967
201375
211335
286853
328699
365716
245561
349809
263382
278451
210925
219912
298171
241795
325619
216201
199061
202255
262220
247690
224590
275156
186768
223717
227358
217892
189704
236501
200641
285117
290567
244240
219042
313284
215314
237915
244212
204080
255644
184266
205586
221718
211072
208258
216460
228165
265923
208083
236143
265698
255003
295475
230962
279976
259162
202518
202100
234424
253471
245103
300492
237879
219036
215491
229785
279638
270313
244370
275122
211226
179298
179375
240082
228654
258714
212610
277185
228239
205191
188070
303403
232408
310563
202469
300606
206085
248089
203813
248036
269159
207711
205541
262827
260698
235588
217520
267754
217312
274054
206583
205391
192723
225289
213204
236072
231134
231645
275443
223603
207298
200892
302526
243426
214743
211660
435469
243540
248582
204478
283723
218557
294146
11036414
8906484
6855432
4776687
2646814
3945764
1824550
1144912
261060
593201
341888
231148
325204
443731
245557
242726
271694
234409
200357
205762
263173
228872
257898
227365
227429
235462
210611
306335
224407
198710
193960
311034
198846
198122
227821
223972
228297
365055
352680
301886
290828
259215
207630
203782
211846
262721
212520
255786
184009
222046
183154
276404
248978
329217
343888
310597
276288
209070
196088
208317
240755
256832
249777
266947
199769
249617
182477
261861
348155
295116
282944
300030
224197
225656
226177
208107
208754
183205
223161
239564
210424
209103
251063
196992
313163
246192
227316
214252
241549
198109
209184
280911
179583
189474
217590
212195
264763
187599
328456
277263
219302
283392
192311
267735
190296
201379
246412
221595
220036
224336
259945
219543
219256
273860
378873
237633
499049
419876
304809
222041
209816
214776
216071
250402
221520
276636
182075
194381
277960
322364
276634
290382
284825
351329
276000
207094
228018
329170
302200
199684
279840
265736
210779
229570
221116
255414
283526
243289
382960
451986
254929
270959
214334
191454
257674
238403
232204
245135
189687
236538
250856
263929
291599
304837
209197
214216
230285
194018
308064
231163
246635
223103
245001
236279
226257
272741
293268
262043
313950
289676
194114
194808
183201
199041
193245
300179
187160
274405
207077
227376
211701
274106
339873
359407
378503
254620
211481
237493
217609
224625
225551
241166
248033
235725
209722
223908
252701
283298
222781
376058
232330
253680
200605
195485
219516
304459
227119
233889
213186
219073
233265
189738
235891
238820
224927
220520
228804
280585
197521
248378
185865
214268
192580
221860
188544
226693
203435
199081
273696
309503
366476
319770
218820
203769
270913
207384
222881
270441
193799
205676
198828
218080
187077
202999
247887
211098
308234
273450
275817
222221
214527
226449
258109
229017
230633
253128
182728
202024
202293
362173
267726
349266
262471
198273
205273
211458
204437
274030
278058
209952
247103
227589
197825
219886
216137
241587
295647
283180
206023
290927
259034
205986
205973
270564
209987
248407
223935
206139
203815
266735
216012
282304
284484
288678
344560
193290
250334
200666
219229
224863
217702
215838
211688
185091
307698
237366
311140
257082
265193
258190
200865
188940
236554
210372
192679
263421
210549
207867
225167
231204
197975
284528
227221
215935
302451
220604
206078
200061
205553
281162
245648
253073
195819
226164
213357
188397
222361
257223
222668
313018
226029
246990
207001
273561
228622
233643
245126
255830
300545
217488
190955
292777
289636
215226
307343
311345
246571
205857
205081
203018
203875
266497
208005
210338
234982
208216
245461
214974
195819
204411
346625
200548
244790
211366
226883
284429
311814
205347
333168
303381
228037
206205
309066
238750
196707
245978
231127
246306
206560
242731
251066
230220
213896
252023
212312
274569
226252
250292
221483
215352
241303
199778
220918
181732
263212
211818
219861
255848
202843
260627
250345
239866
256586
233248
213035
203136
204317
229521
252247
334862
243002
193998
204539
300257
220659
209793
224390
234343
190705
213692
273721
262300
208215
254688
326666
202418
199570
179930
191146
220271
268284
212070
249256
227250
207193
260712
290106
231913
333757
268276
266532
220050
212453
209696
216043
224109
244329
288557
234310
198168
188538
225253
229334
229800
237727
242724
224348
279323
195888
316403
194728
238626
267778
233642
246608
201258
186714
288890
220477
247487
293969
317646
269744
194659
210943
195972
206097
218301
199082
279017
236448
215390
222161
196459
255289
198969
243190
284476
212511
211188
194554
314462
247185
251598
244312
234251
209332
191908
238915
227132
274571
231390
332407
249057
258853
253202
200254
205740
258301
234434
239742
184036
213053
263298
254477
262533
308987
207648
280071
213058
196843
242079
294066
282903
225450
11557301
9433648
7374349
5275073
3808532
1679537
1809863
252566
432657
286807
298366
223309
236080
272900
220439
230322
231740
249539
261813
236039
280588
271025
246538
276374
234214
199156
279772
204746
220916
268971
203406
212400
207221
258873
206780
207814
315894
344617
209339
242960
221945
183495
350771
216804
259123
186357
206473
212812
209387
296921
242094
273701
201790
215139
208750
201947
246562
207373
230428
224832
315097
196744
191293
207029
273175
298316
364904
415241
230715
192669
180416
286591
254873
223754
228799
285087
209045
210015
218157
232936
176857
362794
354618
288382
264404
238003
189111
223320
245974
222269
214092
324378
220681
192785
292314
246820
237817
352046
347411
294364
230950
188179
217890
245641
230363
211501
187491
202671
188859
201422
206596
305104
405233
216601
295058
237661
217220
263716
259175
249514
228983
285987
303258
187675
211968
201350
254406
232162
221725
293295
247332
310504
203442
238721
247524
268111
236631
328545
197082
191934
268256
204101
205919
271915
219470
356193
260630
216026
213978
203630
218281
246753
206394
237317
205435
237779
235429
194224
219625
251393
317584
207101
203572
194018
248260
242783
590381
223441
218233
207774
201114
264692
337543
272772
187298
212206
427954
286570
196910
227307
192800
301880
183300
275416
243274
211995
331277
219959
292379
236692
337790
202772
267601
220197
253540
236440
247586
230408
244503
339033
191213
209738
199950
364469
211798
246384
328825
321245
279229
235384
205581
203406
339568
218744
254595
226282
203235
244727
293453
208625
227439
225980
309240
276810
221979
209775
319202
259129
221633
217590
276553
202303
240749
203248
288812
466210
318167
211555
204493
226192
208458
223934
259328
257945
246819
278220
189670
202517
282256
242507
296604
220765
327260
220988
265150
204623
248357
199167
197035
260493
196994
258568
218007
234616
245049
242840
311649
284188
360507
227999
211474
224397
264184
271964
232229
214516
240043
211287
195280
247830
196901
340729
211095
201549
215475
202712
204660
288341
202205
224844
206011
198771
227225
205381
210799
211398
236778
404790
281830
245321
243326
240598
245033
207862
270133
222396
309894
213682
206112
188980
266885
296652
189950
211899
242301
255663
237093
198520
259699
279948
230590
299046
207886
198092
295853
202206
263632
254042
250995
357180
203753
235789
225385
201090
278178
264643
198112
217753
195191
192503
221292
235622
249427
201823
241973
275986
210282
220494
302683
245558
214281
195469
355551
245868
215761
220778
212133
239598
225555
281164
204659
251624
264203
210269
194245
261868
233224
204282
215625
213916
251742
272992
227837
360761
288493
360555
297133
214484
201927
235190
194204
200055
228135
297858
263505
199292
195777
255057
208723
256160
400948
217920
216852
212008
213155
253210
239238
216935
307466
290448
203300
325436
205451
293743
261029
257079
247394
197280
177445
209496
198622
286204
195634
235007
255312
195034
240743
230297
194971
248931
238481
227706
341025
200492
253181
214071
175645
267528
239054
303098
188872
217730
209786
239831
308160
215711
274650
286211
343879
307788
192157
286365
219633
257475
183091
228656
240956
184956
200700
210337
220135
389459
283083
226635
275962
272045
207599
231734
237459
189521
238571
196428
237362
334542
218480
388804
243570
277409
399304
290245
194032
204147
204958
230829
251020
196323
306176
216194
230297
220618
242774
231288
216976
235029
375082
260596
229435
203750
214371
230573
252073
229308
192923
264114
194114
199064
199380
334756
341382
237547
318476
335830
234886
208161
227818
243847
211604
208993
303953
201274
196072
199778
249213
242330
285861
230494
379831
231489
252776
206159
199612
269942
225194
208510
390981
224248
189441
229095
281636
248122
330149
318344
248736
205705
226330
223305
276962
234216
263853
288493
221408
212321
194871
305495
11401254
9269646
7212935
5196897
3068345
2196364
2257198
812498
210545
241680
299660
285051
243035
211917
211193
309205
186696
310415
232442
280962
274611
190350
207829
215498
222130
234345
284241
235775
200622
197318
278611
240724
396933
282110
197100
248453
227138
200408
211939
314213
197045
356022
225183
201423
309704
234635
270464
213631
295587
467873
345868
225823
232185
244223
264005
271987
199811
210311
215793
214242
217650
183042
214168
365833
211486
448182
226689
305434
207493
211133
281957
214245
241739
190765
218398
232395
202386
221387
400633
257558
217242
343738
196779
179556
233121
226974
233229
231136
299313
209715
200935
197086
221006
194435
223768
235844
224515
206417
221519
292333
245251
203456
230865
249187
186901
210718
272379
246467
213476
300267
286676
276179
288132
189615
205061
234958
211086
216168
208215
329354
245176
182819
216098
199392
296847
187874
228948
368237
226433
207648
221244
305612
206208
216342
247031
224148
192370
251855
231728
247781
284832
385112
305011
205796
241933
211338
208187
323363
296720
263879
286805
209177
227579
201044
206660
296858
305133
258359
190313
297338
236914
268917
249137
206052
219382
313756
226545
197153
268746
333775
222455
254847
233688
272852
211213
194559
281526
222852
210044
226511
212633
213782
211208
247810
201767
323697
310848
252292
279850
201544
202762
199889
308332
344413
254704
268507
216315
199938
200293
229197
290854
192859
196127
362724
299646
198427
210955
212288
227510
228119
260518
202704
232855
207056
207818
207204
190680
193823
247313
380266
250680
219214
209354
289237
192108
285964
221122
243579
195016
217833
195593
192693
235711
435330
288726
189390
249046
189955
203754
214966
236101
187228
192677
219393
210422
219855
246900
260515
333171
409158
326510
322857
181235
190547
216273
197044
203856
193543
218025
250293
188788
233716
216052
194733
210188
281617
326566
257761
229140
188237
210237
191583
261186
257121
264877
190950
216200
198255
347809
276902
438801
238352
290945
255271
201184
209922
188572
202673
211594
266541
233091
210842
197516
208689
200048
202736
279432
223429
245556
204742
210648
232299
210269
217308
257570
272216
212449
303306
194692
209877
212848
310822
238032
195392
224591
194692
206126
263363
304893
214665
250694
218260
197864
215487
191657
227185
197406
418083
278587
298158
215164
187499
203746
245905
223141
290452
274805
231424
218289
217793
296027
197650
346991
263326
177764
228789
181100
202969
230404
296380
241834
300468
240569
189435
237100
308975
388407
396980
213295
207194
276678
194971
211171
264207
277308
187947
192750
291343
214370
236990
241559
256987
326411
351825
312854
217900
256761
226566
207566
346528
245041
179698
214692
229291
198528
199948
257430
380968
321499
193713
336496
198480
228491
187124
267860
248310
251142
242477
203306
217581
349289
317277
276705
337900
301506
183405
252330
250387
193358
279002
199598
261132
272300
261880
187986
239258
296282
305937
209527
274801
305256
220260
212875
189006
230327
244791
220452
204939
257576
198444
189539
198601
214134
232463
232775
302568
282862
200721
248976
202196
249033
242843
190543
306953
217786
230698
200042
298120
216035
183664
200975
345358
322931
193016
180565
215907
248185
248645
202060
252352
216411
269002
215725
423437
231454
277559
271765
361757
218038
207366
191208
320192
226626
248943
190160
210686
181855
239834
259667
232743
251553
299418
304398
267012
213325
192132
196254
210104
235474
233995
236354
228032
203162
220920
230400
289049
297318
255545
265576
223336
289319
218327
214957
208252
218165
208597
182546
218949
202409
383249
242851
278294
359952
238492
254599
191710
194570
266517
202030
232934
270437
261640
198698
208645
198404
261380
257212
317678
188591
378132
227591
193756
188545
251359
262397
186427
185189
228472
250953
217471
311668
215743
206938
330636
313147
322247
10746791
8636722
6569432
4477650
2396276
4879841
2751180
2205697
1694165
698317
299344
352837
411014
345362
292985
402572
201095
225803
269663
204601
195924
220433
268447
255462
214476
187414
286254
216746
222552
371452
312302
188109
210861
205908
196099
233314
279326
249322
190540
199611
254649
238026
220575
212386
281616
408921
257622
202335
192229
209964
241514
204729
209927
251863
194913
195624
198864
327188
312598
326565
306248
207703
220691
201937
222458
264331
196731
197217
220798
209545
235899
263465
236248
392271
336039
330772
237098
210589
221818
435200
219427
204456
261762
228355
209060
220352
251838
213847
286475
290439
211440
224061
192713
206432
206055
239947
220625
222678
301819
206312
188770
203537
207670
225291
224758
254371
198797
232933
205545
217219
221229
233883
255725
221148
244825
216785
198908
241426
189106
219803
287278
334210
206898
201252
210539
192767
235359
236285
257485
188816
244225
212808
206310
271295
242426
295872
265976
281042
222723
209089
219191
232543
247780
214834
195638
241780
201204
221746
189971
191802
205592
253956
407049
239756
240427
219686
269383
217145
201191
198793
291191
185595
200463
200969
319621
252516
206649
233903
306733
196234
200497
200473
209632
301481
236982
214486
195413
213247
247435
219771
231342
206784
272986
338559
200538
220438
225329
206038
226274
229481
218577
208007
198315
208284
209216
224348
256846
343694
280316
324272
197484
194656
230467
244356
238532
245340
240016
219892
184389
463603
227614
326182
226252
233479
352636
211282
215699
352517
222621
233864
225317
196644
198338
223344
209289
247180
199582
237365
358766
261841
256376
208921
244582
222142
191058
193817
184738
221140
199971
267449
211283
275784
412312
326022
215817
276467
271782
182919
240132
293876
229557
195840
196299
221043
199386
207212
233622
239984
336242
317665
204123
184175
194402
184521
214942
269856
223286
237033
270531
219168
243713
184079
307325
227333
271679
289349
243488
187362
198774
203519
234425
238529
193187
207793
207223
202380
293734
344113
245272
223204
298483
245391
204064
219543
303119
310001
320375
217162
248959
190628
201191
265146
215108
285645
232694
426576
212763
316504
227592
219969
204853
291681
248682
230090
225987
206992
177669
208371
256926
237259
344452
213287
194581
201315
245575
195728
179728
271708
238382
302880
218960
206006
327532
197428
316461
464939
323320
228932
216396
206242
194582
194140
250549
229413
242563
267872
206635
203796
225476
215533
225020
215356
289226
314619
231918
211506
198313
217072
210838
278911
271495
218000
221799
200022
201779
217040
321435
234196
315627
260114
271066
196340
244020
205366
237109
278707
239521
259315
194316
280420
221581
311188
245707
290623
211095
377349
205705
229425
213096
202715
308032
254569
225593
261715
206217
272264
196401
279750
298217
334688
289369
234096
216091
215637
212554
207080
290465
253511
273110
212736
238683
194123
279355
403485
300884
328515
311733
199478
191191
333700
285420
258910
247505
194737
188074
218036
198101
332115
240844
313330
273246
297054
227289
200794
201645
193848
226312
239771
319273
257260
212888
301243
292885
238640
331258
247021
211981
224710
245967
194310
309989
209101
190872
239955
273486
202381
283481
257777
197405
221068
214223
227521
218118
278011
193715
306166
265992
226263
219814
217033
218693
265434
215366
330608
235474
355138
201830
272913
285494
225639
368994
255564
211937
192326
196262
257224
229948
199044
202352
316562
203920
289582
254155
199558
226800
180249
207941
215930
257211
200421
235249
292166
212606
205759
214568
248977
218002
283630
237091
355768
267836
187053
212304
267813
299415
240781
192693
262207
218146
201950
202812
245652
205823
312287
216361
354756
286206
220938
206521
276324
267703
224864
220712
246750
238682
276397
207083
307903
333232
184501
386141
371113
213046
11514112
9394881
7372089
5353446
3217722
3526490
1400771
428168
832697
350426
382427
319745
318004
532950
253504
207586
218626
298822
265593
210972
304598
217561
203975
206543
272310
210613
331908
420254
410439
307846
284261
182684
192581
195415
204054
214751
234873
208705
187563
194312
228437
292816
236104
349612
347388
248994
211702
273620
233158
204939
212102
234099
234266
229085
188497
213306
217542
366128
212697
270405
326006
384406
236663
209469
202798
210975
242420
248718
230924
198961
217673
215228
287707
295485
364339
226182
297883
261007
197146
209601
277966
273841
224968
208664
278655
242489
196978
205972
197053
281358
503128
234129
340759
282521
289169
209202
208981
200900
257460
210078
292786
221578
198546
180949
341387
216358
221861
332950
214887
263515
215379
235166
248536
267003
233529
220436
240337
182950
276414
212091
199811
358006
292727
285623
356761
260619
226973
186992
278674
248051
205314
230401
205090
219194
216890
281609
256421
253123
250041
379111
220655
193410
200783
211529
226619
211371
192369
189038
212854
232095
206518
319197
279353
207123
237628
314456
237830
197335
239521
259357
224111
232622
222950
231373
205020
205371
345404
248660
208881
310888
272829
225755
221508
295244
220072
223708
256784
218271
217651
183684
230702
225212
249349
329016
259534
331985
418908
189118
231027
204003
224721
246773
290527
280268
261718
230431
210821
256385
282607
285278
232407
209942
204704
267599
192546
215250
341229
266455
209333
294634
223762
220234
215398
246625
245372
232382
260256
215360
229948
219461
229720
264991
262641
239684
232452
225424
227361
223449
212582
217591
360298
375799
293204
198096
244975
206735
223040
254290
228477
248341
201235
194564
224671
351545
242244
420939
341543
236725
235692
215689
233760
249522
220667
203088
221143
219358
257458
265584
217933
251603
238932
270183
288701
195932
234669
212401
207144
223761
297497
320672
208855
253876
224758
211944
327253
208754
357415
291986
219783
216060
237065
222904
291106
250814
228574
313649
211816
201744
194263
226288
404802
214513
238054
317574
327161
224376
242852
204738
222685
232506
208582
214580
208544
191503
228986
209211
249110
240090
225501
320359
255479
247278
201499
273728
293254
222717
265290
256118
192706
230171
247262
207097
397740
312674
290220
227024
224974
228127
276415
276624
242001
188459
225787
211236
323551
200511
262697
274371
247309
275537
193920
210714
204525
206780
228390
228683
213049
312590
231386
215134
232496
222157
409416
340567
290374
367555
246042
197765
207104
293253
205035
249713
348614
259877
221557
191334
342009
227807
215831
247368
433302
284431
247637
224335
287324
267858
223253
208940
253043
242540
209229
219927
268907
288492
209847
227353
290876
258425
208252
220344
196231
208155
216031
224538
214321
202752
220137
204026
246038
208972
290612
269157
288652
263285
203788
202506
208361
213575
212873
230309
261296
226745
231142
232966
202431
306946
272944
344637
235736
281701
220258
219249
207540
218869
243627
267611
208379
214882
211476
312920
218910
288307
260010
283305
189072
222301
210855
286817
201644
221299
317149
219674
187505
268215
213369
220121
186359
298756
219285
363313
230831
263947
190396
240523
208715
354267
219659
208512
215895
217218
227309
217421
375420
299489
312663
243622
215368
206352
260508
359444
213189
271807
278434
219263
199429
244256
332711
232494
199362
309725
324600
195081
224736
232068
236045
205205
257628
175517
255998
214560
278389
230445
251273
188769
234998
328565
212322
209091
187145
246648
222073
226730
187684
252848
222350
229967
217126
333749
379718
280847
286750
211724
267537
215274
263079
244308
266386
370365
206349
210296
222980
207617
235196
290267
242672
254629
218729
212906
197106
192528
242383
219198
204532
187993
206997
235309
195669
205040
220324
229537
243381
308393
235655
234163
12609961
10519198
8480482
6415192
4286635
4041212
1910044
1780460
905610
441764
664661
394415
362252
398153
267655
186529
277905
221579
243801
274196
194871
239785
230589
239676
266982
331853
320979
194317
221961
210676
285000
195655
323544
210306
288579
235403
227634
343127
198710
217316
241648
261528
332882
276395
230398
204045
303018
210854
232739
276131
209919
226290
244985
296072
273277
358790
293958
314160
251322
215332
221975
217197
193722
212731
194845
222666
209572
256458
292353
280375
218334
247283
202375
233440
193203
211170
205584
282326
240374
223999
200171
210915
208656
231824
195835
199778
329462
340766
228774
228743
211694
279090
230916
205602
202581
234415
217574
220605
215039
201738
364404
306094
308795
334986
207360
214331
292623
237122
232129
213234
178496
207355
239979
333110
324360
428017
217374
400673
222877
214813
208179
228054
326828
211948
276408
