1  1  1  
1002  1002  1002  
1000  1000  1001  
1000  1001  1001  
986  987  989  
1000  1000  1001  
1001  1001  999  
1001  1000  1002  
1001  1001  1000  
1001  1001  1001  
993  995  997  
1000  1000  1000  
1001  1001  1001  
1001  1001  1001  
1000  1000  1000  
1001  1000  1001  
1001  1001  1000  
1000  1001  1001  
1001  1000  1000  
1001  1000  1001  
1000  1001  1000  
1001  1001  1001  
1000  1001  1001  
1000  1000  1001  
1001  1001  1000  
1032  1000  1000  
2448  814  815  
2401  801  800  
2402  802  801  
2404  802  801  
2402  800  801  
2402  801  800  
2400  800  801  
2406  802  802  
2398  801  801  
2402  800  799  
2399  801  800  
2401  800  801  
2402  800  800  
2400  800  800  
2401  801  800  
1442  1137  1441  
3322  489  191  
1339  1285  1394  
3022  518  414  
1902  1254  1294  
1790  912  874  
2694  1243  1463  
1300  1043  831  
3206  1292  1307  
1404  1373  1403  
1228  1352  1317  
1342  1333  1333  
1334  1335  1335  
1335  1333  1334  
1334  1334  1334  
1334  1335  1333  
1334  1333  1335  
1333  1246  1382  
1337  1453  1283  
1303  1001  1001  
1000  1002  1001  
1001  1000  1001  
1000  1001  1001  
1001  1001  1000  
1001  1000  1001  
1001  1000  1001  
1001  1001  1001  
1000  1000  1000  
1001  1000  1001  
1001  1001  1001  
1001  1000  1001  
1001  1000  1001  
1001  1001  1001  
1001  1000  1000  
1000  988  981  
1001  1013  1021  
1000  1000  1001  
1000  1002  1000  
1001  1001  1001  
1001  1000  1001  
1001  1001  1001  
1000  1000  1000  
1000  1000  1001  
1000  1001  1001  
1001  1001  1000  
1000  1001  1000  
1001  999  1001  
1001  1002  1000  
1001  999  1001  
1000  1002  1001  
1000  1000  1001  
1001  1001  1000  
1001  1001  1001  
1001  1001  1001  
1001  1001  1000  
1001  1000  1001  
1001  85  110  
31  0  0  
0  0  0  
