1  1  1  
0  0  0  
0  0  0  
345  345  345  
1000  1000  1000  
1000  1000  1000  
1000  1000  1000  
1000  1000  1000  
1000  1000  1000  
1000  1000  1000  
1000  1000  1000  
1000  1000  1000  
1000  1000  1000  
1000  997  1000  
1000  1000  1000  
1000  1000  1000  
1000  1000  1000  
1000  1000  1000  
1000  1000  1000  
1000  1000  1000  
1000  1000  1000  
1000  1000  1000  
1000  1000  1000  
1000  1000  1000  
1000  1000  1000  
1000  1000  1000  
1000  1000  1000  
1000  1000  1000  
1539  949  949  
2400  800  800  
2398  800  800  
2400  800  800  
2403  801  800  
2399  799  800  
2401  801  801  
2401  800  800  
2401  800  800  
2400  800  800  
2398  799  799  
2397  800  800  
2400  800  800  
2400  800  800  
2404  801  801  
2133  936  931  
1621  1185  1187  
3045  487  468  
1357  1340  1304  
3494  230  276  
1382  1374  1250  
2802  534  660  
1860  1078  1066  
1783  1109  1106  
2761  625  615  
1342  1329  1329  
1233  1379  1388  
1332  1331  1331  
1332  1334  1334  
1337  1335  1335  
1333  1333  1334  
1331  1332  1331  
1335  1335  1334  
1334  1334  1335  
1333  1333  1332  
1049  1049  1050  
1000  1000  1000  
1000  1000  1000  
1000  1000  1000  
1000  1000  1000  
1000  1000  1000  
1000  1000  1000  
1000  1000  1000  
1000  1000  1000  
1000  1000  1000  
1000  1000  1000  
1000  1000  1000  
1000  1000  1000  
1000  1000  1000  
1000  1000  1000  
1000  1000  1000  
1000  1000  1000  
1000  1000  1000  
1000  1000  1000  
1000  1000  1000  
1000  1000  1000  
1000  1000  1000  
936  936  936  
1064  1064  1064  
1000  1000  1000  
1000  1000  1000  
1000  1000  1000  
1000  1000  1000  
1000  1000  1000  
1000  1000  1000  
1000  1000  1000  
1000  1000  1000  
1000  1000  1000  
1000  1000  1000  
1000  1000  1000  
1000  999  999  
1000  1001  1001  
