1  1  1  
1002  1002  1002  
1001  1000  1001  
1001  1000  1000  
1000  1001  1001  
1001  1001  1001  
1000  1001  1000  
1000  1000  1000  
1001  1000  1001  
1001  1001  1000  
1000  1001  1001  
1000  1000  1001  
1001  1001  1001  
1001  1000  1001  
1001  997  998  
1001  1001  1001  
1000  1001  1000  
1000  1000  1000  
1001  1000  1001  
1000  1001  1000  
1000  1001  1001  
1000  1001  1000  
1001  1000  1001  
1001  1001  1001  
1001  1001  1000  
1032  1000  1000  
2448  817  815  
2401  801  801  
2401  799  800  
2405  802  801  
2402  801  802  
2403  800  800  
2403  801  801  
2405  802  802  
2401  801  801  
2402  800  800  
2401  801  800  
2403  800  801  
2400  801  800  
2401  800  800  
2402  801  801  
1404  1282  1312  
3273  377  350  
1341  1356  1372  
2967  494  480  
2018  1417  1155  
1878  637  898  
2712  1338  1346  
1318  848  830  
3253  1285  1374  
1344  1425  1345  
1234  1334  1334  
1334  1334  1334  
1334  1333  1334  
1335  1334  1334  
1334  1334  1334  
1334  1335  1335  
1335  1335  1334  
1335  1334  1334  
1333  1198  1199  
1152  1000  1000  
1000  1001  1001  
1001  1000  1000  
1001  1001  1001  
1001  1001  1001  
1001  1001  1000  
1001  1001  1001  
1000  1000  1001  
1000  1000  1001  
1001  1001  1000  
1000  1000  1000  
1001  1000  1000  
1001  1001  1001  
1001  1000  1000  
1001  1000  1000  
1001  1000  1000  
1000  1000  1001  
1001  1001  1000  
1001  1000  1001  
1000  1001  1001  
1000  1000  1000  
1001  1001  1000  
1001  1001  1001  
999  1001  1000  
1002  1001  1000  
1001  1001  1001  
1000  1001  1001  
1001  1000  1000  
1001  1001  1000  
1001  1001  1000  
1000  1001  1001  
1001  1001  1000  
1001  1000  1001  
1001  1001  1001  
1000  1001  1001  
1001  1001  1000  
1000  965  971  
823  0  0  
0  0  0  
0  0  0  
