1345849352
8511435
6372941
4327998
29307018
27148070
25119460
23051773
20926403
19016650
16811383
14647933
12627926
10545798
21549081
19427680
17397690
15371630
13169769
11174699
9145376
6992865
4944905
23525859
21382985
19326481
17218150
15078796
13058366
11005572
8837311
6822815
23378278
21300788
19264654
17186248
15060140
13004583
10910542
8773482
43253924
41029769
38965459
36892711
34743710
32718994
30641451
28485639
26456296
24369666
22244935
20165568
18091197
15944556
13886952
11746166
9555511
31928750
29787346
27762607
25737700
23603149
21529805
19459218
17299294
15286527
13175103
11040216
8895962
52908133
50739492
48696595
46633428
44501037
42456533
40397469
38252992
36184642
34090675
31919023
29861406
27781256
25598211
23569279
21480070
19333862
17226299
15107208
12931684
184781422
182625417
180556920
178452247
176321723
174275300
172210039
170063848
168039808
166005704
163830467
161780063
159718983
157555565
155462468
153345001
151191736
149077829
146963146
144786588
142717457
140603880
138451136
136398222
134298332
132132964
130067160
127974786
125825226
123750525
121626088
119480733
117364362
115264088
113091141
110992404
108873043
106740973
104662938
102545374
100390454
98289933
96189186
94014078
91907700
89801857
87647175
85548974
83419901
81301243
79164762
77054428
74920860
72809813
70688072
68531215
66418447
64305956
62171769
131811060
129681252
127618483
125537045
123371638
121270143
119170549
116975438
114848364
112832708
110681376
108626484
106519139
104419256
102234465
100167891
98032220
95863626
93806453
91681299
89529551
87448337
85370164
83221609
81172822
79065448
76890705
74808457
72722410
70534609
68422226
66277618
64129850
62070027
59914766
57764274
78381613
76232046
74128012
72038838
69842604
67825257
65749497
63557212
61482722
59414629
57270271
55190501
53086600
50932993
48871833
46794516
44661071
42588227
40489263
38311799
36260409
34177327
32031394
29915373
27815709
25708742
23558677
21446527
19316519
17160725
15016441
153475524
151285011
149301520
147245003
145071452
143072506
141018989
138892611
136829241
134764911
132598090
130568394
128489874
126339219
124260869
122133871
120013441
117923243
115748119
113666358
111538797
109353334
107205506
105128890
102970889
100939319
98863496
96719034
94625816
92495450
90332875
88256941
86154180
83999930
81903262
79835132
77699854
75637904
73533470
71372472
69283695
67186608
65029546
62959825
60840375
58677514
56619088
54537484
52387533
50219059
123296912
121146808
119110638
117019157
114880746
112799853
110679895
108533044
106449641
104340293
102180709
100094816
98026677
95800474
93694179
91574355
89435241
87316490
85173950
83020559
80879654
78773710
76608796
74528143
72398335
70253526
68158173
66024052
63862032
61779544
59661157
57512315
55410499
53292937
51158697
49101343
47038609
44886958
42830122
40674910
70574180
68448526
66415069
64296958
62250641
60104953
57940676
55835202
53705615
51620871
49529781
47390956
45308109
43189012
41024917
38889283
36864590
34717638
32676716
30620528
28503081
26465660
24403022
22283557
20205621
18142338
16017781
13988744
11917874
9798285
24484978
22359253
20583162
18731376
16615076
14601619
12547436
10429561
8418866
6390999
8030718
5918873
3861153
1804051
2683307
580563
808609
1402333
293703
967044
870369
187197
288406
437065
410995
256339
274306
301134
203618
353657
395004
372732
370212
493100
573068
355896
379291
267601
229866
297503
240226
226167
374137
403105
185114
380593
318992
274083
350976
240568
224271
326726
349156
358187
317345
206020
240436
368983
170879
344265
354911
174393
316893
328786
349278
160578
195187
347237
257234
252701
322499
378429
362298
246006
239560
435712
325485
359411
311013
366802
197348
197307
434935
269117
202389
311373
216330
216167
208632
456492
218987
325109
246435
222997
238461
264501
407643
311478
235922
221015
333050
345145
437335
222133
191791
365907
277363
270142
319955
252704
259549
365635
315409
240192
258578
280667
189563
258458
409978
354119
253461
373825
259970
439099
287231
318071
450703
379008
272786
464157
159661
420741
289404
432036
158229
181147
237122
330590
221397
483569
292262
310858
195755
417690
295683
199667
183724
321209
207409
154238
425714
286593
483274
437488
214042
327787
419351
322444
413315
313753
429227
309971
431142
437930
376789
360002
491396
305283
314832
259342
410950
322956
315678
406640
325180
314639
297937
356664
209065
382211
325697
403391
259832
380615
356735
255325
340647
506776
353719
243634
227188
256377
335810
361349
312264
335530
200884
232143
408205
506258
265668
337709
289385
490132
458122
189942
351491
391989
401485
228216
448690
356660
333963
387887
345865
361318
371188
396797
326828
400012
263266
209626
413517
234345
225845
214236
268942
287802
405730
225474
310921
199795
271310
273008
279967
279287
359469
201403
328176
328107
332495
407931
273693
342743
386783
327452
347555
384820
361546
266147
348010
322832
336885
226179
306322
353439
249088
397152
238435
203678
341604
218851
204664
297383
254098
236532
294388
238061
228779
327638
215298
229303
274616
202672
242123
171316
15183655
13061504
11065391
9017576
6893772
4932353
2962322
8165726
6052565
4047016
2015768
4564671
2451684
1804566
2523407
445305
806471
991997
1234602
1116413
805249
737630
540338
453523
379339
709688
519400
694192
774268
595741
442709
204086
344644
445843
410805
272076
374799
688718
583993
593001
1008663
230284
354987
235705
568477
575252
783339
569854
351651
373084
343617
262967
436437
503747
304151
288907
452150
387353
362409
281732
413604
489922
192370
330626
368193
329188
357010
207255
229212
265404
245513
280727
320855
202668
273219
255241
244706
269530
263301
340581
283737
207152
211565
195053
167003
206972
252327
265877
268783
307012
266934
187025
278919
301234
195137
245375
274336
231345
200085
242349
236170
216083
257799
259992
276430
228618
210964
306994
190245
358452
316722
273529
313646
313034
290084
220761
237828
326736
285857
227488
238075
273821
251350
281136
276957
220205
313576
199697
221404
348165
177151
207475
200148
275445
401712
306579
221936
294146
300110
292175
199160
405973
285156
437978
216664
272054
333009
245065
370360
406619
284242
252863
288295
285498
405266
314795
316023
306761
317093
251269
254299
188578
265201
209888
200489
188204
301751
274656
242382
230031
280541
229586
273252
280627
280946
244233
475784
265400
237452
361541
307751
399316
341037
213994
189047
256784
350572
520114
580845
409072
490472
230071
339004
510104
599131
203432
339258
507892
375694
452053
544244
505601
249653
452812
752610
511877
298794
626561
515570
256748
557418
373831
518483
466664
365349
525377
190309
360882
454609
453980
307113
254213
453417
537162
283218
484015
436202
344822
509449
635075
351136
385888
382668
518031
569486
286886
327519
248024
702623
743666
275272
230738
447603
255291
316422
706071
284026
740572
632186
214709
620319
415717
406315
660275
675385
233239
327350
668113
588694
683054
708272
309969
666789
596680
652174
518017
481414
261553
729222
234632
688779
423007
516669
392189
540337
428324
212531
332461
550795
674164
635172
605548
296674
502930
452985
360144
447616
457120
260334
711494
514242
615650
264168
426553
506500
772893
757608
516630
461463
417636
406840
604632
523625
666752
679208
617070
223391
507393
493312
600626
349538
539083
593688
595221
516261
650537
620995
632409
587693
550407
459876
540435
534848
527026
461011
585046
541432
545519
454326
514973
531189
545689
452930
393581
449554
328486
294923
457338
574317
388266
362068
419238
610805
217353
416666
384432
343290
425801
436893
605985
409550
407769
538393
374925
479837
342882
444906
398841
418695
518090
505589
314244
521378
302841
518973
539308
420123
496017
383376
434649
294496
509634
462886
237108
558613
373841
355690
332434
327439
439949
574910
342847
418975
501104
482736
417181
342085
241928
304041
235116
219021
323426
322540
379829
417230
453141
226551
288865
386620
206037
387510
456328
279015
225692
450970
263622
401520
243087
328528
281695
260763
239440
277831
425350
357517
366029
344938
423591
288074
224634
223817
183623
341947
270997
264267
237472
534228
422623
275305
299358
470740
352591
195057
182785
258521
361109
335140
353067
169628
483388
477082
228704
205227
196240
244894
341408
401930
412813
220551
218088
391796
455683
287513
452523
184910
335991
261465
350356
347848
222741
356401
300795
298456
426559
209959
260965
323319
292152
331661
211835
356337
214972
339525
377725
426675
294348
416773
380301
438032
205841
378430
336000
231506
315882
257194
445072
552230
599621
445729
205313
371438
255819
456278
439068
427165
324848
448340
470571
425602
211185
630159
542576
477363
504759
599780
503313
383084
481725
390727
456186
518114
466248
508351
251528
593222
480499
394175
469894
479015
427586
644631
434924
223845
439277
464035
614739
448201
436364
518933
374695
420006
580302
493526
241370
457172
391699
258942
513155
221719
611541
625363
247248
468000
536211
261258
536214
497467
438572
449667
265357
454412
647435
358284
477630
501391
430046
521960
18224428
16098863
14055811
12062060
9945133
7985477
5965875
3883159
5102383
2995131
3950763
1823962
4073770
1959253
801804
2696711
575017
1589356
1112710
1478661
1158832
1276345
926922
916521
1218770
1537863
1696129
1877040
1493950
944118
920717
1591308
959845
1281744
699474
258988
1183240
1026068
1295029
1276490
1115938
908453
897900
934273
1064449
1067421
800447
906123
900084
1233206
1201941
1195334
1245026
413503
902993
930270
1107224
529111
539330
542808
504436
410929
261953
366382
449820
399020
471048
506177
409203
418463
491696
281586
321652
297650
336242
319041
343876
360101
265368
355441
227636
366596
388689
325950
183324
314702
340724
364344
177254
387001
244470
305845
301879
309948
405745
437544
256291
401482
181498
270855
178277
431154
280570
304657
417108
509709
378216
418733
421339
506856
365044
482558
289264
310463
399177
427742
415135
467440
398477
424776
250860
206511
448262
441826
250847
435781
434344
324240
195532
236756
185918
424959
352099
369723
456221
444103
249091
512572
416355
290464
394053
240467
711450
316730
480758
547867
532797
397280
434120
327954
411243
490537
495398
272578
510803
352420
487719
535419
529094
418117
284548
552540
559417
436612
560079
376884
541017
576413
450626
329770
292520
365767
490262
276512
399733
226000
327986
306502
323519
430243
349656
457583
493453
513520
303410
430642
503315
527006
635927
433019
477447
442730
226606
625537
327155
339634
270414
369396
273869
466675
395029
457956
490696
547954
297320
471720
541592
479195
490839
475272
641232
421425
445087
713417
662583
725311
689409
617182
576816
224314
200054
517829
613044
741558
673364
528546
537983
767125
451154
571948
586833
256895
678407
458179
665215
660198
249049
719331
761271
748464
444746
453117
852881
571791
273890
215537
544507
738068
252602
416937
481014
515546
528732
703078
516604
593472
626525
557458
692337
197958
552925
559284
499829
463215
651871
711919
594428
532916
621292
602072
450054
538686
528920
476422
570379
573988
464979
555095
457316
498293
473791
705978
645587
286262
449656
635502
540479
695592
563145
623936
527747
552217
217931
529227
525086
447567
520935
582799
764250
611502
740338
525165
226494
239348
580988
766862
598994
590710
549407
459419
837000
518015
657286
388583
794870
800572
1035881
230349
916278
762120
705153
558412
518492
237748
362271
637307
221391
619060
692986
509923
916295
737167
822445
682938
724869
594386
791480
566737
487320
650502
716084
543192
629161
723273
631705
717596
692267
750471
548963
678967
489903
603731
593340
756917
586455
519876
565206
536176
450918
735478
552390
796075
675963
711006
568450
432742
533118
626103
875308
507182
867779
830328
591322
688281
482912
518716
401229
1086642
937322
647753
463522
530178
819156
786602
691373
737107
654015
762993
606195
568641
832158
218440
431202
929654
652340
724799
386263
991333
752836
519995
810523
700077
865006
701098
287517
345428
760331
637788
292903
612348
742050
662849
881477
823329
783296
341514
551063
925751
518592
492899
814326
494620
511444
224119
695668
605167
930346
726424
983030
863885
294751
344790
363635
931697
1062379
942546
617690
596715
869620
686274
345975
478823
968041
425119
468028
869645
515049
704168
580370
533167
719937
782676
611285
866269
890738
943489
682789
949669
579668
439272
1032806
720699
577578
861438
405478
1062963
954311
591366
400428
678375
695761
796171
554754
569163
871624
836163
650584
797482
614562
741345
989667
236030
325756
273053
224553
796693
588019
834065
657870
922395
991339
835567
949199
1019671
721442
197756
188983
1000637
951673
630266
920334
341140
721254
585641
661526
803570
247609
871854
864034
1014713
687276
1149083
476619
790421
1014878
739895
639807
826256
643908
828536
827589
466235
398299
768877
615702
380954
634153
548185
1174533
407083
487940
1034344
780288
883109
998357
819032
529443
555802
486880
671798
821184
1014633
563582
918477
629462
665937
832100
964905
970083
663660
613478
1079321
446516
573520
606504
578133
19263020
17163186
15165049
13211502
11096665
9116864
7075464
4988107
9298660
7176920
5175147
3154536
2754944
638795
3504856
1385448
2057445
673288
1786891
964763
1941240
973864
1893066
963442
959645
1164160
234742
1099943
631732
1979108
1636971
1224891
558809
1176761
1131785
1638659
1456801
251621
1646870
1612851
1131722
1752894
1660117
1605896
1569619
371822
1642747
2053769
1163028
1423776
1431851
679495
584812
256882
836627
667121
592806
634855
1046532
1016522
759288
386591
947530
781100
268652
853437
601647
533251
692959
991115
1001735
1111472
1136393
978276
505810
974432
381744
613471
763697
867194
811559
1018799
367433
873837
955962
227341
402624
382609
923478
275510
472970
549627
1133159
828346
218001
1020772
1176989
926013
705096
864884
1044503
536545
828062
628762
911608
361580
346687
402935
538509
412074
726216
994614
620936
746641
1110045
784218
455104
519273
754586
761236
719277
600214
723773
541994
1120670
858605
449805
548440
361123
889593
545793
966421
749562
266829
364925
1039359
582503
602631
1062290
351083
846778
378377
1013831
829833
854309
709997
876751
728216
704511
246209
388569
673745
505472
1097618
969761
908752
701931
661670
675992
1148275
668842
692888
455025
985068
907587
772391
261780
1025778
752677
813164
1010195
979411
892942
1112730
686147
495827
641665
966304
1018197
1161204
794944
327863
766080
829411
907491
398413
971497
331434
255943
680972
1021547
723291
340332
956488
538590
806483
595972
960770
378799
906522
628268
791247
718160
751823
680200
364701
230557
611657
407881
241844
489675
327133
384451
306486
698169
446725
444332
665843
284433
664925
607124
508946
839268
780320
849083
793246
856301
836334
730514
772671
640321
940897
753244
800181
752389
390595
694480
208542
374232
615257
694660
710587
858174
562304
332541
598853
504106
768202
462325
200700
397027
730979
274686
408883
449113
288435
384110
333299
362664
692585
716639
347668
509173
474734
297124
652284
417049
310186
633193
546304
418142
371005
486440
309738
223453
621389
420472
493123
651870
405672
287425
467278
257111
371131
216327
403291
584702
685223
216723
604126
223414
236344
289313
315336
501854
237565
549185
221922
378032
239808
372468
404319
243228
276760
332203
405823
456394
446068
407802
378470
251635
188514
290205
381818
415720
226194
290013
368581
275245
382772
295614
279658
361711
1536067
391776
350247
183861
238258
387862
424408
369801
451073
403204
293846
277218
517925
221802
414040
280417
192395
487734
209155
294992
467939
477121
246683
359761
374681
310920
648092
665498
348684
384939
318291
245191
391666
236006
299736
351795
596944
509150
279104
349507
300244
322272
242843
299686
471237
418807
265233
268139
341013
369582
238094
260973
287225
228461
327114
496915
405831
393502
362032
555575
377256
325768
221542
669343
333940
482700
292348
464179
497803
564569
561915
346131
469954
253190
511695
610195
549774
632084
654480
621421
385660
340510
474306
378375
414582
458385
262025
443689
395570
573745
542248
447136
592375
510885
503602
547978
574269
470547
564897
423798
724723
622654
236501
636329
542730
645149
717635
426501
304140
640243
554874
369201
727362
649951
704850
396041
265741
829128
630729
778913
360220
301510
503675
493856
489265
752357
504223
546539
929725
773172
397428
275260
907046
694792
346498
367036
786604
442130
690356
270846
720203
433016
459069
625153
693662
682063
208323
715984
790542
529089
543840
309520
741466
629637
783653
381671
661143
760953
459762
901572
702204
405692
418495
519511
693860
277382
474693
686218
289997
390711
586262
614635
412108
506255
712346
561717
586023
611360
226955
669824
798272
553194
367136
443308
449371
854825
555927
521396
737145
242128
522416
465129
448910
466215
429813
310701
230210
545795
820178
321569
425157
289130
186668
352308
605398
386568
372775
619239
438324
383012
258462
689216
328116
296928
305725
465122
664009
548079
752187
717164
511841
702157
433898
533313
356167
627263
625809
551823
679189
632718
569123
650051
606994
468355
16129569
14016046
11987156
9996006
7875816
5848402
3845481
8858770
6752747
4765650
2713481
4729806
2609089
2941789
850694
704704
1579967
937592
1691811
1598041
812929
875168
821752
1079616
932375
874000
829190
736498
264778
769778
740755
1016637
670835
678854
902980
936628
806360
1142110
362171
489994
326642
537848
944525
461875
424755
465429
1086418
780855
685485
1371341
1070170
808469
687238
385266
254718
383950
454695
514762
566979
234061
503778
637212
573376
380679
642492
722677
384409
199237
406629
440457
574635
460702
718045
660176
654430
668199
518657
476870
595168
454604
709028
594093
758426
422987
502511
923268
626669
656911
496928
717932
821566
339130
801738
583724
273128
377620
865645
728891
399319
653990
453525
782123
584108
843401
807090
606263
461846
542082
737055
778563
633317
737598
721895
674361
581048
755170
596643
669599
537082
592719
487587
444300
263131
322690
429695
711891
356063
608619
735020
603574
625551
363479
329365
842637
899201
511799
587838
374836
559664
402083
225622
864905
784078
706993
538812
837691
296082
611207
756666
361819
918245
934492
676874
771290
733262
796456
734668
658417
518330
635400
688428
559312
281146
433509
571779
609630
875249
309317
877593
823243
222556
683079
640142
856371
875682
647454
585516
606692
580965
776260
700390
529766
695200
765764
332754
612867
302379
483324
705516
669430
756201
234572
330431
559164
682331
802981
958918
635015
683950
761030
676635
672869
530924
658756
387146
720351
747478
549564
862092
676693
721634
605049
631870
633499
599097
630419
229069
626020
615924
614785
558356
818488
572660
701764
551325
741942
882766
729872
532204
464674
781712
647866
304245
813437
338874
454506
441302
568863
699263
629939
806471
568117
361184
736197
470876
570591
859962
506204
208425
629719
801849
451437
666356
704381
688460
513510
559958
826497
430037
859357
669016
510312
778912
615685
770721
605725
726726
789314
907510
620075
510476
567911
491946
461817
637468
290166
810378
734015
551419
216760
441340
330120
260148
691769
479567
354688
507816
586235
647939
705111
248445
946604
331490
556119
483714
287317
401508
764657
932425
542268
763461
631951
336704
595899
577410
689943
825498
759171
631179
694457
893706
708587
692702
374806
323603
731768
474630
685098
807345
456815
487660
487839
399672
675198
920613
853859
686589
639027
223134
393560
796186
518387
641460
702636
887006
880421
517955
675155
483018
674635
307785
718080
474326
605614
668202
893496
705670
787898
529650
668213
769540
922961
644477
750768
568750
595004
942650
966592
777202
834490
704823
645139
561221
706724
794964
447258
328793
601418
818883
612655
704778
570026
558765
266902
830623
627777
884404
705492
477765
743737
700956
800506
697815
504599
689382
691935
694171
464997
698660
769739
758596
716716
401607
272706
325162
831851
788264
646155
889770
863921
874834
627275
775583
592763
833664
835548
541887
352334
731598
452834
1993892
311613
777646
816823
703308
858936
619898
782089
540192
842267
570077
643877
605140
597094
546475
578235
897718
253124
919534
546263
881375
567275
875477
985151
375452
272396
726442
521907
438298
991810
829429
717421
1007837
858714
728159
820626
1034908
795062
747439
898254
627145
717184
745275
842179
692712
597762
522226
695966
635574
366063
695979
754987
458225
652038
617375
881245
490045
374371
828466
720380
438715
348718
310764
832031
769680
527759
628286
596895
731874
428325
614287
704390
479921
749251
784210
630780
323592
774025
729762
569357
572525
351468
383571
752764
302032
758931
879852
801032
537841
380773
243718
246814
219225
593363
537848
318587
491376
320900
329587
421938
668430
302112
318676
617963
645557
264747
385066
675692
479283
824197
479459
842152
353455
958985
880833
622171
572390
327163
639981
411090
593662
956055
1057207
842173
425869
646685
832775
802028
608099
620968
694523
507691
578698
578115
1018404
920377
638107
794060
984546
595166
797790
878491
887315
612927
581831
627209
341170
17740042
15625087
13584278
11536589
9419987
7402675
5395829
10802243
8687085
6642658
4593068
2473536
3177435
1072249
1833310
418952
1449615
1290747
2529809
421853
1649702
1123861
2005688
1855262
1651820
1826376
1687012
1141214
821740
1099601
872022
1502988
779062
1019902
845950
1992942
1260070
1629661
1664614
2138201
703574
1055334
1999992
310162
519539
299511
1201403
1288771
547573
246901
2053932
1069025
945020
739994
760009
786970
576522
338846
574933
851436
521076
757827
220514
748550
873582
366234
1013445
833719
603792
773976
853681
581290
415232
624834
225370
694907
624710
839626
794533
528082
624446
616101
770277
196705
728495
803261
582539
594480
608873
452048
620339
650437
1038113
473821
977223
223778
993450
402046
309348
952283
679879
703093
935427
300960
550502
292353
490560
489847
593536
914374
207469
791074
645789
804349
719317
412208
775637
582664
549345
490390
469548
459692
226823
221899
559822
310022
758905
681676
660132
846203
894329
345307
468355
792443
408462
760292
488259
493018
440511
526878
562467
375329
867632
670357
807083
657182
596544
484886
459849
581033
761855
881636
531446
468187
509714
512582
547841
300406
1140076
729149
551222
597003
762361
861517
529982
611964
551617
482330
681459
1125047
555403
537747
763874
917352
745697
634847
585487
1134566
582453
631236
914202
722199
940161
474488
762988
761104
872781
640194
375797
977918
1120308
792180
877306
763144
819151
779957
946466
1015985
572530
224711
440512
825033
255048
951356
1075012
601531
649840
625373
586009
728518
358998
368590
947435
356610
672238
784961
394021
842423
529471
433589
559523
618943
449285
522483
478907
743289
474913
740568
435391
726934
741045
385897
399205
235200
750986
644742
466236
459154
803831
356410
680373
289053
526770
206321
450289
636587
254033
410736
468757
375682
476962
786832
789382
703552
255760
694858
627873
739083
389962
449680
329916
675232
842369
417990
547838
246431
571014
637546
383274
1025468
375003
632046
642308
322168
512173
914836
561610
668999
597225
200258
860659
805815
839006
582057
680545
629791
314321
772196
447593
267345
1042486
986581
279078
508553
335480
669967
271532
833698
837192
393558
942574
441233
715198
595874
985131
378298
226001
884336
792833
913209
801404
872425
690272
652432
803786
695574
573965
762007
260684
1029970
1058603
819459
669664
699342
225611
734408
742376
913887
936626
576781
446882
509536
227911
282467
380806
525778
544157
803262
702443
988660
587435
721508
730811
531590
989084
291939
468133
401461
635184
492677
721476
737258
810590
662298
899332
1011804
255591
535744
245254
270884
969293
1101006
269623
969656
743414
644170
994794
853864
962390
723840
432768
532509
687809
708633
1155598
502325
861027
877094
681524
725112
1059065
932860
990661
777183
1179009
967805
1085561
846686
380138
231012
613046
984885
634822
806291
1030204
921785
1082300
561039
1082483
768625
495326
280937
422655
554240
602151
559308
779199
840078
951623
538684
244595
1017697
1090463
454668
231205
232722
209711
585571
576351
1157796
723674
962495
714370
768939
967784
812918
918261
694708
536516
791092
444118
431619
1075977
865462
959301
542839
441076
1082377
446529
1004627
793302
1149545
1018530
1039260
513681
545096
378928
519312
308737
661447
675972
1049298
778774
323654
527346
495683
835572
556590
633537
805515
416359
328079
271195
659235
553508
566517
638465
736970
486218
540960
466765
498064
431869
390930
899823
421432
782459
388092
326742
227031
870467
474617
359771
459105
629951
647935
526477
453778
506915
422004
629451
637787
448689
559410
801037
367442
692831
229205
761848
605888
588566
382444
474726
491910
816546
828596
710574
915171
583480
561996
493395
419355
786997
598165
581678
823612
486168
913043
994312
452270
373461
794632
610035
630444
459747
627195
869616
963937
923102
810026
607187
726591
932183
528773
602773
924056
614654
614289
385511
589092
488368
763341
230676
515793
551330
384888
849029
506834
879572
335948
842027
942084
755671
550547
923894
362093
515522
17764551
15668586
13638406
11596607
9478549
7503389
5467919
7962102
5879057
3847981
5154685
3036442
1062792
2308271
1295381
1645143
958336
403821
1721296
1044875
1265803
1820969
1279998
1494984
1169112
989503
1090586
1030784
1409896
564620
925158
439313
839304
988220
573571
832751
453108
852912
786346
832068
424328
257086
1159273
974315
1173540
874351
935318
1248695
1117709
1100309
402854
1318712
993231
1130694
662682
678334
650949
753008
896286
297451
663614
770814
653697
967725
821790
565354
533722
745428
574309
789810
584953
1006431
592437
489651
784145
521686
339335
536352
710724
776555
324654
678937
685568
391158
501978
675205
616820
777865
701219
541479
306085
730702
802368
722766
497012
396589
712669
668136
662812
275899
639687
777434
652490
715778
505981
497791
538694
276103
232006
570807
648859
552925
651497
651022
366063
438488
611514
667571
713738
722433
566908
746479
582805
687768
667692
579231
669366
780569
770321
726455
913354
357731
690102
723141
593609
563768
217144
730516
488793
567912
747541
566733
754657
838122
546891
730532
783129
491235
584040
718542
647351
653181
733218
279781
345244
478009
495762
802394
499817
469598
781795
554457
458472
646048
663611
412898
285127
354060
276428
282636
317001
455919
595638
379381
683019
646155
644826
623161
313472
498708
304615
580149
645796
553365
424488
516050
561584
695826
576920
607150
426726
648397
285559
502133
409562
418744
270685
650327
258755
351319
296576
559005
637417
272149
328277
233981
371444
440177
472230
480583
790600
621367
533962
831090
850478
676540
632367
682387
911853
665929
627234
643384
975840
538560
716111
557409
410196
819040
439995
459604
722724
747964
544132
844544
624450
629289
829335
858531
658063
871888
775983
690190
958165
615038
709110
729845
376601
833683
518136
485312
875464
840330
560092
674105
754471
819599
507942
793059
690541
702607
886118
679610
542192
529898
472990
540608
490359
650843
507417
374438
582867
413416
465333
751944
620035
539009
313022
605189
277847
574878
364167
400085
459103
489405
754537
743726
583354
486960
591512
528925
527659
469714
494770
469190
693865
445425
644919
427534
624286
611309
470483
676800
332498
297915
268714
500943
603697
559916
398115
257650
546026
381611
382362
351729
581628
379360
483641
521860
313139
345482
633256
355874
245284
402067
348762
484114
673488
499346
528111
476090
355620
416505
591442
631979
451842
443933
568497
547214
307859
364030
588956
576755
372667
405423
424516
452673
427744
597621
453407
396244
353642
481825
369064
373998
526538
531195
464596
516004
510146
640579
542893
555244
527773
531511
268791
234816
235708
593703
251528
396568
218983
466948
473007
443825
570951
454214
328190
446644
488304
266440
512644
580789
268528
459580
514230
457860
458052
429269
426761
463603
533328
476898
344470
249814
403349
357921
408047
274595
241161
414260
291018
560239
392469
273399
297000
371519
384333
339408
440382
264956
269813
302303
357353
421264
400632
313854
344178
316041
271959
281252
441924
241872
321272
367678
317284
208821
336884
278559
226800
316279
327167
275939
351270
315572
251615
228016
283870
202142
359876
258705
327217
331531
283681
259580
373551
329431
291385
280079
243791
224698
276849
232147
259644
211015
231770
422717
232635
243493
225510
286765
266112
241537
314593
221958
384911
304351
259837
197645
245753
210604
293430
216591
206863
229964
220581
262878
244497
244473
197487
208449
238716
233459
243499
223256
262401
212340
216908
206656
207111
216922
231087
214163
234902
211424
259956
216609
232263
218998
231862
234720
209576
251346
271192
236710
235021
226401
217337
216942
242684
248349
205679
295080
218786
231385
309073
279434
256316
231126
276068
248665
273339
304173
303208
252217
280015
240472
223542
262439
222238
257154
303815
253949
311317
309976
244231
279147
239299
455130
239963
245255
291688
338762
209112
258993
274098
249763
207251
280858
358655
312122
251808
318316
213997
224145
274519
222801
242657
19017124
16912910
15019426
13112521
11000666
9087675
7087727
4977143
2975425
7201301
5098444
3091987
3252622
1142220
2586091
477501
2183721
1602936
1315532
1508100
1703976
1447579
1413708
1087054
1288029
1300534
453749
1202606
1007099
764858
950737
588855
824228
282084
710420
322631
436501
557373
684566
536213
572771
262183
634296
846051
929189
1040623
1054268
592195
720680
531205
336506
344085
240069
238743
292069
338532
348548
252441
338246
221363
316951
386862
279921
318520
316197
237543
333768
302977
317520
259986
245123
292945
303547
290844
249025
397625
317718
253520
305359
241012
220716
264251
242162
336511
244901
286572
284889
234865
250221
212889
255534
217905
237049
227943
221012
176879
305566
212541
206729
240423
247725
238887
212156
241280
224499
224062
239796
289437
205249
223735
234540
213824
208907
239362
240604
213311
216578
215092
254646
240909
232963
251580
224455
199497
255518
248951
246501
279864
253759
250274
215402
286078
255665
248661
248468
263353
305624
291284
207227
219860
218531
218349
220831
217017
316325
209373
268917
234678
220724
218989
231917
233123
216298
247954
249713
224553
255322
218328
217147
192528
229298
204902
233434
277109
196143
217910
269395
211076
203537
238014
210316
231988
308835
274430
247975
217026
367558
236722
244649
236411
210482
275789
315499
270700
233304
223351
393035
302940
322500
218204
222085
261807
285101
347400
330188
245934
313128
224697
250801
281748
309406
331187
321162
267690
218228
261357
366338
234396
302779
238504
282014
279744
246228
231993
297347
236490
251105
250809
222254
309508
247109
245026
281746
235051
242145
302299
275227
242348
307536
240184
272180
312819
282187
238787
239512
222097
282964
259810
239201
271874
282225
252936
238615
353243
243738
227026
277960
257861
392874
299937
307046
279701
279358
263849
324804
272050
254965
264550
215162
242814
252789
306898
232957
243949
279080
240230
221456
340550
242243
229834
270969
268291
274171
283550
268166
311443
273265
329516
230827
284096
347221
333270
292902
232822
261465
289520
297981
269829
334537
362292
249909
251353
332483
218423
246886
231935
225082
455941
340453
252968
254218
248760
291337
291946
360262
406200
305213
293986
225581
275446
414592
264371
307109
378503
268053
243691
252115
274671
305350
305028
379714
434376
415637
485127
312898
326739
424048
343936
514063
522738
443109
280364
473622
498643
322674
351757
488194
231594
344819
380717
369578
390741
303922
477153
342174
351965
302123
412643
351811
454414
372753
402993
330036
410188
346635
409249
269179
395271
352398
469230
372106
235747
345253
435386
398555
411894
385819
300794
460422
464627
367035
354152
222874
431311
396298
473420
454658
307676
358063
245611
472892
270592
389682
287563
341223
537182
332065
325288
504324
397515
247166
533317
348438
471177
439721
379320
242815
493012
483688
389711
338356
521824
410254
384062
609150
327262
518842
520078
465949
348911
454750
467268
292316
282168
303714
449160
350681
269850
394797
455129
526178
403462
347859
327738
509663
361586
409671
213806
485329
396240
388811
389763
340398
342208
298699
290404
264259
249747
465589
409019
454209
295613
286187
395328
405551
430329
209272
332093
354085
286158
414569
256462
247721
228465
430457
428983
334881
417445
390032
272881
222868
356509
367206
411800
434890
386963
433140
522747
373986
221607
398398
225653
406214
526321
546716
442500
285550
254590
255526
375075
534431
448630
428711
538412
417593
302073
468398
300316
376749
414410
375620
496178
311465
406090
557912
314351
295119
305922
515184
331136
365541
466109
292760
486349
345474
517738
562247
411708
303383
530585
554298
535965
358429
382337
362308
375690
372820
563186
258609
453727
603648
395485
623757
567071
349538
404012
340658
492492
481901
460993
410913
511920
463057
403237
525526
302309
692531
629848
708627
603913
567075
325300
762625
431598
317929
510194
464796
547155
280733
527106
593800
700366
559612
785964
422445
420063
731437
21131476
19021037
17054126
15067180
12948137
10932363
8901976
6814482
4778771
5653737
3535559
3996362
1920362
3634241
1518057
672711
529850
1179024
1598037
1982215
360121
883479
1239801
769075
765693
978518
1024334
1576844
1287032
1066780
1419560
1548490
1561787
1393254
1206904
1213057
1073729
1080801
1316820
793910
742927
736046
960285
1701195
2152853
759926
1418379
1536013
2071044
1483617
1058863
1354271
1535486
1454065
1472948
984665
868207
730338
1466574
1132088
797831
516322
623381
776065
918959
255655
893086
658099
900292
830475
486775
851537
1008637
912420
472577
730578
566587
428006
825078
791814
331150
326730
512981
844566
1013416
494548
295862
362708
645377
592169
509532
538582
732182
355954
575771
709227
666641
461001
410267
715423
478028
610624
644809
580511
559636
647519
277190
483058
575560
307861
558152
454823
677023
270141
453327
493934
326235
444791
788886
763686
662914
693164
431855
430812
543477
652147
480376
498466
451819
585713
645524
632210
288118
618490
681351
505043
702392
521534
576466
628008
415374
580868
592551
629276
347177
596788
251152
629734
423681
687886
651769
277805
683002
458547
313480
400493
450153
246320
304665
500983
364390
336627
220763
639488
262290
504578
625440
271940
458765
658885
426859
304481
314916
225722
398036
521459
468567
622446
594911
698725
528949
660636
596422
419750
258682
668447
678369
755690
511192
251948
653249
348351
499476
512082
712743
628972
722181
576216
650932
407748
350898
767809
749032
338053
645111
728272
638728
251454
544779
567645
695633
596052
659069
595338
671448
587700
439927
625967
568543
575065
465986
485469
437153
567575
603565
463527
562575
546292
311899
685294
268219
551411
590165
613351
697716
452366
560405
280891
599805
275485
639359
438282
250607
439318
365321
541353
395911
497153
683026
271798
568574
519307
584206
500557
664946
466088
645741
233746
594534
575180
391657
263208
674915
615591
584283
266893
463677
552096
630267
431560
586945
349213
441690
527219
499433
588225
406858
420773
506747
474145
721791
546693
699282
476795
553008
623793
468986
656287
684595
651030
653523
744175
524300
595368
518201
583629
654557
699888
480405
494908
556136
627968
473220
272473
497185
685603
732516
498141
360118
532283
519515
611810
513107
372787
224775
492694
544222
333159
656939
433647
520563
358390
616890
283970
317531
862407
459372
266454
644625
610868
541759
262195
525668
671946
666200
366748
551702
726431
355628
521856
688593
598166
627898
549824
582000
389715
568705
460708
590235
641011
662773
703294
545110
490483
661627
596784
562660
588568
323161
563770
523012
236488
667752
616362
640821
513754
247186
392117
211210
824013
627876
278950
281699
230742
505174
304612
590244
278528
310621
243033
340313
526349
656559
482316
661419
295283
764253
659090
596242
652560
586429
555899
555452
211249
352166
222943
442641
596664
687886
231597
672207
647353
500022
686548
652300
374206
440449
544033
427814
483869
557803
371405
390316
522515
393733
596002
497170
347647
513619
668415
433433
448361
536137
661668
426845
282552
702242
486821
607769
527421
650796
602869
634824
494663
344170
404034
659828
602716
617220
664721
613837
611197
561160
493784
528166
684474
664074
238432
481706
717424
524935
576360
487997
546416
233436
585702
303886
562257
553737
546902
714051
678198
641312
639053
622901
590269
491884
560261
387746
444360
420012
661964
706520
620115
353738
621520
765847
675914
351872
544676
397483
273166
636460
752917
680834
246284
463753
697192
422236
867450
257364
445360
804899
672956
668955
717215
858142
630006
288741
616885
247214
825354
534416
497509
343820
308153
340656
525637
783064
292807
496531
358977
728371
400944
502317
717985
655651
700005
461711
456600
336525
425848
730891
236895
533216
690894
706436
689180
783616
595710
763967
401741
523492
628244
273259
680927
434054
781518
666949
629188
603485
551349
383775
694589
620383
674281
425648
554367
502887
637639
600880
648170
711281
831324
668713
587955
443378
20585874
18475685
16439240
14366070
12257672
10230687
8167135
6052624
4021174
2003186
6532468
4413503
2393291
977882
1301811
964412
1601097
1385036
1130721
1334182
1048529
1690030
2224527
1297595
1829466
1956793
1766289
840069
350211
550808
1415148
1140172
1175781
1138793
1147344
1195935
1190126
1413853
577155
1079502
1220252
246051
768339
1310534
495947
532423
1064381
333577
909431
623391
394213
510564
978293
955281
648464
863065
414479
914135
893712
941635
707155
319429
424138
386713
539329
429533
445736
403498
633520
642209
673749
290430
579253
603535
450854
612331
703150
786696
244104
872407
748744
605023
775272
577188
332668
533143
797719
488873
723727
620037
889158
489520
289882
571675
743063
581738
605797
863489
749569
854197
663415
302592
940428
340274
864762
869990
835342
580122
845870
835812
767648
903764
834372
907643
857639
820628
906227
855016
445177
313963
585332
670939
909795
395402
637273
501845
965476
349257
393857
602352
446520
497910
801188
866230
328302
868370
864096
847615
766640
391611
536230
319331
351061
512930
270778
957778
753384
871530
634808
467194
558355
231112
506780
412705
677477
611497
566700
709937
542815
865464
636866
434896
942870
893104
456462
600251
894291
1087608
256303
677160
928593
263867
232048
881491
897575
958140
842510
636431
461613
752227
764166
516678
833761
605666
787046
665592
716344
972474
426888
1012495
621614
994490
777864
494209
229494
748032
710785
530623
1091552
1076078
988326
261727
1020115
418354
829896
724969
727234
935987
1070639
760856
993996
738965
700977
951540
835745
974932
903209
683748
552457
840910
419750
926533
699045
518367
563488
796487
910274
858369
951999
935494
314623
881231
405849
403170
784317
839525
516503
671178
779619
514568
924877
966049
608625
853767
574582
263349
842399
797105
233048
415741
482748
738317
321795
833331
330334
608261
700935
824632
851471
825367
685732
957533
450328
611873
669412
744278
498337
579876
528736
928591
513843
693841
865977
800420
794134
527822
503254
651049
861266
732818
643183
565056
404601
767276
601826
439025
469251
572984
687244
502484
716843
578238
681897
396187
664449
489078
736845
735176
755108
668644
546000
771294
640598
653447
777901
295689
653514
639724
401444
299387
783435
671147
405217
766647
860127
771708
735459
425357
532794
392600
718155
486881
773910
813270
780816
858355
304783
274287
788346
407944
938296
629714
251736
401819
437625
573879
475754
577097
641622
496611
727324
465759
684935
522960
915987
873985
942304
452799
832227
726749
884710
743020
251708
483701
424098
820538
613712
615135
795865
396372
956937
744904
782425
397752
698229
889558
453630
279030
706587
786533
750052
404292
521472
469262
853987
782400
600232
550320
564692
363112
299872
592684
894528
655176
725715
313727
767699
742987
799505
609030
1003508
874991
600315
860518
1039480
725284
774503
909260
604742
355350
493314
655473
780165
855499
621530
848803
706570
261981
1066149
595899
872626
1170887
852381
981958
1021907
774524
575815
972737
751186
928167
867008
640828
695116
690878
829866
796695
314176
483746
824283
839338
987385
860066
1126638
660343
830250
817369
629351
1055702
955819
571615
769291
1130739
1096920
744058
1130585
613345
813225
505735
365994
805230
359391
727738
986620
736379
306506
296460
859018
975298
1094776
631079
1031423
1052407
1005900
1038130
1209431
575378
934973
805449
405836
440614
475680
1031455
761471
465820
410841
941293
1048445
498318
1233750
982090
815232
830729
690875
942477
1021227
315996
925800
1136146
796920
249083
1083300
518922
996156
696856
865315
891237
831586
925234
970630
926271
369333
1008089
1023380
788406
719031
700780
971701
940485
738814
628412
412369
271963
575685
874842
798757
821489
643352
1021796
1014688
287573
905217
497848
1055274
235123
472322
357401
823587
860671
324936
819468
233830
825985
858676
422745
662776
568196
897900
759640
518132
677626
592345
959003
1097269
519120
805648
218600
897065
1034097
722013
946936
950401
759030
825111
970247
519753
659535
370017
18557392
16452864
14431384
12410249
10412691
8301850
6305897
7727953
5611449
3561642
4865257
2767160
2744928
620660
1725982
2082632
694844
550173
616805
1938578
1568570
519755
1039733
1277600
1466051
1638971
1402120
1449186
1231379
1457933
785847
1103290
1557095
344912
1811153
1154581
2028872
1654644
1714072
1529068
1720168
792794
1428746
918341
769247
2034456
539928
1083236
1189219
944530
1597839
1308134
403476
1300132
1474827
1137857
1170047
1244685
336341
812918
955685
892663
434517
557065
926014
834173
604877
799579
583134
768256
472950
811341
1033759
447943
584669
486238
238880
654960
667380
531699
537240
824571
984290
652887
663868
927719
775802
461846
615275
731920
722162
500141
832347
475747
631302
593100
743900
743060
899041
512925
955975
679174
826045
960919
675060
597540
520590
732279
734728
530567
296655
772206
691889
905223
438371
937748
552142
884010
671301
826280
563213
761025
531299
330396
270039
818172
692302
671424
859895
260598
568466
1093014
926092
976315
816690
615089
873629
551011
977355
445013
634241
706029
938467
348147
544862
865886
901594
349800
465971
822261
596617
1122601
645634
453791
585659
1021475
597224
1042996
364831
581787
530053
1028239
688754
831963
811733
875193
798874
315839
529418
334260
218277
559541
365552
384826
315964
251378
472687
631636
587602
261566
326111
416649
277863
340657
512962
356752
253431
277531
415625
244108
527870
486423
437432
366231
330876
360973
512659
367249
288891
307899
398577
427749
331363
439160
539822
526436
455707
376835
454649
465917
524688
460274
402773
234520
265244
300744
308084
368469
298082
302863
252128
282705
284220
335090
261582
407375
207522
239595
241453
303629
240222
248239
304088
283613
235351
264669
269757
384375
318827
442201
316732
352967
334526
241261
344577
425388
256182
249858
311730
293738
246441
276787
369996
341149
409388
275243
385836
271653
254665
276137
243189
268126
389477
276119
301096
274775
250932
318598
310886
493728
361694
414152
327626
336156
207452
326921
434370
289516
295453
297540
257973
298310
415225
384611
426933
344654
362659
382515
272765
439753
348331
267317
308525
438684
282706
384722
283838
317047
356343
333319
415006
232566
337525
285768
230667
277230
377948
390745
256887
370433
483209
332265
295378
335987
500926
397661
503916
294175
316309
502650
526411
604544
414381
439918
617617
552967
677888
290536
513961
285240
322357
297540
405505
421381
497140
438899
295992
371328
364660
549223
465405
292122
314590
741792
904115
226286
337466
595948
624302
223612
718568
365496
584429
581024
733830
506224
478533
312086
322088
431155
246317
242777
444519
367814
365807
301358
298158
439405
270710
227339
364423
565744
387943
266401
237472
331766
300800
372773
356729
287311
374776
243263
477875
330586
273911
458521
327867
325548
379557
563363
405216
480453
442805
388010
234503
272210
223817
394291
263129
550862
382302
444501
415864
509792
219417
354495
226009
387518
580277
250725
349647
300883
370106
395698
390354
451791
433189
234468
339307
469394
425405
512271
374474
259242
478204
303026
296512
283255
367329
466351
392022
372753
367504
767202
334462
485081
279148
266049
1749167
443153
315764
418211
789271
708060
390277
413458
715107
407998
736414
615394
358217
817822
538216
582211
631592
489920
341361
853111
494302
730951
268626
302081
691591
831108
742883
326139
427524
367744
497347
818403
293629
353200
416922
513323
480081
777835
471118
751554
716337
905445
748103
662287
484744
563018
540631
407368
866546
236531
458557
480360
243895
416505
708672
778789
620568
339883
680692
672161
923514
499677
460251
966930
491518
459321
879873
627208
659597
631575
756583
916876
334509
654384
401665
233414
588058
511560
245951
431808
398508
279467
354350
287043
885404
529581
320079
559424
435308
688978
511552
738023
442813
736055
599243
417270
327531
482246
461094
382541
408903
457693
602344
366713
486433
840665
1015482
691611
496281
337078
583574
484944
463129
873064
690023
474342
819429
385692
911717
400212
18765915
16647371
14694403
12821371
10708345
8695922
6768593
4648773
2872970
3119496
998693
3302078
1184078
2337473
1177471
946149
1313860
1325168
1270322
1788663
1183430
289376
1096467
1654845
832480
1947867
1102559
737927
1079299
1331121
1482818
1017404
2215564
2215996
481357
1957611
2035692
2244797
2213009
1760773
1173539
674760
1767775
1517038
1814731
1062230
856342
2037774
1093578
705839
1502216
1379346
688205
1081406
1310297
908195
1655579
1096150
586772
400346
338094
682917
470982
400451
630520
529172
614380
759146
445784
498461
576379
782717
865023
268222
700128
593826
601335
617261
252462
690640
770379
745390
700069
683917
239827
628934
664918
522531
310280
569076
668666
840100
874331
884099
530769
784387
827103
863324
720913
644647
733807
356899
479300
394775
993329
996364
821687
576590
882318
853678
253032
944444
510455
823448
867482
543720
720705
526265
724618
523480
285297
892515
894152
740939
600302
519873
475452
600177
833306
747707
860122
753688
632393
757464
446254
741717
482971
662993
659316
718749
816918
709248
717652
705006
316233
776054
818941
979696
605613
816622
661377
873835
871721
756128
821054
701128
900723
970737
986798
980426
281515
602133
1011925
655946
704179
842987
639321
879363
686139
439055
450943
933706
295953
1006685
1132690
474713
435164
521872
930441
445204
544266
1218075
1006196
707333
757904
998480
593465
946764
592477
709592
724174
973100
1025521
561263
1029202
709554
768620
801592
860188
698296
563367
640178
697183
605824
659651
785264
687348
487509
665721
700122
1120742
449161
644064
715827
471450
655947
835089
835767
704267
280188
762951
330696
397390
859701
638544
671514
673593
820257
724016
517910
313383
650642
533441
816994
809932
270716
254757
703094
640277
662053
761560
748030
587381
568945
835141
643186
671790
818246
716489
643118
406681
620601
313309
402592
828682
900608
600486
287424
874674
910036
364025
661933
666959
432528
529698
268021
492493
734558
441508
668743
497091
856127
469041
447179
946615
717313
588119
498646
255409
278439
341341
420228
464322
296681
342555
464493
508931
472732
464495
400954
313367
416565
370947
686020
425662
308390
368016
247403
244720
327485
221886
255541
211772
232194
281106
228551
308388
421583
400742
272777
298481
220068
232911
267542
242903
517388
232136
267671
289364
262440
333706
295460
221256
325022
442571
368266
408538
326628
295280
478142
292699
350163
380017
349144
392403
363124
321098
248638
343631
301699
316634
290964
423034
435448
410042
352242
260348
408550
318436
263250
351365
302004
221142
365204
210104
240185
265294
209411
212812
215415
362516
317638
217224
238961
226126
229117
225453
229019
346956
305871
288625
315431
487900
322275
275053
332107
371735
343212
260242
265805
297344
283211
379879
371211
389516
327424
316924
397482
250689
338342
467563
361113
247870
267834
330526
388966
314126
333991
229742
435536
228894
499983
321814
336977
378514
289524
583567
258381
255923
629651
277045
250848
686583
483336
458606
252166
514423
389995
509457
425432
451179
605970
447243
423239
342565
417144
365396
566507
450279
341148
528852
335682
275717
390748
406700
575545
293448
438253
241044
280802
370874
406906
261957
548291
401971
383892
437772
505731
274107
277901
544512
314465
503591
764971
751682
916840
855166
756218
669802
574385
548651
413737
506236
486210
363488
244561
558139
455066
459025
681598
501542
594101
366495
590713
376298
726920
1034119
683585
889773
573599
451781
568668
311547
444220
277556
358893
651887
758354
551935
429016
477227
584847
888153
645863
615388
577834
970889
828640
766204
854265
668334
382316
749888
1096178
776664
879307
351302
658507
442204
783912
393535
528167
874700
599025
858903
587060
507895
654823
409656
424585
483004
929532
556297
609320
689613
383784
407600
505019
857323
641054
711187
417442
987469
783815
311175
1012536
791251
597754
280092
590907
1155599
838258
960156
978126
702360
792091
955280
804909
858685
300543
513261
474594
990441
716811
1004781
947366
3439450
19215436
17125856
15468958
13418620
11302535
9317959
7317101
5219508
7370159
5279848
3254319
3098343
985709
3588110
1466767
1076385
956427
780553
814538
968025
564137
943147
1173888
1522113
1399561
790869
686870
415791
1681202
1001726
1281144
1225168
1894990
614670
489603
633886
1069352
739335
1278147
766688
2045643
1689654
1534317
921315
1420721
601886
508600
1590953
1407236
1579516
1356872
903155
1140267
788103
1487644
1399589
946927
753304
244725
434457
391207
293065
717046
298091
499219
333965
275285
682795
347748
407238
621609
570014
406152
565091
636090
772800
529874
391720
543603
535790
486485
335124
603660
604705
548309
404834
472509
655737
754607
335695
746123
604432
465431
575277
638560
669491
288297
720303
656379
421712
593489
722471
526341
529643
445576
480815
529991
489633
524410
341658
658396
811705
558486
297760
479854
803131
912513
451571
242213
1112748
791327
597980
674006
597407
456256
633801
1031566
441717
543057
829885
556853
567973
1091997
997384
416326
286291
641956
913528
640844
270735
282300
669980
504840
879557
974181
286068
880575
430054
459616
797126
633756
719476
750890
798795
1026730
706756
584948
889830
621727
731348
693139
924303
878467
806253
360066
366497
696846
778572
443210
427068
613166
651760
521745
1206293
665739
385270
266337
300780
314139
997556
243742
1025345
781836
778606
818038
645732
574650
667060
935630
287585
399249
532384
528567
781994
500619
951667
882729
668777
505750
661618
651579
869843
412280
477597
263143
438090
722646
764638
810927
661128
446036
759922
815770
787798
352854
281056
560209
349140
669066
853303
588563
953820
729150
800143
597152
366117
743817
850687
909077
563691
351375
904597
461374
821190
617985
538255
395741
255872
654646
343784
622342
251511
485029
576989
623229
545655
498289
736450
534407
681013
904400
705000
567034
651886
842851
760444
587138
529473
510750
389065
526003
549104
1045328
261877
288680
747860
700630
526527
1080798
836568
420856
690721
786982
1222747
1146663
1043836
277329
884420
939874
729497
667875
493465
1315755
1214494
1294077
645118
854304
560247
817019
314796
907089
675801
754996
394949
905676
444215
480531
957464
723872
976540
512655
1114985
932774
705458
1149697
696885
1039835
747038
589550
502627
840166
645917
715926
789812
590399
948012
693804
988486
272046
443071
396432
625258
606799
704667
758600
698854
1075312
577472
255001
494700
993424
407769
682900
549146
413780
577247
559746
269147
405499
507463
623620
362055
431310
438186
413437
426059
457591
442393
661816
643927
250266
737597
336738
746022
432417
341502
705127
431123
514597
649737
561562
459022
369250
621393
597166
269219
414030
418667
654354
510830
222193
411047
225646
538358
406196
456484
201512
404474
456566
351090
259472
409351
542452
198352
395122
446281
247069
344052
334988
306395
435936
271237
264593
472943
1119325
514334
568030
677725
436950
328274
729375
467952
509060
205929
481478
225353
490334
230981
650857
313191
402523
408363
377532
301272
408757
275654
411021
248832
258128
425284
273937
413451
340635
350183
290802
416259
275957
406683
252175
514463
258213
505342
519306
534316
434816
240592
369966
485922
293893
733188
248119
380983
380251
371830
409560
347954
363937
378668
241159
465600
454753
319700
318243
459151
568171
391593
391257
414732
340599
273816
252669
328420
548528
275850
384197
615489
402458
429540
339801
395857
289497
322918
375117
318263
375431
238299
549118
236832
653540
522357
561092
296559
234306
350355
508480
428855
382588
298133
334062
338671
474110
336945
469206
353061
467866
310925
407042
725715
321055
555666
405145
418432
349780
583496
291562
253378
273828
330293
627077
333602
655481
284210
527736
497249
691089
643941
360958
530693
244752
590877
405327
383765
425452
626648
234404
655058
490997
410015
557724
656330
346828
526964
634141
575628
500777
498088
250613
630480
427201
744859
234709
393280
707627
746554
281240
552048
484720
487022
552271
310973
207051
583395
598510
250762
554449
521157
19506422
17390338
15419786
13344114
11222019
9142660
7161439
11385299
9300007
7239346
5192122
3079929
1761485
3320154
1202035
2145321
2002254
274008
1533435
946574
681305
1848552
1454646
1374092
1663688
1599953
758186
1437968
1297280
1162239
686019
920089
333893
657771
1942995
1736326
1842134
603585
614742
1009336
1334484
364344
1279341
603920
259709
1198927
354640
885282
808805
868349
649269
1003702
1437317
414377
399192
248279
877405
990819
1018822
527378
690201
469865
338619
227512
275606
232380
202752
274993
276527
286466
203174
209542
284004
234034
250534
216257
220445
242289
231322
205825
272689
223286
262322
221231
372479
332098
391426
291989
247939
325869
358221
393096
221079
375944
395016
455594
299894
326852
284871
222184
375439
316662
303796
235811
248133
279057
201110
365186
339105
224636
329685
403211
376360
226224
385308
191038
239499
296190
346794
371137
299495
248864
368219
439333
378307
386953
253373
352694
413400
363465
290066
316186
442340
246851
231036
435392
301715
370986
265062
235644
303239
343593
240641
263918
399576
388208
229664
291800
457224
325658
375734
340770
259105
231081
279177
263107
223630
227709
365434
244485
227906
398170
226526
284414
353978
253981
304574
322297
339567
265865
350791
252802
253805
248582
219494
321743
252561
282459
232417
384279
346465
360183
287568
334739
333585
302917
310501
314354
422883
340016
280993
271470
322954
289711
257563
281124
319028
327217
415786
366195
216584
322071
211460
330972
278146
318803
301142
309857
227943
247510
332261
225147
216769
258290
233397
246504
216115
346907
298122
290048
242746
262443
375817
356327
352229
305934
459442
231724
358042
292786
280571
337482
321198
246052
393300
310287
265862
349434
357351
359240
331194
307268
360377
213521
329801
223910
359233
211939
219478
267655
225377
301027
286081
285850
301972
330644
249330
294266
228747
223099
230427
280224
201129
321295
259977
279305
220228
213972
223274
267856
224240
249508
235828
234607
252560
206922
317780
233887
213150
263702
288100
235271
226683
276051
218376
252010
240941
231959
244473
274369
250574
238932
220908
218342
337936
218439
270681
294027
250431
232917
269707
233086
228023
223107
270368
250379
270676
213737
267449
338262
274269
246661
308633
240068
210085
213421
288903
215733
212307
193067
311594
249243
218518
255077
265725
270346
244591
245049
333557
328039
305327
291565
325376
319848
253646
294025
261523
328851
422460
267937
398314
377510
212263
389955
321171
352915
329645
304821
426115
371643
369404
465430
450933
504920
421620
281441
312413
480964
379144
534185
378733
299687
366074
389556
474263
471707
403865
378149
438913
489778
450005
453763
400114
261645
449505
483188
426311
521480
570625
227949
395642
555201
523021
493183
382248
299351
547160
283480
475914
342414
362325
303147
529825
521859
465593
328427
467709
387463
425512
345299
587586
304600
609047
387089
303924
515475
514155
321596
289991
342416
365843
510681
496866
486409
638310
564309
512861
608149
531137
622430
540168
557354
494315
618978
525420
477076
587779
273869
528742
258292
561550
317017
253157
404387
616807
825301
732501
644811
648970
738543
556479
701748
657824
540211
771649
613959
717265
635512
724190
600424
620475
689800
638080
475203
296292
545053
676527
707132
668694
706222
630803
253512
644112
350881
746415
814281
800180
638935
657478
706594
608981
687401
658232
531106
686457
822784
607404
785565
830390
756135
578305
809381
761689
615147
600896
519923
811013
542734
710280
642649
678856
757232
782593
483400
737472
578475
654719
582186
595469
690788
576250
569558
462415
596767
686332
684075
610520
476518
504406
554082
608263
667700
541203
276482
582504
527951
632370
626408
476355
537511
582444
385459
763738
354720
523562
515138
488374
607976
594537
469554
561565
681519
520203
291337
675379
725360
518497
279327
682389
663209
600058
708113
523827
720059
566558
694945
300373
766280
657042
632603
649546
669686
676008
662034
596903
705190
592807
877447
14716592
12607491
10615932
8582803
6468433
4464795
8876530
6762173
4746485
2763062
3892584
1771650
2011366
2146283
1270691
2092314
558261
732393
1001998
1473673
1280604
1184177
1237206
546719
1378615
530086
1038610
471616
1285194
909135
601137
901078
773620
269570
1566925
1445162
1297911
1511594
1525952
579206
985601
431797
267829
1179066
1114562
1074657
978809
1223896
1109484
1038277
1342278
1695176
693681
557989
690375
1335291
1332219
1339787
644556
723313
442182
916809
713070
649896
576554
692699
685336
744331
562234
759852
709857
512395
770035
613916
566171
584555
632480
716122
585267
530147
481317
725601
515276
621150
503364
646955
566848
633523
578708
520613
633226
697456
281561
696456
604805
610488
233767
547985
647943
663980
339379
757123
585830
646414
604155
423765
556409
678625
385831
525879
475729
307778
577368
405508
332281
480456
636420
381083
471021
634473
646828
504051
478887
573290
544166
650333
533099
751523
753521
360545
690520
688646
242552
782973
767159
579109
666324
260901
427807
595401
862568
661936
604971
344856
617950
562931
286975
592240
655149
429004
638334
673771
794502
568261
673668
789764
579085
712863
617019
637734
679648
644757
220773
527741
526711
656023
651992
319733
651427
601788
600909
535502
622560
372761
300552
598108
781344
626118
634176
255656
533586
743826
537130
677074
603512
494793
649541
622815
535136
290932
399027
593064
633815
561522
267185
485408
380419
629014
527475
268515
647469
529188
663303
365901
611523
311978
489666
573692
411786
585045
590118
618905
607455
537294
364401
637025
501971
593249
391091
556717
532967
542199
554694
483734
393667
555069
543957
424052
451598
430993
654703
474239
394264
552826
649006
498034
231003
250410
494227
261739
542995
504432
548242
441174
390649
651916
589078
503847
447200
536538
486610
480204
466331
553250
427688
524259
677359
456707
326317
365785
572582
384508
443043
429304
461382
478463
510166
375108
664223
683134
772190
716112
529391
744995
696952
257386
396746
552955
657016
605155
595253
538154
673477
459332
551408
598827
514923
347996
589020
803052
827681
571081
550244
578172
595104
678335
654409
660731
507034
779706
690945
666629
419177
725530
329426
692656
701728
817373
825312
659309
655259
747400
369913
702307
454208
270475
380768
718573
704212
516809
611506
555526
610215
330716
735950
332920
412607
810131
761205
470528
615068
822995
443373
684027
536062
536266
768513
521614
694418
641534
555626
669920
525995
491868
585327
471821
539137
630672
550417
783615
409993
316104
635322
601019
510413
523745
831827
523860
901961
306958
723042
798984
664852
352484
700013
361449
758452
375756
716923
682391
699253
765778
617355
596840
602865
607107
530790
615107
581783
693327
645782
605897
782527
702804
739676
596718
527993
634711
547901
499365
592393
736954
562118
672948
731951
706909
675348
681018
794437
616205
603736
612875
640673
637789
386388
647538
608473
604462
707524
638563
626290
461570
690952
629207
653424
775707
695341
396361
538403
643724
757328
743958
579102
547524
552445
606094
538208
667333
667206
639680
669456
416554
730711
626198
643748
308986
816165
565170
840221
702185
412574
387948
724043
733585
743703
726300
322450
253720
740179
747891
770559
495411
262602
586888
712999
596767
445000
653610
507560
777672
846468
557093
330157
818367
471153
828538
732914
682387
718061
822673
791969
365125
908007
769338
770372
251174
712761
668002
689061
751934
320884
702431
697689
683103
647981
694512
608816
633487
627345
693235
592980
746359
565479
687000
771885
733054
522066
810896
527347
442023
572330
287003
368014
711746
721278
681090
666534
657698
304390
774042
611059
643056
606768
652534
735643
712623
652615
557673
633641
571483
635342
723797
363862
602703
451186
574205
614849
552356
710351
676613
462017
614644
764370
520132
251631
289922
832906
248243
650961
694168
334464
481372
772791
827643
755054
729633
672554
718189
422702
547331
308243
422192
469679
409443
485631
438111
612976
17022815
14908043
12939321
10915790
8880468
6813896
4773618
2659041
10520236
8403121
6419067
4406525
2322688
2832396
708745
1473931
443543
1475445
1271538
1287121
1223423
1040669
821093
629880
1376248
867442
1228764
1155565
608292
598842
813382
1254931
1363722
1222970
1219926
1243388
619407
1233861
613106
1302626
1323122
654616
355376
1994597
560133
1120782
1336041
1467791
1395834
1258040
1166882
1117875
1126546
648925
371341
294128
1551310
1511705
1182336
668930
1149205
821762
1040021
551672
686330
770208
791347
734489
807816
316002
841390
622547
549167
634243
513329
535009
572925
646725
360972
580401
439632
872917
642434
570894
807103
655367
817717
485198
553502
916961
715605
818679
550994
408426
753626
290299
622877
939363
810673
852791
661181
736801
909683
328373
564463
882828
839432
924733
752222
799438
467647
840045
626068
287360
764558
794309
681985
892409
624630
728864
744964
489760
656366
687505
636876
672213
793203
715419
816781
325205
453071
538872
755428
626844
745747
611271
297464
672376
610065
539826
555486
243025
706228
626921
683330
605960
819963
496521
771539
794321
724922
549088
296992
703079
585262
443440
337110
618062
689100
302838
644158
331049
656700
582766
451762
252575
674163
678838
841795
808402
880679
817095
593138
791663
793026
733492
815644
593018
709433
782783
623022
611055
578500
749514
646667
592020
750220
803778
815403
691879
740397
446154
546972
657271
751710
725574
638016
634463
676157
294150
713222
387364
419228
679555
478734
600132
692638
743221
728184
667438
456500
668620
544001
610157
739231
396361
357303
750469
664160
505355
703024
698606
556739
691752
545123
695678
372690
647324
399616
493844
416719
384244
723509
667635
701405
498251
738126
661122
623441
541690
629344
550877
369995
620897
659918
522939
665270
475675
553183
539454
658890
603220
694266
689944
432708
572915
300538
602954
275997
578580
347304
664601
621935
536442
598360
726104
480564
604915
814688
481789
547321
620189
573514
672174
597919
635320
609329
391255
647873
740293
614542
382308
655899
291279
581795
748401
695775
592477
682383
779628
302835
533947
893167
742285
619632
600705
731451
633327
754836
671360
766703
753604
731947
764279
806275
593983
461914
442742
240126
597530
273673
614710
835203
446663
657948
773583
498888
370644
603517
603753
566768
684665
860179
833376
432471
245821
708062
783834
510507
675953
830386
327112
673909
843338
812716
799079
666214
515586
708844
249792
477548
291577
505559
561600
436425
681208
322392
507692
663847
863036
344450
836921
790648
564238
309862
533311
311129
694771
620422
280228
354204
797980
732539
733820
451649
761338
603547
363416
711845
644190
764435
644746
727428
289053
421550
272838
552870
745830
623321
580095
684674
858249
268872
542865
341165
383117
330519
917026
930539
857856
844689
280938
607647
949162
410420
928601
513454
601277
822365
891349
273908
962349
742223
794809
735698
725126
614268
969598
958533
551878
788034
653519
736370
831960
961941
871215
724959
732952
376288
747973
619310
714861
848182
283971
772326
585352
281095
534855
642448
542703
596412
350602
732842
417806
805115
451453
612303
593035
441821
908880
873507
1030494
734253
525764
377383
982992
696379
938252
937153
915346
843450
720627
1061493
965006
1018569
631117
658800
989677
835916
414558
917593
527144
953158
763225
804287
783853
667087
576925
833402
1044984
682075
427724
788220
1007270
944732
1074015
778373
895508
961364
757783
878190
825856
823188
1134411
730852
856105
851671
1015974
562805
612069
881746
826998
820067
908624
1022381
834550
608049
1010520
720057
1102302
621317
896414
802193
743661
984383
904812
740795
995930
1024527
689482
1004308
829381
1076005
914698
705152
432848
774714
855725
990813
800800
401105
676372
734940
472460
1040863
802979
557487
953231
487477
787520
265756
845212
1065526
999921
276601
772249
848356
497784
880179
490222
681561
1062652
338081
662981
699060
406438
566289
596823
629849
493197
396908
1006966
423167
646449
350633
828235
1047335
20572012
18455737
16587448
14555654
12442055
10379879
8312604
6198950
7813979
5709523
3722725
4648425
2568380
1542016
1409010
883896
1995389
1766014
347200
394921
785692
812595
550983
1633146
1184942
716110
1622521
1046665
1418081
1535585
1256074
941441
1341117
1131510
1349728
1781950
2028935
562914
1055029
1163136
1095536
1300963
1642548
2194273
1970980
1685268
999721
321950
390931
657878
540683
1805170
1278322
1255396
1487750
1272388
1180397
1182468
898812
841617
312733
968801
920514
543573
342326
719633
527659
726460
748984
622340
870625
674037
653845
362505
645648
475467
314564
837580
796745
425893
407014
624371
575736
256064
224114
623127
636773
604464
1100825
837163
840204
561816
633141
783236
236899
913774
1145331
982313
635501
666828
641059
486995
901429
735314
744874
725494
931984
801851
702610
554721
659425
657339
633896
642963
725527
906290
621537
593210
855489
1011417
244061
260114
267739
777821
475301
675278
870731
641894
570246
388126
937748
694598
273348
865753
354917
330985
977534
507880
752878
278475
917754
530756
747903
452872
770253
767590
533090
863600
714811
490254
529855
513040
470318
770678
606820
313860
1012587
775344
830227
748950
688793
644913
1008143
257833
785105
924950
594782
700141
602755
888157
868453
697733
758649
738673
459797
462556
917614
681406
976202
872337
598524
709335
574043
587342
857263
656349
475366
235990
604831
704106
713352
685059
537926
760533
433082
810235
614180
483238
979864
241918
875210
759961
663220
792015
679690
744274
290686
529845
901136
803017
479030
626225
636213
1038752
807666
578170
632869
715001
603972
790719
737319
297468
841010
480006
554098
744142
605486
953766
403003
811478
865921
319973
865906
724548
679156
299171
566906
672349
682933
634869
544604
473015
239783
262448
748484
339028
665666
751534
605633
272620
643920
1039123
617418
547159
535831
657845
598572
441272
637611
372549
316882
264427
291634
886097
530698
449593
372798
451842
302527
234397
293260
722165
550862
584023
870269
321228
419710
649514
655503
377644
567098
771950
443992
437556
495045
602250
478264
393998
583106
488784
367213
790373
353590
720970
453050
376672
672115
307162
750954
417887
583128
374313
240404
405656
683096
846124
358990
709321
699909
486739
261183
756616
625252
469266
579329
510096
492746
565595
1001686
554288
300388
603309
975656
482161
517456
739104
514276
437442
677851
736862
728238
791708
837908
503833
711991
564654
656153
565164
911639
489786
979960
824662
721562
578065
988612
922873
374538
902062
694237
396664
698729
732138
871687
249420
956279
618533
962022
834863
1047671
998322
809992
873319
515247
547688
1117040
995319
752964
817091
1077148
803897
372071
1052530
1011642
931527
548942
603702
602435
241337
1003720
907561
495984
944092
570539
857596
1124283
1047950
1127676
938081
815401
317442
869620
979073
878402
808044
704263
315408
350221
260037
1049824
1040717
772296
755319
1082026
534029
480589
1048308
557532
966821
489496
876806
966690
1079870
454836
491456
949526
682862
309904
386384
1098156
630610
744029
722840
575530
1109925
928929
617752
291615
604254
389260
718875
595358
662987
1047463
873898
724752
749047
917777
498648
673079
888614
1049672
526114
444266
959411
1074756
774217
651009
906382
1021902
724686
989378
655328
878864
1040268
348199
1004234
943575
844661
310128
732754
1130392
685694
784340
570056
1171673
926998
286261
390086
331146
1178415
856869
1055930
662096
1019876
473097
1046311
505146
636100
960390
503757
931005
483412
668672
627851
953720
330738
1015267
340875
649416
545144
758790
999377
477615
1628986
805837
847834
950580
277143
576513
899093
782012
964295
285128
787048
875408
1213260
433502
1026218
920549
631410
1204742
634752
545174
833468
645215
585003
1122644
946451
958915
1026267
850390
574350
711023
1186250
361035
804815
1210160
1108264
360626
887810
561236
1129172
1054587
615980
894640
735079
867263
396590
1041105
985049
894603
994571
1051007
1025266
533199
867742
774632
441192
974742
513165
836918
936374
917210
445572
1043518
1068353
312100
19360450
17251305
15264848
13311648
11213679
9206540
7334166
5219009
8815740
6720485
4761259
2779595
5369540
3259226
1309546
2108549
890727
1242139
719001
1214836
1813746
1204026
978370
1186252
287451
1481630
1464077
1344075
1516617
1552366
1710058
2042999
1975979
2182087
2079056
2008467
1847180
2256598
1905419
1725271
1948860
2081644
1635355
1830636
523176
1800498
1108232
315682
747518
993525
1114028
1397126
1868470
1367650
1172749
1410705
883427
1767759
553462
1546472
1549233
1091336
1371312
1161284
544036
998712
1134566
817577
1111709
303313
708060
558470
442747
1201702
672802
657735
469004
759667
846763
451911
656885
412974
1078945
402100
462569
323657
446746
1356058
1127815
731208
765511
1012407
957941
266086
1033921
652299
670054
450668
266016
913949
339724
322264
651646
798332
762286
521244
419700
703921
406176
506507
525726
505049
589242
609169
220943
429411
905789
956278
764774
653987
512793
692873
459690
272901
721063
337607
391133
623351
635678
514035
504404
228552
810368
356906
232842
374813
248420
568287
601296
692970
790971
475141
1074939
539052
566976
458421
247922
593542
380691
535420
388328
664813
635072
607674
484371
365316
617011
503685
503428
572866
629420
305540
534706
528953
557455
466132
497902
496278
523821
536957
601962
587269
272782
444050
584060
437752
540698
587611
656973
546349
551050
609720
404134
607020
569383
590254
502633
450187
318011
403443
712600
475849
490219
471927
623375
556408
531463
509481
470264
465188
326311
466902
331627
553393
448375
374354
297164
224330
420385
311105
590070
263457
518039
283412
647391
242086
505630
541869
449891
576838
650424
623012
649351
668239
251000
644746
405601
703963
434150
477382
449837
309485
607635
240001
487885
604730
729346
508810
598365
582575
422327
433890
573886
361222
720281
421791
635914
325620
387454
425139
375594
618334
506114
545620
573700
536723
486122
394935
582277
268684
539380
809151
536126
597782
483297
525103
721145
484157
251059
678234
556958
648326
613762
568088
429366
225191
526533
560199
988217
920584
467706
695248
812575
601329
350071
499856
344117
487231
665731
606036
760932
630268
390217
715738
620937
478918
515570
315523
890992
511471
670230
489525
762076
699559
603880
295951
412939
344394
735548
334616
289010
707157
419507
243855
746340
272169
527736
347628
500402
757274
259695
252245
605330
667453
362127
614382
255122
266308
830720
253098
374002
394883
529460
366865
290715
313185
903157
852157
473186
353938
300055
697343
474793
298526
246007
551187
449312
504044
475901
879538
964719
678620
556632
437318
261806
254869
284572
743261
804312
888511
772384
586929
774810
960103
611536
461589
840562
434089
664739
645823
922101
760114
555164
322603
812200
918311
616716
346411
375948
596700
798493
831755
578575
632565
754415
656658
505598
794972
795369
610697
383463
804556
778436
716078
636807
657862
558878
554692
765504
473299
734888
625049
623041
376350
639810
303999
576133
370691
773432
609078
618116
754121
806942
399654
378753
646305
783088
692639
258600
234471
644225
355158
421137
405608
349621
593449
660243
504943
558793
664969
301356
573308
581694
598880
595592
609961
310188
551135
491739
276576
453412
746267
666732
538761
597535
446425
690299
485357
656508
311130
627187
562944
251732
409951
714858
564473
565888
542042
377847
721883
407686
590940
370758
500065
685804
755770
732224
489080
778550
690677
762245
288854
610307
366643
690858
557009
416003
762406
648214
589410
677982
685789
630831
271255
693611
233985
762245
729557
569039
752212
814069
285505
372468
298589
869159
355987
547545
362318
590202
547493
737048
595325
386315
819212
476217
793607
380511
774584
556718
588399
593405
546713
539523
488838
847160
522984
488911
756509
650874
693984
604962
285763
616286
688785
660827
679948
372523
702733
643555
591665
782074
601192
692348
258370
737419
699606
535475
759657
800275
696404
753747
289230
703999
358199
802468
636763
488196
596169
580560
288537
370475
380370
677979
398802
327252
529188
991524
20947847
18829949
16799184
14903252
12829298
11083095
9136201
7020117
5019648
2998670
1640558
4369399
2258054
3024323
955009
1559485
584151
425438
1590393
1546297
1132450
1571500
1291347
1069368
1683670
1282062
1887400
1579353
1151899
1177188
1187400
1776091
1353894
1148333
1701395
1290751
1879763
1223602
1135816
1856143
1965322
1992240
1591300
1531747
1615169
1963564
439525
1133558
1361673
1274131
1451158
1916252
2240620
2090880
1976595
1346305
1364032
1448230
1392546
1466286
1975258
1386461
1387527
1635959
1981566
1084648
1652475
737215
644244
919121
801001
813061
308823
660794
564408
787835
802401
688982
569526
531192
630634
498587
818206
545300
265579
705954
774804
738566
669651
447171
790793
634018
559842
767643
695049
389303
391658
459356
459544
383736
466960
248789
752975
442925
430766
596270
619962
427966
762193
781067
381906
769278
599768
697731
723292
477746
625844
573838
532251
692618
446827
527772
345458
524938
393114
369522
736370
408601
377907
635656
355708
424596
420808
678666
564866
584794
786221
551882
742372
711245
445473
592473
917621
734218
874939
771034
854848
562788
913942
761523
358309
492559
464672
398152
873494
636153
874693
613245
894035
594462
591516
655105
897489
810137
282795
415786
443920
243098
628579
660068
572322
573699
628452
756525
543025
670403
735747
304460
435645
821243
617197
762011
868726
898844
533164
775521
398194
964111
590091
247693
342999
574833
935602
708644
801083
718658
745589
847000
463303
1015302
812214
753497
646459
293815
1072039
386979
569372
1093883
741772
540031
977413
827515
431799
680532
705412
583770
243710
311074
913499
932449
939496
257178
851593
905943
707849
336807
929175
813756
933755
787009
937241
836670
882667
913491
935615
247246
601571
885338
918546
799908
311270
834433
689521
941750
761511
867179
1057647
450835
928666
637960
514407
1003793
895528
362461
720782
435813
679812
726019
788053
765128
689491
810284
312754
323438
280210
898464
952841
618144
997290
1026425
1027195
942150
760089
799088
927828
524757
871522
804055
671074
665691
460082
912449
822156
886754
846284
821380
1020569
485400
927730
663306
991535
735485
886151
658500
580946
358827
1106528
514961
589192
657049
812384
349479
1124424
531734
936324
875803
823616
881637
642868
965654
611537
782942
1079569
842042
850611
294432
1027470
554764
691333
263417
717076
485107
1109645
530306
280514
536686
325843
334384
414009
452749
492468
812660
849881
768402
659806
840317
617600
574912
377548
573981
482533
429818
621664
483393
641327
384472
626464
693806
465073
513032
773869
464525
915238
511713
255212
636186
684362
765023
728408
719109
902962
786288
247469
435651
928741
537423
426084
812099
379202
410670
715512
953223
831044
485836
748105
293726
709011
442234
511643
303366
825879
893617
311680
1106941
487146
749506
487095
802417
711679
667875
723865
617445
531100
898440
279590
1133090
792867
604975
630665
819564
813003
676848
678112
912356
836069
916162
1058186
880009
694010
714928
959224
1020592
689107
749325
999120
792581
530325
878060
832674
882365
1054795
846727
763971
695056
909340
316035
1116890
814820
716264
779661
248338
546766
646284
919024
630818
492694
1124348
253906
480245
641848
1022259
423468
352818
799352
1034086
469715
402806
801691
962384
733855
338940
805674
772226
555951
974017
519585
977364
263922
718357
624002
274911
522331
903687
697829
593952
683068
249412
305342
587410
872293
814692
849292
856576
625927
943435
979201
832170
500485
698175
903739
533961
840669
659996
638049
602933
939218
719108
944024
481241
550577
281404
337844
388866
920125
929831
429350
805485
396989
491814
282555
580055
669947
810990
1028154
807808
865823
597386
925447
472174
328703
869006
743066
279226
502155
839486
397078
1023389
449726
912766
723184
598675
647493
948988
831916
728256
476934
602044
477193
787451
651968
520873
427821
497790
488544
803837
554291
1050689
659827
724060
437337
599767
850882
1141776
663828
563505
957950
1178142
464694
872046
567239
331385
996093
503621
667333
614515
760459
601135
19128194
17009072
15141135
13112342
11020819
9026483
7012578
4896374
6647488
4531695
2552381
5386957
3253093
1240187
1964770
1125495
363805
414799
2011977
1441247
1263978
1419250
1626806
1349101
1927005
430783
824250
437397
260879
2307106
2267156
284106
2199880
1620541
1289324
1698898
546682
455487
1297919
454021
317987
776111
865115
1006662
1538986
1488354
1879413
1406373
1698319
1378328
1166120
318508
1099490
772282
753731
549573
684014
982869
542253
892788
558863
1206285
509762
921269
1169526
957692
1060784
553131
1011485
847597
267026
1105187
612969
1064569
1069562
316324
635872
704961
778321
788383
525920
1105166
766556
655698
483982
410582
655133
758349
775358
713671
533313
716746
589119
246374
707585
1351264
875679
278414
1049990
305116
263303
853739
751522
710926
900128
701272
617549
898993
673456
828429
568676
1330042
823649
261686
706347
1070963
606432
576581
555011
972924
875590
997711
308569
522848
561226
784050
684795
762978
298116
924287
792661
614116
568078
599196
1168671
730671
1211523
600678
844171
907870
826456
967602
344696
606878
273121
621992
495675
748507
456372
1176350
487661
233925
621305
972370
885171
867593
521690
436811
894482
304416
1125570
727236
758446
637845
481789
961069
870732
664554
863782
872373
1003634
475423
594830
506432
1038665
702260
876406
805317
575009
528114
699024
1082745
278716
470901
795111
844983
460962
848840
899190
811551
950172
760204
732421
894412
645665
758536
881197
686574
666277
397336
816655
941539
815088
997808
452613
777455
626810
543985
945832
936117
981193
595633
737866
804316
272846
628810
693416
1141450
768418
667365
996303
880434
1041669
817254
758414
255659
636223
845466
438240
844999
794840
866445
976736
700395
791327
1138335
1055909
842286
1051039
950224
766047
966847
444030
792234
1059516
896636
854431
686257
426600
757035
398944
862106
966998
863266
805401
274431
961534
923108
841282
990842
862436
380052
796419
338205
677267
819549
957734
656260
1040006
782934
926538
554457
929657
980010
646568
551660
680873
919891
770814
241879
900561
1392482
1117031
1106923
745642
636604
821016
834942
1025489
562190
1000056
1136761
957065
602344
1026885
1013613
867127
895693
702528
890019
657243
1104454
992656
262991
1131656
1143316
555138
714180
774273
596769
966922
943252
1242563
262067
773089
674052
1194691
368258
292697
799706
227424
773799
1140032
591520
498056
1029825
341785
1097594
1114480
450827
672240
1301724
1246704
321687
516327
364065
353808
715609
645327
266617
1232551
715173
1169552
716523
809601
384046
494964
317159
698405
784822
636593
428438
275979
993603
983750
553824
321395
746578
759682
827767
751737
606527
626508
794284
744418
552395
584201
1001514
763687
922819
1210570
372823
976146
1082485
867061
1267408
458981
483192
659035
482790
627260
386854
783535
693874
710728
540400
927501
820701
899341
362990
808682
730517
978741
518544
631107
239363
469756
988355
295555
1046372
287609
1041649
473680
1113999
1062353
1281884
1394609
1498629
487005
1102915
671377
777540
499148
662882
1007053
1177127
789992
1302363
1080276
854058
1236510
681886
676881
308257
772692
1223645
1434433
1349213
659514
535807
297243
546241
427318
1242458
1335059
862511
974808
661353
896639
758965
923540
988881
465821
1297089
262710
776808
356085
736816
616999
355328
838108
301515
1413113
501529
391554
1160464
1089918
710885
250283
849876
1103141
419017
908321
896865
432080
254808
680277
1025291
384124
435842
1021215
782318
454338
576811
932640
582123
509492
395506
491473
941035
257473
558080
619485
412352
471913
551576
833132
574520
474275
686229
802677
240205
1053682
495038
734945
657698
612819
818875
399165
955757
706987
598234
942876
286436
840244
709806
488752
484502
1091140
473957
770789
318234
526301
911196
828957
423792
309601
775896
669199
378754
823160
815748
1050470
920484
653949
1298382
939298
786734
777184
1287159
565317
724108
753439
903333
1313104
930156
1169741
1215281
939146
620634
542828
766367
639858
474208
930281
1272767
762173
936641
1187623
492369
505856
521514
1459250
286534
805695
452872
1278023
345875
18345002
16230659
14209135
12196135
10081773
8058306
6117870
3992388
8083002
5968996
3956592
1927815
1954924
2185199
1759490
1646685
2774964
661027
2618381
527642
398604
1822774
1600536
1960412
822162
1297454
460131
299741
2151486
309621
2454746
358301
1478093
2292561
718455
1225713
929008
1819261
2151918
1796701
1920846
340050
2130981
2056218
743959
1928147
2151099
1772840
1715521
2128040
536849
467860
1767518
1702602
749122
964797
1025076
762441
1066834
499082
929936
249769
853347
613501
718280
1037039
928836
1081477
283547
531970
588380
847129
363498
396143
568690
371699
617941
462366
1128803
1143611
919094
936228
454061
1036543
1019011
1101825
619941
884707
976187
528485
776245
1242240
943499
848878
1047226
660033
671078
519104
1048667
940799
611576
960154
1113301
1072128
669422
519388
270584
716457
262262
1115161
988884
813928
604455
662338
870222
1001070
1020508
1018951
1115972
811201
576518
390651
574357
964927
931059
1016672
757437
990641
338060
740999
839161
775245
460746
463073
418970
802159
903487
823716
644268
1037049
592964
291808
895182
824292
679681
609689
774627
730389
899519
1068271
872247
255838
663640
1023837
907131
778798
1094534
624710
826431
742106
919192
783237
618884
469221
905819
1129518
644204
279044
832477
608557
1018579
382577
1081688
727826
964162
585196
358037
729692
889388
702955
579812
684597
1089780
691328
446116
406000
804337
784511
640963
746317
841991
965492
774775
360262
777424
887944
729430
807107
719735
473366
826665
429613
980672
888945
322570
914095
757580
852812
933537
614227
958041
833605
823647
541989
668993
1091699
824172
732725
806463
698788
617703
525550
573569
600302
1145853
762810
720207
623134
1055317
735235
1100538
612525
904677
554297
485972
431571
1175312
1050489
756035
997979
1089592
1056187
1042596
317285
1162196
1172467
934684
888134
560990
814651
727211
792877
970764
648378
822278
1106461
863911
304859
578100
674406
710359
754184
872465
972829
646380
240941
1032854
412978
233294
982410
498746
743938
569192
512019
691780
1084996
690453
500225
810021
500375
650644
618083
813535
636963
813784
1040024
1079343
1117360
777975
636939
491569
688485
307199
454890
625904
226749
769254
671502
393789
521367
742537
964076
338247
615209
803400
526780
489608
269497
998098
1239289
412820
218676
621234
514152
483183
467145
299863
857677
264662
773543
702612
453469
480399
477918
753616
658453
918106
308633
1159651
754256
544878
280121
455947
352173
432926
801679
293685
959492
638269
1069100
545926
985678
376398
670016
642117
606949
912247
579475
607539
977755
909678
870875
589146
498154
492534
564754
434496
606385
776896
646460
593365
482925
529360
559872
584062
986906
472201
911863
931029
618433
243855
1103727
1048150
604815
369674
1091758
609003
664949
405916
252442
965689
843490
604536
886977
482615
688289
605058
332188
602101
567223
717040
979488
372988
779803
229022
474418
845325
431464
811508
443571
355216
572307
276696
527809
507987
664529
720111
463445
474063
886234
639942
570349
674339
342777
271251
273774
238546
443796
579243
424147
290823
270519
422836
732491
435309
613651
488885
399416
445297
483594
250733
275494
297531
291519
254458
372699
256204
279522
467743
217176
489426
329845
264079
252166
340955
240378
248588
325958
244329
261243
296575
345902
313505
295812
305530
287272
317852
273621
267353
253797
273709
246740
253848
236053
251131
278458
316692
313999
347973
303975
358180
245489
351974
262623
353682
273595
244698
314106
238342
308314
257342
260420
237451
295948
333928
240387
385984
323743
338221
266417
332156
244035
324556
212552
255591
298537
388530
449060
296442
267822
213247
307271
270497
274778
262632
397821
246786
315245
375967
285063
378326
297549
240906
330645
271669
311269
297997
394744
273629
238628
223067
304029
296553
464985
278328
297425
291748
327910
291768
311012
292181
283127
285590
266734
297904
293757
362075
361851
297200
443073
421533
377638
398965
332701
342436
278945
428236
285768
249964
470513
230836
230757
242439
347731
319812
393922
367132
464829
15167506
13051905
11026342
8988065
6865610
4849024
2809740
9934086
7815939
5865476
3854810
1740072
3361520
1269589
1537450
1029767
778294
1829374
511063
274014
567449
958525
1441810
588315
790249
1085479
1330586
312244
268504
856898
975806
730531
1156047
825562
958540
431956
2154487
1684104
619606
1778494
1249292
665560
319969
1984415
2184367
1996001
1054289
1313670
1500271
265092
531795
513629
244973
294144
1085823
329559
262642
234091
298344
275254
293051
299332
250518
224516
292824
301931
318224
298194
247858
312593
385063
358804
296021
349178
248332
242989
257386
245045
273814
251869
210790
320316
249971
267728
234155
327037
343912
262441
301131
239997
305737
298889
439129
468199
350050
356305
365599
404142
348302
237632
230699
443504
291917
265175
275460
276891
251668
406618
498660
332853
359378
240610
279750
341904
298864
242238
394864
283954
521366
312753
234534
241191
344740
269257
276601
308281
253756
296629
430240
231013
220417
231167
257631
243110
260139
350577
299408
278367
255612
342127
311300
239768
235797
244252
253022
253278
333360
241198
230075
289893
236084
344915
235707
227035
247199
229730
288871
234014
244115
217055
216010
227381
357827
217931
201626
289408
314979
244913
241588
322247
238346
248139
238899
276785
225817
203564
240568
226153
255280
241940
245238
381111
251734
354585
403433
225684
361468
337553
317571
235400
339332
367061
421283
343284
319920
268603
528290
371519
417797
397358
286528
252972
394346
427543
350121
441235
455167
375021
309834
351907
258594
310259
324056
317133
314690
332265
347387
343821
212185
247874
400216
311779
236720
267016
246805
238597
234954
224267
313068
307322
281395
329204
236404
399365
316894
250177
296400
210547
250272
290299
385846
240082
215467
205524
204407
555704
434173
520311
280797
218297
292591
284244
310006
252519
400724
384289
215027
346628
240082
209806
299273
312853
397885
321642
319940
278885
320848
264244
227126
276844
242028
225315
244781
241839
235607
248855
225188
234079
239095
228925
270429
260306
227057
215448
211374
228124
260291
260513
242235
226136
253195
237152
230883
204490
226976
226279
224484
254913
276273
218194
219166
226400
235683
234672
286433
250337
222248
255941
336955
213648
217255
226726
216581
214035
221071
215238
298069
245850
415261
244565
237104
213922
300464
223726
239211
241992
214717
293921
233227
241190
235784
228163
271772
213206
228812
277557
278863
242168
335659
243642
246390
234832
214687
232648
224655
226557
201605
201826
234357
304237
422959
258876
285178
206223
243183
603580
506227
251176
252740
240698
242839
216201
237357
244687
238499
232666
281526
335946
223232
209614
285345
252194
365373
395953
219135
260835
277478
236663
288374
249353
307349
201065
244785
333843
245632
251823
246063
387359
300974
258816
193978
251880
231182
263750
237594
245855
222148
248307
226726
332231
322526
217165
311001
241211
412729
285656
406416
230428
328145
327971
226196
406146
365365
237748
733102
360293
267676
431425
316067
394427
402745
539512
247353
299117
506435
457954
474968
548699
414686
431960
635424
263134
534048
572592
618603
445860
296478
406776
408339
494799
234743
592034
530465
335025
646167
315323
468810
508825
420520
383612
404206
603771
612520
546715
532966
299730
346146
294009
274513
386132
213417
292217
338119
558221
404129
224722
575520
655688
293550
698920
705241
604660
411360
519910
225983
438202
423590
642047
915217
417276
442039
202737
304304
505132
608959
572020
386146
572606
553203
657027
739882
479497
521533
480202
603309
772073
548529
394829
351354
554723
511005
617792
360970
622089
766060
595206
224922
591550
415327
395705
316110
596675
525620
400711
296771
721634
369640
342778
292262
374254
418352
234307
661635
777836
491219
365016
330407
215152
510241
518354
394216
266217
371365
388259
374989
485606
594440
385902
413441
516358
642963
540236
524939
240123
293738
322813
776817
458252
513679
745796
377671
476879
374403
528422
477434
446470
21394087
19279242
17265311
15219821
13113756
11098451
9079698
6974350
4960794
6119663
4003067
6766339
4648111
2580751
1544460
1983956
1118510
1886841
1104756
1645236
1373193
878171
794256
615983
570668
473358
854007
997341
1860351
1405321
853853
555492
481982
548576
1019324
1512446
705044
1197671
714074
2018277
1109925
616865
1934412
1181936
2189550
515408
696295
373196
410705
1582984
433401
640580
790709
496955
417231
379467
866918
577568
600454
347673
592206
826732
310068
474436
396015
464462
663677
502269
594919
658476
679715
588980
310512
456247
596722
271014
321796
516140
863077
721443
618855
587171
531319
600756
281677
748752
601042
356517
631162
403939
695069
613745
887345
647442
566419
774365
281869
444829
1026950
274962
673874
227697
289269
842686
584014
330196
1046525
832349
281367
582921
730214
224422
740470
984030
741678
987097
556242
426130
822004
736100
576256
685442
632980
717770
977695
560317
408059
584068
970361
572269
756909
603122
588451
940921
984405
1096923
742532
808936
702604
664126
809090
814001
788284
821860
249191
858634
616403
547343
252804
948379
444716
379249
291264
981266
854298
834431
523656
252630
807392
617682
668772
417435
535273
735217
469955
866986
573881
916753
453289
573587
540137
594103
477058
322839
684146
393622
635403
764648
516181
599255
737300
532108
477396
597956
746023
699454
875465
674222
576217
842239
805905
401880
412158
464417
311956
717209
823640
537138
503492
1073607
317324
514567
907870
240333
554296
695261
412191
655432
742761
639962
601739
519404
668342
847925
858809
649068
594127
484052
651843
681009
704264
439796
344562
402035
324291
548137
293470
720353
563065
563867
610656
580293
604313
725737
365224
1047738
699803
615310
477016
578451
288806
808380
366189
346371
251978
503083
459744
421521
382759
759813
717782
357083
453298
242968
574515
688692
390702
436280
358508
503260
586703
513687
321850
430942
422033
532953
337194
459353
678910
239685
464314
424447
577028
343756
671780
810420
281736
809440
833401
821827
735298
371831
1000967
874805
848229
698778
627043
532073
410492
767715
749842
1051174
681807
624660
631617
745407
738791
709133
900464
865944
432451
662707
785219
553416
507918
636377
1048857
416990
1134513
265392
682386
815573
371160
540027
837216
349326
880786
656135
694676
738506
465187
614593
344950
754246
960778
972943
894315
830838
1082525
990192
470168
566906
852800
840336
632004
798753
1141875
877724
968307
891715
349068
821782
1000918
484276
853456
359277
1046628
353378
587096
639401
713923
603148
341378
416303
858680
287460
1023473
714158
268113
797073
967166
293619
1009140
1010171
589925
452488
547191
596960
1035631
245903
552322
619001
849215
937986
871136
788357
831600
1119271
1063756
369429
602492
745958
1160170
319814
911825
584265
1070989
828379
694693
636265
553973
754299
755926
574991
798751
681229
725886
389443
1010838
516671
995112
1075848
941803
922809
258221
874558
1046468
918148
1231802
409818
1134006
484743
642603
956513
732963
273417
1004104
785569
952280
767044
1016726
356402
971920
868777
962202
1242144
801231
323983
1170738
718425
555578
648548
1120658
982123
850959
1146598
552566
935922
581896
748631
763102
281534
511606
1215628
447353
752527
816714
715396
842833
1241234
1075657
1209372
288762
928776
1110517
595935
730772
430005
996912
247419
695691
876619
1018309
503816
982303
893503
264873
273543
595715
535601
608412
477348
394292
301623
575731
567260
246135
450743
907897
526999
634358
1010801
454428
1169854
904600
339192
317200
882150
479835
1302517
625611
916790
821142
813789
231569
403039
517458
2100333
591710
492643
405924
250541
336444
322056
248348
437171
528995
508092
715482
701747
552931
291281
384140
350983
766239
568587
582916
577533
328467
363374
274763
563070
585584
279140
495238
640036
345171
475236
586342
847649
707806
438790
378551
506552
611941
493291
270911
368928
607599
489561
1113973
516445
448305
778134
646146
691705
729227
329746
568288
253267
513912
497562
454499
257622
479604
626848
359862
448424
16558809
14438392
12403221
10345527
8226884
6157871
4105649
9896455
7776951
5775362
3824802
3646869
1524589
3923004
1807931
1547585
1908514
917227
1185616
1079694
838217
1096489
853875
1277029
413895
1700224
632004
1224616
1937116
1316522
299489
670840
427970
405276
511573
778961
827911
430735
530034
904316
911963
758841
665508
1402813
1522177
786782
2300162
2238929
759681
1893836
1320273
578916
721225
264577
448259
414153
262903
216858
515837
709037
213292
373906
395633
270058
736216
417216
345951
720788
295214
746228
544013
588318
605081
237425
441287
347657
471865
406622
220088
571832
339883
268144
399629
368029
343158
351036
324381
346640
222038
238453
243782
240597
276810
273811
313061
257278
369458
250764
245068
229448
399382
280323
411626
457637
406052
322477
332099
398918
372270
315837
398384
411772
305798
269900
310276
315378
323153
280202
266374
296481
291978
301286
273427
269352
297460
352418
314790
317250
291752
322914
296559
336160
336925
