1321691033
12302975
9381838
7207493
4910213
2672452
25188503
22763739
20467158
16821478
14361013
12123316
9962035
28685253
26168939
23871355
21489798
19371990
17368967
15171190
31430329
27824530
15669986
13363428
10673720
25191326
22975135
20796534
18547944
15856206
13510428
10962218
34059563
31141735
28277189
25341425
23222984
20773159
18311199
15817644
13884035
11382064
8518796
38281910
36059433
33813846
31695115
29305061
26690420
19415807
15385446
13043749
10748302
7988051
5484370
56062068
53719236
51538174
41537310
37545667
35457581
33306024
31176896
28781881
26552008
24160218
57926351
43056624
39535392
37420789
31174876
9433210
63469409
61246312
59121628
56928774
54766270
52704953
50505272
48320867
46267890
44134596
42040253
39551958
37201804
35086367
32807386
29733071
27657574
25177569
22936066
20638735
51831065
49700287
47626077
45535463
43387199
41230232
38817044
36679250
34332846
32242293
30041595
27262851
23732517
21026879
18734438
58468319
55931298
53514554
51276723
49070189
46524712
44104302
41831931
39738730
37640103
35485559
33391864
30371637
28096363
25965655
23832812
21143087
91091128
88252160
85373376
83023320
80356702
77773071
75170389
64571983
62086021
60023761
57664780
55459079
53384798
51273505
49109411
46990883
43612042
41066418
98028413
95183832
93167265
90990779
88764841
86689957
84545690
82239539
80042389
77807845
70436011
68012667
65609847
63283729
61005111
58862761
56710633
54550702
52442678
49957287
47831643
45712029
43531211
40682254
38616103
36151082
34113318
74260795
71477786
69166777
65241035
49670261
47549800
45406793
42951632
40399411
38207647
35909146
32957084
30672106
28322025
26095328
23983825
20849772
18452660
16369054
14180354
11806158
9611335
7454896
5262384
80347156
77913746
75897304
73717377
71233515
69230926
67375118
65238572
63190402
60986881
58854162
56496524
54455524
52338566
50121379
47978819
45841681
43718583
41617436
39269278
36989258
34780176
32576582
30259182
28223408
26078862
23997618
21882924
162893890
160765564
158437589
156157568
153476493
150940670
148475834
146344160
144294053
142139132
139833040
137697897
135615234
133498844
131386218
129279015
127074566
124959645
122786151
120670813
118407853
116325348
114071664
112037517
109897643
107718872
105617449
103470745
101311297
99037167
96878476
94471686
92345969
90179523
87833885
85668542
83309422
81235960
79126061
76639503
74428853
72352748
69981140
67717952
65574285
63392379
61282706
59011927
56613779
54059242
51791843
49529293
47324984
44923147
42737051
40290079
38074452
35860678
33777195
31741062
29608991
27489985
25202325
20586642
51485517
49062113
47114379
45055272
42882573
40812671
38674075
36107503
33897643
31828514
29512963
27416081
25372753
23222284
21093929
18945158
16796345
14520399
12418342
10219609
62141454
59878185
57818175
55679275
53617581
51269414
49041327
46837045
44470664
42140130
39891427
37842432
35645821
33560353
31380675
29263313
27196036
24988642
22581060
20452914
18315373
16056528
13723226
51787715
49317120
47243200
45077189
42904573
40506334
38398181
36140904
33612791
31148498
28850445
26522757
24382886
22237615
20204554
18113308
38296990
36064593
34069440
31976954
29779992
27637270
25506600
22843389
20583270
18484369
16194232
14025598
11927750
51553680
49382478
47117568
44818497
42725283
40520667
38484309
36333789
33915280
31795492
29319789
27187912
25009290
22586233
19597226
16064433
13843894
23974436
21837340
19618532
17507324
15236233
13088855
10810883
23270174
21113357
18566154
16479155
14315724
11820735
9700475
7318817
4710118
19637099
17230439
15159112
13015176
10751611
8683930
6557965
4372662
11318096
9037455
6898121
4774684
8374146
6241335
8387928
6224257
4172517
2136773
2545565
5060944
2905826
5397011
3257410
3062093
922646
3149150
952766
365970
833704
1546799
2291993
2362537
366019
933620
1630247
610361
2174893
2438224
267223
1562671
2908840
801082
1914080
586811
784914
2790955
642644
985119
2289624
802268
1174893
1553022
2627178
495814
2003231
308720
476520
328815
1420354
1482954
1941277
684995
510989
984361
1785758
2561063
423451
2036105
520414
986388
1441699
2316364
574751
1668118
2034359
2317665
770364
1717177
2373189
434877
1244182
1552748
1305253
1408013
1335539
1097712
1664545
445561
1022570
1408096
1124956
1601254
1629099
1301514
890793
833069
841485
948722
981745
934355
811645
1639553
1782450
2147467
2687942
542115
2089147
594443
1417114
1199467
769302
1940235
1111467
1651361
392777
932836
821674
582276
1000087
1669560
746756
1553891
712061
790047
869910
1171318
2004757
1112486
1869848
1536449
875436
331876
1883841
1352504
2888694
715793
1392920
1702316
2347698
2787972
641935
3402847
1162386
1008862
1059314
2196917
2702585
553784
1132119
2182859
1508153
1980111
1343115
1419600
2270219
1950638
1489742
987250
1468061
1247611
1688493
1690648
1473130
2376622
1508772
2121942
1529282
1941703
740129
420848
1424738
1641634
1163914
1768205
1055668
1278169
2418741
289087
1415219
1221020
2645057
497097
995784
863616
595108
437203
1010046
1612688
2128206
2318764
408776
2305639
2403648
1751016
2150413
1292049
1946466
2555475
388171
1632361
2288900
752553
1697828
635063
1504449
1957122
2635690
504573
1717833
1819895
1557877
1242740
1363131
1998661
2716015
569194
1423419
676371
878120
932693
1083080
1803228
1905313
1973400
2741214
601847
2043088
2265344
712905
2406722
885539
1702031
2107017
2188872
450833
782796
1399471
882759
258023
399483
298573
293659
214457
288080
260946
260302
362993
327707
328155
344056
301283
227323
359224
236819
267588
303296
241451
311155
307725
327937
334317
196800
306289
320837
320572
253663
250478
217183
230834
309323
339412
425695
248817
433701
273141
211353
344241
221710
312164
404641
547980
348410
437769
408472
289934
389373
221628
262169
318116
431586
301351
303558
284893
427351
343588
432972
328762
495240
401992
346600
218889
423373
374511
244242
522774
449419
376823
278155
310795
387555
301020
269054
309033
377542
372350
416783
283786
267905
238504
292620
381365
384689
356405
358811
422471
348885
538290
332802
396080
369253
350246
341133
275987
305350
319600
333179
341054
400962
280532
212710
228086
331340
208180
251237
308649
353025
327960
387741
209202
345189
439793
331287
266523
202079
240515
277402
312666
358125
294751
264927
13145333
11036592
9015842
7250027
5158324
5896705
3805421
1760035
1563502
1791889
268415
783415
520348
488479
516388
461510
447355
500048
400695
530217
502194
632477
487298
323936
315249
366120
302905
381738
349579
380138
306800
394350
350036
277112
271367
279712
266078
341392
216016
236438
287934
281858
236896
289756
201866
315959
216485
221742
208050
239123
207039
217641
201980
200710
248442
216998
217661
266579
267227
214903
202315
252595
245264
242233
274603
225651
204937
236212
247374
257336
255846
225750
284273
266499
289310
232333
236449
260513
202975
237932
218432
185466
301070
297883
243440
220931
219659
329013
237337
229321
287019
233803
311784
359485
306025
235984
372832
229796
310937
257693
302505
272577
352789
260569
201849
285214
231042
264080
208660
239998
202962
229565
263379
237296
212240
242201
221714
222514
233871
218970
219896
254933
253954
233161
235161
210261
221157
353610
214005
215197
267664
273615
210514
239886
232094
207046
190599
212770
215247
261658
221215
228752
202217
209411
194363
243669
258135
193206
221125
219387
208281
246779
230368
235835
220133
213423
236354
222402
289579
225922
240948
204958
235141
222922
255977
214696
206874
215078
190710
223221
189117
215123
218595
215262
220251
209957
198920
203802
207985
209006
216052
213786
205937
212190
199194
176063
232565
233651
217442
216048
238422
229628
221320
252665
201347
219685
247689
214516
220919
190534
220926
199806
219401
204364
223681
236873
235054
202920
280256
239839
227814
202539
248551
246668
246920
238577
248708
213156
221910
216688
200365
209880
229553
232656
210398
236871
239139
207662
253734
216489
222952
208061
209038
233088
233913
207796
210701
206172
214031
235743
218585
263186
221846
274936
226879
213838
245171
212838
209120
223136
223206
230370
224385
276428
235734
231729
250786
208675
190538
218710
245685
212703
247352
194848
223338
254342
193511
227248
249580
184860
205428
202352
251558
211586
234548
224993
198012
196169
193579
186614
217076
220446
215435
231413
211180
188332
210949
196620
195996
205089
216260
204285
203981
212017
202002
212241
240722
276477
214776
317289
309550
190913
277579
213902
306870
234786
217221
282887
196180
218168
196094
190241
328022
211327
320766
224875
229755
293049
271420
269017
239282
306441
229903
243069
240228
191757
204652
188476
224272
264857
255402
202895
243357
229677
227760
204230
242915
203468
198716
202614
214717
218300
258970
215897
262576
257625
443127
413224
281419
196879
232736
340043
202877
473931
257441
292606
366421
361744
350389
373556
396771
401747
258253
237970
234352
246445
244553
309146
273847
286122
380067
295172
276856
231970
263711
265851
331250
234825
375650
357393
284025
317720
319937
330265
398896
296041
237852
301309
259205
324764
288831
259765
324501
301198
332662
303953
243010
230316
295920
278183
305626
214085
223650
351892
257553
262479
254423
352312
241838
376686
263683
349665
322798
321865
346016
267706
237597
325402
219930
295812
288358
232011
236311
256499
260842
304335
319210
265537
513037
302368
230675
358437
223981
272477
265480
441459
260632
250615
265665
208244
303921
381212
302437
355893
421706
310482
399946
375550
233762
373139
268885
279560
423596
353428
488868
459671
300257
272718
428474
308446
356915
321040
405955
283553
249225
429254
357440
406837
359878
221941
370909
397152
367429
389682
290781
350208
304974
225018
283535
240761
281230
375446
337924
275222
284068
356875
362119
203972
371734
368095
334575
319271
502903
265091
233457
320984
300740
301561
328709
366113
232318
249628
339073
302444
303066
225378
260209
253666
251570
250460
290727
219986
266599
279608
292225
282280
273298
308846
293195
200948
202061
250471
281281
506033
342088
270416
345528
317563
346838
259268
357794
253834
369332
310658
360541
427942
340808
355509
413197
270055
276873
297365
256660
300613
362144
354655
2514321
8241852
6128944
4102927
2060159
4919897
2810753
769114
3827369
1693782
881967
1155229
734116
748821
239471
558333
614665
542612
623371
500447
510709
475790
552389
312532
442353
240563
520129
384334
376974
386199
355571
222126
477349
321244
393717
413760
383793
445097
326621
493439
416711
298368
339560
289555
222478
434661
307968
239750
368409
367781
499310
499370
335687
360097
429650
317001
305137
443341
450451
455670
485143
258381
346887
256203
316143
504890
252414
256670
377021
312911
251542
331470
404549
375209
293190
342633
366182
360415
343361
245037
342260
275758
324767
251655
422233
375063
363922
236497
245747
439870
361068
408114
292099
491453
314356
403727
348644
295403
229209
248746
293695
322533
245995
294826
345490
255296
309015
274577
313656
402475
339845
274147
250747
305903
307508
300620
218281
301851
336770
360317
248049
327609
381200
241375
292585
403927
343588
295995
352528
230475
410732
324603
363601
253738
337202
217685
314342
230711
302461
306377
308264
254412
269914
261294
269458
245961
258004
225427
292151
284343
330352
258132
258650
199869
200409
246156
277160
290546
319628
395332
447668
340310
373892
294142
446285
298272
306943
327627
315269
298710
380729
228162
254791
245056
443194
367909
238856
398193
433508
258746
263603
291798
575096
487752
275032
460821
350411
298331
544189
409323
411829
406213
339583
405489
330408
280433
345358
367982
472852
326619
279185
287028
451648
458598
384176
463823
259366
312421
484495
268661
255454
477957
355394
470891
464346
271243
459381
273660
542909
390320
257988
364366
249613
355860
342172
461782
337769
394582
283273
429089
268554
359674
424907
390813
361002
243134
414471
348673
368959
251314
398679
381546
339559
204214
353381
360659
404426
383535
341937
356649
310185
248829
352457
403510
481524
388829
304043
287875
364352
309400
382831
383849
337579
310610
245136
399271
280094
267758
288980
290507
317554
277260
281660
347281
228268
301798
384780
291251
305640
376696
392183
307009
249162
251266
383996
374141
345108
359775
403394
313258
242308
294171
211849
292347
273385
257509
341710
279650
323672
314625
321007
341052
309341
258367
281580
281807
260526
259364
294311
221151
228726
251708
330381
247776
284882
225744
257084
268107
291762
369765
288464
304783
246366
366594
294644
263136
330546
207730
349925
315366
281685
312823
301507
256564
245495
284259
284335
304771
259385
369071
259300
353563
334989
295164
274967
286962
266933
309531
299730
286952
223820
227421
253072
244110
218209
325155
282456
233806
255673
240824
239475
237782
237479
281258
235019
259287
262402
221846
253194
198586
260653
205722
247901
284104
211926
217409
217169
214740
280108
275695
206360
228772
197668
238023
236041
217601
209719
284172
292195
203280
247792
259735
284218
217319
265509
244885
248858
224099
246302
233505
265797
219280
249459
297851
200173
238020
224489
235126
235013
225070
239641
247579
222836
258870
228345
257720
228418
247735
258850
216813
293616
265917
226609
239812
200412
233393
250681
206011
201494
236992
261927
294995
203481
227093
207874
234990
197336
251760
223683
213280
200571
210360
316238
241356
264863
352306
345104
321689
234441
291164
322083
296429
274898
282032
320964
284056
290245
286012
239531
253614
215889
227007
394258
278670
210996
231476
225772
211290
247483
293568
354962
403901
222567
378434
297095
336257
267060
423014
374359
381782
422645
345946
350029
413550
300464
336318
361766
220938
331535
269888
282234
339687
378556
294830
249665
308875
360024
333051
287569
396444
320036
235187
386849
305366
354190
386934
308141
475442
275563
341847
361029
310042
255475
305549
235026
301565
323179
286111
248092
215748
249148
277891
220538
263160
315060
261018
312112
275197
263088
264688
340463
234711
259270
305438
365926
218798
337233
267986
277836
216460
462036
219667
406383
268115
211759
239226
269389
321024
11916189
9793911
7888219
5883294
3758906
7435591
5316813
3507590
1632152
1776340
907063
1028047
281481
447916
411539
370201
461322
238863
312387
390631
453101
331467
346860
418224
222920
244218
227428
301174
251750
525107
214804
409846
290019
400979
368146
260097
264737
277244
225849
273470
225340
259730
242649
296227
292666
388051
386181
256237
304508
390769
305995
453938
313248
301050
372927
245381
313416
338765
232412
213122
563878
412089
559786
408749
276980
270510
306601
404531
433005
526186
403262
530497
342450
322086
367093
352586
610922
374194
361753
358267
461960
402512
569781
386417
463642
476580
237517
284091
314234
500719
444156
410637
307423
380487
276839
325597
321444
573141
538119
260949
370822
328184
336018
365485
302305
343422
317253
296841
253463
307543
328666
302870
279950
261245
269741
236997
255445
251649
414834
323532
288320
349364
280408
226825
233354
285173
281403
251906
311738
257331
334821
310094
265169
244034
302042
251563
289955
250949
247102
287652
318250
242823
273360
307465
290884
247539
317692
287006
298923
274372
263182
341904
297967
235390
244399
253903
219389
262726
284573
298583
240641
232390
299502
214667
260172
248424
252779
295174
281274
314694
300665
285357
238016
262075
282494
234216
248466
254341
223726
269047
295527
224375
287824
257628
280943
197391
284748
270202
218045
343745
271706
248196
266058
269118
288822
265613
259548
279132
289741
229931
365886
259389
269611
319171
253540
311759
274376
247000
248107
243250
207681
286706
444437
256196
303226
334597
259573
230884
278866
454839
436492
350615
327234
399763
341982
437863
454888
291569
313079
429691
449600
349608
286909
437124
336606
379043
278702
377990
368069
378172
262404
345283
299389
317711
396678
295143
242514
292478
247796
273059
330099
224962
254960
289565
249243
228795
227051
242852
286078
254637
236763
286669
231074
283498
234931
234552
222931
240355
260353
229749
220883
223295
247607
332587
244277
255822
359875
272706
235191
280797
260548
294847
257451
231312
360637
306099
265063
217825
335461
322227
371000
262949
353334
318872
252631
390707
277178
280346
248984
313652
273247
275739
241127
208118
219158
249998
258521
331884
346478
233585
316630
237490
301831
337634
346044
275537
285631
253708
276964
378539
253698
224707
269661
234301
219220
226883
286943
2263420
280079
388246
272775
336947
234868
264008
325830
304732
203365
235484
311047
265062
346395
225695
234072
205211
224596
259567
218870
208117
215384
194631
209556
238254
242840
284204
205155
278895
190110
222451
232883
220248
220556
225166
229549
230674
233016
255877
220172
232350
271119
201974
256118
237830
253919
303043
235768
286650
273522
298678
307077
335924
255504
234133
301746
309604
366773
216431
282030
355342
332137
356790
402838
245895
367922
283715
256389
221851
270007
291717
230035
284870
225540
303211
244827
227209
334366
272564
297024
233450
288255
304318
370020
362571
262731
424525
333522
242628
288620
292971
444074
384791
372857
384229
332690
334718
321018
282952
228217
283949
243463
277371
286365
398039
516075
246274
295428
301356
233546
267288
278588
226584
223630
359672
374547
309280
350495
238923
257010
371232
282353
318190
265578
379007
376043
296165
372123
254589
375949
266909
357969
351371
304936
354461
229830
299277
356164
321463
287054
311027
261161
278338
224582
258262
241807
334294
333985
274634
235491
295729
223729
207541
286176
269318
224906
334651
274318
209738
316556
238747
283729
265789
195265
306995
305463
238999
289742
259245
304620
344626
277528
273311
255243
238985
238741
328096
262825
395518
246930
267834
301014
361386
396658
253604
294368
253748
298303
256972
433498
478540
333140
387105
391895
308069
249286
250452
324795
311332
237095
334448
296599
254269
266596
267705
277738
251035
340970
392447
372166
335307
291151
337662
420012
364840
236776
413235
303560
270740
263692
13619857
11522574
9462611
7419416
5298929
6983422
4872988
2838897
2564615
445527
554866
772581
557569
548535
441627
238765
460632
424548
285919
214942
318065
343786
399470
273904
377982
397551
285264
324927
444473
434419
358893
424259
305775
360952
350987
249102
341992
329452
392820
272643
300055
229452
260560
210837
337646
245608
341312
339827
250907
263214
320909
266180
339993
342250
300413
238022
354459
245682
287165
200143
213248
339429
280143
247545
317900
344764
259321
234449
321411
320631
330346
267503
235729
267017
304955
312655
307433
242435
459635
309618
260646
303637
210133
222380
304127
292572
270413
310645
342543
348939
233676
384341
336345
358729
263053
349916
232890
192981
323338
235652
315798
330084
381696
347580
355627
363763
276329
331554
326816
370033
473799
398700
326365
432180
375149
392274
428398
375332
586073
247445
337869
417293
477411
425379
236231
412983
352527
386263
469651
515140
545286
364335
258638
355943
402081
297341
585616
434782
488054
430270
479586
380239
365828
550844
404685
204460
447939
324326
549355
319915
471330
305332
462434
281285
374546
435732
335454
311387
273505
652059
560507
222647
435047
394582
257766
622111
630147
516791
550620
517051
472767
302512
241807
273223
488355
338290
276648
320107
370489
204505
185532
418280
415710
339284
271605
242403
488284
399142
316818
399905
366734
417325
359515
305756
325329
507702
315892
422233
389497
287287
208967
342593
310489
420055
282765
496916
347675
472169
250120
385380
317890
274073
274865
232573
312052
244447
236207
317832
337235
248142
315610
244801
404358
246632
351070
348216
373431
228294
357022
217503
2284606
489186
1947585
457521
325094
228737
292410
461255
259908
269188
215992
403962
378472
343320
289885
243718
336267
270144
212884
223062
344038
287626
248153
372923
406241
234253
234440
237729
377207
293181
286002
281214
273275
252057
234840
302271
271170
201348
369640
266143
260741
270960
272911
190569
205479
277682
214222
198702
311653
251373
263398
227561
296920
225331
178150
252283
213321
207881
194276
193440
209849
245000
272015
204599
301486
282760
324458
322962
287115
367674
400895
294581
318736
285580
257118
324530
391857
363554
402957
344526
309866
229461
410464
409070
309959
310192
302756
213812
357954
408875
310054
241469
211766
398663
244541
288216
349820
311616
386460
312072
392246
352455
273881
470570
276332
376949
366602
425314
443258
453941
353445
324244
490674
520507
360134
388017
255516
337084
493237
330709
370950
328603
436514
246039
412744
209313
344265
250285
238468
244305
269803
269960
376698
328014
231638
244170
294931
337309
327221
225678
261171
304355
284294
278416
361414
334321
252717
346913
286042
243418
298241
262755
295153
324644
239998
303717
372073
253308
282459
401503
214619
305081
242664
223525
218019
251814
223975
218418
295414
230946
227144
201308
320126
292845
389980
293677
362852
351553
242925
339145
348406
311236
243691
280588
297716
277563
298583
221227
230661
268411
226619
250372
303935
317296
330008
220798
253319
435803
265777
293676
349984
444793
312100
222519
417333
316063
327653
299785
321858
276619
246793
436968
396419
298679
280756
340811
362267
388337
259301
363702
284735
371692
310235
329819
268538
439158
289843
331360
307262
287189
270975
287613
247690
377121
281280
354423
339920
275462
286366
359388
405498
338467
313743
412322
204528
254518
279255
217711
433380
420430
282793
344113
409426
413728
439932
387883
354236
276481
308661
341478
305210
340666
310755
267544
406874
415408
447967
344007
311285
323718
298816
349149
347711
418119
409914
365295
341050
310691
306378
313502
339159
271694
302029
293922
271242
253971
360057
310614
689516
460376
589091
501928
513964
407876
324561
347423
313339
351230
315994
335276
394405
285943
268672
324030
266761
308195
270111
265509
304983
289398
268943
293632
268681
253565
290214
342544
326893
359211
13906007
11794239
9959870
7935943
5826145
3798108
4085238
1976544
1577858
565021
611922
545261
313628
510218
510701
664980
455982
407109
370984
404120
268478
372510
345854
370436
369923
285849
247733
235463
311462
265534
287216
258886
228225
336299
260580
379870
263277
246627
238255
281793
252578
322016
415218
303395
292696
236012
226827
299640
324775
375936
311732
278436
325051
248111
353047
340211
282346
234231
263755
259200
290878
243552
271150
233138
311047
221390
246442
220456
246343
225725
229515
233510
231357
253212
313566
272848
272288
273084
257121
262797
229372
271759
285301
344157
371292
257826
275954
232361
238365
252394
268521
345614
320762
269471
290651
290323
280295
295021
226562
280713
257415
213082
286515
260033
250379
321311
223001
308930
310649
322431
228902
278402
227399
257960
231862
289110
324578
287766
233832
307380
254876
258091
339523
307965
268919
245966
253262
245707
286120
275299
234261
248119
292393
266961
222047
240553
354673
236137
244703
311333
249641
229612
261656
205583
234896
244547
226111
205096
225656
216290
211434
244765
251196
241741
234285
236715
211959
235528
215444
295115
208057
242137
258872
242851
197131
219441
217442
218427
207947
243968
239460
212385
236523
220691
234897
234173
225254
251252
222295
204865
222267
215432
235175
234581
194418
239304
220882
221263
215632
200915
223628
237237
238657
235744
237159
233162
227603
216999
230848
236474
233095
249291
232482
229680
224072
218453
235814
240594
248910
242124
229754
230483
240103
234285
220324
236836
239334
246031
237190
242379
222264
222571
231339
226697
243917
228714
210811
228671
224424
218651
252447
221680
246460
222853
243214
229347
240615
234101
210672
232134
223750
239083
207449
242330
216362
235918
249019
266120
297800
243188
225022
266145
283104
358072
215917
253125
228896
246503
267629
249026
257314
428991
274659
306283
419146
424909
448183
315176
308234
434767
426270
372439
515373
332277
516224
553191
563082
485964
472844
522397
423737
500881
389111
378046
497254
399780
387527
475170
426567
382830
404969
296524
299496
333375
337440
420707
292852
249860
506768
249420
338277
251674
429577
354453
252530
437561
398858
281616
297550
283767
309029
336941
296589
359750
289624
406128
320116
227614
252018
266354
274693
254013
296420
387567
358984
266258
390947
266833
392224
288802
386063
210196
282501
402061
302192
312190
294447
251936
236313
447154
369735
506663
356411
326372
370477
236924
413344
254011
329999
292200
261745
348049
329749
454203
530453
328367
299006
219767
374004
346660
339941
350713
343090
334953
285884
329774
254595
365192
428647
289319
435721
328030
346283
282648
297530
403926
349058
409056
319474
266038
371971
260830
275931
290762
240829
375373
218351
260183
271398
304283
399162
408295
373109
240756
430469
287045
372402
262585
388435
268302
236469
324059
255397
268577
300371
337188
336923
329823
337637
365851
219820
298506
276772
254381
274162
330322
271218
316377
264113
331195
250981
239440
368392
322863
332704
384497
291396
328760
263170
275304
216276
342215
305116
219847
277705
313546
331248
307426
258638
361863
269945
400861
315281
269327
305894
255111
281643
319419
238373
260839
226836
278191
313279
243382
212620
220553
258853
343834
277302
289195
265600
386807
281565
226146
250968
239876
285598
228377
224400
233102
242003
280524
214599
246022
232629
242644
238874
207399
287638
235723
205343
223190
251969
221107
275502
264740
333567
251186
244074
243933
273780
246423
213108
250712
259365
265001
301497
262901
227740
292281
240158
212870
253477
260912
322956
297893
231272
221418
366318
248036
300302
293998
279071
300516
320072
306472
259821
260087
301875
266239
223312
284468
366125
285947
280600
332954
279662
225358
287135
322562
303349
251476
218554
260121
286764
253971
249588
233593
217855
208849
296445
225354
267697
252009
227020
231778
261633
12343670
10226362
8248475
6217664
4089217
2101616
4542105
2421908
1463296
629614
861818
468767
499882
262149
286775
302820
427233
281942
399274
318899
253387
247487
214011
356265
268713
226037
243848
190171
303128
215537
293471
247405
232170
247804
212418
251303
251837
216671
388631
240159
324904
273548
278964
219513
257128
277444
229736
276537
256575
322157
264859
265286
356528
222816
301715
250118
253295
259054
255618
250642
261093
287694
278477
223968
235120
267268
283576
297366
261784
209404
253236
250418
240592
239723
213737
233058
219133
233493
243991
230039
261803
287580
241165
222849
247188
258938
211863
238315
298678
277696
279697
254786
283800
342292
244723
279311
343900
257237
352876
264577
345637
252839
399397
399058
344924
277601
340926
406045
288259
305580
366563
335914
330991
218340
271505
368233
356588
342209
452398
324602
439992
404007
420250
348217
384377
434436
306602
446160
420726
352420
292018
308842
428932
295585
460437
490193
387693
385346
425295
290247
316340
434193
434210
345004
332898
292483
293426
305210
267554
322193
269642
267517
302645
349554
322927
282897
370155
326664
277314
400319
374416
329858
336892
444324
420960
306563
291255
315553
279207
267978
301853
311726
467235
420533
381485
493688
616595
297264
452202
583208
425457
354062
399512
378384
334379
408053
417137
404262
421858
420412
422949
394112
498982
278969
390148
384422
276317
345750
223600
233889
251085
276241
279596
322937
259837
354561
328097
308985
455936
283799
358332
312182
322798
344068
372421
377154
324645
305881
284942
281012
342807
331815
309729
289630
312102
348368
389255
555265
376763
427215
344231
291108
323497
263064
285315
306136
358166
344055
421335
369748
380274
372809
349704
382637
333311
355688
241083
266516
410793
349667
312175
356789
278402
340996
319683
345756
314502
318879
395296
318732
314607
265696
248847
307729
336219
290170
305051
360386
313201
262258
242064
243417
227064
220916
206356
220286
227014
221170
249177
222573
240262
229823
237675
239106
214532
238989
227239
207776
233702
259516
269662
246968
233546
219561
231134
216709
215906
342704
336339
278930
238561
247736
255976
219701
269132
241401
263429
299157
233040
256735
216007
263825
223495
235062
260191
253321
271336
329959
251636
225332
223716
246710
221132
236297
253185
234029
270741
254968
263866
246824
238358
227001
236028
248487
256246
249573
256766
252437
298012
262328
263773
244159
269145
231174
225257
261184
282507
245922
289651
242340
271524
269285
242869
216760
257838
247262
229881
285592
253414
255208
212259
298193
214873
299477
286367
312150
274248
228222
273156
273426
254229
238161
249683
225674
271940
266537
237053
209697
311479
304721
267983
218126
208899
266441
247552
258114
276935
239802
263712
262875
239791
272345
226703
226302
229277
245342
257384
250568
236974
265060
262934
263443
339018
403448
357740
275719
345186
267870
250659
278776
320397
251383
275528
299193
308315
254686
282390
307188
309433
326247
359022
355505
339741
378209
421736
289452
257925
276808
271255
278253
281535
332506
284975
253968
236804
271474
243363
337684
231279
236599
293238
245670
240538
230056
294785
305349
316406
256859
339934
292050
315687
213677
264250
264222
250433
250819
236389
246067
244274
244602
242594
231888
295124
242179
261704
221227
245148
226106
234120
242164
207824
209245
221819
220226
221696
310614
236920
219741
262727
226435
239318
235177
216200
262497
342409
292281
249053
339481
258265
304605
225320
293857
445612
248619
292057
242920
230887
235791
202367
244915
219657
259668
234087
223339
243678
216712
346546
218455
280447
228530
371584
382005
235040
261315
230099
323931
237465
298900
244922
298485
250739
348682
228792
222917
287224
228166
213049
363177
202581
409482
274104
240094
363035
285027
259736
215640
272748
242491
324060
245967
262772
233263
315558
250990
244727
272994
273223
12795231
10707405
8736611
6690146
4575731
5817385
3614453
1573674
2480514
1517064
1077494
682799
360105
604603
358676
319484
324445
356896
288093
390550
428532
492797
234133
287686
251128
269005
417144
315710
245902
339170
241667
352030
288548
441156
253362
294745
293036
416618
316584
240712
286722
246947
303494
313463
281285
256204
368575
402865
395322
326453
387456
286881
311286
364937
317641
250706
255052
318151
346049
302796
394558
270533
406071
304108
410817
387426
291205
327931
306379
253165
261099
400156
595047
265683
418016
530420
474374
270367
522973
501642
288207
277682
392089
570780
399634
576447
391148
418703
282576
614153
329163
575892
401446
439580
407631
539632
455982
396169
626230
480415
418539
376551
521366
516663
739925
597879
358413
362285
314918
435130
417421
473947
462335
533670
438830
445676
230497
445111
460009
418320
373083
453258
443388
590573
340954
421817
452059
460835
332088
353492
335648
397529
431415
521738
488515
319294
520370
291915
415379
384824
255664
387384
437041
346508
390900
340964
458055
342145
272161
351824
421337
467923
275780
493598
355003
273851
330522
364965
345107
307622
399318
377031
313394
408861
345705
310991
409027
375082
269020
515336
297171
540728
497602
449781
536043
397990
445927
429835
485308
504306
496015
446622
395376
574954
362373
484831
460796
624398
336990
546325
510801
359053
281632
636758
397905
407942
514504
594773
614690
434083
408191
313567
495645
313796
443555
374672
324264
399289
363212
398357
409870
436871
451177
419865
509768
457277
450997
285912
450668
461858
260913
395176
397482
421981
424367
356065
578414
410807
555858
394167
304408
469040
466783
493994
333783
468020
453808
495795
376201
495104
411187
397107
368656
482324
443706
454463
444245
470433
374241
291720
413502
442116
467657
642687
395514
405986
540763
254760
452211
355598
301155
264711
467743
554295
508011
391087
307504
310081
377353
378665
328499
466845
396779
350912
454425
258282
464641
339469
499825
282606
356914
289874
318877
443937
380605
331976
302152
389330
298802
411035
274542
327093
396054
311185
321900
418712
301893
263276
292322
361307
432891
403452
296785
414981
407258
273190
312994
331460
411709
486220
330528
432134
219221
259409
347420
250691
303418
240848
234407
355805
261604
317144
484196
263252
261805
267259
254167
359336
234520
522221
277741
270297
389926
250118
543330
337519
390980
363324
285885
261277
346746
365470
253110
286163
370413
249449
319541
408933
365770
416015
403183
328291
405770
348506
311078
423691
327619
321075
366543
423138
284545
243257
441747
416179
425399
393044
366180
364177
644179
472743
454874
580048
607350
349570
461513
405147
403947
352669
347555
352351
319601
314453
546746
412774
268956
323147
285318
358686
360638
378670
288216
226377
481024
303336
390648
355317
314915
428168
313005
345228
320287
381334
327903
372548
380752
257024
398508
352840
380564
299033
396447
315861
278368
316193
286018
360608
260234
291657
308734
277206
253785
267725
331798
300631
335449
331934
339859
373349
292241
243617
266055
295650
261330
299344
282147
277998
333411
367963
332114
292639
304476
359248
351382
245416
381987
370244
386764
316518
268643
280421
327425
293794
223301
253980
336238
320738
314383
385233
247795
235980
289627
264288
351685
277096
221338
320918
247033
261012
296172
306136
250698
264263
257748
259499
358739
290673
276811
369495
257820
288729
260762
309850
298768
334696
301550
310456
256779
285667
262199
267280
438473
401328
289023
234519
280336
231891
323084
276623
389786
381611
416840
302512
211082
463244
367863
266185
251607
288025
327905
227002
314825
407245
287642
302353
267344
239909
272096
256570
261506
262561
238775
306088
323705
312379
247526
312566
236755
326642
297431
361403
346866
264286
312112
276486
235787
243196
280272
293992
268566
224589
226126
213014
324541
239512
274214
380770
272704
262251
14575994
12515373
10567600
8595222
6457323
4574896
4125295
2031290
1941077
1124773
562190
678825
580345
433783
392308
287267
384900
246847
259245
370444
248764
515835
344024
253829
258779
423951
258504
249273
253241
237396
229289
271610
226626
217281
248482
249032
369121
244389
223396
250072
289124
238521
282157
261832
268380
237855
268400
319000
323266
356304
285681
376946
296944
304294
368133
244017
280785
284621
378010
346844
256900
383523
335770
337596
267815
253706
245843
285621
258685
223299
294040
269379
228572
244635
226803
225256
241062
241884
270286
238815
240273
261867
237948
242919
270371
272104
262098
367826
254290
315869
255635
242753
245638
210320
223269
247055
267495
258247
261485
252852
270212
249122
224535
243741
252802
251836
288485
266392
231935
246193
253152
277029
272460
233623
276073
421894
286711
412953
253945
259455
294232
255045
223432
253094
266568
287203
229288
230742
280388
224915
230428
279179
263307
293522
254174
249922
232227
264085
295671
633098
263855
259274
257392
211617
240215
290228
257488
304895
343958
228362
318439
422788
325022
351531
326753
233456
257035
221542
237130
306025
242426
272378
247124
352422
335409
278250
309280
225252
257761
290551
260112
305871
247056
282558
267547
258583
251532
250779
281672
245498
283477
292535
241434
262045
290843
261389
244911
285415
283401
248413
213402
220576
257447
216815
222303
223117
256162
257527
235411
206832
233474
254374
249047
244228
213154
258310
335638
437531
308559
312139
500998
309587
389290
231074
389568
257830
343126
268596
286005
287677
368811
447235
304969
330960
389257
415516
248860
298830
317454
244508
308685
379921
323835
318169
261596
309722
286079
247551
285291
264337
366975
263340
542808
552743
465635
424629
471378
574210
446097
391878
481276
252539
314174
415911
469385
411348
435463
447309
254930
324756
365235
413388
252358
463543
260675
345300
413517
255195
326966
391461
501565
500304
238304
509820
318277
290412
392647
414695
256694
279948
319509
377158
282017
492115
439979
455393
414108
477930
398066
479826
463907
353486
361058
353914
372696
243049
466757
328214
431790
402929
376254
362206
379687
365123
353482
297917
257120
359867
317897
413194
267369
281673
434044
226994
290908
370034
443712
463351
377976
297579
393732
287530
324238
470005
242397
356339
219976
380322
308826
473528
407012
400927
393169
332027
272564
335171
330845
258358
433331
256585
281771
205475
311636
238046
254879
368615
318987
377497
273355
363117
359121
290535
222061
217200
237969
248264
241058
381002
231126
292909
318034
243684
309093
274209
214661
213849
273984
289594
213219
230735
241391
235605
247180
278484
252845
242329
231265
257092
252000
242068
224838
230172
227971
286087
317527
292286
343881
275588
321796
241805
218012
233853
344609
311590
371079
391413
405438
370841
399148
307018
359492
387812
285069
355979
250787
262346
294166
286884
260322
280191
248214
249912
417486
374383
308422
395887
254475
245687
337085
322496
306829
368919
336948
268630
272179
283200
302315
275960
318343
278544
385447
274420
351849
353950
289529
273656
422817
303961
241273
265958
259892
244853
239397
269225
302929
260644
290967
324079
307707
288670
320102
365272
328486
258123
302002
353558
278796
237337
324281
284386
269898
336165
317035
281914
360228
263614
335899
419290
286569
246291
296008
289161
292302
266833
241183
256081
273908
225084
215452
225766
290978
286507
231050
286980
243048
266057
217200
251870
251078
236096
302225
258577
232022
278493
258372
227903
216507
228974
244315
286013
235610
255956
212627
276606
210378
247817
331769
274122
213030
232818
263467
252031
218561
344232
314836
266605
237593
279871
254144
278847
300289
282625
278825
275810
248738
288174
280885
365798
272974
231170
347907
218370
319044
328279
256789
252439
274028
267178
289306
263568
326954
263424
304634
250503
331653
270775
13956107
11841857
9844945
7772652
5656654
3687370
1594706
3893264
1769350
1831142
611094
926550
409466
471354
387417
346795
306317
415974
223283
328560
543932
445465
402385
499404
282330
245286
347267
286695
270528
248912
255618
270008
226118
251459
257548
359404
289496
281541
221720
271261
248345
230052
243548
209793
234226
264001
295205
337962
263405
240042
331977
453447
271955
269404
302430
281153
270807
241826
444876
434842
241187
235402
272814
238612
265302
339628
405024
226715
336654
269080
468920
242454
269318
433780
274682
259541
255213
391831
367773
253464
215300
334370
323795
330716
298993
326266
394842
435107
292931
412701
297989
319484
281096
376499
227355
281317
338655
243033
289309
289912
284719
225467
309115
325237
232922
267102
252400
260523
260190
295118
343457
295779
283183
267689
300077
259088
305265
286750
340167
255741
267986
301663
285071
262566
224897
289080
226047
229513
249705
252595
282839
255463
218697
231190
243105
259609
211495
261235
246626
274407
246823
229894
249341
265252
250113
246077
239461
265151
321039
242772
325081
257334
243791
432052
259227
227479
261864
249097
381664
341063
257487
555992
374761
363290
522759
406075
237781
236066
380403
233487
504684
280049
260774
456845
339403
467030
444975
448700
286045
483320
449076
366952
397947
362840
434660
278311
293900
438357
364889
420538
405209
360509
499822
379079
369750
314204
261496
312213
271478
324722
306073
308546
489236
330968
366848
445217
245162
349587
275440
405222
342625
410419
481343
405234
376361
527445
428587
278479
289481
513367
389142
422401
323790
273830
279869
282201
399451
292839
312131
328020
302355
290541
361888
345563
286968
474635
547821
434574
344261
478745
283340
331311
325884
392427
407338
309550
413381
346975
349752
327019
314969
325796
347546
376648
400230
410130
432099
403395
346484
423366
331992
389141
343134
333408
343494
364375
300554
255453
422231
389662
271788
448847
254316
302700
296983
226772
339184
407523
394672
263399
359608
258571
311594
304336
348920
247418
360726
286488
387466
359311
332981
345228
289771
285385
286455
318309
269240
271819
287732
343668
333770
301313
241269
263090
299442
278623
284355
239203
292051
352681
299573
377999
284115
387094
281636
283968
303995
274297
383680
399647
273314
257857
260811
255430
285564
311294
311619
241361
307518
326894
335251
260143
336346
298707
412118
377960
257709
310282
287446
281531
273647
342473
353970
288240
263528
342736
307871
285775
253103
319596
337055
271922
220354
321529
251036
274953
341008
356655
244882
253012
259707
261492
388569
362329
272231
318592
457880
357857
346496
329888
435651
392757
332900
412052
263074
274644
253294
252535
384268
287775
370141
300598
299933
266906
332898
271851
299973
481277
290235
245747
311306
239310
350553
349978
283879
328334
338080
324391
293782
285362
289744
256248
309722
356770
317288
274419
397559
341006
407473
334598
321504
405587
310476
356009
400348
342764
274700
235366
285560
266969
231185
319675
228631
294607
269837
312034
315334
254252
330626
330636
278775
273506
247717
308395
332351
284643
268790
274167
306638
271294
344790
283445
257497
264877
236257
285954
292265
294757
268471
270162
326005
297768
270609
321954
305338
268576
337987
252933
284576
258882
286218
281496
263565
304235
345524
286144
358315
306172
321735
327984
263405
269308
291754
231365
339896
277880
231786
328951
272991
273057
255716
237370
252894
252176
319007
277480
306964
281498
278998
364896
234500
314194
269496
298656
255433
241098
239798
308446
245637
337579
350344
304122
334608
270766
269129
337437
329700
300764
239194
251783
287940
262166
230704
236250
288085
334918
229031
369798
272716
361624
230778
222628
286811
406849
271699
274809
238078
263976
276962
227174
316761
248662
366948
264010
365473
296587
313700
242231
236772
299257
221321
243676
325854
268161
250952
256872
263533
12977677
10864897
8936348
6969280
4857303
5284586
3194979
3462264
1364121
1171617
728066
632730
323430
293542
233841
338038
283305
263474
236320
388325
344981
271298
323006
263166
332668
264035
283213
247467
260042
238702
243517
248829
238446
258796
229188
211673
230757
214138
237479
246868
243725
273808
223689
213620
221867
277609
232857
214432
235057
267602
238679
246016
310803
363724
262175
257727
261093
230599
292294
253839
258708
222472
265211
253229
263438
250878
288672
244126
271621
246561
293629
307724
256000
253847
235679
279545
270889
279238
250302
317823
314648
276038
325315
284611
217162
281865
230095
320553
331678
248260
300144
318712
247373
355746
261492
304487
269849
325414
254193
332100
235290
335218
352047
263608
278803
348118
255909
373658
407019
226564
289727
268679
270158
256962
279232
301384
375825
227126
286171
296131
371236
298293
299141
284779
328089
269837
346574
341060
321391
297906
310151
255022
266305
245482
289780
257213
267907
294490
303855
257080
323111
293505
267782
272709
294723
341982
371323
285664
237315
287022
243427
261125
254668
331382
246346
243041
239007
216323
231007
235340
247036
242360
219993
229393
254117
394726
265556
318437
224158
251646
306978
230100
237102
231993
238055
280113
326613
263342
257966
248260
223392
239014
254874
294618
215853
223538
249643
340742
266852
297030
251049
301434
357784
338750
332018
336752
367030
345631
308170
285533
277471
402979
323892
237955
457448
241702
313618
377220
308356
384403
323691
319951
474980
311841
408430
334867
329187
429688
357715
331559
309068
258820
321519
255531
288586
337246
284801
345123
274877
288902
373222
294193
262743
309944
267981
281042
284784
289918
242492
297777
231535
267344
278535
249447
297586
299006
252305
279682
261725
249381
230139
235611
271137
216845
277360
293406
289409
226089
277120
227818
238980
271307
296761
286666
290916
286727
295401
293026
244465
288605
291489
256642
264710
271264
254359
260566
253546
243583
259266
276869
248513
271457
305480
272850
261984
364627
264351
248769
284570
329946
368623
289706
289092
715246
1668379
310950
325026
321337
276565
307487
315940
369739
362949
289047
363463
280053
303461
365709
319147
262987
343251
268658
289932
363778
288750
349454
349306
404570
308664
291214
328382
277250
252483
309470
278732
326754
264305
269864
326930
361321
343589
264231
251938
307528
247990
310022
290580
275803
234942
240680
285518
304124
266805
256255
293970
258495
370979
324445
266226
475400
246086
363021
321275
295386
313692
388648
376802
249958
376241
344966
270327
654060
452908
279514
491800
366977
297449
425443
316132
458476
328617
349936
355133
403226
348118
360840
424049
376957
374768
280737
318580
341779
389557
253719
320737
266651
261517
350981
349900
244276
301124
252366
343696
309244
467021
279611
373475
308568
264684
298598
359623
323515
345291
344531
442525
238625
282422
351526
293789
495175
336945
417358
424054
425688
674134
283094
485340
609522
331518
585667
455402
448568
364537
407040
287891
441807
445916
437371
430822
470867
268859
441363
372252
398909
370014
358529
459753
512872
384964
368857
265269
311609
223509
439635
462740
408945
311339
494040
466649
364777
340674
389613
293581
319934
528494
406529
241241
498984
335177
349588
270465
319652
404622
453926
375887
319727
429780
333374
321902
526146
283657
689582
305690
308521
464822
496627
469448
469933
555414
479925
346737
591261
401107
430822
416216
525035
446890
373527
311555
398052
404782
397905
310819
386558
462902
640538
450364
361833
574447
505728
440630
284512
316762
462702
473482
261254
389690
519124
382326
441591
358383
469407
471804
442978
453016
576268
354150
305792
429665
270314
416113
397397
544009
503357
392966
286337
589185
477164
321919
331414
369914
328929
474455
359899
293162
362010
244525
501811
342087
337804
514994
502930
300159
477913
366032
374822
388801
15419030
13369240
11531381
9553408
7391039
5330903
3385038
3517813
1338812
1869402
1123486
1183235
572090
658262
428294
497927
412819
387123
494720
593247
601403
314143
521258
505842
424749
277148
286526
318560
374271
337245
314577
361942
432067
268031
283212
280576
298406
357628
342573
393411
380265
306799
423970
364237
274511
267442
232865
333205
262969
353619
265402
267507
268190
316516
341471
261091
300114
240879
257317
266098
316172
319569
281075
262151
376911
257122
235739
288359
293723
253397
252796
280371
278119
266132
238159
252506
424417
294361
272635
350477
279160
243619
326263
422056
340666
357711
295479
356978
268004
282326
282494
283894
265642
300452
383400
358274
312888
265612
276198
229453
236578
259721
289319
248630
257278
239349
359040
271565
254207
365485
346211
288919
309452
369468
266666
248975
286634
297516
336384
295120
393149
250945
382561
448616
337870
423063
415389
460670
306037
393789
357489
383404
366648
266369
372408
376981
368493
296757
386060
268602
335608
326196
413289
335006
303231
320177
363687
282069
357705
292327
343538
270753
302567
320322
319806
336995
355727
318563
353846
359145
374902
368537
321358
381241
374264
404256
341266
316332
286818
334722
286173
270011
349941
371199
299628
280475
263925
346058
294516
260360
371709
314571
306766
361576
267345
255884
366809
296613
236566
418275
358512
347343
300185
303520
491400
413265
456751
339814
389962
315976
360274
265090
412911
326641
275804
246142
252643
296671
272073
251018
292350
399139
418095
337241
339383
426132
358326
313815
383064
327708
233679
244692
313764
342781
330540
260185
254991
277706
234784
263992
273435
239808
242439
281848
327451
288569
307902
311632
287662
240763
252747
265679
238467
344110
254719
268525
329881
297975
279707
331212
241767
354087
257172
249096
295195
233581
242859
231077
299512
291519
321301
277150
379133
282294
244047
265588
248260
280975
260481
220306
254458
283818
282933
366505
291321
230655
256541
212873
255886
309991
396926
306780
397992
300674
299580
259678
227644
238701
243146
240668
260182
244174
269211
296191
276499
289048
286201
294009
328109
287540
274224
303113
269231
302797
290810
271675
256459
289141
356346
323795
236644
252457
285796
277509
259402
292360
364014
286442
237903
246484
264401
237887
309064
355410
278903
364464
233417
265805
290849
307851
280758
290443
291177
312681
248357
269067
251085
253369
301561
285602
262963
294642
290135
270255
304206
314196
349678
264118
307352
321709
315945
356465
309208
372158
389606
357397
275156
296490
238252
299388
283179
338729
297695
353290
334266
311248
257822
285385
278165
250222
281420
294248
318838
244375
303329
244609
270621
294214
252712
248198
258360
379961
267784
360571
245749
267240
330478
298860
276180
232072
333570
251816
299125
285385
286454
282467
272938
320339
254011
243881
272198
294479
332697
290176
208909
312150
319677
354365
268859
225544
345095
367952
338331
353328
253815
210313
428416
359252
328391
326128
288586
337864
228404
382179
339453
351554
381751
335450
315772
231731
250826
306547
321029
339188
341036
277462
339065
324787
332184
372899
356525
294338
322328
345203
400544
383503
265579
292384
312637
298006
284118
260916
258085
289482
294665
263379
298799
246412
284638
261103
291384
274535
233650
284243
290648
272709
255937
255092
257233
308288
329465
242023
266935
280029
298577
244044
295870
250237
310809
251823
298140
266312
255506
261844
286939
258769
266414
251913
274366
285253
283941
264312
261847
233587
220716
266070
234390
273654
248689
246548
239418
250337
244922
244845
240208
255193
231416
256807
243796
257617
239732
228857
228287
259202
232871
239900
248892
262771
256084
253762
234302
251256
227004
267646
251335
225841
229466
263552
255173
238106
248577
261538
238724
237150
263866
259919
245390
228804
256538
257628
242243
260161
256694
262978
269081
232805
244861
263521
15776729
13657982
11613047
9562460
7439765
5675249
3670046
3408525
1311817
1754348
1229028
525192
359133
378418
262707
350790
280583
238587
296626
234930
391070
378885
369367
318342
285208
294954
264521
290675
290348
275347
273793
685379
317778
294613
269376
435330
257940
377474
380113
348931
366404
454046
443676
375528
297263
363117
521162
485298
427021
363322
391798
501442
334872
440859
248032
319272
288869
465988
251211
235839
235045
356634
396766
286540
420154
415020
363120
482430
442104
338398
330791
349961
379718
283090
486970
338214
332050
332305
295170
371592
314014
427105
306078
319821
299099
289013
467987
652260
432764
330815
278888
408079
468798
629904
245715
404745
490987
548776
378843
518610
417810
283989
624391
653779
338283
592039
432801
292609
325533
386823
287982
415094
569666
549353
561369
530226
574146
400013
447294
433637
444477
357825
436419
430470
252165
368577
406430
356872
461634
517363
346860
383490
407394
273724
307466
347469
423431
408967
459431
542432
432874
393027
380200
424076
354490
326791
318480
261698
388697
631547
459384
416903
340674
349745
332541
323417
244732
288062
319358
292401
343987
232345
311523
413060
269973
250011
248097
297887
235220
265127
256290
292766
233819
262498
265988
278626
260468
272370
287643
259700
247978
340338
282079
260009
280703
298303
268374
291731
258684
237642
317106
277363
287961
280140
296768
275039
310157
231206
261271
262012
248887
272635
263148
269309
302218
278487
283523
259776
252197
253857
273209
241448
231210
245093
241977
328486
256819
326980
253870
389660
269504
351925
422595
264828
263724
287360
324332
337400
299351
261105
259221
270064
226765
260709
287256
273177
323709
308005
344480
310503
355595
302752
316594
291246
284844
278896
264172
349146
280839
236090
244040
313651
210799
226246
304450
275242
281613
262266
318191
249652
266039
268638
248919
273803
274933
262205
253351
257324
252300
234750
261835
252719
286226
318968
299788
236343
266346
243420
293573
227371
274118
302831
251628
249414
250583
241727
263294
269567
236242
229643
229208
256408
232213
276849
271920
269582
223318
264649
575714
284707
377168
353821
342188
275682
256785
282356
294245
246431
237203
355160
288125
244380
322683
327366
365188
347020
224497
317567
283959
273732
279479
293236
266016
269348
318325
340923
322408
305813
224895
257826
247426
265521
265946
258190
250171
280657
235962
240401
302117
266994
285451
259692
251143
249054
278825
234716
288501
247442
242048
245063
752798
261202
265217
248377
239262
266936
227860
292983
270079
266701
246142
317829
260124
283062
258114
275647
263195
312185
250677
307071
200444
318866
321240
239637
222365
258493
320750
305489
246057
285700
255764
267586
314878
310539
304581
250878
422558
326790
271453
339605
312378
269809
458830
328001
231601
308836
209186
485381
383256
286917
266938
241406
349387
251260
250733
304427
260771
280873
220182
273687
277552
294841
223866
299412
306224
467235
317166
280751
277678
238700
307156
274550
313133
324804
470777
239635
369234
355734
363075
337622
455954
403560
234113
224618
274607
295239
240270
289655
448526
351098
351374
254851
409656
322236
249833
217271
349222
289593
266258
305943
237743
259351
289817
331641
260554
347719
454055
314687
281068
283713
361264
443759
316837
474668
404088
302591
380377
434438
379830
404003
290034
318025
321622
379653
386574
286820
349173
376007
280444
363545
242473
277650
302375
249860
304081
336375
355012
216130
391655
423491
531523
548832
241323
235681
226747
253685
236821
251823
235719
213453
240659
287736
253657
215052
277823
241742
200248
250739
213055
222653
219114
245314
226162
289108
257321
256417
230471
238400
226795
233834
245881
379991
214280
252711
233691
230914
240986
228243
247449
256988
226881
251924
238331
259732
264447
236521
234354
261204
238235
256132
289884
281264
218776
269958
290167
290340
280343
365130
11381624
9272087
7253151
5215290
3084683
4519118
2394473
2777770
673737
904882
664004
511422
697932
395642
473743
390297
241949
444328
283215
521546
304823
465438
404484
255512
269623
264571
276935
260347
314357
278845
272998
288451
293485
358133
391415
297246
526127
423238
366144
314640
335564
235408
320767
349550
283215
231351
208666
245371
227587
353307
262575
248547
228590
211405
321660
288817
271466
288336
213911
274687
203352
304203
323152
309761
250576
278798
244807
296374
225946
372611
416751
313071
305798
367984
262117
307878
295137
367423
399655
221694
287869
305460
275877
391114
407788
310426
295309
333486
382478
264397
242892
306981
323990
303913
261529
361796
333058
330069
334116
293178
275228
301701
355975
305089
247047
268364
278890
360841
303166
234498
326351
345002
247971
279718
350680
224797
304611
264603
344565
273728
245660
252448
233004
229571
292498
221884
258040
228096
274950
278118
295985
265746
254390
351654
279344
260107
221418
214412
227077
250723
249993
238931
350606
282701
295211
441527
252437
318355
239912
306291
359043
380653
376934
294987
426274
406161
412837
315681
405676
265201
351947
303316
248736
454677
337598
367197
389837
375487
302418
369387
364228
351789
384801
382908
350396
335604
344497
461411
280560
446425
344753
394682
491059
342692
424762
450101
417755
447544
433474
441679
300731
443773
416473
432325
271046
361184
421993
250491
523133
467461
328486
432942
361147
243242
321419
418622
357592
417914
342693
283525
287363
443576
423897
342957
336728
338718
267681
300654
348428
274868
343407
324125
318406
299843
283548
247036
247451
237270
373059
396780
371337
265914
299277
279650
360178
258004
245989
282320
295153
299038
441344
267030
247918
270820
256858
338862
273306
330130
308179
403932
261526
441688
278996
343774
299574
272861
403218
266184
348092
255312
267862
323910
284059
295874
292679
273802
253937
290483
252830
271806
299454
290929
356658
291634
332848
357514
258734
300946
331304
231969
298508
317293
257569
432847
306389
272731
263731
336736
287151
435340
312598
283945
319757
302951
312205
331663
325116
282272
348363
279641
331067
292148
282856
234116
232595
345080
283634
265628
280984
381763
326159
258597
319007
348531
307378
274342
229331
259847
280151
271578
289776
291159
230725
279652
243854
284448
250483
307677
292805
285040
289381
285613
342697
279619
277217
333392
242647
267916
263138
300125
231202
273261
300794
239412
234827
257523
236759
301606
235823
270495
285266
297202
337146
403099
214054
405505
309646
331184
365007
308611
343713
264505
254314
273768
403859
241107
243762
279904
330509
342900
295490
340973
278496
311773
245032
293174
241616
316605
335089
276497
248346
304948
241400
260474
300807
284240
290505
269108
235792
338178
272426
248867
304482
252554
266860
287586
270595
333079
271664
254295
269303
228078
274407
241518
231476
266741
346362
230756
291916
259612
289958
254246
265770
242626
235796
284224
223802
249211
237589
247451
263260
259000
239652
261657
306623
248129
252756
239035
222034
218754
247882
245681
240499
255903
274779
236913
239856
268421
238383
253168
281663
250591
296711
271382
262809
270134
229115
284089
245116
233101
346914
295219
248979
306663
296647
291919
338215
314288
322220
342367
290799
289594
293341
349229
297500
286697
260172
280961
269584
309417
315939
272961
290358
267037
241864
252734
273516
246839
257437
237458
368026
287062
313549
210309
236196
212163
243766
345565
348071
354119
378366
480035
320128
364098
403434
365278
353604
270162
286664
345912
244388
247108
288538
343606
270258
235303
264386
283603
399475
281200
353517
283410
514296
326183
384983
393532
319259
474884
298968
435498
308671
257635
310092
285287
307746
376838
310951
403760
355353
326050
395992
363275
399219
340945
283084
415592
291545
266753
2231993
999932
282722
316767
242071
315211
381092
348011
12350338
10248071
8373164
6340374
4222050
2189704
4209049
2088333
2296792
1951862
1146132
814577
644354
308070
388199
456842
404949
426282
327783
361140
263669
310870
398615
502404
390562
409550
349672
276575
349273
267415
329197
302106
398566
375734
368103
316737
342654
320637
352269
251813
260493
302550
292050
315874
276682
309639
387624
392948
360258
388059
387015
339077
283325
344442
268520
310724
311795
278085
293847
413601
239068
286743
362367
244534
275560
351175
264639
388433
405761
309137
273317
233993
380272
378432
294399
336311
269852
401708
351793
499859
380737
366306
421999
391266
370829
475004
437272
474806
436615
491813
269134
432523
444190
658523
556922
471843
269826
528321
271293
357096
539798
251709
491913
272287
692622
512010
578471
483302
552539
583230
487785
292770
384740
391481
958674
534858
494036
660653
531215
533316
583353
762714
656483
562692
464150
615141
616251
553022
602415
349972
341234
422360
411411
559189
404728
276377
568290
321772
665516
342615
557855
594922
503759
517801
558011
455602
391052
478005
515491
377662
597914
435439
378403
522316
374490
353367
335952
402993
292115
301182
274579
401157
420123
376296
313796
337769
389431
287114
304167
338319
359785
327303
364703
326046
358829
351078
497950
318997
407269
285417
319734
489549
294774
326427
292552
372049
277517
422753
352248
281814
285128
307349
229785
263775
272471
262423
274558
288767
217310
266954
285454
289641
306307
366540
306673
264726
277276
293897
326698
255426
349537
266324
348703
330576
316917
315760
256271
255761
218222
251829
288964
382672
411980
265746
255750
309803
302999
294407
370001
295000
280702
317634
334532
332930
345935
299187
316534
267920
282103
278251
269861
281699
289546
344609
328929
290059
310602
265560
271708
301923
355421
278839
263666
294209
242155
269405
330028
278634
327965
350561
263882
285390
253039
269510
248876
262619
339840
388005
296233
287841
260207
226261
296280
255732
265644
276734
387113
269535
394646
364107
303287
324132
284908
312280
344791
259782
309116
319703
268211
321514
400807
245153
313167
269890
252374
289297
257285
311019
285682
283563
286505
323667
318191
244422
300364
313079
300686
265884
293456
320430
319478
239368
265875
291296
267451
274883
270405
305379
304612
255727
338191
322315
383543
321792
296991
496223
393141
291426
318379
272950
351389
316204
254279
357234
282403
275712
250447
257690
252600
324140
260751
298768
245605
257998
272917
319572
258720
300942
267953
288235
325028
319366
425820
280056
270217
312469
302831
305108
343034
257458
273745
271726
366013
353776
277939
349163
335825
354751
297560
290565
286146
273552
294213
359176
283333
319935
274264
265631
452716
267140
283442
278689
420484
276512
265460
314521
345910
284533
281566
372219
309307
364861
277860
308938
271189
327439
309923
293871
388361
315615
260914
363141
336568
322075
348050
356960
314455
294047
283794
362959
387501
362227
272924
370538
276816
263083
304246
300418
359529
395221
532440
344881
405683
350768
313219
328909
306749
307877
303152
352692
367914
383473
242289
352621
277589
385098
356673
327832
460993
380242
278799
283758
328802
307736
220773
389326
385286
433544
275370
401498
365137
412980
443274
262856
408116
387436
347256
309179
327644
342626
457373
394886
368526
355314
363633
416269
327843
332357
263969
426388
376328
375929
287734
333463
333799
333479
418467
351533
292462
315148
307385
385413
370077
328875
311587
270546
356385
315785
279382
306934
339322
310669
305163
307482
292324
267209
274177
272541
275355
284549
296095
310269
273246
267695
369043
345220
262570
271181
268195
302946
256525
284843
258998
273650
450823
283415
379283
365664
292239
396266
585893
413477
465810
405246
390516
292174
424593
297255
557560
278690
557705
514338
481655
297263
440366
263697
481585
492700
589497
485522
792883
601566
387775
570244
427930
453065
551642
12864569
10747131
8853038
6901238
4776327
5317721
3198198
3491484
1374151
1087938
832015
734713
710843
371132
724279
304436
309105
490165
866378
531648
620773
661788
409255
406732
554889
519874
654395
552834
367450
257355
642738
357873
550332
461536
578919
680845
378655
534397
377400
511925
453630
342933
360424
529972
303204
435228
426654
391618
435075
258313
343124
450217
237019
284776
248502
230148
352594
253345
270579
320752
295188
290185
241400
310081
337495
267109
327587
283863
332586
259654
304184
292847
262150
285256
251039
268422
281253
261864
221464
289246
271837
363092
266124
277104
330934
316692
248959
264227
290306
334540
314486
290092
301039
355456
333164
331014
272534
307537
277493
292676
335918
335047
279333
224141
261008
270303
255545
298096
300224
290653
368522
271313
438548
337809
429364
334242
407630
316459
356783
418459
371955
402423
311472
289883
272871
382347
308405
307223
284576
403842
311943
316468
315188
322762
275918
313454
349161
273965
303486
312448
294811
291379
322947
356416
258803
299444
280308
326546
298110
346963
253565
236194
244800
268827
249181
257546
266958
271972
239659
252556
255105
282899
270685
259329
236111
244979
214686
275817
281185
239748
329468
287080
279191
253152
274568
221950
236921
233284
278741
288415
255832
265509
239924
282486
259260
203711
350225
358720
261010
387906
232645
321216
372192
250380
285197
234725
323806
292069
340062
349829
354974
278682
361988
325826
299796
218287
274964
313129
345299
297458
351555
235759
229310
297874
294863
292599
233129
258121
321540
275956
288944
305512
282097
240521
259639
367465
269183
316219
217168
238107
297963
311200
303490
287642
232284
318245
388725
275332
258919
284509
247314
262223
241752
243852
274629
288744
289482
368793
263505
280376
348149
265710
277081
276648
227161
240769
327344
315008
372001
279200
361239
274986
426037
518142
387205
327507
346664
264969
404600
565442
349758
496484
301807
607870
529071
287757
702956
392150
326440
517273
390143
411470
571319
520365
423662
508529
463975
639467
434642
363699
574583
465017
438887
396228
444843
324406
446526
280248
443132
342519
382364
509438
345931
389421
626239
332551
664107
428000
394072
674892
567613
758537
601881
610652
311931
437587
642006
617780
400435
384146
579606
723810
447802
695709
365005
474914
728386
581130
266501
616483
394798
653714
767034
358838
506956
768102
765063
316847
297535
478787
534996
321378
623145
635429
602756
376356
385004
323481
327706
550958
725485
357233
451947
455249
277859
351580
629967
697018
661863
648118
544522
522377
676033
593957
300099
418312
483900
559877
567141
562625
579726
532258
615784
697481
306299
537198
351646
595355
512859
530762
487926
335306
370091
452584
604688
529844
439074
541476
504395
668765
498108
574356
604977
406873
273810
498523
656639
412068
516256
455438
671498
947223
525591
519301
495449
549698
377888
484497
618817
286165
323749
455175
556525
473076
393005
414239
338706
453292
399492
415475
472464
432700
381699
331918
382704
432637
320518
302598
492994
395804
395388
407243
343426
296942
377821
436562
351257
373703
473532
458723
457362
461808
345358
543177
353913
417616
372798
463405
479494
440546
292582
477165
342428
527101
518840
538874
551473
448245
470213
472051
434987
421203
346183
324451
325415
409034
493950
467069
260646
353030
460451
364125
467320
303662
306282
394188
396768
445554
450064
336988
322662
368732
351435
416659
405499
270605
347860
327180
344528
360552
322731
305047
302399
314324
320054
355021
351369
341170
283145
382678
284316
311599
271754
264417
293497
269069
247654
299541
264351
273535
268215
253073
261065
286635
273891
257787
258994
291959
262249
285764
299730
322511
258642
297100
254269
329074
301750
288277
396772
368312
327203
283587
322560
301778
272027
426187
353686
226652
451783
454632
397849
379305
378801
309390
311266
335389
14694835
12581215
10619570
8612191
6502531
4516746
5655163
3530411
1496064
997060
1920404
394928
820916
553111
605072
563013
534901
552697
527766
374255
422954
338893
460660
282588
593394
455499
274700
294839
301506
312700
231173
256691
286016
287010
259328
261920
253115
316072
328185
348062
348557
291295
371371
347910
294275
295217
375018
336556
261132
321276
265695
282539
236794
362182
309451
286454
267189
304339
305868
337938
296839
282126
275857
254443
363779
314295
298134
295355
339668
371608
330804
318023
293265
391495
362382
312646
299641
302506
444934
394811
510678
401307
378676
353046
408287
336494
354665
244207
273772
271868
305164
333233
253967
310415
331293
291209
320039
316474
394641
274436
290467
365407
348944
315176
261329
336768
257662
301605
287291
286427
276268
321091
299038
300609
291671
325145
326592
270204
232672
279296
274155
269904
296238
285020
273638
257334
354267
277642
267689
299312
312853
283942
308212
293798
284970
239153
336142
331914
347803
269840
241380
303241
327458
357489
384790
333437
318402
276551
378272
315970
290902
278319
291483
312514
247064
446534
399986
301266
305232
346605
380280
309523
320531
316127
347225
335003
349011
358126
306066
324192
275735
392880
283750
267332
249166
347663
263421
299198
317020
242612
378451
274531
256580
377139
290755
297187
261340
302085
240086
238633
248470
341071
309840
253357
303866
248540
259735
318574
264508
329871
285212
312173
308398
256566
246930
256215
321629
268620
332027
280679
274495
274434
266819
360313
262884
318238
311516
271651
362606
350527
315593
324369
394365
338597
314414
306943
391455
402635
307088
308378
336199
354166
541310
455464
362471
410956
471554
469870
419165
428530
244152
366418
444806
380531
320878
373548
328994
413966
373860
354435
319937
383774
323901
300011
373813
343629
372846
414162
329525
382825
348372
317395
331396
471949
290870
406623
424423
320591
414808
356241
453539
314337
363647
317993
334587
411260
363177
296430
289814
356130
314033
331732
295733
317033
289527
394330
303446
334026
386320
277379
384610
382442
260864
369668
440070
357957
384326
384901
306861
379388
363386
288558
398998
407305
350648
326727
370182
285816
355194
354278
310156
334219
434072
394315
296589
345040
252741
293995
414058
267031
265735
348393
302721
381290
275277
359088
325416
320522
310916
247676
261525
341617
359931
383226
304251
359847
286316
267421
333202
351610
291883
308315
293661
314209
339711
368174
380783
321698
328728
310136
338416
336912
299429
271658
234748
271972
258011
368834
797018
421776
337343
296176
308537
349378
305137
272217
262967
286139
252348
247446
306713
427511
315368
292401
320152
285809
287777
393051
275042
310967
292810
398257
272518
311830
295599
305628
345009
293342
384267
257760
324923
324595
297622
273309
321976
275588
337239
290782
255584
398770
294750
348321
260699
258743
326742
264146
318686
263354
415088
323298
217368
353319
314767
256423
264756
250878
317911
307988
314140
330904
244660
711316
1755029
340012
372201
255303
325578
316999
306911
306962
274672
239685
277106
246300
387736
300981
301364
367845
292388
272490
339478
325605
301909
318660
282503
311108
250927
248143
303938
252643
227513
259465
273466
319810
263837
319607
234709
266287
304669
281372
287816
291391
244069
263059
259332
256186
240505
243722
285656
265163
253364
241935
259203
252702
243225
252264
241857
260974
236976
255536
238959
234176
244408
254064
229982
232448
230627
222382
335259
223061
265711
263501
242723
285703
269752
270764
310947
243213
210500
324587
291057
264782
248931
298568
225375
244069
273963
278839
260254
268051
254268
295948
270511
255495
235850
264533
225422
273695
222280
254181
263303
259476
274159
243558
293147
253547
291034
330345
257836
331587
252637
263592
293359
292988
266556
265359
242070
304295
264888
329189
281634
249394
239915
241787
230386
232183
267480
292090
15030768
12915665
10883690
8837422
6721358
4715841
2650213
3317436
1197722
1033690
325284
639244
302023
552769
604291
367925
523081
387467
347240
274487
379357
379795
360766
242085
435938
447726
314821
271029
248499
243687
263931
307537
250874
209292
249117
233101
263820
234865
251574
258588
246363
598298
277401
245961
249276
262775
211158
284023
243088
240976
252594
274716
244193
469399
342822
223365
229225
258094
244679
235259
253942
247026
220805
235697
236451
287052
225362
258231
253013
281474
220344
224207
250783
258538
392093
310515
284833
236034
226091
288407
254755
261169
272574
278878
252011
318759
251083
270608
286938
284567
225611
318941
349341
221204
375176
269447
291414
250729
255627
335931
335906
333866
254965
264161
351585
325768
250353
343937
369366
364351
271180
252252
302183
273120
324688
326076
280682
371009
287323
245207
277366
250888
259688
255592
359139
312895
248496
274716
318295
231226
252718
224943
372463
315028
390025
218689
285885
283339
249074
373696
371162
321187
274060
310638
238605
390781
281517
361486
414211
289275
321342
410456
235625
246643
459106
363457
328914
376763
338249
315160
288289
278621
266500
419738
320643
258401
257287
312026
267133
329652
245302
273313
377143
333624
284504
309676
287736
306880
302339
280582
412526
227593
301990
319498
381002
352614
340138
274849
311070
240391
255027
252523
225461
264152
230834
233306
258421
247668
317191
266691
229311
334826
224734
254968
260828
271595
336226
280365
227848
354580
296092
316044
374108
318409
232616
370747
501731
410499
443057
237357
333616
404845
251192
248039
353523
340082
368858
294889
408832
276308
360653
286037
348152
411680
412179
276972
337186
288416
278699
316005
266575
266098
246248
226782
283864
245401
284854
258268
266658
243509
237815
222427
353352
238838
327087
350997
286264
247541
238369
253646
305448
246664
278093
241524
241979
230218
265346
241998
210034
284010
240826
208716
293512
228759
241474
234003
346546
246895
263691
261578
233685
273260
232636
295802
217163
301681
254197
240994
305808
306263
251833
304158
265078
295908
239160
311153
299954
300505
269110
323658
327518
337846
301355
258732
344127
403294
431098
389379
267979
316361
342135
421329
297039
422691
1027614
402497
370824
399499
307150
386791
281471
321880
263602
280830
248097
352537
268291
244186
252696
266529
294764
302341
312962
267761
307128
388584
320724
346034
298243
413254
452020
367975
312951
306780
379404
507952
469813
408075
291642
425984
247359
229148
386933
202583
393215
236403
449769
430165
339240
424125
383589
517232
333474
593051
257824
296530
292963
357252
341487
250321
338473
446787
421560
431978
475282
279689
243448
455235
421771
489381
237761
432888
519109
601092
410954
284522
373006
291635
346639
363376
283886
437169
382697
396313
472858
375689
360537
275492
319755
364305
309010
333834
333849
322858
260049
272195
284486
280648
280573
273291
279431
292910
333636
344893
341288
290779
255416
260208
297849
352323
296876
257734
365115
274285
344972
281952
252896
245885
247778
288901
249094
288440
340995
285174
243024
284443
231892
270397
281663
265417
265151
266503
262891
258457
288912
283559
285523
262054
279408
276471
259178
266978
261333
332542
263198
268890
281867
245946
241016
267191
249117
264517
256786
288648
300993
285944
296997
252578
250544
247183
284432
265545
242789
233199
271155
237834
291295
262268
230859
242681
338869
277416
251025
247948
233691
209412
230177
252200
242162
279888
305522
257633
279071
292442
243316
291412
241113
266650
255761
239469
257103
337054
287723
266892
269543
246663
296099
299372
279409
276988
251809
312516
352746
311949
345815
271404
347430
328062
261161
447983
355730
258887
269934
249351
312914
304531
322782
462699
390294
551265
259640
409733
258157
256129
282178
449336
526891
407462
354984
499794
279736
510122
449305
405105
329915
490264
421365
380552
14530401
12403448
10370034
8378929
6263165
4323946
4812202
2687586
2091983
1776557
875209
903836
969695
403633
417016
328199
506969
528311
282912
313171
273595
395623
364878
263433
259369
290202
234401
374109
390813
390903
305652
298268
266592
416774
286404
274922
365603
395056
364483
415008
407705
279327
339302
336084
357348
287343
352394
429999
297261
291386
301186
363059
478643
371474
419193
378938
499400
437916
603730
411359
352497
425859
387583
511854
509535
507524
514499
595518
564106
432122
792521
307716
505109
624816
494986
349887
408987
370129
345108
345843
275512
344285
450896
306974
413034
374459
313349
522969
373406
391832
483762
284263
355012
387735
355995
278555
257671
261378
385270
418357
289405
327236
297137
319975
303835
258240
317847
256493
228427
273786
247033
298344
299682
315377
375541
315213
274684
288441
363299
320874
267650
266122
289030
320818
263670
265307
310667
301639
323004
245257
459615
363989
401170
307614
416616
379843
450666
306262
276252
338116
380271
300297
365340
310624
291049
256806
288497
297469
316449
282796
400848
396317
323985
314841
262641
545197
287959
292949
240842
326749
277670
334122
288036
243942
253068
219912
277132
387533
271223
325228
283675
346692
272467
295584
356190
276707
305668
362335
325218
310548
415368
276282
353336
292544
332565
336174
264108
287014
282135
370761
474856
519855
318312
433434
384142
295116
287230
326559
379883
296476
346761
304150
303185
360256
273561
342973
407669
275998
276839
322587
324352
323420
250438
292497
460773
293544
311261
420143
432327
457640
312502
373966
370931
311005
332822
271651
415239
298229
418559
400039
290934
349322
317625
344444
370166
316925
288908
264646
372531
314896
243221
251849
304582
245798
290336
370390
283621
296380
278736
260743
322699
320413
271356
240680
257032
384090
354351
360927
415857
338314
323637
329846
306884
293197
362969
274452
307138
511719
718898
370798
253439
262989
454936
355342
276194
307793
274375
354070
385191
240675
284322
248427
384614
263887
364516
278849
261134
409129
368124
249709
282251
256927
323812
314186
398031
255742
384670
250477
251378
366013
240362
288172
322634
383015
359134
330509
286032
288137
341635
241552
257434
356924
276825
232099
379683
245618
250983
291344
283221
270697
246785
254964
375356
275195
314339
339237
327802
248956
340118
347453
456528
340964
402316
240137
288436
427112
329406
371857
348821
367715
254488
380721
326567
328813
219693
255527
221929
382365
261522
421664
284647
300499
338900
376313
285527
341208
313639
346923
411699
400154
318381
318396
300960
431231
389362
344560
321305
353923
252789
376467
346027
260886
311350
313294
359075
290682
247819
394487
335147
318273
369411
315749
277452
265165
312977
279267
282295
300317
274934
255419
250142
255989
382273
278764
361768
257461
322395
354632
395554
335445
277276
300294
399614
343192
328092
374120
376638
374856
459502
302985
417009
316314
427485
498217
403704
258593
333066
361022
327686
302325
366239
289412
377503
360842
280537
248754
319715
307669
301777
364335
338439
325448
298453
388998
454378
296162
367024
264422
341022
371139
330057
345531
297355
304671
327113
304681
223593
276750
268535
254136
363026
278176
277797
264560
352722
280953
290494
283235
262869
337928
317622
318618
285795
254869
246207
251403
253671
278538
311328
276487
261566
287731
312333
315434
339448
307846
270021
308252
354571
297938
271097
268738
309748
391146
377815
266217
278482
259248
308465
319802
294598
272620
275044
251214
264050
253688
249370
364010
308497
283735
399532
271273
312571
381976
322381
413615
257341
283891
345028
403787
283079
270887
332997
318914
267821
432231
294702
363712
428658
412612
451207
412492
403233
546143
488935
281169
350852
318708
395977
260153
395099
351691
369651
317389
340830
448174
330584
271462
333892
280269
290456
380555
260023
265037
337266
326916
15634777
13507580
11508616
9446604
7329117
5286055
5109619
2888719
950489
2109913
1497392
978318
787289
319980
278144
407910
490973
417786
457348
300101
395129
335806
303709
587098
374733
366767
303277
292551
278391
237489
241369
279646
262107
247381
217470
279706
240653
234974
257763
243225
247270
319403
230194
253623
276492
238490
267805
262960
344500
268960
284356
265425
316144
320989
279575
306581
294495
298902
277267
329098
302730
326494
301807
351407
296886
258240
240248
265713
298812
249296
262511
300586
293965
275904
264570
273899
277017
321469
267519
258470
271871
251082
236329
238900
248582
261644
282445
306103
257641
283476
308870
323933
246289
396605
276848
250863
273083
343448
243476
257120
284832
306330
302825
271383
293995
315748
267959
321596
283986
344845
309920
330435
303681
280391
289535
309180
262273
286734
262377
290564
290738
368524
260488
300042
335646
263543
352158
223595
302194
282909
257674
354525
309043
348474
341082
302082
314010
339202
329210
286699
348993
311149
302708
284239
316174
254131
393149
380578
297032
329010
362399
374492
319258
329763
350389
443184
329820
249809
334152
329826
268301
251493
264006
272712
246537
218303
243673
257039
248610
288622
258992
260641
303861
234192
237668
278187
257083
243536
308528
339270
236803
269871
286092
233233
237231
263081
270770
268724
289031
286362
318604
309321
265967
240582
248459
304514
271723
241155
295470
315178
310716
299204
316874
426300
259183
307697
296394
276934
331609
247514
263987
263135
312047
259144
293429
252861
295090
304505
269999
294740
320436
243261
257057
230270
349414
301074
355729
292941
257050
298668
308212
234204
277230
324243
313953
266173
242252
322274
299660
280073
338855
254455
337379
270694
283132
309662
263404
266044
317007
296410
310594
340046
241970
338377
303145
270915
277355
252921
295785
299035
245664
238899
328707
264507
264254
320274
232931
329145
240312
327047
310243
247884
285803
287509
244274
249307
309648
238413
271450
255403
266694
247834
269725
329476
221623
310442
321260
279243
322605
271643
242010
274156
278970
269199
272412
290719
258833
251444
244560
246683
260252
259739
246040
249298
286655
250130
246557
269938
315895
287919
258621
216229
325660
285726
279546
213858
245396
298480
224114
246741
279036
304354
341410
331837
264747
310478
351244
310653
277475
290540
296469
296275
270447
252048
288713
296471
308613
241898
325287
375273
314282
313393
243275
288382
391012
308302
305428
402496
312061
319917
351790
272350
366931
263475
256297
270901
306250
260683
272383
265961
324063
310730
267475
301885
268142
316714
266596
263679
306009
241982
298874
311570
342885
288443
428638
257297
395606
303648
280121
376493
390391
339087
347244
322990
339260
266697
330663
404459
310412
366153
328515
280488
315515
339025
266311
357090
329320
428740
314917
327507
402539
355971
343468
398914
283458
341043
390202
408997
428695
341462
382906
533299
393586
369946
444939
407204
365579
334789
377074
329300
401955
260645
308440
297364
396896
277338
362996
379759
301181
278465
369695
266640
257739
337312
387269
261136
277548
288226
357204
492723
418798
364918
406171
304469
299037
368626
396632
480439
266294
328494
419225
362534
421719
531952
236035
430868
367883
561174
438140
587237
412724
394542
357626
390090
354696
401177
296781
264026
522884
524833
592697
521714
440428
369019
394199
683430
284067
358912
438620
311109
335166
437507
372010
349029
315185
379788
326700
283611
382751
304317
321686
272052
308460
271928
243053
321033
283590
305148
246747
306123
432718
356319
366793
353766
326271
365382
330365
461543
293537
305131
340266
389441
323673
338286
272965
362517
355918
247648
282533
282667
354952
255596
279253
282474
270618
263575
263642
254178
245345
262905
234000
264096
265125
259888
271534
286487
253327
236291
267001
256073
233867
272818
236101
236243
228628
252184
239727
16221111
14106252
12109049
10227054
8177644
6159560
4063334
3215318
1108864
1299082
1768993
894618
305068
330632
292393
332923
256709
286259
307278
243162
300754
366447
263747
238618
295629
290977
219358
248478
234950
227810
249407
240056
299231
237315
336640
242791
286664
237428
234125
314514
260784
328640
258507
298047
237898
317359
290024
294841
284631
301150
267077
301365
303269
283131
303148
364879
351737
430244
312209
330397
277194
285239
296198
245553
287691
287649
279306
371914
285342
286405
322440
296072
282708
278789
317289
318069
299421
313616
297068
290234
345888
276981
276719
277099
274577
267853
316853
423049
350329
315559
297564
447650
301702
311021
334427
364960
344618
319590
456216
440721
424104
267378
453677
335847
279025
407897
344826
486624
604677
372854
332661
343244
369769
422177
295669
471962
379708
347528
525862
430384
329189
705834
243895
563196
268351
526211
528135
390697
376922
293301
494078
365012
353460
264404
476268
428596
328169
391487
497754
391899
304516
303575
316321
352409
294848
331102
675898
388008
414471
345240
408719
398511
503918
451702
293444
277440
342177
374081
318267
245772
292057
263736
390967
350424
384197
412161
338052
354798
280643
318808
354880
307184
324706
340190
389544
263614
260512
366348
312697
333568
478397
444624
383698
256831
270496
329792
287763
363519
395280
336321
377299
566049
351625
304254
434523
404837
558540
362588
638890
319549
297434
409281
407174
327929
340068
357742
329348
272793
256510
260144
330115
408990
297261
265236
421712
308807
357318
265990
375692
320825
301101
287858
346221
323005
285628
240444
279099
268782
254376
395393
274357
239969
231254
254318
251701
236219
308620
266420
381146
345410
258473
278293
342179
307362
315606
274098
279310
282320
245806
272897
296682
280083
264302
269848
606855
311264
355218
379108
348210
299060
279946
316748
260120
264428
331152
387874
331665
266787
283671
279295
375429
291154
310075
287356
286288
268334
314692
266671
434282
368028
314084
295927
265546
304152
285507
377044
295060
323705
249902
315193
282590
374805
337094
308855
328424
267907
365262
337254
282723
363051
290703
332041
275007
362461
359134
346317
257822
281203
335954
306515
354763
296769
264760
308979
297581
264228
265340
340467
284851
254147
238831
269031
258987
287135
276490
246554
257429
232964
245478
381393
253767
255484
324226
276327
266063
305979
284161
273880
255540
245305
268477
258692
271520
223636
250327
266711
249353
280023
300353
272078
251067
247289
335916
289118
251347
264555
284711
270544
264809
302827
399251
255736
309115
285678
317102
404257
309848
331308
353065
274095
307293
275568
264730
301190
270018
270810
291263
287912
309942
276873
341623
325620
283225
261705
391108
283288
295255
313684
286707
273547
297388
299191
305388
264124
273846
265267
261921
278842
268860
245392
263969
270039
265982
276031
311696
287266
269789
296728
239412
309544
259810
302637
245347
245781
300104
249068
234139
312675
308409
275869
273007
290439
235456
273006
254742
262561
235187
275506
268338
261141
261521
330892
262114
285892
263224
301021
304804
261850
279925
260851
251089
277449
274831
271338
260236
315346
248643
324200
263790
275848
296865
287456
313111
234784
299822
293607
306772
266322
315386
383727
234267
258481
310514
280688
320825
230146
254391
231649
249289
251814
228034
226108
234461
273140
239439
245749
261963
256935
242015
243549
263841
249904
254005
245766
301213
224493
256713
258252
254147
278068
254693
285737
227022
259137
239391
281726
271379
243637
249151
249453
271912
256637
238434
296961
322587
274887
311856
251900
321534
306394
264324
240832
233597
243624
289161
253641
252999
238027
218964
236593
239082
238125
242790
270129
249019
263070
269245
269444
247606
268339
309253
293003
308070
345903
304026
309704
276891
272835
271566
247875
220535
265082
249063
266309
248675
249991
244382
14065030
11962905
10023882
7963238
5843325
3830242
1879800
3486488
1365220
1048599
1711442
1121189
788684
708363
611157
333074
402529
236079
311854
343292
316742
287481
295854
322062
275545
308224
289623
234760
239383
255167
253084
258312
249906
236005
266156
250140
238942
247056
244806
261203
243649
252865
250457
274082
277684
268452
236503
294020
259807
265563
248761
250070
251454
269686
263652
239984
285663
260860
257844
283873
255812
278063
261052
243047
297515
271860
273781
255061
263883
280766
292486
285810
272561
283186
285698
259459
271607
336305
322776
321467
280184
280825
321987
268953
313028
321821
334734
366902
248860
234390
286126
271862
346896
366709
344911
336388
258355
274388
260311
278811
241146
237628
224538
339152
237093
222590
247032
234129
351757
263221
297754
267263
253351
258427
322810
258141
309800
238723
417724
223213
250545
258703
333214
246333
286439
251781
241016
309168
231962
485171
258655
463959
481133
241680
400389
351443
373090
317025
371464
310622
362963
307486
329206
259811
246236
216589
240020
242362
350192
273399
386498
252905
370095
251859
496535
264504
345501
243733
234568
285119
318088
255594
268518
263873
308436
342098
279025
328410
253431
375009
340976
325756
345421
333115
300642
222660
252003
257159
324716
316921
246548
213964
430707
373484
353358
301244
285955
267409
276049
311313
326987
212169
326244
316204
330407
287230
264342
290665
342652
309971
246478
277391
212846
316663
231728
234607
277410
283894
278828
262284
295183
268562
256660
255558
226136
332919
248968
250592
256038
343045
217629
314811
265127
273015
231309
318396
287518
259362
405804
326138
347833
303152
301218
298506
302887
242293
315134
310436
328484
275008
251494
230353
225116
276992
242118
282503
329964
256519
282707
481823
221211
343140
560157
389788
468437
397624
311091
315600
553220
416031
450934
487402
387431
493485
421909
362933
566694
451485
463549
503775
260249
406672
407434
270941
451252
439081
382939
417877
416797
397010
415791
449585
477367
474329
506015
387255
460120
556217
436476
457995
497262
327723
272822
653584
523799
409904
570489
560828
276907
494641
363096
701977
378699
400399
390532
537668
243679
405808
482047
383210
254450
478049
279803
478275
269705
522473
478560
529459
541166
320028
463479
619872
484579
500493
454709
542695
607889
630403
481339
451809
401410
575577
345874
440570
368551
422659
340568
391238
613565
540705
644787
653469
570062
772370
328385
229327
524860
272495
486728
618038
266720
796989
513939
506036
352752
607057
286191
479265
402886
530883
466660
420381
448346
336077
419781
290515
376131
457079
412159
357422
286900
503791
464761
399353
438244
517309
433268
260632
497301
347741
607572
596129
342289
502209
445022
456428
397879
392059
373784
444426
507538
546140
407974
516519
373960
365364
419959
281605
313802
318594
301911
379757
442337
278986
270135
306210
321504
323535
266272
331773
344098
277415
298417
315853
379307
385850
266456
300714
339360
271590
309284
285757
280587
415021
403250
430217
357818
299633
288299
274209
271644
283745
401882
320910
250679
272721
275452
354483
297015
255676
220613
394157
362428
241491
365552
325818
311088
295040
299226
256448
296955
250433
242325
278819
267033
252047
381580
344454
277953
248853
288731
226299
343168
253297
282788
326652
279868
314323
353752
313641
355763
336956
254569
332157
288684
340407
222146
451097
326531
268982
268088
295015
291221
239112
281925
253650
240458
293959
276822
257020
294405
256199
306443
260146
250833
451197
248527
277289
411747
248805
310023
283615
234336
287420
214079
292753
352549
308213
265849
368028
272743
413144
331005
284401
448211
351336
403778
373740
323498
382220
262109
294574
297456
283094
333613
333824
305729
321300
276689
349983
266608
258801
292922
246989
268290
302795
237765
292771
258445
254708
221216
251889
259801
280083
352711
238930
275272
363450
12553035
10397599
8359742
6344985
4228205
6185068
4076257
2022348
2263790
343165
977473
510955
631021
269065
248043
258218
638153
322229
536041
624506
242854
414389
342598
428698
306351
347816
454247
291518
323722
369274
246976
423178
311217
303524
359954
339505
270763
304251
271669
240838
358128
331253
235049
278118
261963
374334
273084
274280
464449
346794
275326
295684
359400
238521
347762
321044
275765
383476
267563
298910
357187
230817
339976
294316
282631
339917
294703
365193
322248
331381
336339
302250
380337
281954
268399
350510
372027
303662
322108
257659
354800
333167
277951
325730
248096
433191
236066
320014
246209
370750
431288
541723
309254
407593
353543
354202
372606
294257
355292
256314
290372
293966
299891
289344
387889
263397
256470
265952
418046
243216
259643
466393
667260
415318
299624
379153
339278
305045
383791
261100
301324
312626
333095
397815
362293
331547
267988
316619
438051
302408
361134
307448
341747
300086
312147
357808
289961
299059
404755
317910
340708
247620
435938
543305
282056
275783
320962
253650
298304
319508
353321
368051
369501
321198
335366
354863
285571
328128
284210
276683
309282
236346
345599
271724
371355
367977
309563
307423
298094
261912
388649
356857
321941
273897
282475
279764
300527
295446
380246
293362
298634
284403
341056
327876
302044
339481
322292
351465
287430
249527
309745
367495
351560
311872
256961
282630
324570
275909
340708
404772
419480
274387
316164
419524
268920
375211
266141
404093
358187
333434
306011
477900
266019
284181
373698
258031
328421
279244
443718
371959
337298
322553
363289
310150
230477
270145
308992
245832
433606
365350
373656
326353
303030
432361
371748
304236
562603
452891
329541
329210
386011
313642
436261
489569
345122
319612
317375
453221
481724
283526
251574
459116
358112
345614
320458
295108
310045
500085
447997
435851
356601
249228
476446
369689
363398
279243
485355
415171
388052
376645
259053
274025
324003
335005
352308
384576
354061
391102
420867
355845
397423
413102
448130
338327
336719
272031
268148
317215
411150
281124
503864
347417
294396
447256
321861
286439
308495
285381
233768
385287
375536
543490
440943
346014
360819
262139
294945
365268
371717
257167
363837
2210890
437944
4781757
2658300
2459281
1743188
1461353
383567
324620
340730
349378
356276
480333
451146
380020
330356
544198
335556
360864
362425
332376
320607
385166
311645
260275
439269
351718
340155
590469
500686
540735
461835
447869
363424
438093
338149
342886
247331
234413
473520
489829
372384
346295
387458
258271
394371
381206
362591
405070
437123
371658
446852
321970
324855
265454
455721
391864
296514
315249
387976
340633
436534
448618
331042
395127
362954
314244
400068
346045
425949
355644
409212
399973
375430
260363
433910
327834
392814
301224
449172
311177
400952
396978
419970
456192
356032
354025
297883
394789
465265
396212
412227
386237
400942
304125
471060
415160
378321
367332
318022
284540
332066
295189
419760
357077
346222
373636
325803
316835
249421
375487
356433
366729
287057
305704
303693
356161
303581
363928
400610
363583
338460
388872
394105
291446
421963
448371
373207
389918
469992
454327
428110
431929
309808
390736
343309
367885
367432
323532
320695
424661
442580
276978
351337
327210
303166
383521
409032
454730
310678
357338
365388
315791
301289
2024559
317788
443177
449992
443385
420954
305385
438353
390542
278620
295187
426569
400288
441544
352209
339091
422255
431114
363133
463606
345738
400527
383946
288931
409617
288137
430634
348263
350778
311949
331812
294349
321818
273452
391718
349819
336646
425237
326269
271693
267407
288320
276862
334906
314086
351050
329254
355144
321599
329208
366450
392668
373151
349055
263658
383692
371901
335007
256695
260796
352055
340904
250137
329250
249138
265765
253074
225400
233196
234952
307027
268005
208239
279612
204278
227889
272587
253468
228227
249362
249826
258687
238168
12865075
10751146
8764271
6761327
4647643
3894348
1813033
2531178
417395
428488
274772
230345
262175
248825
243406
229152
246449
221893
231842
253972
259571
228727
237528
232366
240240
243770
285174
249294
264686
257301
254777
247955
255339
268056
249458
240759
252622
225150
257850
256000
242099
248958
247137
235644
239318
255537
273849
227147
230196
249203
249731
263764
301327
263235
275806
236676
303126
310806
288705
273543
288556
306309
249822
275446
250198
242945
270877
269383
265019
295420
270327
257816
224577
265755
283087
270539
311453
329446
310855
281480
280243
367029
323995
247574
342518
288775
270786
368342
317021
259070
237341
268704
236796
286520
441916
306075
289221
356926
317310
312210
311262
285255
309167
333994
328270
319496
372704
315565
352782
292166
363225
330069
386044
318141
438141
388664
350540
323871
306024
344316
353881
302384
364099
293913
301183
332876
358164
426370
330242
319196
315715
375877
342926
312950
368762
352683
334623
360673
317971
320797
314919
288531
307726
296975
307169
302806
318298
296766
306681
307263
304609
334961
355629
328412
323559
310594
309032
295329
310066
311442
307068
337584
305617
346799
309564
340695
314028
332365
345585
338018
337001
332938
372257
298127
327786
310551
318463
328869
320164
325274
331823
308222
294191
347393
327641
408396
371279
407684
397213
409522
399028
408784
408152
404595
400531
384351
442370
387660
426712
395239
427215
362812
415539
412405
418131
420571
389101
407766
420197
406509
426449
435917
