1554219873
341576
417186
333940
427027
389331
371775
510929
524283
325249
443480
405337
370867
306393
287157
319670
426281
321908
345243
280622
293453
340423
384478
378218
346765
357445
340482
358649
502180
276259
546171
360544
330774
499521
290111
512056
378043
464103
442458
332147
263847
363961
341205
299858
350742
282479
296096
334603
332370
408261
321065
351158
290998
270555
307332
295809
298249
331333
342041
357664
281808
301775
317162
341386
303786
331060
300997
472232
321725
343768
285668
432703
328186
434357
333878
386128
301422
290945
342359
305486
298500
361661
336727
344458
289935
305955
291626
407010
337344
315953
346434
299557
334081
282168
331992
12025121
9847407
7906788
5773494
3714567
3342273
1125659
575663
355566
272662
321714
320754
393736
496931
477623
465985
503032
350573
454633
482516
400072
435504
374256
332805
340725
320087
511791
459960
545096
377288
474355
366662
469739
357945
503362
352414
319079
456127
397831
376577
332589
385766
382371
324186
271721
283217
293373
385913
272521
345481
327243
375652
330042
353241
386927
352486
366538
417801
391527
398253
357955
367058
355961
403871
349603
366135
346028
365691
327435
391878
447518
355437
312898
343125
307129
387459
367772
352584
404994
355113
514147
360841
383454
481721
397849
430761
360127
294962
345808
439419
301893
489194
312688
375148
378744
413759
492546
302533
316855
290761
382735
343947
361493
288688
349431
432733
325515
384285
425625
401811
341712
315527
266950
272716
344522
290574
438839
629413
445407
295899
332179
358864
497978
340936
359352
314001
524138
516990
324282
549626
316543
305462
380922
393568
403538
381877
403832
297040
337120
249898
337494
357507
304292
306922
415660
395750
288688
451560
328444
333950
421933
355246
249784
354433
596818
457597
382235
423698
329343
357795
403685
345467
284652
361205
302504
344137
273913
262395
426709
411957
389733
364649
378977
283155
382386
373628
333897
429397
420099
429135
320323
571322
296615
365974
432598
428386
460052
289780
377729
362771
314660
375701
384193
367149
284007
377460
348852
396568
325611
328402
295721
421708
392987
292741
426779
411157
351712
317512
370255
294976
313996
357668
322314
381234
340456
354768
255660
366450
340975
353304
349500
427957
387620
333338
307478
254685
374406
294961
368424
352453
292269
306215
369468
254343
282749
362808
382001
431507
386836
393652
305584
372923
367359
410777
377235
360650
480794
470063
448319
409608
423837
340972
584048
326587
347041
283599
312455
276756
473841
407522
282495
580378
374658
483933
449977
331467
354082
270399
290913
282150
356282
405476
362607
281644
372648
341004
307515
360912
275962
305221
328117
341762
331022
301928
350671
395076
280169
286873
399799
327046
345441
378990
316592
389422
376987
379168
314344
282045
361355
283101
280610
398541
333649
371995
328857
348974
458672
260014
364296
373489
269950
318872
294101
288656
320000
237621
383654
329147
331590
425805
387870
270478
292561
292351
338746
372913
309176
373630
353330
402300
425969
371684
324830
299752
264713
397657
337943
369617
308133
382303
330247
336075
329893
332736
449370
386705
367759
364906
352423
303012
272953
342496
322200
241955
224530
315197
338574
332623
356153
379371
340625
323402
379745
334257
376140
321221
416316
347262
505550
362905
338632
375520
383320
409406
278911
364935
265838
424128
371874
329648
293302
422697
291732
305113
290182
351934
290129
378896
295646
365405
291004
359102
302825
368723
326290
367840
325089
351113
297580
384367
350300
329745
315017
334609
335760
283067
390827
387452
337494
314610
239636
362127
314754
434203
258156
310481
383379
313117
338806
392060
318249
304296
345003
347306
290743
335481
279241
283390
367926
323363
559626
266066
338249
392575
335373
392644
439540
341422
369762
433863
419196
350641
324509
335072
305184
306785
350359
344859
405239
292939
445349
401225
390771
351864
354679
285886
477148
382875
296050
375277
343456
394750
308132
435011
399560
294137
428253
411898
368299
395501
361843
331189
551829
380295
346509
506271
362691
470639
567343
591332
576532
363893
488399
462854
369064
304602
447929
411557
370568
303978
396233
469990
392083
428338
424792
318488
372706
342771
323950
276492
327092
292881
360324
356179
275879
285670
284153
368832
8953141
6802516
4712757
2587574
2264712
1679564
758353
341817
476274
385443
338902
344920
409138
333448
389370
299235
257466
264883
248321
329013
293529
249806
318207
366419
338168
355864
342032
324508
359568
282115
329241
238540
318591
331270
323826
288721
275409
352056
312446
323185
389368
328397
362560
315447
369824
352052
346181
335984
397596
310174
269564
375058
335938
303323
359258
338920
297121
310363
363463
249677
291859
318157
241382
401649
245659
298113
281012
370783
356994
426204
427146
270766
218953
349138
330346
306531
368611
351631
263003
344271
313578
337852
288306
267698
292878
348062
284017
410784
351142
357424
379856
505766
487029
448148
316742
506380
327300
690242
476030
340422
283193
430997
366476
357677
300550
330698
288479
505238
448346
415136
304758
364062
379112
323122
373043
363292
383449
497271
480344
395407
490787
475908
557821
308229
523681
389981
441169
428539
425741
365828
343198
267490
288076
327145
402652
470128
267502
331199
340055
329588
370224
436353
342209
366848
357499
336112
275588
320269
345410
284892
289059
254095
326136
231611
297318
313709
350235
312901
303374
318353
361802
279457
346942
306516
326322
260130
370978
319803
311939
340389
331360
368048
343002
378938
303278
363354
326645
326151
364026
334707
297258
520268
408395
486312
318378
508104
305584
383803
471895
307924
640746
624408
553200
536954
616172
367368
466842
499938
485372
519264
397856
471980
347076
505453
375701
380717
339955
437724
303262
366331
477601
413921
411156
349661
373364
359923
421300
302064
353059
412859
463462
516824
327840
431986
340753
316444
337155
304755
350126
385076
331532
353308
367267
240838
398149
347336
352043
344650
355927
389384
360327
363922
347767
393031
363302
368683
375008
377338
269391
371023
415873
262908
298310
404057
367088
387962
426017
421125
454833
406197
336659
368625
386384
395662
373591
457145
462756
423500
321270
553692
456221
370268
374174
352004
374307
287869
286255
426553
617676
516297
401684
347401
507721
531184
297359
382474
316241
353536
292836
341284
312826
343560
422240
313172
348657
320870
353894
398548
363948
314190
349374
371252
432900
343671
381629
394371
371965
344783
286968
381688
397543
336768
352980
403297
414338
338507
420103
267400
269961
274517
266479
360491
377459
360453
386321
382770
360231
376117
357617
343881
378113
338367
386987
392437
294708
355116
322776
346408
284123
307359
401890
342955
361803
355361
350770
325459
374600
348184
405736
315044
328713
347453
267568
265798
319333
282235
541061
374217
362845
436659
329786
424556
444796
343622
413179
436022
334810
316847
419649
516336
364986
375227
387005
446371
354777
326234
382700
439639
290963
284981
392649
347938
370982
368535
342906
353443
458106
365153
332188
398271
383253
339924
370949
395885
359389
342678
340631
325451
396026
377128
325026
344336
279854
314312
437169
422983
383061
423738
339047
306759
385556
371613
364748
337597
395748
369335
377972
354169
344189
314741
293489
387631
340652
372529
341439
324504
354880
405531
386064
348066
391451
269346
316111
484684
368747
515222
417222
576278
363698
403987
384765
386414
368230
302808
418635
344359
407701
344693
345175
378914
325519
421389
430323
396973
283627
523920
346978
495137
514545
411771
376436
272886
402753
476447
380491
385565
380803
400257
335703
365751
589742
354996
422058
414896
418900
417250
432455
348342
404694
376267
420549
398159
498320
364914
390664
280580
378647
320053
284008
301838
301602
306522
385096
346406
364653
613189
379376
385003
336811
501707
437974
380388
366810
407775
361247
437324
339870
404182
361794
273644
506795
302241
419212
458011
11606854
9415249
7403418
5324974
3136583
3020533
855041
810283
571040
567973
338841
554677
526605
555960
565887
442858
351825
460253
365055
461346
408594
419001
438415
418831
449572
489342
364638
322846
293976
322983
474861
343979
382166
394939
387050
400206
489218
372889
510078
519475
407045
511562
503434
330028
296973
299223
304254
427750
396383
448221
409283
345242
280389
356674
318436
410064
394669
454411
322185
454591
478176
434568
419991
405921
284355
429770
534888
392738
594783
536454
324412
502860
532062
379493
544256
365548
427846
473519
350653
254357
322867
354290
287704
380768
419781
369032
411028
267275
442309
366865
337046
415485
306491
294459
413296
258279
307026
397662
306555
265740
362253
331544
353629
349985
425221
317735
354675
450404
406365
489948
470762
534433
486659
292348
359998
449469
394389
385545
313819
351912
397161
311141
400731
416002
330179
382664
389246
287903
530391
339006
319810
380971
403707
387351
343656
449446
397876
372142
595293
509012
342719
320901
509854
357368
408478
381418
322071
484958
384131
446823
426775
467100
343605
459693
277032
371679
342684
508700
285359
431717
332504
338132
459451
363118
356112
378243
372546
515530
347502
500323
476058
325634
363324
371663
460430
390476
302551
327491
391809
455946
504513
371645
328950
375052
327228
432925
418312
498904
280858
346526
301144
293675
399612
306569
287458
299823
359467
301955
547507
304395
287142
485019
248616
394446
447331
427941
397816
357585
345801
338507
474802
276988
254168
296518
401183
247988
400817
282033
446315
371638
335546
409026
386128
390153
281851
286421
461045
294593
364836
358376
378837
448576
436648
346344
378970
285655
278501
376825
321069
366867
316945
356527
311485
366763
351609
355029
263662
441272
346375
328004
378051
373046
271184
356947
371717
387722
392632
299577
272335
359040
285635
312109
312199
340446
356202
379339
353518
366653
384753
363617
291638
347206
574799
345197
362755
308371
382108
520796
481907
401833
337804
364041
502035
586893
333479
295241
316636
582213
552790
643354
543262
481578
259034
415936
610374
558876
443051
519396
443555
681427
349358
322090
664345
311512
456436
449268
425655
704497
329628
524430
356184
404103
346480
506487
379094
294292
686665
348018
497233
440366
523274
326733
573861
587261
436326
513441
552353
447473
362029
549302
421048
369970
347008
529542
356699
508504
559922
352601
488626
506643
267288
372726
671500
339701
553658
391717
475997
436689
440525
371977
521390
314320
613845
381445
358770
330321
375119
434590
330371
336552
416237
590169
446534
581476
566914
359867
740335
616326
417454
526826
313759
549999
393921
387928
477534
452694
536329
481782
523038
447446
493418
402153
527301
369469
468700
514502
582110
359289
381457
611434
306727
323936
435499
482216
466754
510992
473329
482997
511188
521645
582660
382838
586908
371131
497538
497531
424920
363172
355493
454883
541064
420701
476728
478147
519257
572928
453163
410495
371951
406057
399208
465225
366877
619489
496216
475175
395251
381211
557997
433322
350221
513107
417167
292792
350395
274130
252601
506193
409428
538083
399661
527476
472374
467344
355841
310545
322278
431310
309055
588992
504916
320022
536034
573976
452408
346343
331777
591474
403912
413426
300747
329940
339919
385764
399383
329370
377665
342798
379532
373851
354189
337008
371442
324231
309445
282669
490316
435228
288926
344497
426030
368298
345737
380614
433994
440309
536605
443048
301936
350881
243497
426436
278631
320598
447529
272499
300832
350662
322926
375570
335605
403562
315339
404450
338606
250700
402477
338487
415509
453322
388090
324443
407969
448931
465077
10889922
8722682
6729867
4873167
2712991
2137026
1192092
430249
293668
414278
347699
332452
256919
273878
365472
334009
283160
296259
299618
275641
356316
261771
315865
356299
291619
356712
315910
366454
338153
385303
300769
341391
321385
278437
393231
351983
323066
306668
373009
277253
272752
391389
387121
341631
361933
414569
407099
403894
297949
366367
317909
341665
390511
251905
273773
481821
352445
404255
448554
368754
370713
482725
415085
472880
496715
351364
409330
443763
454908
487824
599249
486766
511050
533243
547823
408453
339995
503535
359488
511445
467608
512292
344088
332645
331735
346419
297380
371623
391179
404300
346077
320591
279251
325196
346967
299965
339516
334932
351999
474009
366799
287684
327740
290493
274944
370069
360256
408276
345585
277138
307245
287494
314868
338205
352766
425602
443098
317793
389078
348934
343740
407210
285033
448909
307233
362011
411427
388567
345578
578257
474635
544219
278162
458498
301824
537245
344075
316401
276664
473972
684467
317721
453944
302177
533356
330995
342687
274140
400472
334679
405394
277325
328421
358170
310370
482790
427703
473841
318756
622439
288662
298736
438993
305984
341299
287627
303213
356702
299618
376327
303577
363335
362744
249586
343361
520903
340748
380019
616123
460710
382766
352655
301712
428145
420471
363263
360323
365853
352618
416751
365562
515343
425189
430893
313496
401548
528733
429672
498711
385725
459498
267806
347299
318561
358320
376552
290667
334329
269380
325881
283290
371547
267740
469304
493789
283611
473282
353011
326996
426863
341215
307749
345407
308710
315340
349456
325377
395338
337249
333069
270710
374440
315392
283543
279555
308522
287361
339275
410422
245104
365292
302732
251295
299849
319170
274098
241203
273324
270365
353113
303234
261378
346874
447902
321994
268109
264564
418638
282285
362413
286002
381594
248704
368258
353421
299798
298679
391576
315161
363383
274494
273259
349821
327092
344242
318679
303455
274734
332534
259445
300491
285459
281622
302881
276336
287233
268503
239314
269129
267482
286700
274428
262428
345049
305451
330136
278958
286298
255453
317523
333692
267665
289339
351770
284855
344966
342897
326839
310316
351348
303670
316841
301203
332471
326567
301800
329129
303632
315872
327114
308351
274795
384322
279130
375052
314303
292013
262433
305993
278245
310918
333374
345291
357762
307923
321613
374770
394444
293575
327446
288275
361371
337349
273705
383479
367580
321903
370552
362510
355421
318035
330135
350199
336660
313194
311144
390704
351170
299908
327786
344834
307115
295933
288017
313073
280528
332976
298359
293451
307796
298915
294543
277799
440113
325009
278415
296179
332801
294708
287141
328126
305223
320279
285824
310883
319601
474085
322369
341902
345902
270481
459991
635085
310307
411002
287979
293367
440747
399013
503555
327522
328294
293648
402264
350124
317807
320156
343934
291250
383310
314787
296465
272178
303656
299078
272290
314760
308519
331961
309025
268039
362709
303733
329738
298068
353016
287964
289813
274411
333069
275099
290413
278161
306444
339540
302481
383740
346816
291203
260786
278868
373757
322610
454604
311001
296778
367851
417465
425449
282532
454630
282797
2586480
413083
451538
401254
309870
366089
389825
295828
453109
314113
296981
349504
406224
270291
400728
274670
374290
300146
339736
303549
274555
353625
328824
334870
380607
294052
329001
303480
419346
319976
343681
352894
400176
407411
388942
398220
355683
327359
331405
307333
342009
372457
388759
436756
294624
297200
330176
314640
415563
461677
341825
464398
434315
437383
486399
298690
429357
320976
313961
387401
465550
309946
334171
426352
321670
425689
404882
10693460
8555808
6563486
4741803
2596455
584795
523339
358491
537926
350646
562576
427797
472192
352694
331858
354448
439434
305104
444136
356835
310367
276711
372133
480692
356524
415259
429034
500654
413001
363966
343560
403271
396930
372523
406187
296692
501868
641732
340104
401208
346862
326018
388234
350222
379360
363257
516877
368303
448043
369759
375701
441177
474253
408696
469680
357691
302617
391160
401829
418669
390241
374722
371817
388378
336087
400893
310145
341643
431420
351824
333212
347725
312499
338456
291792
416636
291976
379349
337756
327744
308083
317489
247124
317902
271475
346899
295721
269342
293296
323651
356106
368830
300432
272070
315615
385147
308829
296514
291267
294059
465728
327223
361619
389622
347009
406427
422048
396592
450239
314596
289950
407224
353287
379229
435670
405369
278786
362488
329966
391571
265530
424234
362967
359173
339714
342268
347500
261147
383676
378831
388330
370524
384773
303769
262429
358610
279397
361088
315982
352316
370882
272520
361578
327763
368114
330760
351590
436647
300181
504302
357946
522964
380526
354623
328827
297544
257830
334925
365912
274005
336922
297725
414624
411181
403668
338242
447420
426835
450948
302694
356672
356722
419728
273193
281576
472475
364331
326423
413105
307445
315856
287643
379415
376026
382114
363853
276569
334124
291188
356958
291293
397618
408481
341753
322997
354485
405124
458448
299172
396745
561053
494421
382879
418236
417375
403762
389548
479219
589709
333599
481642
478473
349667
465939
440618
391877
326318
323503
349404
374577
387470
343741
297192
319600
281333
336797
284829
290751
380170
346525
366601
347458
347359
423882
356203
415055
385686
337072
324331
348841
407509
600995
424440
287685
469719
340622
464118
299809
335192
331609
361192
386997
299242
353900
362951
352682
302563
296108
448709
434768
338959
514438
534217
434449
411312
474157
377772
455187
440241
335985
322450
404486
317245
444819
613568
389957
399249
328406
378034
348972
319791
410714
377091
346960
297712
343395
333737
372148
311231
336840
345542
360962
356370
316235
401986
326280
330980
353011
365711
374298
336261
278627
291588
353496
289775
308896
380316
299659
362474
371586
374901
292635
462453
393613
471762
349189
471735
399483
386977
363173
312951
353006
570468
473286
378443
327669
485227
273649
341648
322858
278942
314135
348875
330359
348762
378736
347925
344555
392164
305292
333371
367508
291276
318803
433762
471398
318525
307913
346897
561558
493876
541280
538824
440382
539787
375630
370943
277904
369786
279383
430368
396822
324189
332766
317798
308248
404943
317684
294875
294339
324547
329445
452020
364778
345821
431093
354971
419822
321240
325513
330092
424647
401469
420336
390877
506592
432934
536864
358809
329056
409109
563225
437227
635054
469058
325988
329916
353872
562572
323652
298825
373428
314748
264258
449948
459536
292347
341916
274443
364199
344130
364381
355829
326734
370749
305122
250821
358535
300205
339809
281542
380500
350477
335583
292852
294011
303061
348031
308211
372737
360456
318417
329497
380470
370736
343417
354600
357459
305744
369892
369440
284542
331637
316376
290079
364763
368719
471811
318125
343893
323700
376506
406392
303522
282126
290297
283452
409576
328792
342089
333333
466783
327830
462233
348903
384835
452788
322251
436241
321972
338156
480448
336873
315138
444354
352186
389982
337820
381082
342222
403979
387064
432705
504041
325528
260218
323430
342101
330560
291932
338199
274575
286127
288980
317050
293581
336438
323083
308875
321480
367413
322192
393642
257605
367973
392664
412259
357811
329667
485471
369606
416469
302768
386053
338776
409938
386327
333396
300097
10003861
7807561
5671525
3552380
1948678
396330
348303
477078
532474
326239
325233
377675
280840
482739
498842
614512
609859
366504
370231
431350
382981
376468
328731
386259
525326
476406
474813
348832
2074048
530734
776410
279846
341646
445520
333488
321958
513696
314708
373913
413476
410737
314386
349401
367759
430162
455095
440448
448002
359809
342656
286287
323387
346513
374471
318896
334223
451997
445025
334412
366935
309821
353943
345745
400105
397435
476476
396794
351966
323265
276951
392414
386682
432127
489373
428364
400737
396151
440724
336000
342527
278488
365698
376246
312421
433708
344522
283820
307375
320074
311953
403305
307564
329605
369342
261283
449102
309821
310582
357942
413641
383909
309048
299041
280836
385384
333872
353375
398404
381341
378884
334570
355644
324210
328200
328460
393076
377935
363535
346378
310540
363877
363054
364651
328388
405451
418604
301945
300690
321677
371250
372074
356768
310845
400843
469194
360406
412682
329987
333891
503708
285869
343083
366983
331538
349002
324895
281960
319451
393681
352649
364196
358458
376233
354090
365009
349132
522203
341709
274085
369285
481682
318482
450781
354732
316949
372298
459256
368335
323102
480073
280838
394507
460755
307208
389659
372713
304447
373075
288863
408819
321337
360996
346582
399040
390433
338178
355311
417137
497373
406030
392476
393033
647974
401325
414329
451705
315405
348811
293343
510111
428530
295302
395298
512211
493250
521252
449789
381199
505621
648930
483839
398704
488931
456607
405825
366133
551371
269316
510607
435533
411918
521939
455740
335295
355588
345800
391261
330990
398833
462779
439547
427741
438262
383867
377215
413107
418686
320055
374156
407757
431395
464668
426972
311221
316409
397140
346638
295700
334249
325340
336627
353794
351816
274499
317115
409765
391822
355889
301631
341383
357937
341212
342770
371138
318210
354731
307070
373128
322241
286495
309467
366421
378970
318568
362971
315736
351394
309308
356261
450587
309037
342598
315502
353710
389464
363682
421263
343687
376165
275202
340270
385714
421143
284906
353374
313572
334405
364671
433995
298419
436895
354429
369947
393913
432401
456232
441655
336469
385531
513417
388256
359586
393841
375443
317491
388698
327111
365841
328302
385634
379088
341900
369291
409429
336825
361950
348586
309292
409242
346712
464240
417856
401362
451904
379293
460916
412780
356952
360808
463945
270064
380530
459665
293297
297727
333424
342004
372816
454648
431795
346119
306817
499275
352271
351446
382855
361032
331332
384014
337042
388057
334734
355908
332145
326931
296215
340777
307003
276819
353413
313640
300848
308739
302668
314435
340850
311038
363303
309553
327816
307182
302135
322158
336657
299723
349074
347754
308218
308434
284360
285947
294153
292737
311778
279776
290991
321951
340658
299646
296572
323107
340079
357088
297122
335676
296963
307996
374384
299321
293588
305188
330581
293809
326916
311896
292140
309739
330185
300564
397009
387168
325851
292029
335930
295258
303594
329573
307123
288560
308860
351772
286836
300212
377428
342427
287320
332586
296848
333452
344154
321672
334936
299453
333077
303900
365434
317322
298575
348699
280347
316070
297594
319465
334726
288839
362467
384128
351172
322781
373980
463032
340872
332864
314451
406426
280285
423350
303279
293052
287430
281923
338356
313990
311358
296219
291418
336077
317885
274784
339661
314412
332543
286392
282394
330155
312050
378885
333246
298821
322375
292789
306157
323274
335786
299900
297722
287339
274937
287989
320088
307660
308921
300831
286127
284381
336273
333069
291107
276840
278041
340906
310529
308538
279140
286103
268695
311464
313027
340390
10488997
8311576
6257105
4205986
3297325
1145911
673034
281196
266334
309645
346054
295510
282454
368906
292684
358955
288992
323572
364777
279889
296373
402141
380346
345121
328655
354547
378833
342570
342782
418991
395182
354001
402594
348078
375579
315932
399298
439124
399315
383862
497579
453529
444984
430492
358298
409651
364015
403177
318639
332206
315851
403839
367052
341618
312985
281760
384500
312371
413108
425067
367197
364436
327322
325249
323806
325183
392447
394156
356987
365380
318223
377789
333858
434349
286852
466924
325848
379242
388168
310664
392886
342597
408439
413627
355005
373933
321075
306653
348685
458388
423617
420957
407544
284104
352237
511886
426055
476739
378959
438775
340315
342374
493971
426656
455322
442835
364271
439033
330001
534341
455552
288528
607153
396157
392951
369080
351907
335019
420371
264704
424467
354972
525528
421049
511932
546967
439332
313390
463330
505629
284529
434531
275031
386656
268876
269839
282303
333806
353017
283526
302299
282277
333036
400225
301325
332741
273244
340349
279220
359450
450638
464566
304461
381091
498766
442788
387291
346329
388031
329961
382980
314651
383373
368334
364306
460090
430020
355827
386659
358622
399626
401322
352734
383901
400258
437399
350807
460144
377046
462763
342571
458195
399528
439907
447395
437824
398771
269493
437019
331281
439846
398784
368863
424917
348283
357581
300440
353784
400716
359784
366059
406877
370816
342225
411773
337904
356108
316364
359753
363105
383978
335192
392121
380303
441131
316515
381191
369832
372341
358381
353830
379138
337506
371023
319362
292431
388970
274714
396752
344118
380321
326036
412807
362439
358964
387220
369877
288009
346053
330189
414789
327226
425783
395044
361235
429080
354418
348577
362686
355259
270471
356446
387245
383328
395636
411767
328454
360328
294161
457613
420494
370532
345274
369114
383143
325611
296563
317064
378860
334108
498146
311623
334513
415494
364669
367627
379855
337781
329098
347147
290620
338058
307414
347609
330150
375075
347157
376322
432435
448642
551329
455712
318706
301869
409274
412464
343990
366505
348349
295734
302080
351357
308153
327875
315251
565710
294059
317479
308298
306214
426809
776382
325148
329882
382211
284730
495721
336834
612947
485735
350394
533155
441644
508142
439140
422054
525131
303305
344898
567698
294648
491907
416358
284118
266733
585640
334393
471505
383480
497276
334700
435634
322325
410149
305497
364596
374877
316051
313989
436080
490991
326261
362125
278429
415065
381528
454079
453116
325851
390572
322390
353571
373599
417640
411848
361653
344889
321272
409780
456714
323183
312339
316273
320986
305496
343486
329413
365019
299813
279879
280631
347406
317441
315566
293490
375114
324178
352501
373182
380321
435597
352944
288191
424414
436659
453388
456926
440943
345810
335805
454049
376635
353177
283262
284431
503019
407992
485218
520126
311043
338299
349392
429291
637620
437939
285066
437427
343575
518796
651722
332251
341520
296216
332729
488978
349488
420791
318732
412712
451549
362127
347719
292025
309038
285150
381755
276475
536155
363556
354699
394305
422764
455652
363417
543655
393772
496440
452351
348977
338059
424120
333122
319496
402729
410972
511489
508409
627168
396900
450733
404549
316364
414295
377957
350542
295738
367683
321054
346450
312878
353599
335822
334529
398213
449862
401897
371387
474992
394628
377762
413574
406545
435061
363502
364526
359143
313103
408521
383642
373612
316077
325958
327592
468572
335531
397346
372069
361849
337736
380351
361923
394786
324849
402422
401631
374179
407764
453299
316260
453787
298276
402151
391510
415228
454059
287083
371741
297369
352256
9174949
7031083
5101987
3106255
2441918
786365
389723
434867
477203
405760
322248
321519
483002
545499
396548
371601
394593
414391
370464
429137
430346
537917
383001
485805
393503
629470
413518
398019
330379
355536
492922
370736
580085
370141
353373
353867
434434
383610
395846
397173
331484
348263
376678
401880
286516
375440
370884
356180
345979
360286
376076
344935
356839
325687
338394
298650
329375
290840
342318
326252
294238
355756
351217
354499
323545
316143
293159
361104
320862
371051
354454
403198
317791
321156
345135
305754
396158
383326
382739
346914
316067
318525
319809
330314
350333
319189
355754
329651
314519
308758
329805
356459
325256
307563
358309
362414
382230
345366
348337
347385
389066
324811
394490
355536
317038
306878
479820
379815
361703
365765
309427
369221
310153
347029
349148
351813
367395
368242
328241
345265
357174
373090
322907
329174
290885
307385
336950
307244
359970
322259
355451
328305
344428
330504
366631
387637
314909
385136
285152
334999
283069
283231
294382
295219
319324
255732
300493
301800
291616
302519
297954
319249
313393
314835
312344
321338
314245
346429
307848
282981
298024
313112
286546
285025
317518
312634
308794
309576
317775
305939
304113
316007
315999
314848
329066
305373
333152
282043
305663
321908
291947
329829
307313
278652
310337
317050
330815
297330
307714
301950
268688
303282
358979
375534
341824
326844
336629
363808
356500
331320
317651
349538
308315
403142
399683
400339
364711
374292
334069
382380
378155
282873
292794
326294
312147
312774
318489
311757
311072
310448
327460
302520
313595
322675
308798
298232
329294
330293
303188
321927
305061
321928
306062
316898
306093
339381
343450
328957
329804
351237
318761
292870
312924
290530
329523
329923
347861
294016
310231
313902
312000
295556
333057
322568
364678
325731
316871
361086
369827
326890
328613
313787
313484
298304
331330
383754
370957
340422
300092
369554
326003
300407
334073
305160
314422
299624
299095
307365
315012
303777
293592
321558
302002
297959
365131
361691
320501
297866
322407
295807
349106
479864
296629
426483
282737
403997
356155
349030
487056
363387
368265
432826
341267
375395
321227
441486
335481
305698
327753
305966
352245
312886
349871
305036
348567
327867
355545
326420
427322
408636
379843
324459
316869
335832
313931
323712
314203
340303
301827
320533
315232
341053
338828
308803
309525
317974
302201
303374
305738
299959
311205
319080
306039
334478
307715
335489
325166
313208
312174
322805
286090
303334
320723
311155
293515
287745
298264
263092
337195
363715
383091
351799
353300
359816
322171
335190
395041
399240
283205
418560
539844
637126
398603
487404
472633
373637
726149
374004
390948
326726
583482
526635
512567
522364
727971
438800
508544
579676
639818
394499
399674
485448
642454
548731
449561
713656
596305
604292
386081
757611
312831
473915
659683
352392
447242
696301
362231
460614
526456
680865
580928
422523
422219
465864
650375
442034
653406
361495
498347
527964
512802
777478
538573
655881
511174
667712
509571
477329
681179
349571
392975
525457
347084
596208
618345
378272
531010
369181
363275
457522
394542
319346
465832
395854
453941
302192
365661
407405
492555
352677
390214
358598
438551
399666
411817
389199
430792
448733
477091
445129
439334
334858
406636
361299
331862
405798
450343
418587
349961
318081
382050
351171
344838
319782
322653
296942
348315
325598
387092
347186
370605
290719
398943
578083
363406
393653
284635
384173
359448
288000
340158
373790
277050
484619
483742
450816
495468
482124
332032
400271
287056
393734
333895
417505
341727
359845
348297
365755
656921
709809
407746
501540
400942
493223
389067
312733
359739
314745
413310
9403325
7268086
5184835
3103762
2025422
1020364
310403
430353
354870
374061
298634
554412
350273
312732
378750
560780
332889
326644
332664
322106
317806
332539
341111
566763
336586
528954
365911
393581
483616
316886
431973
437671
591259
371442
366801
439409
375783
426598
354170
456493
327962
324543
617825
483559
348046
331952
351366
561256
469432
513954
500036
514227
521552
468732
586213
482810
343077
409355
444686
534994
425573
307447
399878
409886
429287
426111
407171
382759
409133
278830
353281
306522
293435
304880
371470
422088
344676
362923
361794
355838
344765
335396
365164
324714
345628
346189
337210
410161
377377
402325
430413
457157
357081
366575
361316
492275
370342
466373
331629
446353
384900
434988
391042
472524
344930
379117
324811
456107
417380
427518
347525
311952
375920
532828
483295
662214
393663
399164
337867
532898
342877
476259
469093
469257
541846
563186
502536
563288
536535
331764
363205
508436
318962
370082
336506
459221
392865
343561
345762
311713
311807
373241
399455
317108
363296
336653
358991
376772
323232
327916
377920
366564
298707
303387
364345
396813
392833
337988
417119
406739
315453
368484
430562
406302
328105
390743
329429
385597
355212
363951
327099
364903
399938
320121
355674
337062
330846
374880
338748
314944
338222
354795
327753
369120
311701
361445
386416
370602
345012
385173
372351
385168
375552
509733
414140
391254
366491
399208
371782
339795
340742
367497
356347
320898
340058
378125
292222
320726
311356
396078
307514
375625
380133
377797
351303
362815
309618
408893
339490
292073
449345
470448
324348
433399
385033
427660
426508
444122
362132
369692
417033
353790
449092
400369
343526
461837
532208
390018
559730
421549
401740
430694
347481
340271
457330
315813
274780
350348
340339
343753
360850
369359
328266
322550
386504
405059
330491
353476
326160
358650
365135
323139
327819
396487
318547
314461
395650
368934
357861
325805
334875
367087
360867
356058
362095
408127
344644
391955
363629
386400
321973
343625
333883
340855
354864
318275
340585
331901
330336
344683
297229
284618
583507
341286
573741
374346
469197
337226
364005
415654
350818
390329
489983
311107
487922
445078
357319
343664
394742
355273
297640
405421
416170
343257
348188
355655
339453
310134
337739
334231
366220
362153
305853
375882
298748
311569
305986
345838
341548
333011
316160
336156
329310
309171
309620
403865
293405
309928
429911
316786
376872
363241
346671
324243
337356
299787
403436
304949
304297
379908
333796
289389
284348
320786
272326
366781
398283
342778
344985
338314
423293
436644
342261
303253
310839
412286
473830
388567
328017
498623
536797
349892
492848
432724
457127
441293
454172
553479
443218
320682
359166
402217
476043
452461
388369
398528
381045
312081
388647
468191
345539
489011
454714
420813
504843
295432
447795
615381
556254
1020076
347070
354991
306716
306489
385609
421309
425851
348391
311795
323081
345067
474990
384189
358097
316248
295954
343747
352984
326424
358381
309736
353998
350678
349156
359660
317247
311259
331845
306130
307097
309327
286518
320650
332731
339371
283691
360833
398460
326262
413875
425572
337861
388696
351584
342120
360166
368974
385787
360509
360320
371685
410279
397540
430769
372747
364459
332705
374648
408816
408045
363815
383952
315186
334355
392403
383511
344190
338575
382223
343284
381317
388455
444125
312434
380963
352594
374513
419968
344388
379877
315015
354071
393566
315083
433309
383879
370624
389539
407146
416804
361397
302430
425174
395921
474771
438436
441561
381657
387145
470305
372629
412484
504586
443147
405417
383658
411405
447456
438312
366572
375179
346950
430325
307756
380337
351588
9948309
7806565
5784749
3700659
1524337
465368
655527
494593
673140
290661
325148
529717
574826
472568
348149
453154
550451
391201
384722
413165
488527
449270
448723
426691
454352
365814
377446
378051
325904
374140
381245
383819
353598
334204
360263
361476
424334
305010
358656
349841
368352
357038
314969
359654
340705
311400
351179
336252
325326
360310
322926
322893
348879
319241
373933
329328
343374
338339
336419
482199
349949
458945
457388
400653
444368
416959
391228
359675
364598
427539
364177
363318
389590
327614
371235
424521
336305
301531
446719
420562
436442
344323
383995
383592
395667
299933
355680
422708
504205
322160
387177
380539
371757
376576
406611
449259
375418
443024
395601
339705
371869
334565
331536
271958
333621
295709
344509
341136
338851
312075
344903
357681
331946
327244
319132
301016
314988
371600
318317
352285
360865
482886
453217
372496
363403
383124
447025
378899
401195
383764
345032
327476
319443
340706
309388
308706
343835
408104
363023
358396
372037
326152
300867
338703
349766
286552
375487
395606
417405
423909
327462
390775
407229
385822
373199
511124
306215
282917
320651
270604
300634
254232
320488
293608
290275
316472
274076
286438
398610
497474
374186
387547
269535
405458
373810
339738
353867
350327
328737
319601
330152
292229
323511
415093
377425
417919
381732
322109
362370
358961
469657
559053
300132
306521
316726
483210
440274
310609
473994
511364
303154
564043
441644
323927
403902
317607
413437
550868
299981
487513
581800
632272
593923
512262
301049
335265
286649
423627
325515
313482
393678
377269
404679
431360
409834
423857
289392
401887
457922
406290
490704
408715
316759
331407
320745
388364
283631
384998
420125
355410
446014
310452
402749
429313
302946
381213
498570
346294
317572
409229
362023
355869
470731
339071
476633
308070
306976
319540
368715
420864
376187
468360
325628
368451
510472
397936
485851
562100
373250
436727
556940
359015
530776
407652
305071
390742
326554
438306
394034
347686
383481
459722
444743
424820
383431
360348
369751
370775
429457
307641
398441
317014
375279
390628
359449
291302
372876
353112
329858
344754
373718
300771
441295
314321
337680
303883
325573
332241
297464
373028
315986
433284
353555
341689
309548
320770
255904
471357
366211
464885
315894
418890
287959
293861
322788
306012
271532
295823
362926
354647
302386
314313
294930
355286
358655
413686
425827
351192
342669
357561
425352
399400
308153
371069
461731
284193
321922
599392
318215
433882
370671
346569
372090
334738
398787
445174
381778
416869
369373
429692
393939
394166
378103
317487
372104
305439
336159
315326
361234
332783
316327
316215
416567
293489
335580
309073
305891
314545
329952
448801
393750
311539
284810
300067
297798
351503
307957
397496
325978
469948
377514
384734
321126
301756
321931
270655
392229
380456
325108
372142
350539
347298
370859
375644
348058
310660
372837
306750
327766
339180
306499
296316
312144
352589
294301
314995
294178
302502
299995
300999
326596
277953
342089
385882
430355
323224
317874
331080
320682
326992
318766
328737
366013
302667
306530
320178
344592
294616
354797
375015
335820
360052
323758
404951
336020
302653
375105
336506
329351
293462
316588
334301
288721
329900
354208
350758
296525
443097
348255
351581
351134
272618
356451
307474
335760
309753
332946
371306
330175
385626
307664
299110
384192
384229
311718
346192
306564
364401
325511
370013
279288
376471
303115
320585
321485
392759
393584
317132
327152
378307
330012
306018
424636
312064
334776
330334
387344
411467
349637
365759
278034
281948
293488
280185
297820
286073
426874
298165
295275
316637
307690
409815
483779
488876
368617
350044
337867
10130284
7976894
5924311
3819405
3568776
1398976
529641
606149
410280
409990
354976
397178
287014
278927
272709
314595
314794
333375
393458
308951
379757
314166
376404
295446
315181
313545
308578
308666
376624
309332
304441
280825
334082
267221
290672
313744
298736
292003
302667
297270
318066
283922
336220
302256
426065
291621
319118
307246
382800
387341
378262
381389
355011
505159
379220
316758
312682
416017
435820
434708
512006
272654
301276
568091
300927
570859
515296
441763
329204
473058
544395
394178
347586
314839
541771
546018
690338
420965
573380
591682
528952
610729
278831
415444
317686
550280
422183
277301
489847
487417
479787
444192
456885
485874
322006
521968
413631
443203
356317
366823
400702
428753
392006
324230
320344
328252
282286
360667
325326
411494
365184
308605
398718
342030
339498
349846
379246
291833
317415
324026
306925
337946
285687
299095
268816
311998
300503
301867
293816
301001
370195
278908
325359
322290
291741
290740
268166
282672
278375
322197
289602
354060
281004
594108
287029
325756
308257
291581
442913
423534
486414
434056
320043
376087
334185
420016
453905
332337
301752
400386
350493
307525
351963
377867
346535
326234
281345
313273
315336
308140
356726
317339
281880
359425
306581
302976
304315
270756
307670
302786
313722
315191
311120
322677
283723
317548
290983
318584
335682
358721
414060
292917
312974
314659
258324
333924
341800
307292
313301
395274
276239
403047
418735
443430
422189
338643
297897
428078
375204
305036
393715
284978
459971
320287
447223
470291
350856
434684
458317
382908
501163
327122
357926
332380
434591
354767
310260
281080
344231
310737
327429
333507
315496
308816
296111
307344
314207
303562
285794
329606
305493
335009
306449
338875
355318
307651
277551
265354
301132
316497
322035
329253
324523
309107
318690
319915
297064
399958
333775
334638
320997
347406
334138
309441
290718
352061
365930
311774
341770
328953
271221
326446
312081
329417
304646
339055
347087
319041
297802
352592
328262
380376
330798
334138
337620
338408
324484
381834
351954
308220
349264
358215
304732
348979
336962
290439
311837
339329
281109
302946
345094
316814
295130
345664
280065
326146
363607
288005
300801
289897
305289
336759
324306
287289
356000
288019
300427
339058
317091
328466
309930
313145
307601
324977
280986
352606
295350
318345
405164
273591
330651
335737
321089
296265
314434
288381
336059
285676
305159
338853
382244
321082
314400
374992
368403
336142
355408
348388
354200
342365
356554
308349
292266
285531
291032
285756
357313
301120
309385
319648
317507
283991
289361
295000
284831
307516
295824
293717
285702
299287
301123
298698
326849
303421
293815
296311
330375
296275
283089
316388
308126
361834
319293
320354
278883
294285
303687
325690
314017
299771
309441
293461
313621
300490
309437
286335
351167
341430
327950
327718
324764
281300
290757
361772
292422
328093
304167
282924
309513
330194
285733
305110
285984
309208
276791
279639
304480
342169
290266
339124
273876
341624
294059
302529
329286
323580
270788
301418
352497
267789
287873
310263
273702
353424
325709
293678
305952
291844
282644
325076
390906
360182
310346
320200
325908
331372
359584
426568
398815
326495
308236
426624
395378
320616
399588
429773
331675
301464
389093
432638
362766
359774
370760
398372
350841
292523
291443
349533
309715
313519
305301
338901
337797
327485
298412
298602
323062
298818
322465
339877
340786
374889
376927
331878
378596
311261
307374
374757
315571
393371
342232
320505
426724
386401
328546
377222
480812
425260
382982
434675
326239
479421
303812
311438
355201
422844
431119
371484
473323
421427
345451
369327
479865
354997
343719
348424
353062
291272
322540
297412
9090738
6974715
4994054
3085443
1746418
1012980
288472
309233
392854
313918
349137
320238
283397
327299
307086
289670
293492
341724
298571
401364
313036
354149
317234
359733
330703
295173
306666
330431
309971
297072
338081
325263
310971
387395
325563
312217
311943
301496
261993
286676
347799
358584
339212
307018
313812
289293
342156
364657
321675
308982
351614
343702
304460
400726
360701
336037
298304
343995
320161
332422
294274
319812
320945
375861
331018
295792
336970
341044
382972
449812
328492
426868
356477
404309
478487
311238
301630
364246
322611
356490
341130
291412
326334
305288
417034
313450
318923
315216
323194
426767
319138
311257
317092
339045
356607
304477
298503
307255
293826
316393
294906
344552
359127
357322
308814
319296
327586
337129
357639
259104
342260
351256
384751
364139
403095
312894
335666
531978
366855
461228
492813
456205
520073
340341
428861
289383
359101
408453
437349
422415
447370
471520
284689
587767
381402
406797
313736
588671
583420
542812
539521
545405
450881
314975
591931
555995
458481
510879
348313
341898
502766
403156
371653
463595
317139
426377
526048
437151
299060
298806
321411
364539
300092
314576
368148
477664
331609
365966
378568
360806
383327
403755
498124
366428
388700
377123
366913
423779
438577
398785
342824
333027
306000
334888
343700
327087
321491
312081
408664
445007
369214
462159
405439
393128
320721
471003
477900
456326
403707
306952
324308
445965
300036
558240
452646
357450
476744
303068
470770
312678
341458
319648
468004
345562
295749
359911
309916
294661
361052
538317
275646
524514
315595
434817
327344
303442
334851
372618
334095
309420
369389
402730
351449
397869
389941
325372
334776
324497
316634
350634
315149
360188
356766
334503
301423
386248
312221
375257
380351
354474
365329
332795
303957
322471
331678
300209
319141
284256
282426
298560
294035
270698
275674
288498
290463
287826
320067
306919
295574
323126
326786
347196
1018297
359182
374341
285361
327492
310947
327093
358598
317930
355742
333870
314944
302940
326645
347838
336216
338297
355962
320307
311485
309828
308302
360933
303686
315225
351529
311454
310462
350447
374047
313138
326403
417123
386274
378201
392010
388573
313643
346239
340215
378883
316935
330369
319194
323784
295423
325024
331304
339896
431569
295395
339874
465575
409191
326835
375360
340655
313548
287360
327152
298681
458161
466824
541913
566418
519765
333641
362191
411474
491618
476318
443327
302307
483228
394612
327153
343407
423896
351537
423016
409160
350979
428802
305633
444538
548179
408189
501750
398934
426930
578752
458536
497905
426660
412956
398382
343777
498123
318181
362324
348541
319039
361490
285071
346801
291975
287299
358914
390250
302876
306154
334211
345414
392057
306684
289117
351204
305591
358327
445576
379032
388348
348495
413277
335825
368277
347104
377852
304454
358739
338990
337238
352992
488782
339384
329542
355484
337655
337685
437914
282100
359324
336249
330580
324368
319095
449019
341907
401376
318878
448945
336942
386902
378169
320349
345931
369777
345373
324078
422181
414535
278893
355426
429231
338475
370494
420414
384103
349294
328007
356346
361146
325263
326029
396881
425112
419163
374319
357497
341866
339525
445574
425107
441062
409028
364143
311095
352487
401705
369123
308626
288800
333009
509553
331484
359415
404903
279947
367413
381750
333560
310948
465290
303908
344493
339383
344201
406724
300170
310578
292529
302055
352470
356320
321971
324894
312370
314388
314232
316054
357976
318495
437455
355006
339928
342893
317757
314774
338906
376802
323266
314558
334698
331084
304280
352385
326248
286648
361919
342690
337557
326187
401101
330154
367009
385045
384989
10019318
8324198
6679462
4503695
3903310
1762614
1003412
547781
345365
349484
354972
324390
352652
309059
337374
343772
475741
405022
304926
424677
357077
409012
351566
412138
438105
330297
395364
395563
356597
416817
408574
446417
394193
379333
321960
449542
360928
406026
473579
619777
435762
436322
340057
374226
396118
376333
439694
318859
356774
417174
438451
339343
336939
336100
349811
322497
303493
301158
498426
362261
349953
609974
304921
393685
329640
429489
352684
269014
312905
278494
480274
447623
345682
467401
365170
268738
407444
399578
339549
293970
376997
333290
415568
385011
318385
346375
484603
331831
345825
325777
325460
299852
302286
275915
334397
324243
358443
305696
296224
323398
442631
341146
312296
276706
387031
497192
378304
504709
385324
286653
352063
448000
440373
330289
352057
455225
421715
408418
337410
333170
391610
336346
318176
329434
297568
358614
394132
302712
334469
308368
324273
446268
337423
329970
577591
453785
320976
370554
429861
309252
378447
314953
398621
526326
320574
347316
297600
329592
275246
449153
385739
315870
337861
312057
382494
314315
298917
341000
419100
395017
485906
467079
408796
523734
479510
302962
306941
372172
305998
454780
555392
377704
537601
478797
581781
399222
338185
418131
407786
339478
400868
431293
312076
400996
422079
305541
342447
344398
350926
313544
429832
346528
353587
344003
466616
377637
452282
413439
386752
444025
379391
474111
397512
392875
355110
387438
337466
401195
314366
481694
298701
315930
296508
333460
374385
339457
339100
294795
319544
283216
369040
334875
346053
425167
348029
315544
307817
359923
309517
405569
471430
375541
316910
336244
287167
336372
393695
304618
391749
327348
440037
387363
416436
452881
511389
500266
440612
545330
355447
401785
334671
550147
311219
473120
539347
353402
363069
380767
306089
310919
296408
326500
403078
373564
552955
367673
321018
321116
366739
300883
369673
350945
349614
352421
407194
362277
526659
462229
343491
373581
398047
336333
541470
411097
456818
380358
353829
352555
338165
377448
333292
326166
453168
337544
412826
287903
362247
285910
430689
327239
313940
360344
351464
307954
365288
341922
351217
332002
378404
468875
343657
384038
419591
441565
381941
405400
362298
356481
310091
346007
403459
344177
340508
442157
329021
392084
311005
323031
351121
363727
324291
317466
320030
314430
312611
341328
312350
313180
329103
306742
335667
342994
326362
331433
326518
325821
358131
311691
322655
356556
323058
305719
322621
305893
308442
356547
313415
333855
338469
360686
342627
362331
349619
331870
322639
314851
321318
403495
388567
466780
297253
347399
354124
324784
297892
332367
393040
423361
368294
458936
406879
348720
389446
435231
290190
351402
318586
360195
336109
396221
319928
498153
306873
368313
373906
310814
379343
302042
340038
344342
306977
358985
314287
337615
348246
364575
319055
283260
393943
322919
388592
290000
347455
364600
322079
275883
405549
325090
298944
337552
373528
466052
416396
357985
367273
352435
425639
303344
300915
388904
392855
279945
411257
494479
388999
362861
348785
626925
356980
438608
332198
523016
425867
480840
444244
348465
338962
426820
505848
400288
360332
402656
398030
446783
489214
459770
430780
485306
364160
563296
516795
496319
465174
431755
490198
406283
509364
442801
439852
330539
425193
449435
347679
385148
342037
329320
362899
354549
389470
379721
368463
557737
424380
458884
560570
390428
492374
345308
520739
302059
522224
541242
428354
484034
443037
327821
356341
520612
461064
468380
363438
450228
560974
515377
516772
561953
551650
402310
354277
542356
353191
353316
317527
352485
383981
448720
411568
438438
291201
390776
10504471
8360841
6517812
4445045
2212753
1853979
386343
366909
444175
469014
477970
448265
401003
393318
401452
395823
353052
332757
430440
362633
389649
332029
319526
373012
306188
414935
297923
338598
316191
347305
277667
324671
368495
347952
443740
352987
428810
297861
405365
602228
351416
519994
400765
418232
407328
388958
519118
370124
406115
380957
350247
583995
459150
468329
558720
647490
379533
455897
357302
425949
668152
360266
410755
527124
414865
544840
361036
444872
594943
485126
477536
400095
569643
494804
428589
299789
337790
401574
613884
341657
549417
499784
377127
391217
372189
300415
524028
383146
385150
481650
373378
517359
431362
592574
440648
431075
515167
651340
607247
647634
597988
666127
521264
655250
672784
614676
461282
413701
385896
492231
588645
606028
616895
572447
429767
588024
554279
533834
404541
611840
374724
420817
462183
380401
327489
337568
722454
513369
393285
433155
436361
389925
296044
319396
462642
373427
424416
308317
275218
292256
344878
350584
323723
334821
441856
329783
308368
421770
511058
351476
306173
341531
337597
350035
503329
297071
359565
391241
332383
272047
325319
395507
372524
311774
286976
288756
330970
311118
307375
364146
335654
386985
318528
326689
314566
349278
352926
371180
293216
330917
292678
308905
302222
287793
307645
283775
346435
291819
372087
289818
369092
329520
318435
403437
306103
402111
449292
393741
395429
421243
415757
382522
304699
328906
388555
353721
322510
326034
353767
452932
460808
463930
346859
336078
328072
382905
315752
308652
299876
334765
306255
324952
297489
396005
423278
298798
339628
341400
356343
399095
395542
360736
324953
341792
343924
336387
340578
371299
391923
308133
332887
283757
341670
303079
341070
354378
346694
353406
424935
350816
324695
276187
364486
410563
367048
332870
362865
458290
332733
432730
459532
357939
382127
396189
341355
344901
340634
395818
335178
289207
337920
329382
314283
355335
325165
324800
408794
366774
440364
377596
503988
427950
471974
501253
493264
367909
547411
503234
310273
509939
353828
449862
349058
351042
300209
305209
329069
391335
333814
456239
342377
313058
273924
355566
338576
315655
341740
359522
346691
362367
369289
321320
333282
349409
404558
320111
343038
360381
354269
313705
344863
372789
439213
366407
408292
328214
375485
327041
377605
334187
373074
303840
314050
349388
299932
314722
355761
309071
346857
329680
336314
310511
308055
360078
358558
347286
323100
317298
326643
362539
477774
348446
365585
386144
333496
412639
583200
330557
340779
341260
334127
293156
316251
364248
423652
1024027
491009
391211
353553
511001
324145
361415
288966
384055
326630
346328
490651
380871
455197
551549
499974
402247
420803
471586
453937
482608
353357
361483
489246
411878
338322
421337
461794
332373
326904
434904
320693
351324
343396
458123
329532
414478
555964
472021
399244
385247
546301
484216
409999
339212
492152
310411
459506
441359
303237
449431
295804
288293
518756
545019
355737
322408
320263
490839
363050
311356
299898
281808
357840
386967
319008
403376
376052
397584
341537
380387
286818
293602
289170
396329
282478
300348
334072
367775
309769
346159
352594
328195
343082
383829
317958
465408
343937
435950
411964
320585
384652
347966
513125
301999
353571
332618
334891
339674
297112
309994
301882
305249
439815
309276
326659
289614
387824
331396
328414
327331
439905
308989
343668
428342
283324
314338
268104
319098
277316
385115
324968
463188
302624
343501
364510
370337
340112
329794
471118
304005
357409
404408
346354
336342
315154
341591
344588
356568
367058
319490
309265
352378
325191
352448
313080
324741
299708
382155
327470
332268
427633
326299
7050102
4872074
2807282
916834
2382260
1053891
413777
324339
332817
308069
314587
386103
298367
361384
305834
487193
336941
331443
299546
318115
298347
312098
330333
504987
325775
359525
366350
322377
371907
354378
340994
277427
345837
346249
336301
321740
423337
305717
306751
399434
344877
332071
323207
306840
295608
307558
329738
311456
296468
332706
338750
283324
323176
353449
327444
285624
320446
303020
312683
355128
324756
328651
306789
368180
382175
409147
504542
395781
336120
390494
382972
437630
425077
397554
469777
397305
434579
326878
411510
319713
325449
351251
321580
394678
311479
327026
281317
291048
316934
326059
316461
399729
335941
374489
369819
349621
304332
312285
445773
328455
456070
462882
410634
436813
403134
301525
323213
400738
314859
352124
326531
283844
324414
415541
454068
371616
360536
291970
291236
339286
388983
368770
314642
397401
314214
359748
290726
308726
317901
295345
299955
329363
286234
286264
291315
679952
300577
434242
432101
371604
265403
314474
475544
299630
350770
340442
393077
373623
561351
371630
364026
375234
361957
486668
340816
373018
304096
284473
329624
353951
320383
330008
308220
279966
299993
314846
512853
401243
396252
293480
303144
374313
309337
339842
333273
291278
339358
307741
312194
282660
268262
350667
334003
383923
361754
307851
357348
332539
277682
371982
351323
353706
341690
352634
347915
366794
363409
335727
357119
282300
305359
413185
405279
422137
348468
350568
292474
313401
382512
288432
474515
280928
382248
286882
300681
522315
353653
302070
319501
550871
419060
406892
341243
376247
495107
422946
362327
316484
377963
500126
321008
330726
464138
525105
391331
403655
376722
358719
326130
304605
290318
546678
334714
413472
333286
390693
315565
451276
477891
496300
528214
412725
495043
547235
325158
498342
583639
384883
391466
530679
406267
672294
605999
602884
524097
552111
459307
325196
646308
328900
316986
398981
465873
343024
325694
390519
395734
396822
389076
371858
383193
371027
535546
536917
483201
415372
407875
679464
407097
290703
310022
300183
356987
346473
433065
358414
354215
366233
305586
353165
314733
322438
317194
338731
397937
402500
326537
381372
351818
347157
442777
312906
317343
293932
375858
339574
311282
357302
391970
331231
344925
380316
341658
336194
299933
333333
315410
330567
333042
350148
338675
359876
362446
332569
433389
399594
394107
314184
339443
358660
383608
337084
362272
327268
360387
336742
347090
326097
352359
352935
366105
335786
461789
304813
408713
332739
362874
373170
325681
364933
341210
343259
328506
339106
392658
394607
406569
309331
413255
412832
398612
323882
343323
391719
470196
296246
429751
359657
384476
295576
381296
386314
324786
358012
355068
355781
321951
378035
331052
325720
309474
316663
359231
342146
334504
337617
353916
414350
415026
583544
359192
326206
316468
389414
332715
332846
514408
321652
461618
419918
316782
349324
330217
299419
307059
306498
429872
412500
363844
511186
421501
409174
410593
412534
419228
448176
407194
463153
417475
413699
370159
360920
346362
369062
342093
306838
354185
389843
398515
430839
400451
366552
437527
296646
349509
427006
382467
393647
401957
434639
336583
359770
321947
335155
329021
463842
307008
703159
429965
521081
290400
290946
295228
360563
318820
411306
384121
415310
442822
340751
373002
331063
365704
308311
345201
352542
372320
340461
307116
428761
284573
433345
354006
343851
434608
381769
426676
445811
355975
328203
407681
319429
420717
410524
348511
370947
314827
408423
316376
305939
360674
292992
409179
277290
290100
314594
337254
330164
347373
374887
324443
373864
383050
356506
314653
345945
301706
308091
336354
9139972
6996971
4909709
2821605
2914798
767391
1009352
339735
327901
348773
427695
419378
407737
294696
371463
362017
324788
348022
424691
426633
449581
379851
378009
389973
336272
339194
428197
369652
412079
469988
426392
404158
431543
392743
312193
422056
314747
316729
359890
327661
353193
369789
377368
388274
382547
381413
465753
413185
346139
355547
297553
312764
311793
383950
443446
432934
486638
400181
339142
358472
302625
355566
393445
518911
439610
296987
316249
484030
337077
397227
340827
307149
449465
334692
317851
325367
314465
314385
359285
335104
318546
300720
302283
347513
315414
337494
318310
287786
312182
309085
308606
320792
315906
295715
403798
363143
397324
318172
299140
302018
428700
360692
318097
362942
321169
424724
370416
404320
325716
478342
376993
570015
321049
312562
315182
417671
323626
423472
334759
310639
335668
323604
308278
304296
347984
307645
302197
345798
321088
318218
319812
345656
313024
322148
315680
319136
314816
287630
338776
352563
391669
333710
371937
399149
333811
308620
350284
312119
358310
290846
326951
315511
318044
301046
283984
296720
323950
326633
330381
309331
329714
308978
296271
351243
301754
303038
351663
345360
369799
324902
316252
346185
335799
336431
314163
327871
307444
312294
380973
314414
339129
350597
311413
323857
343382
372637
343101
319259
302558
326585
318959
329628
362253
410484
350840
317252
346646
311656
363739
362227
298107
310505
337016
312214
319550
296578
334450
434188
333192
320488
347697
299537
312306
301807
360018
389165
334345
321998
393536
318707
330284
288359
317264
329539
350589
357623
352278
327329
363921
370953
383320
321847
378278
356011
429649
413373
382595
311533
332510
369771
386716
303178
427769
342059
336082
434597
435179
526979
399934
387391
458259
325375
387378
419191
418563
400907
322982
392133
323746
367311
380410
345057
422535
374272
357243
428443
326882
393061
431463
336738
356375
360680
376025
367689
335809
344818
341713
347149
367301
354283
315441
390470
344833
305609
353812
394253
321497
369197
383895
343410
349698
330625
302912
340637
385038
498111
362777
529929
430087
343267
348882
427554
369742
379032
381646
357587
344252
568486
408837
498617
461218
431844
433068
418009
343903
328705
350692
353289
444541
358687
375116
366586
376380
377480
508633
480286
395878
438846
313290
387648
446389
326387
432068
315235
451824
480406
573094
371709
427724
325431
385455
332296
535195
382919
492265
375115
472722
455445
448152
471376
333008
377737
348690
484203
468368
514047
419278
354778
400906
624841
443458
336067
333813
358977
370790
368829
433839
304839
339027
444429
327441
351832
326245
354529
428706
331436
418800
297981
431977
403473
303915
317649
357395
385928
373148
311100
517480
300783
412043
491551
359868
356931
377798
354293
307130
310108
277384
333257
354371
340117
292865
340873
321137
313080
333863
354696
312945
344075
353757
329360
285811
341685
363217
357112
330004
351490
315643
401736
380707
329338
304435
458670
348250
409488
337481
364229
307182
338803
310240
315371
313593
453041
322301
335439
325923
337303
463704
316969
339400
297654
317721
328717
313411
344725
348017
317768
305601
309355
355685
292238
354467
329173
374815
281768
360696
325644
323323
343007
309358
333703
327622
398824
304839
339855
312823
330350
331011
374099
320076
340964
371575
393643
349539
421890
332705
390684
418205
393919
342215
345175
358038
367954
305599
373546
379780
356187
396916
353466
331688
343112
355687
324325
423352
301276
425552
411842
354920
404723
331304
325670
366262
302813
321802
328928
309305
357250
353815
358545
316279
367828
347585
362404
358705
382856
362700
368468
308431
399481
388488
346422
5312848
4396769
2470832
3134858
972427
1185100
329576
400761
321581
305385
335979
308903
314845
342448
356891
323857
315567
313362
304201
351207
328267
335922
321472
334086
352157
303149
313039
351381
352615
329150
292764
328416
340090
338851
354106
302610
322309
287895
303890
292900
340861
386587
340085
444497
493268
376847
362832
384934
331474
451794
302103
389292
411055
465790
319665
416190
382332
448529
414501
325518
306457
311626
295536
298205
315629
298863
339985
320783
359851
306850
298087
325112
310656
327833
321054
333538
324040
329628
275940
337628
355149
331296
327324
332668
320707
335623
348722
357828
317765
326472
318390
312688
313188
310655
360884
309469
313553
316423
354929
335066
301542
309222
282871
337201
311088
319164
300136
319168
315467
346476
301704
332919
302047
340822
324821
285696
358831
333509
340792
343868
352591
375112
289766
331220
314523
365694
312954
274192
329233
366471
356356
349284
316267
317405
330110
311995
392700
313428
361444
340631
310549
318897
436435
328843
311011
334489
348047
314884
325517
366143
387613
348735
416777
442429
322974
343713
394841
339103
361770
370882
384341
322003
351393
319420
330304
306717
310903
320754
378551
333853
357033
313159
324709
335227
331949
331272
335839
304762
346695
305310
342424
293889
295768
318694
383384
328220
335410
312713
304967
336199
316148
346513
295097
328998
294729
303686
305089
340197
303439
339277
307014
306160
325242
334554
379573
319366
304404
394031
361694
320519
301662
370920
296704
348567
304842
433285
315933
397901
327841
343968
346377
471507
309609
364570
322390
330034
304365
382416
355240
383041
366151
391395
415697
348659
334884
338517
341446
438425
323978
407512
337615
367170
361906
427668
456325
402589
361794
418979
367707
352004
348479
351590
335995
324131
296008
403484
324407
305833
428020
372491
368723
431556
378927
324803
362996
325953
305081
309986
326209
386572
394642
439075
373042
358914
375037
392147
377270
382297
350523
364328
348553
354776
315756
381916
355693
358073
319470
321823
368561
313674
287225
349163
348861
296265
345591
349444
295954
348672
309433
357741
303589
317630
313338
328249
325111
358100
428035
325404
364803
384660
356135
315695
338580
326984
356288
293206
301528
325510
298608
462270
355700
309635
321342
376057
384415
336406
302858
355306
346212
373031
322488
308699
353967
343093
295826
312086
354700
334889
361889
330231
333931
303869
298884
306983
294886
305963
305159
356509
326154
394496
450175
400544
289633
432330
450645
359143
344572
332223
308903
345518
339934
296207
317424
418063
394010
371399
363016
335591
329481
338287
312511
382294
300683
405660
487220
397052
348094
344764
319510
426029
337312
469910
306985
281862
308376
331125
306735
324193
369152
315084
347548
306532
441257
327413
327256
387600
491749
527826
339725
409080
326164
332971
305145
362519
377739
315135
434267
316772
339754
324564
329988
480778
325439
495494
344379
305709
303012
474158
393716
298370
338658
320425
321122
325149
304064
326083
321207
305210
304032
288092
287239
352645
329723
337451
340213
302668
316316
331411
328731
314589
340108
328925
318377
478751
340388
371899
341841
279322
343029
315727
298146
328700
305712
310935
321372
327955
332326
322029
413904
342378
307641
439477
485067
390241
369064
377387
308234
313273
352420
302004
342264
322462
344225
565072
436043
438297
352347
374817
306227
381415
424114
462545
327097
462428
288619
342978
569901
458269
309675
311293
529850
649226
440230
285424
476098
623850
476936
582426
469455
530011
609239
372646
408905
546701
510615
297095
633703
444391
573790
369603
410191
292514
327706
413036
503700
620279
407980
9930714
7800850
5782937
3703672
2397422
1321089
462647
609767
429967
428360
389225
432031
457484
333288
365878
357006
402356
387096
399259
420010
394302
398713
470324
342965
359743
427943
379507
391635
382307
396336
294779
468804
306993
378230
411217
401088
348318
424783
383358
442709
374461
432528
322225
391565
345496
401900
405680
406176
395972
364050
311967
450565
423981
391143
413108
365097
402665
365109
358742
339210
378228
332358
335934
375884
320042
338973
330263
348630
350093
372779
347995
355441
434172
393744
483426
330334
416966
347431
333799
322436
412989
315468
339969
391513
322758
416369
546960
566111
434695
344312
436564
446602
499570
557379
527708
394461
389824
407428
501289
340356
431924
346567
423308
423020
441344
395859
408812
380474
403591
487648
387240
426434
469590
412885
417315
408254
415506
421117
391124
417569
422421
370789
445523
370379
401420
363113
444114
386227
409774
426384
395632
417507
432672
414020
463710
431039
468044
432159
401299
408958
425003
379699
495850
417256
323445
362527
435534
437579
429410
412588
435977
630169
460486
427929
395303
354724
404768
443697
469052
461852
438347
391548
460417
463760
404105
417310
398239
417235
456732
496071
395544
432887
479267
559370
436732
389060
390366
455329
414438
466647
380894
545682
400910
405429
539999
450729
348118
325956
352001
330192
319925
359438
358055
366758
356996
480481
361598
377969
576326
357544
330416
338241
341673
550107
375085
630856
534607
410508
540236
410517
436125
393065
438083
439823
422166
335896
402572
379629
431201
441413
417622
390823
382736
502221
437020
489878
373402
406937
405272
332542
380891
339729
427657
402639
439409
447395
449733
439042
389679
431165
349093
460550
436139
408944
486291
476247
395984
358991
392580
403198
398097
454840
382909
427066
394033
432516
423539
421612
450089
377580
443519
359055
404178
350512
373290
360980
378254
346754
454529
437259
436662
357224
347846
385546
399841
381890
411404
461940
422127
324747
387117
391637
433132
506505
470450
411522
478982
433552
489067
542517
394283
427106
466229
478855
369326
410758
390372
411684
560310
447126
580161
469129
395061
373190
396922
389872
380912
404808
364532
402635
410068
422205
392762
403917
403331
378114
351535
335002
376902
398798
343939
407203
444382
417305
464983
447826
454009
376018
484358
428866
432846
451686
414446
426159
496659
494300
532941
441005
391093
432926
362150
468949
406296
347002
398064
416648
348534
388408
459436
437441
524716
447180
364415
330629
399260
453444
483547
313214
343837
377505
383728
386003
493861
379625
384145
391598
501205
331863
379975
436942
310387
317920
414345
327356
389678
391436
450592
437389
442809
394538
368629
356336
345156
341883
391095
387309
456018
323481
346349
414295
389424
336635
333961
399719
461256
403803
371154
333228
351080
435227
429478
371263
427188
402383
484374
410104
378251
392990
401712
469330
461659
376011
390591
408745
372680
396582
395232
336774
425812
406667
302304
435938
323386
415313
411824
424795
418343
395912
401332
367384
415601
335009
420407
397755
399256
352576
388472
378687
453592
337151
405740
422258
362366
469650
512053
413237
426733
445942
482686
401657
473323
467702
386159
506725
412659
444771
419339
351356
393516
429108
534291
478942
438949
469260
413129
432125
546036
452304
481324
401887
381924
511086
586413
315984
328804
519593
345560
415161
323068
436612
369172
377803
392255
395635
346732
377530
502713
417320
383532
384422
465118
444873
330520
369666
359707
364124
358357
396512
430520
414639
399999
367954
421975
389007
365736
446891
363975
383784
348462
369465
370218
319071
344924
339828
332245
340429
4194850
4394965
2215967
743824
2222389
713812
366378
314598
306256
306773
308350
316046
316858
338188
308862
326438
350499
384473
373215
372269
333952
328457
294544
340151
353501
313420
331949
318623
332329
300548
316511
305389
350165
294592
321007
307258
331824
354466
353925
364173
308744
308626
311262
343565
322322
317821
315144
350669
347860
357356
321313
317496
305839
309924
428434
331755
300173
342396
333164
338124
302555
337317
322901
283138
311327
297181
367421
351879
355172
333009
319263
297572
432956
406136
384979
324364
330134
326602
320602
369726
354948
343697
332382
375104
867855
1257386
446400
542391
401610
382577
316367
372038
308456
290253
370725
305635
299700
350049
286769
334362
268752
337930
314673
352044
364243
380950
357038
357455
284358
387717
323612
334211
326033
341221
301540
340266
300718
336493
290051
335002
309533
351659
324495
345950
277782
337576
287766
298464
328229
322348
349817
301913
295031
307739
322350
321965
348221
322567
338051
300359
302859
343004
389724
448287
316621
265986
291988
306784
303814
413218
367207
375274
436418
381040
362158
428366
339405
354252
317898
359907
384895
439882
319612
420389
345476
395001
377251
310461
331693
346086
399399
321180
448043
366149
428397
338765
363056
291035
373795
372726
319814
333456
378640
364800
343403
293679
311024
366972
329209
341722
355406
352269
366995
353957
427862
336486
309185
326278
342971
310955
315443
449470
409804
378710
398076
420019
420985
325555
403382
382265
439691
320311
436024
347257
304037
392371
302257
311458
340434
348320
308981
331067
382714
348955
354238
372552
338963
372533
373224
407309
324927
383705
316163
359733
427786
442833
388295
366645
473886
376754
412918
491185
433801
410307
350471
311224
307901
336018
320768
324188
332144
346200
502003
336302
323607
418955
368865
461058
332375
437826
348066
332479
435501
427018
371540
358818
372335
385494
353300
457787
349727
357157
344100
381756
361800
334953
356880
386653
386129
371382
326474
362188
347545
347561
280581
379470
346723
339406
342550
360234
361988
355096
440301
330398
388267
398927
352659
446543
369840
414228
397934
413738
438157
390726
384724
373751
400305
354750
1621595
537333
504208
425657
396212
502609
342923
526868
459380
382527
471734
420937
348665
414790
337655
459641
334633
358304
405333
462807
509516
494404
369440
430728
407913
337158
350473
397016
354313
753336
391146
401499
390348
370072
355183
306184
351846
298359
339466
304896
351923
344148
308198
309935
341417
311163
314342
390328
384155
357631
361943
338056
354530
370506
318021
311414
339036
374980
366209
448465
338638
384270
398986
437883
341743
431045
373271
343167
476965
345541
336910
471395
401891
423394
412790
455638
373731
451284
382905
363386
379444
392366
345149
332825
313023
327782
309864
402702
339908
418295
317761
304126
442203
297855
310085
291473
279060
285898
306825
358462
363669
370316
328795
297549
424609
301068
333951
303352
307249
328879
389305
431485
357464
303865
349935
302000
450829
444792
381320
308441
314829
307642
304231
360573
388653
359145
400043
344992
383223
368002
374602
363203
352510
382088
360970
293895
272410
295977
318221
303755
326780
405253
286348
349671
363875
376385
312453
319437
327788
316856
304573
325982
315011
327026
318061
324623
305829
351536
383071
360436
315186
310986
327560
317611
327592
343675
338265
297417
314797
298088
311840
354142
312160
315504
339094
349741
363069
426555
334839
288206
350869
355998
391972
392223
324041
369937
329913
386869
474687
353321
395105
345922
297147
364019
303706
348558
392710
322272
331847
364202
343040
413085
342603
305557
319417
324136
341857
348888
354532
340438
9404267
7249079
5225180
3133432
2554778
391291
277111
383557
386345
454073
322102
337218
337347
339219
299076
289219
343435
292794
282390
310881
415239
294103
354810
336739
314386
294047
371074
299743
342529
301410
342318
329281
360128
307518
442424
337804
318126
280314
281012
333197
347923
316903
334878
312191
358652
343347
303313
347932
349259
315097
294857
335429
321954
386624
304437
355487
318387
365960
359187
339040
383061
635105
636111
334877
572006
319407
459958
670870
572867
549663
479346
478240
522611
487864
342516
464339
436559
410178
373147
564250
388789
507171
490171
524802
434700
371843
553300
564187
344309
463709
309316
505305
498864
481205
533881
300576
419346
470397
371920
362490
369123
313575
456949
422728
325172
593230
298581
450782
484162
344351
380917
392352
376918
444840
490495
331962
363862
381814
631415
330557
423961
407682
400257
375385
351572
376633
530606
343169
367799
453227
459388
384465
374623
342769
323531
573024
358769
365814
409545
419713
372798
460895
322880
411197
401813
394197
407453
428549
317578
363323
368410
325756
462175
345923
297197
412761
316142
436247
330117
417386
350836
365062
354468
377117
388471
538631
341360
334269
307974
304465
307277
302155
317725
336364
320613
318993
327144
358531
312372
287637
314738
311181
317951
302082
349848
305511
341181
357851
374945
395012
332407
337785
346472
364767
336444
392359
381953
339341
394844
383895
384124
323700
326469
351879
342485
328612
340905
350099
370058
341029
346166
301178
368515
343440
323723
331219
341998
368521
309030
325371
400255
321034
368657
315151
332302
323907
339774
335519
320647
388522
317410
328691
297967
300192
345169
312563
307341
348804
301825
383271
302212
337211
313767
301964
375019
346797
311254
380764
342251
334284
312704
336878
352736
324558
310906
342221
346688
350235
351663
335745
334769
325737
318689
370632
327630
362901
329683
370550
367779
300920
338867
355614
435270
394963
434235
372575
436848
435167
314556
320454
450725
356721
472444
334231
385916
371095
334536
410823
352598
462786
316561
360504
580692
344600
541410
377634
380543
368550
329660
390871
349071
347908
363869
325967
358778
336399
383027
362004
409826
408998
361980
323399
379449
413697
350418
356081
384042
432852
419101
406162
350882
334845
472920
372067
371152
399892
384576
355317
375352
305397
359154
426615
311997
353999
427102
410770
373021
542648
478027
427628
367699
447857
370905
326699
471417
576634
356124
424305
438530
430062
531120
410963
370567
348570
434559
448472
358165
487305
354384
390835
335218
338510
466450
354619
304908
399929
357834
418298
364200
316878
301440
299288
317098
301698
342247
307370
310232
351138
302074
400723
304905
305995
322698
361005
334093
334283
339081
290629
298382
356765
330804
360307
293775
346744
322244
320940
352097
328256
308417
312251
314803
284917
361281
332709
285435
337323
328656
330766
350587
354158
344083
297384
309521
310859
296842
273914
319126
306453
316441
337012
316084
321339
305696
313913
370088
343179
341520
294271
344622
380651
356645
316221
341156
418819
324135
436242
374070
392686
297561
284705
357891
331578
368320
333431
373183
357383
380261
350959
472585
321597
352630
322408
345921
309093
304493
331971
297141
313523
287063
326856
341155
305097
290839
296780
292620
317081
310164
291205
321292
346939
334986
296255
300885
317876
296703
315753
301507
311332
301248
316926
316909
310880
319539
308925
301819
308764
326511
310657
314105
329489
282065
311284
291693
302229
303162
344672
321446
321907
303565
374229
426539
324835
324328
311586
350888
363782
346120
330942
332986
313851
329531
338487
311781
309944
342068
518276
471979
429609
365886
8620686
6467979
4475152
2786998
2109181
1055603
368297
359583
323749
512934
386622
347415
369277
313650
482390
294562
475682
522458
486152
374249
400956
451715
415162
395605
349387
383663
346515
505135
422358
467530
445186
419765
481603
322605
314910
340942
353012
562269
319921
344249
369559
360187
387030
355126
368244
436581
388761
378509
352386
339817
367288
533515
534004
360714
536320
500228
355411
472268
438898
527084
407385
409268
310086
382603
522298
519163
406612
546366
414655
378890
573978
514844
384658
376382
720535
540573
372402
434320
500201
400263
316855
391278
375369
370578
353802
350313
321680
480253
577987
387982
454904
370263
750155
431865
404147
447459
443843
309391
383940
429276
431434
377261
350487
357930
305396
357749
372838
344650
330959
339824
348639
346225
334818
319741
300081
318869
339029
385813
335084
424104
391875
310963
334395
350689
322668
347881
342552
414492
391256
330938
409310
365497
321559
337165
350693
370243
367856
337100
349845
343387
332740
369024
367008
343957
332609
319061
391788
322534
394044
394264
385233
317605
320707
333332
340051
399746
288330
314609
312044
312032
322941
333539
333039
340129
300391
293770
344272
335713
308418
385370
313477
376802
327981
343982
373797
341718
311779
294476
330229
324463
322998
317085
300812
301244
315898
308131
294971
333211
319949
306236
277622
326482
295452
328145
353341
309330
295316
282128
301018
308181
309010
347276
331463
305680
288611
340072
306927
346061
330889
300516
338469
317401
300507
317481
334163
310044
337052
323651
326501
405946
307655
341521
407223
358543
324285
343868
319987
404627
394982
304932
368013
534324
372223
406461
493018
331268
311923
377866
431965
368146
421437
396107
368320
345782
469533
423731
435241
443909
343700
319049
391409
398756
432569
518068
350404
422846
343627
367109
318989
377249
447330
418253
335771
321343
475749
410466
415344
477222
311840
525714
492652
457491
468377
483248
534135
361551
378391
411180
420886
394791
575762
698350
607337
325112
564725
582398
524115
561147
441695
482909
385149
533469
619815
552797
603167
604963
641890
378566
370672
541758
485959
592238
400119
487165
545190
479555
549168
386099
443994
403074
438704
387588
429108
362721
366044
391935
352482
365988
338983
346676
341941
334495
308689
335784
321099
314350
345508
344251
331645
340284
354494
320768
358886
348071
359369
382979
337940
431487
381009
359190
366786
407295
318288
354036
352332
356100
328678
469444
416108
481870
444575
365351
369164
429758
367206
470637
333637
432671
339894
359146
574431
446880
315068
454207
349304
379408
279895
333448
393650
310590
387046
353301
364367
339111
500083
442781
326347
473578
407904
372687
396056
340088
436369
342894
333164
364799
375898
337786
311901
309976
302281
384283
350663
379672
352606
350630
360085
363072
344456
347206
355449
408209
436651
371821
388715
341504
403029
344266
351379
369107
381330
365246
455574
508877
479701
489722
469504
406584
480339
400034
417077
327575
387073
762033
345097
348878
350012
392560
542484
344627
567436
397065
436674
451075
386072
454040
373808
389528
372299
550324
426821
447102
510519
411156
361268
390500
346043
329378
370889
381246
382622
326836
345837
344640
379952
371560
366151
371838
350025
329103
355839
413168
374549
393932
309787
343281
372232
364487
344807
345502
318392
342997
384541
399648
391669
399890
403451
417073
385126
383506
394998
336508
318451
416858
469996
323608
365230
386959
408030
392614
418623
407631
489409
494508
339752
494680
360680
368694
320806
292487
503570
602651
408586
568859
507755
331149
535391
431078
474171
498480
420372
409125
490513
565706
418804
582580
9152367
6998693
5026175
3015634
2778863
627316
1206825
861154
872627
684148
804835
576241
732333
459428
520330
433793
721536
693084
835902
760572
980687
600782
782652
519805
839177
430613
312513
390878
488979
795522
480698
617611
332381
370987
364317
430732
575881
349790
536724
637841
491793
317918
756127
607578
666278
647876
346647
363679
548949
517447
351993
342499
384178
564299
499816
473302
500619
513741
403573
449461
547448
607067
503452
513996
437774
378908
542982
524322
444087
351396
426446
391136
359365
530193
480572
441828
535599
521469
425577
343633
601627
548851
459307
388909
398736
524807
333400
391542
355765
352032
399658
339922
391342
354351
351540
355296
353435
344506
382542
315153
328487
336459
327166
314439
332758
319271
312263
294599
321349
369505
325652
316577
332507
341313
316795
344108
314233
319439
327572
300360
350257
317943
368578
342171
339809
326254
324649
326725
344101
327158
309231
393686
373043
332727
301197
398759
343988
467296
306475
417425
337991
343143
382045
354992
376111
347241
358214
343359
367111
331249
320315
363056
377383
362709
441117
311148
416289
340562
333739
361644
399361
408502
446348
404808
338625
348390
451294
347797
344022
331888
438130
351945
357435
379754
339223
368422
387442
361357
343654
367453
335990
360776
334207
344715
343486
384518
358328
379252
325250
336397
350989
370894
364247
377588
338590
339322
338258
333531
335173
353118
367460
336360
366392
343101
406989
344926
329236
381014
343814
320254
370450
406611
394192
344696
338401
346254
344685
338987
360081
334758
335252
342833
346281
337288
369666
332412
355563
314188
321645
364802
362673
375075
312583
329873
302522
378268
342554
395628
396122
323503
301237
426446
317128
368614
326256
348132
356784
302743
335686
326895
368130
307622
322927
335385
315710
328325
353119
349607
374538
355550
325906
323053
362284
362513
364312
319034
346910
336237
330593
372363
330333
347308
305175
313036
356770
325209
370269
315216
342569
352152
317133
384182
375155
332831
342496
306022
322839
331896
390820
301558
347670
368712
316483
350599
285991
307777
351624
299356
305738
337282
345366
384082
342838
348734
354881
323530
388315
329264
327240
330380
341614
433861
289952
449136
331367
361885
416571
296850
478348
410699
446592
319722
441677
333230
419750
415032
515804
487103
382723
384645
330219
515785
345702
385027
424142
459410
362252
456934
384552
291611
453008
410820
370209
356178
290890
392153
406615
404489
333543
364915
319377
438929
326732
462236
377625
413057
472402
494060
464586
336017
496082
364796
370766
360848
466278
312191
437580
392368
383224
345111
325133
597211
350571
428925
442309
354669
382834
316784
440678
455320
410105
396977
353331
317389
401271
376415
510851
445055
426094
324670
390476
350997
369613
474975
367452
445169
380285
385184
598831
509655
619177
424280
552461
350340
645847
602817
361048
373880
449524
445497
587254
686018
664509
453003
758291
556158
381426
625736
580717
702097
725728
571573
315325
515741
523628
442595
530730
549674
348755
633214
480901
379508
344027
495107
575683
480345
623125
342898
332233
554631
499193
342756
487349
590445
583276
308216
667811
757000
665339
532349
485737
438349
323238
445627
624167
659448
346296
345518
510565
632773
664920
563609
636194
566890
495656
637476
352333
538128
556422
517160
453933
480564
380436
566191
479378
723408
385071
511935
617788
473471
513767
513210
502709
429614
371406
578678
579317
507641
501862
515805
387452
412601
500603
389070
336614
462112
379541
411952
429944
360586
407756
324575
329046
383135
380843
402438
361663
382098
332856
322774
361025
293237
318138
371103
352228
370030
451422
400507
343631
11151138
9014274
7244305
5173528
2985736
2979181
810700
465137
471452
374503
339232
343759
386471
382693
326088
374646
347164
379582
381627
315052
370237
356875
347340
356095
354633
439915
345440
370498
354513
346258
331566
355244
321289
414454
372025
385604
339565
381697
408215
397947
352855
399597
398848
383327
489768
376096
491585
413239
499154
466152
424073
369831
369300
385938
394142
368950
471739
346027
361472
347066
497802
567361
467139
388653
473165
464683
389248
460396
380273
428196
396197
413054
440651
342891
420456
530938
600420
321894
394396
414154
357229
319063
322015
426470
370897
404796
455164
352815
404744
349378
391091
338419
510428
324011
336146
376012
351667
349945
366040
344171
392376
410994
378053
323431
321666
389464
335278
418167
305012
362963
317111
300356
330141
364186
323370
366112
368780
351767
328139
379665
352316
394160
367305
337287
376622
324191
337878
362453
378095
347996
379264
328416
361004
342372
322307
326252
431810
347676
332047
338452
327573
422696
391130
332094
358153
389834
367686
347387
349733
343571
355156
384478
356100
354924
541377
566175
365003
404127
484183
513712
421409
511014
354358
394984
367211
416684
450255
382823
346996
402955
530471
310990
451449
353718
368454
361699
401736
382388
448051
419976
412596
352331
354410
398673
359122
345851
365874
335749
391166
387934
410750
350005
400068
302368
320771
345317
445729
515104
313336
374577
308950
345741
338584
350566
499694
359080
457838
427018
340573
477125
487121
515080
396393
547914
351394
532333
337324
358062
346910
791990
554064
597137
685552
367334
387320
543074
604435
378914
435191
634529
592406
696814
335296
606514
705755
537776
575895
494964
556664
537673
621673
660563
344179
673664
563977
397208
534337
460602
455728
376847
507873
615240
334841
512454
642273
419827
350047
560150
344674
586866
649591
499921
405849
304940
452523
587241
735651
483534
479092
690457
547473
346597
484376
610769
508181
609599
373989
496553
473812
612603
483796
625401
568288
495284
489447
711031
555716
644401
463833
493732
372650
592949
562032
387999
379520
375861
356573
529164
475719
404286
385419
497478
398728
441783
334846
404211
376226
412154
398693
418822
443940
353858
325423
461260
394656
589045
367814
408424
396323
410678
528701
466625
528798
325284
352141
351686
333356
415832
533397
552790
393237
475292
459226
379541
400994
405187
486952
329447
507237
471508
418122
434213
430563
421845
438513
365310
409425
370790
422924
349584
374738
450606
427361
378370
562256
508312
351568
420806
322121
369441
449830
301071
373865
412985
340037
381110
390064
378894
374784
355047
423055
337351
322697
354845
331321
317195
349564
332154
334666
335937
371428
346274
381553
347732
333645
404818
364054
353587
315082
359165
286355
350714
308260
345726
405390
349614
378293
424608
331480
406185
538855
562437
472873
541126
435237
331930
647579
387032
365497
423951
312732
326517
502780
502192
343241
351256
335481
400368
369107
398359
460437
423784
355805
419087
360819
378184
324046
311123
322821
616447
320291
320850
312741
355800
327886
401590
386071
379321
424753
454184
389529
455966
376040
429494
374187
396476
356086
362984
291079
347469
358642
473022
413146
493393
364059
318170
354088
429972
329343
429814
330187
319681
331947
339999
354855
325580
412836
386095
362791
356727
354266
347339
376404
338238
343578
355631
361605
331699
363874
443774
575234
372592
392384
409871
415358
589440
547247
551195
471324
360290
398382
423876
378245
377129
461495
371612
328153
323382
510231
468951
431147
369349
375160
345261
351565
332291
339873
304536
511457
428149
314905
306612
392680
412053
462482
414650
666881
10152856
7991359
5884138
3733028
3671363
1529796
950995
393906
688626
646734
399910
355703
585188
426932
405394
565381
518331
625237
404261
321730
318843
451585
346402
406668
372574
332078
301118
571433
589040
367393
280538
550906
376448
547496
462277
524132
505736
411145
352614
291213
567601
604480
526822
338501
377114
485088
523925
434045
341805
513462
600952
309433
628308
498820
602905
537485
324051
397202
535820
342718
329629
392883
323680
358702
357732
372327
321604
352227
303179
309022
299858
495082
435798
436482
536305
544203
727989
626937
365128
547771
282662
635322
430129
486608
542450
387283
618421
548449
496888
365123
462169
387316
341639
374068
493706
510238
317835
455072
317562
520843
445671
424805
498737
395115
346967
414664
434231
394169
346768
392067
354500
352276
425939
464729
367403
499234
345312
423537
519350
275088
424895
351889
408932
483455
376038
466228
393018
577279
404659
516777
522536
430064
368772
427969
671071
572717
418742
397726
296965
523875
519646
311311
336483
341492
329770
362047
313426
517922
365145
291706
294233
502203
517671
376297
605083
301279
320404
330686
613607
350460
312312
301779
410716
312122
331926
427820
361898
309350
352181
301424
484889
435486
350076
353256
341742
368747
542989
421255
362861
327653
360471
372259
450227
328031
353016
393926
331789
306888
324950
515498
471629
561491
287436
476470
516664
587083
443143
528765
453638
511896
446192
510513
333091
560674
552933
616674
425526
538843
630235
400418
632818
398676
364839
531161
585930
522412
513894
492136
395642
631371
519857
651561
395016
307743
363374
643714
534811
620239
492309
659479
696409
347890
523718
628405
421344
569893
359761
451310
395783
490549
479936
366379
558163
477831
491823
304735
390225
603609
393130
470926
644170
381135
469383
443227
630474
489610
406105
508631
414316
486913
395758
388083
325227
360221
372298
368658
358423
471009
425694
343431
366265
656051
318268
401328
360376
371088
365708
335530
353807
427787
345964
352828
353978
333662
356704
320283
374763
404739
313410
419181
302069
339928
366760
397219
373386
388183
295606
302173
325641
303199
592054
341898
308809
301162
346472
312234
331604
309910
305525
329019
312241
308742
340571
301225
320366
324842
356143
341788
362959
403660
389966
372753
342565
317041
343649
347076
329100
339574
399847
342788
580178
355748
391322
375072
344250
328327
402587
483460
381336
345509
484839
371238
334480
379659
481019
402127
427128
436737
342468
397060
383465
342456
346114
531771
325112
297738
376028
387466
299690
378874
341968
361104
405249
316289
465963
386242
355873
414060
322725
339783
365989
429425
391451
333857
370905
413673
338996
430266
315256
451483
388254
354631
313682
325623
514905
426333
466888
415797
353816
363472
372450
346678
345401
357956
382271
350001
393547
329961
329228
348554
402836
419139
440384
530415
498967
335471
362118
413664
457653
285805
514295
336648
367961
319328
368459
320440
351417
399610
469351
417333
483241
368114
456581
359781
372694
459943
621701
397970
512467
334875
337937
360639
338540
320803
325138
361827
383444
320726
331526
320620
366792
331449
374132
318835
349758
348618
332722
355834
373914
336887
300824
390172
376775
359469
354582
355271
331122
307664
361399
468964
355358
359417
385661
475598
477467
436226
394266
352225
317771
338550
401177
411158
403354
370551
388146
309211
377917
378879
389420
396957
317003
433332
421853
357819
527431
531710
340413
387075
463414
455054
345659
400696
315344
328587
356869
353535
366691
422537
475707
343337
349602
366191
413461
603705
441566
464019
580894
404463
442159
382590
385485
410701
315699
353136
422608
363793
327472
472565
9641897
7459762
5419748
4277371
3128649
985648
719556
379133
356456
376506
370504
554238
400110
411386
397405
393246
361671
396471
408903
474839
359095
352133
446696
448885
300505
415701
351227
496160
442800
521851
325373
658469
366315
319221
380591
326934
329886
354681
378260
343728
363246
396976
394099
346057
544414
454570
357695
411369
529019
478774
435644
383142
495917
346042
401324
565475
370201
348771
323612
371384
381202
354845
575746
367406
384007
547323
452074
542309
536468
373406
508180
336157
355175
356517
323547
442258
516753
351618
367193
534149
358561
338324
333429
426023
362982
342416
335642
329698
332774
310625
323470
618984
493365
307688
312423
584633
329207
334914
338790
319998
317969
325184
314721
375485
335041
290041
296239
388547
328212
387489
359286
322977
338865
414789
370508
384325
384775
370356
487823
404521
328302
393897
411256
392622
371613
316592
353003
323810
364560
367827
295381
361684
386298
346960
425395
308770
312851
367073
309085
325113
306661
300239
318411
331398
309289
328746
376836
342784
331192
378017
330711
370760
348211
371182
314390
316718
332186
332276
322486
326061
297572
326935
324267
328750
318536
328312
363202
387817
305919
316265
305438
274549
315515
282352
364332
400378
339050
318289
347925
313119
295647
357998
346776
373509
393987
320008
333416
326967
339079
380645
276431
511846
305223
359575
275998
348362
402836
337482
331146
306696
448963
461240
375006
412830
310310
326448
302366
311512
337047
349987
349013
330732
313061
293264
318033
309155
308115
321328
300931
295130
296178
314298
388747
307547
322157
321901
324383
316623
320927
336370
317258
339328
301603
291470
351166
412789
307343
313453
408935
430729
324442
379945
316578
328222
343435
316901
341286
364140
419266
338013
342680
332593
303613
323358
338180
352516
352200
357447
344873
322091
319975
347717
306262
375394
367361
369618
334968
407809
316770
379451
305676
345991
322338
386114
406586
322450
370743
361813
343809
371019
416100
406568
293455
391073
348455
480807
415489
309023
384052
376366
435226
363859
365085
339360
383247
350406
354391
420597
379550
315092
363735
314350
353317
306532
369850
336206
310857
438476
379883
476223
314535
303498
305462
314402
320343
304088
306383
307463
300160
298911
301578
303213
298181
296923
307460
290256
323789
296709
301938
290953
299107
299790
316583
332001
305979
294425
326698
322100
300953
296027
322337
336349
307435
284748
320047
337578
299333
314074
316444
313560
349246
312383
323740
361014
421761
300049
1017030
1559669
401635
368945
403958
319311
325937
329321
297068
337066
463091
306016
564657
413622
357992
373939
328517
314541
347805
332196
322379
373963
355406
339299
328415
503585
328024
489256
369652
496659
318205
371184
298976
354057
307869
354603
400523
367377
415587
322831
315975
295746
318085
286183
295425
300129
309419
298161
315041
299226
307058
329724
318328
306423
298128
303542
300487
322039
399808
391679
314829
308069
343469
360514
329651
354711
401772
370627
394383
323535
347685
376585
364789
409568
409840
389425
335567
394827
419282
406298
390329
384920
348685
381169
433294
413979
426424
424703
422602
453792
435776
491459
444640
531376
392807
484847
526841
522372
435787
460470
444715
446359
422938
420717
461959
483260
519868
432966
426870
465283
484539
448213
425622
524278
527375
530824
445649
437803
448699
436399
426636
475636
517569
441145
491373
528982
425044
486338
