3323095909
391900
260926
287066
279823
253352
232115
324389
294609
271802
278668
223198
239468
277285
295081
270200
239690
229413
283874
284077
264098
324004
276391
262771
283794
280817
214247
274900
241437
10871477
8722666
6647098
4596058
2469554
2984700
840062
229276
252459
272479
286126
211532
272429
234395
274926
259926
252276
247098
240835
234302
251544
244392
240601
230308
239275
241240
238540
262958
256334
241894
238414
249860
241247
241694
263560
237447
222540
260140
243463
277836
245936
223133
219426
274083
222296
258113
229676
298259
283513
227109
231412
254865
242305
271805
251805
218801
244170
231778
243354
250354
280281
232988
248724
263564
242877
232848
261650
289164
274273
273150
269984
251874
281113
260934
245900
231269
252146
252052
242992
281072
240596
238435
234148
224352
249879
218712
244842
234881
259105
237498
248751
266651
223794
252617
267653
225216
252146
227361
278386
271631
278487
263996
265225
326791
319475
293080
249332
325471
379849
404992
264516
246568
283353
330932
304327
272669
273241
272769
263558
316437
293042
258941
305569
290727
259418
251930
268799
312588
266316
250537
249519
248157
248722
359168
340640
247335
303947
381055
249513
293659
260710
295112
324954
294119
285031
277732
349262
250985
296771
238723
233471
282163
258745
245673
276365
261834
293833
259231
240393
244833
273206
289631
221539
250365
266933
254545
290176
256815
281006
316259
471842
280999
318101
266273
254222
325541
319049
244597
312875
324867
374536
290774
257209
240951
220356
300057
254816
296568
258603
243538
231059
240547
313893
242351
227899
243341
269689
265805
281556
265348
258206
231045
234630
305512
238281
250210
220464
253185
237758
247936
250521
240320
241294
239123
271678
263393
273738
279513
254442
226017
293719
234476
243501
283720
224441
378954
257409
297224
245725
223457
276479
235124
281986
277225
278243
280302
243742
224728
256350
283206
234559
256589
250297
313899
273391
277042
259758
265757
274522
283530
251599
260344
277569
268861
278573
287304
301429
259214
250339
245510
263539
274811
260980
300941
330700
325918
330051
255373
380608
295803
310241
331883
298394
254860
362445
231599
279442
246323
320505
311154
267469
245014
262293
284841
268056
261812
279747
274841
284976
256585
359384
249175
272633
308872
272193
235251
245100
292700
273874
284240
263949
237944
275269
276797
242619
319487
256628
293487
292799
263370
259813
279364
257453
280968
223666
235538
272750
261255
287634
255082
246388
249989
247018
322947
307348
270210
222171
249867
304958
262713
293859
259341
329899
313228
252103
258344
269313
255848
279610
246305
345474
259631
352231
268318
391194
319319
294874
273866
274987
293723
272988
280413
333518
270070
290162
324397
284006
247273
266945
286578
317525
239515
274446
278084
311599
254847
303329
255625
236354
261865
268371
268993
292082
245806
301618
283660
263398
250320
253392
260450
246004
261437
296902
241907
267886
258838
242787
250931
241230
243059
243957
272679
235994
256385
254157
258686
232934
328219
251758
235946
260128
300543
276719
246370
282932
245598
258389
290768
280409
279318
278099
264018
233636
292995
278801
250898
299018
297002
301462
288594
323559
274028
243085
274921
257325
283291
279149
269584
261453
305558
274223
241934
246199
281755
270433
299429
306551
285413
328125
266309
260298
252203
238755
246619
252308
278169
269599
268140
255426
252471
260299
270380
297986
260627
250703
286982
261300
312966
271117
273688
275270
249703
233450
245428
264668
256402
232091
272393
301474
264203
247508
244153
286479
228277
228909
238531
272516
296214
247679
252077
253376
251251
276020
264207
260839
247368
241023
219184
240156
247025
313957
241902
312194
237072
294644
243079
320084
277470
261725
239882
279728
7184303
5024486
3075212
2529358
401844
313908
292010
274875
277111
288169
254451
260436
266208
295919
245631
224629
268651
270459
236477
262406
264954
253446
221468
253746
251925
217196
251621
263886
263528
254477
240062
231057
230772
226760
266039
271630
254855
248830
299229
256640
269385
252033
280999
245531
272556
234227
250506
243198
272054
285269
342794
287422
300367
294615
239880
276129
255344
285145
285797
314556
255768
356317
317623
253975
310305
353416
290218
298001
350776
293434
344098
435439
384671
287380
269793
265866
246106
354077
273486
378567
286984
238622
358434
263230
258807
295103
282757
299501
244483
264610
260000
270304
367874
303087
269597
320564
261637
322694
290640
266924
266747
254090
238357
296444
258623
317491
255407
261100
244393
235543
285120
239780
248827
232752
370937
241633
289127
292603
324943
337227
265257
323581
316051
253480
279894
250560
316278
262627
261827
354094
318534
275003
296987
413138
277616
291047
298507
280247
267530
261400
254980
247793
242617
406328
233147
332975
332761
265348
236370
266728
245067
333697
255367
247027
324158
303477
370145
249623
323598
236428
255011
211270
284728
295750
252434
251951
258040
346118
293795
251524
277544
322927
271315
310598
285797
270358
239404
272657
242980
275084
270111
275595
252217
283481
245194
283844
240124
254133
250350
269490
241380
268277
270870
257958
265437
238134
276321
270257
250711
294191
269744
262180
285634
300232
282025
270151
232804
307025
260495
240598
275368
283075
303318
255971
257464
238704
257857
274768
293805
275721
326755
327146
275761
236925
340366
348099
323312
288738
279325
368593
300352
293275
268366
236898
270862
266992
320389
246805
301282
253528
283468
233411
247115
289072
272532
249021
248935
285166
253432
270695
294769
290099
268256
287803
291483
245775
261799
281466
262757
253367
250117
273780
261846
251009
269173
256133
241980
268067
256110
277140
271279
263459
269530
257703
264107
286623
270067
240323
286070
276756
267853
256383
295580
259003
264076
267923
259433
273524
223937
233367
268094
280927
257803
269840
264104
293430
284213
302128
268866
246433
284981
282228
269384
299204
276917
306958
265338
238551
273517
244567
267963
252114
245181
283283
268238
264384
246027
276230
249693
260640
287744
245407
263014
252020
277954
258734
309791
263851
241700
262537
235224
259417
272207
246897
253080
275484
239990
223606
253109
264256
321297
217719
256533
277030
306217
298533
321470
319174
276629
241202
246866
262640
251135
346540
265902
299509
259659
305672
264519
257922
286682
264719
269032
379366
305095
375346
293340
327467
283237
236022
260967
302110
333418
254186
341907
246767
306014
266213
306401
268091
288417
262544
262447
282108
252417
244624
301574
296234
322921
274374
258717
257491
265557
286711
290228
312965
264258
285975
304208
320602
264435
241561
266398
239455
269844
288411
232407
249434
296899
278552
280535
295883
274376
330507
295916
299456
269013
325813
249499
243210
295223
370453
303020
292460
296263
286326
320193
323546
382517
266232
279732
281029
303756
342787
315353
289082
289326
265879
288986
262369
279272
271489
275902
265889
299950
300766
293536
278686
238196
300596
308777
274183
303780
274653
310374
280117
320857
257060
273997
259840
270166
344011
319184
273830
278783
260039
322599
279590
303026
303959
268329
296193
304827
289570
349093
272134
274803
310184
283126
350851
306596
312663
295767
260363
277320
270053
329520
247783
266416
256157
246369
299147
277677
268570
268396
239702
268070
275760
235713
300796
266410
279522
225243
248803
261249
7736155
5592931
3525900
1441953
1095834
799608
274606
258733
246656
270076
249057
278663
246863
275056
250150
243889
243179
266819
238695
310566
280925
317905
269164
263164
257770
255852
279432
245754
235434
332341
255789
290759
336449
324905
298861
347444
268253
338099
281316
298522
380509
247214
359615
314381
234979
280599
280465
253512
295058
260917
334821
354127
283452
266892
311976
261772
310664
249268
260880
282254
282786
261789
268685
308511
257874
261660
325057
243402
418223
304332
394615
292351
317560
299107
301730
279156
291125
268841
290571
307816
287450
233662
261378
281085
269120
296040
308490
316299
254949
265245
284471
251753
266074
274886
252469
288742
244248
340991
243633
316190
293813
255798
257278
231367
336037
270122
313016
273162
241591
232970
255607
246582
262546
233722
276535
257311
253333
338543
238532
319005
271394
243604
277833
301893
253678
302093
219828
239174
242680
310080
297060
250598
292078
251030
252774
237425
300383
361023
329324
294107
325618
292587
251709
271862
220652
244021
252077
248047
255586
264949
299882
264782
285984
239913
252617
244916
248972
229884
255081
284017
270667
260353
281235
244855
253941
240947
334171
249067
281340
334433
255292
248911
292818
276247
261123
258462
255722
278108
299680
384875
306287
285637
268526
256112
245472
281025
237275
279048
260370
254243
294196
336753
252605
268311
284960
284520
287483
294489
248948
282234
264098
287568
255477
287499
237369
308896
285880
242117
281063
292796
328551
264974
348585
320377
292187
325383
280786
302412
273235
306852
263644
309277
270593
264616
277641
266955
266457
308310
358877
247412
319263
259808
330042
321534
330751
269903
282866
284093
290145
290925
288610
265707
254030
316450
269726
343385
248187
264257
249569
258769
269506
266168
252951
266321
237993
261286
302239
269943
274955
254157
279190
280687
297780
281719
304852
249398
273433
265727
252015
309002
267818
255602
283784
234593
276906
238516
271983
233461
271715
343282
247613
268212
279395
224088
237605
240421
239450
235576
282296
244042
249944
271385
249564
270914
232789
251135
251412
266418
233014
244074
243373
231139
275462
266374
238825
270567
261613
301366
243746
247645
237052
256937
233347
248457
237559
271892
258901
228707
245544
234706
260719
233425
222411
239501
280804
281874
275743
275580
267399
280789
243592
298195
269533
277300
268830
289482
287582
249184
237346
268650
295167
234829
298899
270245
263361
262157
242510
251426
236239
253668
271718
239628
242490
238086
279972
250769
302252
230701
278101
281577
231740
255412
267509
300822
257231
259001
248293
253175
248265
283475
277061
257610
261327
276316
249705
238334
232090
240511
261793
238777
251856
223572
299209
223000
305664
247763
270897
229945
257355
321935
242707
248880
239743
288075
247572
268441
262868
326195
233809
391948
263193
271392
312125
303774
335141
299253
348280
302915
327925
350998
289270
354911
253333
408497
322931
360572
312124
260134
299253
321976
249056
300519
256287
319360
325377
256293
319533
306886
266771
274393
261080
239716
248959
244995
273701
284317
313304
260580
277367
236482
291622
239787
251717
278672
288118
347265
241760
336154
358897
291226
332146
351883
316229
317612
289514
248446
257753
247259
263501
264895
305811
316041
273680
278983
282709
277348
239500
264490
244123
270289
272456
276315
268425
226590
221397
246806
367127
303686
291153
252881
241997
266839
273721
252205
255440
235065
241819
277238
340437
239870
329977
327981
301829
271606
308918
282012
331978
283268
268529
268674
273416
282994
276272
346094
310568
8152319
6014001
4056772
1997356
1068918
312110
271220
336266
287064
261749
333823
287158
292029
323567
257045
320167
248991
348136
300415
288155
258389
311509
302614
313111
314263
251824
276082
272256
322862
250040
274630
259308
241636
305605
250702
277557
261571
292266
279981
337830
353332
265179
244950
298301
340776
271741
346406
279030
287515
264606
272167
264629
285323
344735
361764
276617
288065
281334
316365
244876
250090
261406
340724
267882
310580
275118
260422
301026
266978
277336
273561
284649
258840
260341
274667
257358
247186
238817
281092
297987
267751
271789
281083
266852
291633
267684
275655
242313
272665
277410
287037
240476
258346
277498
251196
283085
311313
276987
268435
267246
257791
282169
288530
260268
246116
298375
281753
272338
273636
284487
283242
277453
267841
268345
309277
287572
273353
264624
297909
244479
288555
262566
338035
249642
263991
274431
266443
346445
260612
362111
241168
279100
316861
271502
268230
284475
277726
296987
241269
289017
350628
391700
371278
321599
383174
313202
277036
307825
355080
342391
323002
263432
310401
302356
323901
291341
283870
344761
318146
303117
301599
305933
267585
268393
307365
315372
296290
265248
313594
302858
262442
254170
260772
247460
261644
263142
272683
254577
268229
282204
273962
284510
334322
242484
258111
260103
269077
284615
275650
229881
300953
283820
282049
265957
284468
269869
362495
310836
258090
288468
266413
266601
298469
290134
289152
270567
270171
282956
256770
276172
274676
292771
273059
306468
281239
357267
281559
254053
256051
380500
311307
430023
303017
306731
304053
284871
301622
387965
290435
274980
389673
258399
325647
305242
275020
338183
324507
334192
291693
339291
325872
266900
316292
295867
239540
288339
341738
264275
340531
283451
276253
281954
248455
290837
259098
273123
292855
269275
301413
288425
249529
245544
283356
271476
305445
286099
253671
296470
267230
274409
293900
247965
274640
278764
339903
286233
289022
271206
250371
300409
259987
281868
286210
313791
287218
295226
272938
310683
251884
322703
279507
262508
272536
276834
256845
257300
260488
293413
286165
290255
308300
332779
333130
318835
279990
300881
258002
269254
364236
294424
268368
252302
290871
248828
327600
298581
299673
257663
316349
292023
283278
311816
245233
268118
261486
294151
254536
272231
277742
283463
324002
259596
245671
274006
250040
263945
255846
282867
273368
278630
283165
287570
263074
248582
291701
345029
321714
292145
371380
320995
347173
344085
309155
316574
259972
277972
259700
282552
277924
305352
293270
265217
249811
320873
286041
277406
299581
249501
283117
302619
275426
290613
264838
264029
264064
265866
269590
310469
262049
245330
254576
288891
254042
280236
266785
282396
290894
311896
289260
304925
269686
291967
274931
260876
271931
294286
264496
272655
278133
305081
315279
247444
292698
280676
325232
277613
301198
244185
281180
280301
323426
310238
251392
289063
248055
283746
268691
269052
270101
245948
311123
280031
290792
260776
261422
282403
286474
273538
268349
293472
300180
271655
260495
263730
297298
284623
242534
352690
263703
279030
253185
277225
248195
268691
261523
250186
265769
268875
260528
248244
381371
274450
330233
324216
310635
267371
257036
284413
270982
284861
285091
375554
260117
272142
276862
265448
283104
291803
284363
262339
267305
292455
294154
277674
277150
279242
295206
292148
279177
261777
285062
289488
269671
266854
299073
287673
301089
290342
270711
277924
295231
299100
282042
282551
261598
270957
290267
304673
291636
313655
277831
262153
299380
283790
267819
8462134
6317946
4269595
2193818
2211292
1217286
397742
264371
276084
241383
252869
266082
253227
282397
258910
314706
263495
288545
278397
270551
262364
3454188
290595
283890
243803
305306
310212
301272
286135
302848
277167
287011
269036
267849
275435
258641
267387
281510
261556
263112
338678
295374
347437
285779
258468
274869
263541
304534
268123
300263
255829
258665
280991
313541
304013
353217
230295
282371
299637
290846
281992
302733
257089
308888
325191
259476
319973
306569
260918
233514
289294
354627
274689
407113
311488
272047
301040
294226
249942
270831
246914
274857
259426
267685
255488
251454
252670
241826
275429
268665
247504
262367
257563
259108
303092
262431
282040
222649
349163
295888
337348
348504
323373
260479
260452
272791
298468
289447
267683
241292
305608
298731
268370
311046
326732
319285
299058
265804
285724
311530
375407
349613
299526
257975
295489
266763
313744
323413
297992
260705
310302
306374
255232
322966
246765
348728
369078
315697
383467
299596
331209
273567
370961
325491
309453
386049
323151
419565
341574
288753
314319
337682
341785
334184
282574
307863
264619
303779
277034
284650
361884
338097
275156
257809
254648
321481
266391
286203
279240
302892
270095
301739
305695
301551
301017
391380
322546
352330
310744
291378
377848
322406
307233
301942
397095
335408
365560
368457
268629
407343
275452
314971
322104
302886
267982
310312
275649
324269
319904
295870
308966
339993
291898
329625
300931
347427
301610
287163
341656
364325
315534
331681
234489
252762
300645
262731
291027
311320
264702
232268
279021
315258
259840
323323
277855
286965
326232
270111
296177
275740
318923
292999
283545
278801
297337
275153
292149
277058
268240
284853
280489
285369
381826
288561
360058
303853
324700
279192
328959
335191
297417
301713
437157
314298
266914
319081
268287
285597
290239
286125
312462
318898
277404
277743
378103
301628
393992
365421
301721
281803
247589
326965
321481
291367
309561
333860
284872
255105
311794
259123
379591
295480
267632
335622
344446
306171
277870
335853
261116
264895
355604
292430
255789
258789
294709
271061
253857
245729
266926
271030
279239
272959
274044
455859
291827
282486
430926
375806
312894
319967
343534
391394
331016
394930
363302
290071
323061
362800
297219
303786
344342
318288
303190
277730
294013
305269
285322
297564
281664
298006
261459
269362
284162
317682
290547
318974
316880
293809
347139
313528
316988
282960
295097
278625
270959
309214
316201
373915
294150
377020
358669
298429
328411
290107
343860
335709
331259
257458
296284
266244
278913
358310
347659
323511
290104
265770
286943
274232
282599
265382
312241
245090
325430
326052
276045
279871
314237
321524
316663
276742
350750
299818
260821
295957
299074
279956
292502
314433
274422
291021
264603
323349
275425
309582
270265
312444
267646
301294
259682
298544
323880
316605
367041
265262
391624
281409
276884
275422
306237
275819
260151
267079
270484
282153
304158
289583
262524
279254
268468
351981
354643
271437
296036
306354
326706
290897
328550
313085
365653
245837
313130
261518
308330
311449
365098
261999
308094
306580
283718
293450
317911
264420
312739
267080
337435
272604
264359
303550
325086
337601
269769
300630
312507
434236
326240
338488
342604
322929
363475
397120
274111
271653
340992
306257
311812
297853
295375
328310
302262
305034
285265
279111
286965
304391
281963
291994
317340
269205
281801
373753
250897
260406
334391
293913
274061
353867
277664
304993
306905
322290
297925
350268
278452
296904
242352
359902
283509
349928
242186
285561
272553
265924
254246
301148
8931388
6784344
4788064
2825945
690910
565871
280787
245902
277854
259905
280568
302470
329849
277203
262624
293190
292215
263957
304791
277383
314858
282500
304229
285427
268129
240621
303949
289952
347627
307795
260750
290098
281917
269298
307274
253715
275377
298612
266190
324825
294560
294792
281395
316446
322377
266053
331931
350880
305416
305024
325746
272760
316489
248990
278838
367060
300599
318121
337312
284371
242583
380446
257180
276869
280204
267465
248150
308570
284337
342936
336584
272363
324694
395440
308192
367760
333282
306390
319159
258384
296992
314427
284086
315431
292357
277372
278880
335751
335308
383746
326497
359847
354365
333683
301832
386210
368473
311647
321046
317101
306099
302888
307083
391619
327464
308936
323377
301272
306021
1404241
1719262
266329
290701
320170
322735
302857
307892
314858
288766
375775
276816
300425
327423
279298
268307
275128
309607
266339
295964
274726
277474
336336
298838
269930
332302
328583
340019
340471
317302
278520
291465
297414
324992
296941
359583
403799
271449
294201
305727
314526
356685
327849
385208
386377
375709
336794
357823
308113
314886
257677
355296
314455
307850
273840
287013
305884
313097
351368
255473
323452
390201
290532
354474
300373
341145
335500
369209
385240
326044
336683
324979
302316
291511
290293
270019
272570
325932
313811
293093
282744
280920
332354
300490
274755
338644
263172
312240
277922
269510
260959
312564
267039
261030
266759
281021
270406
291819
320390
270579
296187
318866
276737
266141
292704
272176
296471
312883
282521
278573
286571
298993
272821
242956
318238
252690
289912
283927
237392
258223
246933
274924
283079
320208
286783
300932
307740
274805
290463
247902
265056
314915
353631
302787
313108
414428
344043
285661
269456
333297
314753
331758
386497
272114
348400
295488
286406
251757
298872
269331
258852
272481
286167
281946
286067
276426
296181
296839
315175
285530
270704
380951
250781
250453
314705
326547
291995
357832
305665
298227
282256
260468
244349
328882
280183
273188
278443
309321
289177
268821
331420
273335
263610
287038
297290
293489
423426
296036
329442
264759
279931
374001
290688
370031
275449
335424
277753
275707
285149
309184
261083
285052
288966
306105
303643
310119
266543
383553
397525
281246
304442
307833
288742
309437
316626
265790
365032
282783
347845
339410
296584
310714
245578
324341
301539
331241
299206
284984
259723
282491
262383
256618
298164
258728
332994
276112
265587
357576
321871
306807
272298
328410
264195
350161
342566
325517
330672
288946
289133
303003
267274
323671
316399
265635
263719
266330
287210
306945
339599
308599
294086
335048
303378
272289
275469
290533
281353
293947
300335
273828
284326
290126
316604
291094
249454
308052
303059
289143
259270
265290
281312
262225
285685
266026
270897
293714
309222
299355
283733
306296
322743
318698
308818
262362
322286
264930
278926
303435
282054
256638
255185
329124
309427
267864
300021
311325
282503
276900
289901
268428
277422
272588
290805
322810
304541
296204
265042
273712
269119
276797
295195
252935
323743
267939
264307
254797
246387
297358
245172
293042
298756
303617
283194
272735
317599
262039
339963
283330
314491
377538
305599
268302
276033
305863
282784
310601
286252
304159
295850
302150
265823
321212
364289
321866
350977
304627
275318
316739
279055
302696
270153
403631
286998
269091
250178
282136
289353
337983
320067
291111
261921
288175
285893
270122
262524
256597
252164
275225
306519
280646
320264
279517
270544
258578
268609
282752
273794
281307
264924
285425
365095
308893
298520
301981
248401
309658
304856
6872119
4730801
2862258
1974052
1064310
282532
279192
274689
262176
292387
251968
280338
275916
292176
265936
285587
264332
323426
360017
276140
265464
342161
280014
305172
266459
274732
267069
314923
299571
288805
299768
292086
260352
298384
290158
293462
292503
323133
306364
281008
288008
289828
275579
289566
283007
288893
310688
285645
242912
286306
298574
257707
283721
284866
283299
280250
294921
277518
296729
271565
326290
289330
292293
304457
394582
335536
291716
277396
357985
363075
247151
368879
322353
348531
265447
414499
334793
392081
297571
326908
370572
360116
284276
330993
292000
330131
288721
285872
294265
304760
355547
336088
351105
316809
288739
275000
319177
307154
264902
281326
285299
274616
354944
346508
291364
296629
355743
276330
274243
275435
336675
323425
316783
357770
259796
290741
370522
373302
296816
268146
316051
315891
303855
267558
287859
330871
279211
263537
259528
303853
283540
294437
300581
271861
316609
305766
321657
253344
255320
255324
311041
295688
302789
262583
303470
278378
257571
288242
333986
326104
290404
272595
305988
266871
307630
289260
295444
321405
283805
297519
330650
332604
271713
265781
325575
265439
284139
293407
274484
303199
272272
270669
310493
270380
314101
264985
300105
334553
323563
303754
320695
298785
285773
288276
327657
298448
294322
289952
306660
268643
288124
315704
287582
261015
333500
278384
350691
323115
275525
294346
294813
280141
262580
359096
282189
267589
316907
294004
271081
313275
319432
260029
301734
289963
300724
283418
335015
286006
314404
285847
328398
275049
277649
275193
297304
314701
297274
281998
336473
280083
298333
311607
310461
270192
294589
299259
322017
284275
260572
285309
260689
315077
273567
279004
270078
273002
272023
303227
300323
271804
294105
243211
276529
286860
285066
313937
252160
285678
284532
279016
292284
285901
269068
323142
349823
301073
303264
282101
288491
307608
318039
306213
261714
347221
296028
293099
270172
286644
271401
271724
306782
288909
267893
304747
293448
339372
254472
299920
301764
303851
291562
284823
285237
318284
295518
249263
300849
268263
315994
286482
279225
275283
273727
276963
295621
277502
298012
272769
280950
273700
275098
279622
281208
273605
277295
257121
278557
258990
260780
266206
271959
261552
241968
279672
283918
303887
272784
277580
261400
294716
266115
276692
254535
281611
259407
284147
273367
254989
273080
266895
258622
260421
277474
265954
258934
294728
286427
270147
260400
285036
269423
265235
253342
269317
252487
271564
264670
268440
274919
278052
274914
284608
275727
277780
286196
322383
255146
282543
266119
276671
247775
255757
257454
254537
283223
261883
258489
271409
284398
271621
248053
262434
267160
263550
255370
276339
284186
258758
276915
253041
275080
258400
268843
280066
261286
282902
255768
300684
293014
244154
297357
260123
272129
285522
280702
267678
271975
264615
267454
268564
255916
356533
261076
313779
278478
297408
318805
287014
245684
277423
286980
304126
279846
341410
312056
264958
277018
330555
300611
285944
260597
309540
273843
333302
256161
330078
280472
311432
285347
283814
289834
358924
260120
286849
291896
339343
264859
301495
276741
273015
262764
241084
372497
292667
262234
298156
350750
341466
293290
338390
269168
298048
252620
247357
254063
326147
273513
360717
345052
322335
317742
336685
327509
324991
271720
281037
273817
281173
349506
253342
313579
251678
268228
267734
298540
270813
253306
280612
273509
280539
247371
271704
1277284
288552
372071
252580
363907
281923
320969
312063
275888
320568
247181
230461
256620
268216
7406732
5254188
3187934
2163920
1520709
272248
249988
250841
258307
303306
241643
281686
254675
278692
264122
244944
269421
313584
280607
315287
378785
360878
248296
331607
362557
310772
268986
319490
327885
301676
269388
316601
260038
401478
268964
359038
262466
294779
341197
336336
349039
323019
290781
327781
398258
315114
362368
336017
283696
419930
355689
456500
379775
315402
326804
327495
291158
302110
306167
307100
269112
302352
301336
345745
334958
336297
403881
298517
318403
296266
322173
265049
287198
288815
314889
271794
338541
286303
306780
316586
285032
307262
336559
315729
335117
274240
259201
264280
314246
292982
299102
269196
338142
283032
301668
348905
330987
247784
294537
333127
278203
298399
272829
256861
280907
304307
288761
348111
301296
258790
320806
363421
327236
270908
256388
372113
258597
322244
357628
294027
325936
302790
353546
284449
325412
307778
293788
279294
260021
286917
302824
270650
281066
341250
312736
302122
346088
341338
291021
327177
307377
290770
306686
283859
343320
307419
275776
282282
263834
311111
293928
293430
296447
263422
280695
300065
319809
239418
272945
305185
296071
295758
272443
322777
304676
271483
314975
303736
331142
302871
287941
327808
285344
290333
290810
283996
302219
257652
275421
298665
309548
311641
284604
295301
277299
293866
279243
276716
290102
306011
287198
294800
285414
310383
302227
304980
276606
269442
297458
257505
316028
268131
283074
269984
271664
294963
285399
339549
279425
307121
267568
297201
319798
283960
304000
267680
302410
287390
302856
326115
335215
295595
279731
284697
313570
315197
306590
280139
278019
311666
325662
289172
286818
277798
277174
318251
366144
329436
280373
312929
276955
287255
289762
304591
277004
290847
284130
296913
289583
306359
285442
273572
277381
299865
310874
268620
275323
298666
301519
295545
273618
300781
268730
276024
276546
291496
262502
283765
314049
298405
273882
282922
259688
250878
313832
308731
293671
288411
274604
284924
472535
317600
273946
301623
294386
261645
259218
285729
261953
258502
305702
309092
265061
276165
315894
316647
320401
342677
297120
296733
300834
287626
275956
312760
266223
292539
330752
256583
267256
256540
271255
275859
286682
298812
276428
298375
261791
304431
275847
316497
270061
296671
278641
297810
276247
309691
278837
284030
326220
286516
265679
273053
278981
310715
271668
284404
260297
296974
272824
291917
302554
290161
285453
331801
379024
269416
327900
290103
287798
308383
296869
315012
312059
269605
289895
326675
298614
326994
330974
274350
287550
270197
302734
333094
329904
282720
276363
265477
257273
323519
412854
320393
302729
295979
316879
291359
321276
291226
345216
361393
280599
301582
366592
295675
337692
266865
323548
271797
308658
293257
267090
333234
329287
261053
342924
340220
265243
252066
316693
291010
268966
380089
240035
262918
248888
309991
338744
297914
297923
317007
413705
349147
283360
284987
282137
297020
321301
239060
266846
269229
285176
301433
289582
329529
271758
304172
263708
301608
261518
305878
258461
287020
292174
317524
275843
336307
297150
265380
318820
305746
352919
278662
316789
301042
281321
259445
409262
303962
327072
267871
262824
291625
337111
314897
272587
333988
307880
288950
296227
359073
309479
433864
269306
405416
352789
265855
307359
319742
373830
318592
407400
315472
324095
294351
340888
414382
317381
381414
284477
277604
345774
320784
362481
332954
266040
355196
341283
294843
265699
377850
330789
341146
332802
407182
353856
405812
337965
347898
350901
375458
292658
359918
383728
368998
395585
8725743
6593256
4766597
2668043
1360988
592355
357816
305743
780710
416870
474176
279692
274899
269042
273792
343139
285412
311465
328355
267454
288608
261978
296051
255031
301354
349921
304683
328684
295727
368233
306609
291272
293220
366383
337832
315876
358090
291196
295122
301439
337315
288735
377238
296734
324198
294427
278017
256770
275960
329010
324819
330910
305130
290479
284972
325872
358992
324455
269765
408496
338779
303388
282014
262025
307344
300811
304168
315754
260390
304654
296557
277827
288963
281663
317026
294496
295536
285762
290665
265535
273805
307465
263138
301205
335214
314747
321208
288131
282974
257623
253543
301320
284994
258870
267019
240506
267992
264885
352863
257615
257545
275051
270384
279728
270284
325694
261797
260730
289614
265407
257160
269316
276382
270066
289729
297569
270672
258955
309275
286228
276758
349355
347464
341317
287414
277654
259617
285856
267986
282613
263777
289876
259486
301700
282469
304522
292728
290521
251001
278152
266864
252864
263633
270980
289990
292030
294313
281283
297256
291696
310959
288279
277732
291909
271892
268428
289822
261864
299771
291288
274801
282940
310993
322487
353070
310160
333289
290105
259802
283032
276655
289772
272959
269364
342535
322171
273374
339810
297323
295323
244872
268243
289049
296972
291332
298818
309685
261792
275188
247317
318618
305614
273904
306408
285547
273220
310030
329087
263923
312942
296629
298696
301902
338992
265358
322918
327769
307999
359988
271881
312831
344564
329381
411804
344660
289603
300296
292159
332022
304358
305535
349725
384392
307365
339172
262781
304202
324814
314191
295317
346650
315736
299938
377178
305174
361030
366120
262686
324642
292580
288803
297442
325402
280801
267354
246903
273030
259595
316139
354501
309591
343860
309316
283832
377308
335378
310490
338319
320145
293918
288454
353285
336207
300166
295149
282948
282018
274383
279549
261716
268462
257388
299264
286050
282843
282169
296875
301118
294807
336593
299639
327042
337732
294107
269710
265029
254439
341048
277404
295533
313909
294762
287341
309785
306601
283017
295202
294362
277338
306824
325827
287226
277302
268628
255567
307377
289537
276929
350976
314384
272860
301823
312713
266406
287482
274230
307383
344370
292026
354263
357032
372225
329814
269653
321279
381302
260184
269824
278153
268242
258562
267754
276136
292836
285206
266898
279101
302457
273373
288526
296029
285355
286551
289643
309733
274169
291935
262567
299963
272376
270155
285497
302363
305116
269583
276315
286008
309284
336187
313221
291392
331779
358165
315591
330437
303073
296725
303138
269124
335564
324689
291195
328997
347581
284507
300796
296689
336348
299588
307224
289690
368313
303802
333638
285991
289723
316813
281758
298898
362067
290537
247649
269252
256322
360667
297820
290219
274859
372062
369181
316967
273487
307916
290838
303068
290947
263823
263826
273435
270178
260633
268646
276872
271668
231047
276687
298553
248232
311699
339268
272557
300777
288715
278418
319785
324691
278017
286866
319006
301990
317800
285520
297879
284952
272868
290704
355250
254566
292926
279232
277768
279436
277710
259742
292332
277214
272114
255539
310089
274975
279701
276133
302482
303205
267612
326218
339751
347000
375140
321830
350112
264531
304767
289196
272995
290195
273348
282531
282765
308235
314732
363278
288563
339943
290036
305029
324236
252164
346887
268779
300228
262497
279627
297533
296099
325243
298915
279437
318417
290922
267589
271465
270781
283331
250667
316600
281510
377129
261351
277870
304513
271773
304136
276284
270504
277329
262406
7846200
5801414
3671349
1886601
917377
299675
418136
297101
285822
325121
295450
324946
384386
280224
258793
360177
302062
353376
365338
325332
312198
290371
301540
331060
264882
281072
289434
292947
326357
254550
915132
321211
366055
311490
321483
357893
293962
307088
334679
259781
280844
324673
323350
304275
295394
276441
309180
318896
278028
332138
295158
323914
325611
302056
265538
289488
272051
320533
261019
293993
298935
294808
346634
327250
282852
286629
308955
291881
282180
343394
287732
302208
273851
297414
300431
261610
313453
271342
306028
286837
315053
271087
342606
359845
316061
275860
275026
296046
304782
276499
284501
313198
295047
283099
256965
291502
262657
281570
290229
273979
259071
322748
282570
325273
312216
261565
335985
326384
305300
331580
312903
320105
304934
275524
307340
300749
244292
344244
333858
250876
354073
295815
313628
322621
310017
303370
281852
278662
301257
285294
337083
287812
302401
276124
327827
290930
296252
313248
366328
301364
293796
294682
303445
294945
310531
300493
294746
359769
340545
334821
334424
300616
338893
364455
290641
289077
300746
272712
284978
289394
274494
289624
282499
312839
315882
331744
326077
321953
309796
385165
300688
331715
297567
320553
295469
302145
355237
300723
308869
375569
308962
269207
352031
445755
268426
403809
304574
340656
350642
315504
270323
283141
290968
303640
317149
300022
428288
343363
292355
255991
332208
317986
340639
291261
272574
316843
336528
359931
291869
373933
304688
287696
307616
471416
294323
371100
303972
348547
395160
360913
413356
376015
379727
387705
298814
327154
348290
275538
307754
304636
296846
292601
333437
326637
287752
358614
356417
283456
293781
333401
309689
293225
279898
295029
296932
249037
300370
276939
301001
311784
284892
385503
294027
335557
286305
333752
348771
299933
373226
266084
333400
316343
327198
268460
338214
265029
297574
298303
330889
294201
342341
308999
304169
292964
298333
285069
312831
300153
305822
390975
302957
309492
331975
366658
324313
279375
356665
344243
366277
321916
326828
319967
328559
329869
281364
341447
296122
305548
308150
289132
263604
316507
326520
279202
306277
303684
281519
304484
320463
324396
286985
315534
263416
298911
311481
314303
330063
334858
271310
312065
346242
278800
322216
368969
321151
326310
281056
327899
321038
331477
297802
273012
317440
344530
302692
310051
332477
323609
285882
394631
307857
315011
278520
307917
316256
289448
432254
316676
326865
281158
295000
309149
302182
310067
283785
283059
310517
323767
323411
294848
342050
293735
333649
296067
313856
342556
274238
331921
282622
321235
335667
376563
301699
310951
275086
349232
311711
281004
276502
319955
293707
283816
295438
294651
304420
272496
322502
368885
308466
318919
307831
348133
325779
306141
355068
263403
272192
330011
359991
258579
421723
263707
320566
437740
319352
362754
388213
353608
284991
320047
371166
384475
291740
291645
306591
301927
337837
361796
369128
294457
422426
282654
282144
322993
285196
339751
270960
572391
432182
494185
318402
307045
315654
296523
288582
314811
331770
298449
350125
326941
315334
430353
293639
384804
382136
382786
400537
399244
365642
387168
454961
296095
389906
491568
345889
417826
352611
346451
398753
412020
405308
439840
379227
411879
402330
294579
285735
366197
267573
390554
354929
291221
326696
321142
304578
280850
358286
313889
354824
434890
320439
260314
333011
372403
295569
307221
348587
313505
324695
263091
316416
389502
317727
270993
304109
289942
304327
320759
259838
271227
263852
278141
279777
317253
296492
8340470
6200546
4173352
2231127
890800
334286
310445
294948
279349
275006
265815
264781
276256
294042
290134
296870
270146
292691
282327
299893
288135
271061
267823
276902
303672
276641
287067
298545
289074
279223
276623
291138
261157
278783
283219
267721
285533
289362
284531
273617
250952
275608
274914
304963
337689
281514
290551
297229
313212
301118
281103
287002
280680
282963
305045
311824
323647
284980
320522
279387
258593
257022
270571
327161
266770
275295
274557
269830
268698
273914
301643
277009
276598
283587
271419
278119
281384
272797
279546
284168
275701
264956
296146
280988
292367
275926
274391
317760
286773
303902
306538
282893
281599
266281
282044
345113
338319
292630
327527
338843
355165
327421
305350
281358
277054
276263
262205
310715
393084
277142
302288
277434
310080
308339
295945
274241
290099
313592
302744
301210
265102
265058
307950
369236
301708
286718
326673
355166
306865
326988
274113
270406
285545
297557
273889
317745
315191
279549
279392
294781
294836
262339
283764
282013
263916
340422
308729
362790
367271
267892
308064
362111
293079
316420
289461
332475
398873
341361
290204
367686
369027
279311
280037
292702
320327
311811
293078
278409
354267
264502
290102
309940
394782
316229
326653
310758
315545
302322
394360
309157
295209
406680
296163
379714
327329
354683
284804
382285
324476
429148
322558
424697
276964
368701
391506
301976
415387
306038
263565
278289
284533
282008
278743
311564
353031
282322
333824
304488
316961
275430
255043
270714
280262
261300
269514
275191
321776
300657
301640
316712
312803
304150
290512
303423
270937
282578
284336
289381
266817
275372
263729
278490
252857
273108
280140
288094
285508
289702
278896
296268
297989
291453
277754
280712
291130
298037
293569
278093
281190
261788
265351
275873
267747
285982
269009
272576
269684
270812
278932
285867
275091
392616
300920
292567
266934
296706
265073
264521
272972
295032
280930
279268
278456
280713
264643
284842
276686
275630
282964
287955
296433
295004
309385
288352
280133
300868
264945
294096
281430
277984
286569
289597
307517
275972
269363
297537
295944
302412
304723
272774
354399
294327
288987
298579
273979
299813
278920
277414
354249
263399
307321
310065
377086
354957
277997
284565
294716
287608
325532
352084
314154
291118
372373
364903
285884
332829
287445
311193
283744
328562
452780
302113
287004
285649
268166
290594
278068
311833
329047
274685
287809
282570
305944
368848
293886
283893
382795
274632
376090
288300
327158
303726
300020
321728
265919
367420
321461
281025
300442
283887
264867
298925
328603
335144
294951
255459
283463
281457
315095
297049
270190
331361
287022
268909
321157
412009
307309
321687
331042
276019
312274
321817
298168
354629
327114
313124
264918
308596
407588
367325
348916
415504
391828
286888
404841
343531
355362
329076
299507
270408
291502
306337
300774
282941
271075
293897
293194
316592
278106
309857
335572
256069
333703
282044
293239
283180
295063
345758
402413
330596
331560
320828
337002
356717
301650
307215
269345
321727
294517
294249
298990
276898
255531
293123
299667
349558
286715
292673
291331
297141
329112
279239
289191
251941
252632
269373
305264
288831
269442
269200
290985
267442
289617
315502
288552
296737
296891
296611
313079
311280
303728
308785
247412
282243
330715
275981
288879
324300
326421
265202
274153
273084
294059
300916
285830
276104
305749
321550
277331
312898
292879
306204
310941
304406
308433
278248
283912
256162
290037
271368
260365
305120
332405
289568
307806
332068
310235
281542
295790
321115
251538
272179
301833
270074
354190
290740
7094002
4952664
2898838
1802839
854378
309343
298640
292814
378119
295509
298700
314364
288268
334116
289860
338845
351943
318911
323328
306809
275186
258348
319338
348906
298863
269957
304602
317853
264674
293498
318996
282603
273875
291946
263400
277760
317969
301116
334151
347909
394572
280816
305998
346695
283279
373167
314675
281172
394574
299487
265945
291790
272544
376518
287789
314417
285161
329046
338033
287957
269417
281455
286076
276794
262935
249435
257150
280201
307456
290296
317857
262251
280593
252580
299727
304488
287029
276127
331165
300632
292613
293932
270205
295620
286997
269674
281525
283470
318468
299525
289046
309718
279312
351480
318588
290031
334703
306953
266740
280374
328355
289959
323138
291867
276510
274289
261566
312830
251109
310939
322568
294294
344144
317496
433314
294232
295852
319202
327334
265520
324256
316819
331645
267351
315778
288804
283864
287501
268022
308726
281438
368655
264577
356640
273616
320742
285529
358285
305338
276167
277667
277149
286926
278335
349628
281118
268690
277180
277843
271112
335242
256541
276700
265583
271997
271809
319305
280551
308207
336558
277270
257530
273536
259799
277071
324508
342395
262637
288209
325439
304159
276101
244067
312281
300683
253392
298722
278455
248341
319168
250240
286207
350670
323362
313379
305838
349818
310137
299776
304766
335495
305225
289851
277424
343594
278990
264919
281855
349186
336235
294481
365008
279794
331376
355259
290218
339375
308237
291761
294126
321625
260188
285875
302844
277098
290476
292397
412006
275175
317039
284777
341368
306746
287302
291245
281029
277934
302618
295947
278650
328786
318892
300775
283424
303514
258746
271336
318896
279398
283831
268615
283947
260079
299956
258598
318638
251280
310817
295240
301543
278969
303061
288845
313354
297244
270750
275746
289486
299495
329091
305774
272954
308730
277173
339762
311995
332511
317120
367740
263470
346542
275369
307428
256235
259417
278754
259920
308699
259195
278475
263921
298773
289947
279169
287866
296865
255092
259668
352761
339673
263413
289059
293598
304512
307815
263280
275153
286146
280002
377479
390782
320788
362064
294943
317664
278353
302406
295659
270572
293498
328758
326124
292660
318620
296995
317606
340582
342331
439671
369938
304250
275516
300793
280165
288298
286034
270024
294134
284050
278816
281016
300798
320021
309924
267356
291089
288236
326195
252278
370395
304364
320543
309439
386087
333662
289474
261914
340354
397274
321072
370766
270745
288401
311544
274607
296016
439727
278992
333509
272942
327448
321980
294044
254172
283570
269948
295361
312745
295524
294606
334266
344802
339259
309668
351891
330313
275570
258372
271386
253899
312961
281204
270951
317973
275619
331206
258782
316588
288741
306393
309540
275309
293402
283334
264494
711019
1226865
343647
288576
318996
340972
309958
282077
289183
276026
304872
269525
260981
277481
272974
268990
279843
273576
286331
260524
289497
294754
291307
307769
311356
285254
280874
275463
275653
294419
289292
288291
292818
308444
286290
280240
315699
281845
283602
293728
322828
290247
274887
305533
270389
294385
287791
324381
357554
284497
259122
290912
282918
268024
322544
271963
264316
293662
258365
257825
288131
281434
275517
273873
272732
335828
297134
256353
281703
314379
281762
269359
273511
279701
305151
317686
285426
306740
289525
306315
294291
349631
306490
265796
377832
345685
288718
351128
389914
305786
283959
285062
315082
368342
262461
283097
392620
339663
340169
317131
333521
351521
287653
290839
267899
309405
300882
314254
332300
308807
7201620
5068243
3059040
3825826
1686215
840334
300304
453077
334966
298372
291755
273034
280577
300507
303400
333947
359030
301285
302095
393752
279657
293347
320370
297970
261232
283904
315648
431084
251320
302019
301776
319799
297195
300855
274580
289314
288356
285516
302816
277048
288545
283637
274533
316362
299126
291241
282848
301437
294667
260686
307172
293538
280772
300305
288177
297430
303016
259376
296702
304368
334358
318714
292641
310388
291217
285564
288717
270424
280207
288981
321694
347064
349640
329463
313707
290370
343780
427863
289476
280209
343683
354873
383439
382303
371626
308996
380362
312172
339532
352202
316505
307811
306562
305741
391332
327422
326641
368538
370865
329194
306820
354750
349056
320783
296754
325050
400006
327774
340343
363860
362916
312733
313402
319562
391486
334326
286231
306375
327365
288928
310558
297214
335712
268380
317651
286054
302178
301818
378872
370884
339387
319221
343098
319497
332794
353261
351080
314853
333223
368387
330747
284532
341463
276869
325053
298953
345970
295709
340622
429916
326936
330126
291178
303718
372729
347935
315948
316391
310078
327971
252268
330314
322644
325201
377207
383550
302113
292370
319377
279306
347767
293653
299496
314692
365876
350303
285556
266919
306556
310309
304055
348763
299155
292438
315059
320958
317315
296504
317265
335425
303248
291081
302857
274955
302247
261207
295197
328718
286390
304260
314723
355210
312289
271493
306793
353486
268602
367869
312765
358106
363419
314503
325279
314659
297829
270001
292638
264941
272815
288224
269008
271915
286374
288131
276358
267847
306884
328704
271584
272703
274094
266766
271890
274127
290087
365790
291763
358480
320000
327349
316542
288209
325735
300105
303175
334812
321148
335945
358185
286775
282271
310328
272517
375704
258273
257297
269037
268570
295077
305167
297906
286929
285466
268779
270258
286432
288218
276176
278782
269672
324749
295099
287059
267528
280112
255111
271884
293827
274147
280960
289577
284103
277640
281863
301667
310557
286640
278383
291143
278456
284090
277466
275645
286616
269862
298519
284755
281695
254794
273608
266337
386215
352308
270047
313307
265224
319574
291574
277143
255950
343860
278483
257966
259759
272556
273239
307933
273669
279058
280655
304605
269968
270198
284452
281795
260404
278060
281368
276284
274167
309694
285964
313117
291441
278980
322250
302197
331493
298120
268029
276192
264652
316458
286382
263396
277465
280685
252501
318209
308672
284468
322269
317578
286602
289301
272127
293014
270500
276447
290727
300407
288470
315740
335477
295243
280480
304536
292297
298197
303292
311046
307069
263995
313832
311052
317089
278038
326975
304954
263215
309574
312255
315034
287868
281602
289875
286731
351618
272317
282441
308511
291984
285197
331670
277553
320443
280460
326390
283939
343733
348693
307573
302950
319483
299359
258916
295616
296062
272139
310602
318429
308661
281838
269344
292394
317011
280697
296891
307128
323290
334554
315401
324621
308713
326587
326434
289833
338100
293703
328909
395889
352959
353489
271952
313652
334395
303872
305416
324079
282806
315198
313401
312312
294098
278962
302104
271744
300204
371447
303000
310807
339601
313647
332504
380201
280920
311780
290817
287520
293373
251743
325656
294149
297585
290185
291682
297058
302015
277638
323801
335021
357744
372831
352975
358158
313354
286520
383801
284263
282933
276560
292343
326994
339303
271223
298272
308529
314342
288456
275236
324666
282342
349119
435180
371632
281195
421449
305215
287532
368666
436612
289114
300191
338438
291564
1964369
4745074
2598142
541672
2692296
536502
462838
500265
430398
405077
425057
303050
331423
331827
361774
350549
298475
325108
295182
300108
338848
312244
308194
324082
290748
295652
287317
317094
353183
294655
298332
265144
289043
291884
319942
275721
282165
303318
285274
272740
342389
258162
316832
289645
300424
296543
261400
327135
320181
278454
329300
300096
278742
302715
289521
282973
286870
279779
288612
297505
289282
314394
288264
302183
317213
321668
283150
288627
301653
291512
268765
289758
313884
318636
316593
293232
262731
273408
265917
271270
300646
268792
305548
257377
266140
316623
352713
265085
282714
299100
328041
313516
324469
283061
275313
264087
282990
303766
272062
280948
317860
308470
336866
333496
280178
261687
310914
293233
292309
319631
311094
262667
302003
356889
286062
312208
304721
264354
287300
337130
356292
349098
333312
390284
322547
349983
345637
293778
322709
267404
290780
292116
303422
291435
319485
319674
303840
342433
325143
305959
309485
331298
318181
305013
330406
294521
308045
313571
316907
320306
281136
293078
266921
257921
345841
298717
318526
288189
337275
310908
268570
370429
359242
261058
315001
340564
276829
296082
329235
344331
273984
330843
286450
285422
289152
316568
404387
353381
284217
395953
329952
327195
308341
299001
328453
381073
333049
462383
433025
392861
306270
335783
367130
336179
361139
339764
396564
364833
320303
372812
305522
293101
300647
309180
311129
321373
310085
298062
308401
306687
310547
321289
336659
287312
280611
322348
314276
354453
372612
383339
350854
295840
348920
437746
388498
373268
301511
347193
356149
297599
386685
338555
331631
338480
331589
351095
299101
341144
434818
324513
348139
351856
258359
357472
351744
299253
315927
324716
378748
369675
336924
302381
321003
380186
355895
296651
400421
352171
338430
313649
326828
518995
330528
540788
373693
487320
335048
279227
346184
288876
306396
322862
318955
283490
402150
362766
340080
292845
418085
328057
400980
335140
304106
327155
331679
271947
311320
296793
289272
316665
293884
322108
297733
307010
300452
315121
322994
296167
311243
309920
333452
270131
302091
300181
290800
335227
269892
303644
328607
311296
290693
273088
289244
266541
360830
359863
301343
296102
314109
292517
285544
258694
355380
367043
293935
330677
420541
274260
267959
318498
288621
303908
397450
308643
348503
290866
298707
305627
273007
265260
298175
281871
279444
318221
326216
313016
271489
274485
289735
284394
288723
283885
342859
365518
288271
293524
303940
287972
314373
303185
290138
269911
332583
298982
364459
303311
376351
296053
294746
317542
313015
338815
311997
344984
289527
274226
278429
321251
276431
301344
268096
294179
270655
291161
296034
288097
284043
284862
264391
302111
284614
321254
297719
294239
278525
288064
280928
287947
314667
296365
304749
305751
309467
265800
346607
301792
296212
279848
275957
297037
302826
278313
347402
318085
300064
284067
290259
292039
322582
341134
302026
333796
251343
304318
326701
266104
277457
311636
310939
285245
312482
315731
319541
336737
290119
302062
359498
287277
287830
285880
357839
359192
326178
305534
348510
288273
294153
322165
293745
308297
317470
272736
276442
299169
313082
334325
331184
300062
321739
304585
296661
302814
315363
336009
295292
299698
307841
298951
332557
323469
318499
308322
316678
319691
311616
387793
313712
304748
293177
273097
273339
311321
306110
313996
295931
319280
291808
301664
323412
329542
288566
318532
462171
400973
366494
471870
348998
288106
375155
324391
311796
350475
328079
332474
341147
354042
10775215
8631147
6648896
4693056
2554578
2144395
581480
413544
326485
277207
321429
317044
309223
298445
295041
333879
296434
315263
298251
303477
299008
300470
309163
319362
293847
287871
317340
347219
311207
315856
306248
287747
324646
328047
262746
323844
265470
289975
258277
280439
302544
257516
277602
282253
290394
364217
293645
308783
297956
274767
290953
298862
319391
1461834
329016
314347
269226
330035
266676
294538
282780
283785
295821
284757
304501
323743
280822
385187
404316
312951
369756
355575
281630
284002
358317
297108
287728
326390
333538
409274
264299
341427
287128
301607
287263
301658
250987
286695
299773
329299
341747
268743
285208
283296
312848
300386
312536
316524
293072
295798
313584
283888
309004
335740
310424
318963
337552
347117
302246
286417
283312
289115
304663
297495
287853
323856
334204
287609
274134
294883
275852
288451
303652
442502
323520
286188
288717
301325
310734
315319
310441
284109
311195
305417
295332
316487
326769
274151
278043
288495
323684
311253
300285
315990
288051
321270
338192
332733
315099
338118
315633
297322
280610
286645
316521
259846
265278
256094
299833
295788
293330
273368
292323
286188
301517
280735
275974
287869
314104
323013
313701
302763
315636
392348
307569
347825
272017
315879
346057
295693
308367
267319
363078
272382
355532
364654
400653
365335
268783
312542
303226
300042
297937
322146
309682
304256
270241
272853
267316
299781
283272
295135
291720
287154
277440
361073
307151
274680
279128
354687
359686
357611
355509
289705
297743
262422
281207
308169
348744
299186
289101
270982
314945
281562
301568
299407
336342
325248
289123
304258
298216
346785
302427
302376
301351
345690
310795
365480
332716
293221
273785
280048
268069
279711
302353
260452
291520
267123
302275
288162
279478
303647
284089
337141
283249
289421
293253
269558
264341
291922
294477
298369
268867
270639
299915
381904
280375
297857
350033
242968
305150
374713
379418
308259
304928
335327
322149
337074
362059
311331
343896
305827
336070
284095
309523
286375
296197
405129
277971
283343
278839
291530
288546
280967
315659
362155
289114
319432
285403
299699
291344
272192
268698
275987
266528
282134
276183
342812
316456
321416
338318
335892
275974
337046
324098
352650
375849
341501
350396
283544
336126
300155
320483
325756
325457
265549
291115
324273
321329
306474
293352
289704
343043
294591
324406
319312
344551
324942
316921
347420
374029
351537
308019
300061
314906
329675
326490
344625
337208
298950
343531
319534
302185
315537
352960
360004
309110
296501
325180
306848
329087
301393
306158
315103
277098
297336
380519
291477
329422
319448
310853
311121
271709
287938
346003
288235
284883
289249
300915
289380
290449
268114
298526
271821
286480
270725
271517
285342
301501
278235
289458
295573
298621
270123
288524
299567
302436
281590
289723
283294
309509
285122
268513
311853
300324
369193
310118
293916
276742
291813
275258
297264
297680
295287
280836
310365
295650
300212
273380
318526
308858
311786
321929
303067
301399
316688
329660
291124
281300
351145
305787
304229
365021
300626
325064
334150
349379
359268
331559
414834
383983
348412
355544
331469
242380
451571
281369
377611
464833
576242
345226
367855
384357
337832
340572
305564
297225
302787
298540
403759
402974
406659
310488
334083
340429
364160
340686
302253
306926
361251
372747
363329
345374
306116
279361
274810
371575
402615
316270
358369
309967
329029
436729
308612
356698
274426
297162
325224
296970
293245
296800
302813
274967
262222
299942
294210
285992
279761
297456
319781
301976
283963
272757
284435
326378
293290
9047084
6911207
4965136
2890249
1583202
650237
311974
295770
290251
292467
269159
330297
288373
272458
304793
272968
319367
321913
314305
312650
261576
282617
284336
294651
293910
297323
286538
338496
282132
343597
280642
315321
291310
281228
321857
297309
271738
354233
286685
284457
312400
304044
303110
321639
301584
293383
310935
287537
325236
309963
307709
319412
310340
311002
314937
318796
310055
309220
326345
303244
309840
322469
280760
311236
299881
318576
285275
298093
290245
283454
283876
314208
365276
295246
313880
289812
307725
277977
386190
293727
289209
280212
312067
370569
332588
369720
276622
312174
295975
327461
288150
375572
343407
266643
289694
313250
299459
268604
314626
287194
314190
358839
353311
295045
285365
282303
302185
327091
382740
373338
307337
294255
339194
374684
308205
306044
344106
308931
315297
299488
314944
295646
324174
318059
345105
376441
308258
295597
296763
367565
312447
285809
315372
327516
304929
318247
261836
303827
290056
351841
286087
292833
290561
289892
296048
303983
291121
298231
299113
292344
291227
314742
310934
333240
330988
319676
354976
341591
332296
352708
309463
287905
314281
314069
318485
354623
374655
357030
291626
286701
287789
371625
279878
284148
279674
295560
306254
334304
290856
347695
288069
291541
289197
306499
284567
295700
288728
309827
303442
326455
297920
298345
301560
303123
276391
325273
329695
306441
289232
290547
302903
358168
343430
335569
323448
287629
317732
355721
316949
337708
278857
332465
305657
321688
332694
266682
312165
287330
265602
282303
290546
299641
282027
317612
270497
297943
295591
292807
296339
304261
265306
289599
286993
287112
292017
313032
284211
290186
268772
281427
274792
285555
285957
311135
290264
277633
298439
290043
349762
314111
305263
268657
296833
263552
294858
322496
282624
292207
342266
307591
326563
299402
291943
286799
309161
271276
285481
276037
273799
279164
295446
259717
292230
287211
302291
268920
275541
308226
292749
288404
292520
269685
269290
279928
281677
306773
297838
301654
281052
285024
289097
289155
283897
277076
362458
282870
274805
271650
319376
283787
306443
280382
283290
268389
300171
302884
283239
288820
275333
291631
273087
334075
276187
300426
312812
318733
318289
295511
323299
262502
306834
307426
286937
278102
318128
268550
267751
308384
365986
284458
301357
273109
304297
281439
339778
343040
292442
289231
311573
328052
293853
293609
302674
355100
289391
309167
303726
307430
275130
293238
278100
279209
274081
285466
307359
295410
272809
291604
315539
275048
307073
316282
366624
397666
305381
305133
299805
376141
316625
379045
338693
427456
326008
367173
405229
352934
346225
313277
325240
405162
348757
307029
305361
335136
359402
333123
373049
329685
308039
346699
312254
312295
289244
319356
340458
313480
294709
368174
328647
315939
326614
290400
369889
371591
372416
306351
372567
468567
284684
411813
344409
358010
386893
340671
341320
291692
324793
292843
313121
277257
295522
299294
304000
300486
306871
338826
323288
307587
315340
296991
323710
359319
311704
325599
370225
351887
333812
266995
282020
277808
279544
312049
328569
299320
313202
263238
343180
338976
365007
302906
289568
271183
299988
282987
293415
301992
303097
311129
275244
289239
286765
323681
290363
325368
337386
282142
321824
259422
293811
322176
301882
320074
291363
327619
312211
317810
281885
382280
308546
321311
297430
339901
295391
309609
279688
400277
317309
405131
295566
272954
292433
287502
287011
316702
268158
346510
404460
307984
302803
304045
389528
274439
304871
333604
330419
375678
6541621
4397937
2320197
1422982
740217
372094
304480
326771
258943
323079
260741
283179
343015
277233
309775
304711
319673
348618
353660
391602
294804
302080
262989
325358
304649
304421
391787
323772
277844
331157
306322
372794
255519
286678
301327
275348
300347
323779
324615
317468
301466
302451
343147
293309
324418
304200
330518
284940
286818
302881
311386
305095
283104
278359
274407
307016
325685
301537
289063
277118
290207
296362
301114
285653
297392
303404
319846
353812
270550
337585
1132971
5045664
2897817
1404528
316999
294831
284960
352596
250581
272260
281165
275274
320933
270841
270770
288525
351050
319243
297871
298267
338799
285407
348686
323012
296357
282315
288794
271929
261715
276941
274066
308238
282037
312312
290897
348083
309481
334620
290785
273140
377656
261567
336217
325376
288171
275229
310335
278947
311176
310538
295647
282119
353421
286753
279612
286887
341503
260161
293276
274162
272094
294492
300699
338244
341069
267628
303944
330742
316828
311043
284521
322483
290660
277461
351317
312166
292957
312186
275545
401864
331592
367328
293874
303845
322034
275259
310635
295831
314752
298634
309630
277841
288017
286692
301174
283479
268937
299670
370706
319402
301300
272039
317454
294863
288045
278953
270536
272644
288789
266554
352771
285782
312780
332896
323812
279259
319272
370617
409883
264391
332017
343669
317918
308330
369086
274590
300153
358408
393094
344852
331068
339720
336158
359937
338866
341641
361843
311481
358184
292279
294288
296453
271602
265794
315937
322062
289943
291176
308535
291270
257951
293703
346950
360845
340113
337719
273764
332883
321266
309898
269116
281581
275094
293383
283888
267896
303118
303221
275589
281731
316569
288265
315391
289539
352912
365750
309039
325105
404457
283835
282474
283840
274624
252640
274529
259414
261066
294031
313067
281902
266703
323562
298254
338513
344483
298204
286089
278632
300391
286566
298565
326240
290689
293837
322213
284552
253807
267312
280278
386553
301929
431711
336193
295718
320873
360879
330354
331670
300592
299100
282143
370402
301517
312246
308454
349423
320585
283730
300479
332488
345984
293455
353588
395273
365272
287621
288833
328642
276723
360322
325711
300070
376036
328157
326752
326554
334373
332432
406022
317673
305908
315418
355599
375072
322281
357649
298068
330200
274011
348344
295849
349814
281057
317142
258380
286036
264948
277644
287189
269824
294523
269282
297398
298142
299088
275771
312932
261467
287213
279845
267527
261088
276454
291593
288762
291301
324930
281865
295518
292727
287303
287361
292389
301339
286414
316203
323828
264960
288483
275095
255430
301796
288188
275550
286852
301074
293757
285066
258798
291710
280009
311971
306167
291302
299394
324230
333402
289687
312356
300579
276711
294163
279838
276707
294159
286548
309207
332493
311795
308350
288496
331272
293970
301999
300321
268493
289686
315084
294536
344265
355735
294253
313746
275471
321417
284598
321055
273476
283069
269871
312470
270074
347903
457496
354184
301287
302902
294820
270156
316455
294804
328299
325535
285574
349433
304566
271837
291266
281951
287007
306346
287951
267460
282126
289748
259893
329979
314188
266573
283149
262151
276150
268602
304841
310593
280335
266927
268346
303468
300547
275216
280248
278087
283832
294271
289236
306715
296211
273194
282549
302601
303727
308569
370475
282256
300862
329918
260480
331882
354681
325563
328968
264254
376363
276905
280684
303612
286142
256371
290156
302822
357344
298676
326392
315213
311702
303701
366643
364409
353198
288873
270221
300227
303853
281045
285941
6981404
4838013
2922576
4391075
2251038
1102071
334823
296611
307337
294472
341612
384967
377870
369838
307267
318906
344038
346337
363673
329327
274427
305805
366431
275826
383349
293671
312843
279022
315044
426289
294384
321220
315753
254881
292917
316149
318201
292603
297439
287147
279396
288336
339815
287063
315176
299130
305946
339062
281744
275592
288421
309631
286759
274707
271043
270922
292117
340534
318665
258994
268919
291425
320284
297713
374918
283877
305783
333629
328021
297639
285145
265290
308879
301488
305097
282229
330345
1694716
676044
473382
304577
290976
281214
335417
328495
309154
351620
290448
288654
408820
532436
580142
428453
298486
291891
323150
305879
296877
297837
352946
336698
275910
332662
346707
361950
365062
272437
379913
324592
369441
329193
303842
330935
376531
282539
294734
388583
356189
311464
372376
374415
304377
341213
374222
333497
309126
342961
335820
297969
341581
308400
393550
332895
336061
340823
319499
337924
293506
337371
339710
307753
325438
319300
258506
367826
302454
367147
327085
316583
284966
327625
289321
305473
379779
302397
328160
372591
294634
291229
276417
317737
323629
306038
317454
327019
271851
271506
297639
309444
298767
290522
284158
320710
277886
352031
283770
295722
270564
325506
288805
279974
304263
393455
351351
303929
285105
308504
285776
307005
310287
273425
322997
273730
347962
255051
306883
307292
361054
297830
288665
335801
324357
318005
303567
348153
342855
387618
311023
345912
316945
262056
344112
302947
331627
275204
282883
307896
317398
294127
288459
311135
274207
314370
381208
296891
278849
362845
302063
292722
334108
320947
327213
320361
311809
310485
297081
314366
301585
274524
278723
281972
303814
281399
287475
277470
307530
325745
287894
320543
289284
283853
284143
331061
325063
298256
300185
281620
269006
266774
292704
315475
288937
281423
294228
288361
299810
352259
303337
320676
298562
288753
350156
322155
328130
342163
421789
292240
301315
325801
296367
342210
301755
327047
337619
332688
364813
293699
286211
277333
314625
280460
360907
298421
304947
264342
410789
303670
335049
350759
371024
320153
292078
299180
347913
365221
415284
319709
382128
310813
324949
369838
335879
319591
319837
305562
367121
314283
285658
346518
382099
336114
351893
295249
357804
305046
295458
377144
308345
323224
362639
280198
326330
298372
320877
284730
294635
323574
291519
274048
289220
313203
341241
289196
290188
336271
286642
265701
270086
327495
318907
316186
320245
292654
300179
309088
281187
300862
342601
347223
306495
306196
335922
297931
356720
289438
320010
299456
323458
322672
315059
422677
287213
322535
303313
333389
315374
291953
332954
375980
391195
341031
334643
341938
364567
303189
296704
317333
419965
303337
394263
312078
325044
311732
289804
325290
307898
279410
323322
269861
344787
368752
300511
285846
327291
285833
313515
299787
323699
326831
321114
331106
284508
328247
330419
290214
325586
304578
295670
283525
299567
329786
340341
370313
265466
313521
322876
363416
340137
368603
355381
328087
293992
325032
293416
307255
298034
388952
314065
343086
302388
268217
307516
297348
317810
310819
300161
307480
304381
303490
340612
263571
338569
273919
327637
339682
310795
331317
331065
292953
360705
287322
318340
305235
322521
342190
304986
317214
311320
295575
301773
332956
318127
290232
274855
288257
279525
290250
327783
287632
318617
266302
317231
274223
272076
277907
333946
289031
295174
272926
327785
354730
291375
305387
268035
316428
316183
327575
292294
300559
310775
279917
308499
305118
319463
333521
282280
7435521
5289444
3227523
1198812
1825154
697414
281914
292397
295468
333134
284009
298469
297327
300985
283937
308610
288192
271987
296222
296831
310520
295995
333034
289906
309998
289820
360119
323167
308549
292301
321814
341849
335195
299153
296956
371701
318643
344975
342434
330673
337724
376906
315112
335461
349960
330221
328290
315722
313158
396910
400246
339834
324860
330658
319153
377342
295027
325209
340715
329300
299658
321283
349242
303982
437690
307432
296907
306366
332039
308920
302359
326785
314460
401369
308467
341013
337945
316617
323992
306574
331956
316342
318084
298859
310248
330484
311556
303402
304470
285328
287564
353890
325061
316741
303765
309954
301422
321098
300427
324332
314721
269756
297692
341175
320859
344678
297764
295529
293861
285546
285864
312803
314992
304927
323896
293098
293026
267185
289268
292062
312058
317490
312495
339735
297184
345646
287371
330933
286031
326987
330406
286707
309866
353982
293103
396856
338805
314110
300649
296395
272172
322272
279767
305870
256257
283383
310241
285030
282452
309245
283453
310521
278267
287035
347677
274720
327019
282154
305619
286881
276174
289033
267184
323823
354616
302134
335062
309528
328254
357569
282408
304476
340504
297737
310095
297291
312656
317525
297421
312429
322848
294874
288749
298561
307472
303945
269010
297175
315820
284049
311738
297674
309532
318935
338667
317062
310294
351879
278011
273536
362022
289684
294663
302058
313880
287852
281777
330770
363528
284004
333943
316134
303123
297418
315134
306540
311521
283626
292265
273714
300820
292128
281190
310340
270237
290893
307162
336984
293439
286195
287917
286048
308864
300257
292292
286891
278383
284845
311297
317042
310118
311337
275711
298399
277099
340301
287283
293855
395705
417430
296525
318730
360242
271614
275336
325399
360680
287512
337805
311870
360979
385094
317692
341765
361433
298354
312360
295369
307724
285699
365727
710016
1353036
325633
323151
303241
299009
357360
276078
400415
296530
344797
348351
325562
350327
316230
378122
355616
325707
306034
337049
330627
343135
364192
261603
307580
300151
377709
356891
289904
299648
324933
294523
323824
343312
291249
325407
301335
339282
325474
337705
349032
347750
305441
288401
292293
356677
308058
297149
316440
315527
306225
259328
316737
340161
293285
323487
334618
314619
272619
368607
294818
333736
288853
301817
400429
292139
303240
293054
280548
331223
319714
300801
333512
297976
315235
314226
303083
291600
310062
330570
342063
301121
352183
341403
295237
333065
320440
305387
301924
335755
367953
327424
337765
317466
294267
306945
353716
296944
284828
326271
368846
308491
357905
339055
287563
340003
369168
285542
294133
347885
294412
320800
374827
287525
324529
310440
317729
419236
279680
347371
290131
327343
314001
321258
307508
302096
300384
309562
341329
305401
340502
331233
306804
312511
332636
387210
284127
344099
303926
300213
322938
337068
286556
290600
326755
283236
322756
277961
293339
282230
283347
352483
281886
284991
264431
284932
318409
294011
304885
317239
267967
310491
297669
298987
314724
340125
278753
286687
287515
318366
303937
285144
293122
307770
357178
313908
349522
334154
313831
358908
314340
293340
300292
304626
300434
286031
304366
281233
284647
299969
302053
292221
284234
303039
275697
343574
323178
345932
306874
294308
307002
301927
343751
299062
302910
316894
279758
294196
350004
358561
291332
348520
290207
325194
295649
296766
357294
339779
386879
314527
298321
277599
275240
291717
267328
336470
288220
310731
314506
312320
301821
326268
260719
262229
351051
7348227
5186389
3117132
2363040
789098
508421
306128
328569
385680
269654
272438
295716
330037
413688
295979
284273
473138
326935
344682
307831
414722
302812
290623
361098
287215
276220
326167
302241
284882
269443
317684
280658
295677
274297
285105
263448
281153
296094
286142
289686
276141
290264
290696
281467
264497
300838
283899
285221
280365
287395
286173
295954
289175
293849
280096
304075
306002
280430
295704
300405
289462
302611
294818
318046
281213
314308
296515
279662
309304
274441
305516
270612
292420
292821
289088
312317
296848
767560
317540
308745
289592
311444
308511
279801
296763
317730
335658
297952
317683
297657
313825
300253
304304
323138
310456
362324
365234
325749
303920
305937
359098
318183
334891
319468
339589
299469
292870
348788
283159
327610
296738
299722
337240
287537
284642
302506
302707
312345
297276
328897
309494
308042
308496
289700
303215
314286
318497
366531
369482
385167
361241
329842
336083
346091
394595
325033
304160
394801
280409
293313
288977
312972
384676
314113
425672
293678
354640
362308
378769
297270
319364
282935
346673
345853
309974
389999
333263
274603
326231
280032
300299
310797
363642
291139
339200
281158
291153
293960
322087
369362
310886
331770
353018
350849
328124
309235
290571
310999
278951
278581
280615
308486
293610
306648
288972
301867
301608
301423
299700
305307
263759
312393
275727
318718
307135
297320
265187
280945
265469
295520
304027
311342
263573
305654
324279
276673
322134
294324
307825
276283
253227
306804
313989
322837
337301
296698
332182
301094
324088
303676
323864
293071
287132
304307
296090
296925
349169
294089
322371
319365
324558
315569
336226
329814
388255
328281
286199
299186
298521
345318
308012
335196
286117
290778
310309
282932
285663
318644
311755
284949
275496
290677
290667
283284
267759
296143
293744
288128
292652
300126
285697
317824
283432
279143
269126
319244
283681
298902
295145
277274
303197
285548
300485
306076
272304
298925
322729
303936
271744
270308
286458
287552
280580
319697
299617
320032
299175
276400
278020
278577
279565
284769
354813
267403
265068
265949
295067
285923
283908
301499
250879
276414
293703
286225
296148
332156
264996
328817
285451
311019
283633
285678
414085
291713
324533
397535
296779
337709
342263
432562
358595
392296
308120
291594
316458
307902
281609
346906
276277
307172
274763
322530
331438
309915
301916
288417
316807
341458
337739
333120
344184
317587
317688
316309
291671
330134
322242
356192
327917
356351
288191
281476
284666
297044
302527
308875
302172
333976
352784
332401
341908
285633
329633
285771
289665
292229
380357
373485
330274
320286
333266
299881
283385
295169
348102
266616
302558
377975
319469
312910
308187
283158
357779
316394
322121
316835
293315
367143
369257
325015
318611
391119
334633
317391
328659
382256
370577
331114
331515
296532
288603
336564
313082
344629
293076
339817
346658
383372
341649
328624
296951
293971
300759
363380
311280
324598
328322
372047
320507
316514
306108
274805
365243
294540
258518
274742
272533
297647
270098
267068
322253
297673
289774
266842
455700
326703
316747
275148
286088
311706
338313
320137
348804
321699
295202
311417
366801
292822
311759
314290
277498
330552
314536
318240
319577
319561
318515
306579
307444
348371
394665
281551
336083
295857
379505
287045
351973
321280
418955
344389
352276
287287
404555
286862
274625
335560
295699
293167
312004
288295
278460
271834
269694
287498
285730
282326
280060
285185
286545
281580
291810
288378
299088
300236
289200
268344
289840
298038
279033
262933
292130
275721
290546
265623
311157
10610778
8461984
6366123
4247322
2222845
1476583
608673
280323
303040
307071
295721
343249
270453
302017
297341
274952
340604
281650
272538
291475
286833
268477
270400
303182
323739
275627
323390
285767
316315
311499
277566
297194
297351
298635
293623
306514
298088
302655
276633
297246
294821
299448
331049
276720
302193
315054
310318
297549
325056
289230
294284
279849
281382
345011
331701
316731
312900
292202
308040
278104
284665
302319
345291
312007
315045
312885
323093
297744
331984
294859
309499
304947
317794
323245
277366
333593
289167
303797
344985
323583
305603
326411
276485
273612
286493
302063
301387
318652
279275
290616
325110
283825
331102
311267
308577
303427
267809
333556
313693
307254
292284
298908
289199
293097
278101
324768
307589
306556
287888
302391
285845
303203
294730
298455
312658
319662
320094
301017
287171
292125
313803
288230
297798
364376
321846
332057
344244
324322
321746
288237
330011
330132
313832
298470
303797
300081
317662
337156
296437
303685
362735
324892
364724
324471
379715
340640
313999
301846
344504
360238
375182
336166
355067
361811
332735
354973
306807
285884
290126
319752
262550
305440
317792
340593
304963
314233
310108
426842
285995
301217
283053
286938
285695
338830
334290
313151
341458
305366
295577
295064
291171
278399
293676
269273
273140
324561
287861
341305
289098
260955
313219
372926
324230
342594
538098
379444
402578
375818
307192
319135
305443
303954
296564
288963
293427
329405
314141
266765
253688
326029
287576
312833
350777
292703
285324
297411
298728
331275
272131
285952
271562
337233
342150
294934
325258
307091
339278
302498
335305
365952
320696
323349
355614
362998
320064
291964
322105
376715
346436
288446
314919
308476
349400
304917
396574
286687
334382
290108
321019
294056
286932
253433
325740
290167
288560
270094
385611
294218
255888
278622
302266
334572
316873
307136
323050
292114
315845
293338
368032
368079
325856
298636
303073
330376
336501
267501
296531
283347
304601
278178
326922
355905
360882
380106
272977
294753
261434
304094
368942
345478
300422
296329
277386
335940
309077
296990
355874
346461
323645
353825
310681
381472
286113
263009
312300
326877
294044
294804
272167
308549
323562
252719
263013
301257
273913
293843
273180
270544
270138
286448
266735
275005
271522
287183
285653
263890
271150
265834
280338
297028
292312
277049
279952
305563
316633
276063
325280
294454
290637
281514
273352
284939
277779
346236
256953
315380
254347
281197
263611
279675
309745
277395
286182
281402
275002
276993
274233
273390
298627
285978
298791
311548
287599
312732
261012
308533
328650
272597
307331
269011
300458
329351
292895
300175
295529
276549
331923
332407
290087
282624
302480
326685
331798
281622
319283
282419
296917
297770
274664
299107
268641
321754
247758
300925
271742
309656
279203
318116
266836
332220
256151
290421
261182
282115
324648
290682
267362
285766
292103
327923
305970
298094
288001
271051
323065
261608
275919
287002
353566
312727
279914
316434
302635
334524
310265
281435
422963
363829
397773
297823
298803
266303
321711
308851
278694
294825
267909
290346
281063
281737
266094
321527
323207
307815
285025
329118
294822
290336
291063
276116
292457
290770
249470
292104
258584
314411
260231
304099
282553
280927
269177
283297
331551
298561
318905
308849
315219
353666
320173
309030
321316
282450
319890
287447
280598
305265
291541
301416
286872
292992
288389
303207
301187
280587
320690
662339
284971
259318
286462
307999
275286
283903
394804
290927
281441
296305
323468
277252
290555
279045
332196
281726
301856
296150
289947
284581
7284014
5162843
3087906
2400527
706218
289710
276651
291634
408712
289605
300981
286548
306529
297553
286560
297840
310387
286637
316524
288628
345925
264049
278329
306912
283066
263693
281677
263404
275304
291088
263572
350236
291492
337393
279720
287153
282649
277597
287444
313581
287378
287525
330789
356966
302130
334060
304800
315304
315918
338504
297924
355309
297075
371679
334809
365770
328684
312090
313204
299165
329852
318832
294302
294676
279277
265439
309030
295993
293150
294224
332142
310671
305528
312699
272379
311833
381057
313007
286378
297285
310118
336672
274149
320923
288616
294543
273586
344564
321251
342294
275661
310265
430943
295439
372073
372013
294517
377090
270758
310181
428258
311528
277872
302992
317142
285039
272570
317331
283674
318181
266207
364236
299346
304542
332963
295346
293837
311998
290778
351187
273298
276035
302661
290042
311019
284306
370827
338354
361437
347475
347961
309235
368386
339186
299833
305724
317073
336523
394827
318308
335445
281307
275183
353886
336935
381061
320370
280292
324196
353512
369091
305883
426636
370398
410104
410047
369099
437908
397674
335259
331918
305277
295137
360889
304975
278007
300307
290166
295858
309524
279543
307863
270595
307348
308994
306543
385369
374618
321104
309083
332252
331157
359897
299123
299835
305991
391024
380463
332256
274757
346794
293103
280429
315861
319291
309073
314969
307381
312984
266540
271359
318361
277053
337746
274468
306284
310480
259163
280478
316581
295104
307460
276101
291174
328127
295746
368599
327261
309557
313949
284145
318601
314430
270582
302218
290871
326514
289816
266131
336358
307794
279206
285015
335568
353303
318380
333029
301530
276360
381973
320058
337474
297233
356022
320262
276544
283433
332239
347842
285617
338943
344729
348182
310217
323127
278749
286565
314347
291336
341239
324762
393465
334003
335626
334526
316497
346134
363516
273308
375618
298463
270022
294702
303234
279683
290599
262515
330214
340546
286409
323488
343701
316547
312185
335725
313508
326010
332662
351615
285780
265883
305615
269885
351331
331366
336795
281097
288837
287516
327195
329355
302924
308550
272902
337486
321311
331680
325819
343398
347594
313246
296642
348078
307784
294136
299689
299821
350714
303533
411433
361185
314901
278997
290582
310208
329917
268830
280962
258174
297730
265346
307629
290251
300814
258386
276349
265015
310870
311340
311422
283384
295107
268219
305758
313492
308207
277532
291875
294517
337857
286786
369525
314897
305900
288686
417425
360388
350740
303279
289632
306732
315760
291556
334998
291278
309963
310679
292745
289127
323519
345482
313408
304981
358757
286629
270669
338718
324784
327066
297175
396975
291019
310239
325865
404681
300550
301433
287898
309527
382341
308302
280061
273314
348080
325826
298336
328171
315197
317282
295128
328991
316436
313595
345388
375304
395150
356803
314946
318875
327147
285643
327039
302287
296557
294346
310199
304218
264901
277836
285905
282541
268130
294676
285859
264288
309000
293449
272465
302064
352760
319209
295715
296918
292580
309133
276112
275950
271463
288416
267325
274467
298386
296008
292384
290924
288719
300863
298891
296251
288370
268435
276118
289568
326870
299589
329108
310104
299623
311845
282458
302147
275696
272979
276928
292860
316236
323819
304194
310327
298736
308519
333935
343618
301026
414416
255591
307000
288173
294646
292891
292886
294812
301862
328068
322607
324146
305868
299124
314860
289019
272815
320591
271744
328369
307105
293364
320766
353296
333841
320394
313227
275519
282124
281874
297297
289125
8538194
6397020
4426480
2353716
833577
550522
449167
288852
307871
306323
337140
306369
308588
306684
326083
350979
295108
284974
281783
327029
278775
275164
288970
304712
309235
334960
300539
286319
288422
316994
332363
286345
294471
298710
291606
281995
331404
286061
312566
277829
302201
300917
278456
273722
324091
281537
291073
331623
268805
269866
277515
277485
315231
313954
292696
286682
309928
311484
322510
318766
280641
323144
309379
299596
321598
285214
293067
289102
266881
290934
302186
283949
285928
295544
298670
398609
290441
267601
286660
352209
290584
333450
314460
312135
338511
289977
290672
376542
312898
301804
291623
369409
357922
318277
298043
280242
272965
285421
294676
316880
271940
354411
283087
310165
363349
280689
339929
348537
325557
295567
341908
275162
308722
351090
411940
300966
270194
316960
317160
339868
282251
390269
256189
283419
283646
319203
272177
300361
299221
308989
317166
269023
297937
292051
332814
293818
309095
329562
329953
330359
326836
305053
381621
297647
316945
317468
403733
271550
315646
312714
305681
329319
339738
301778
287346
297666
314207
339301
281087
358858
308465
301242
288673
292779
332520
324660
319454
332998
327185
301275
298475
337992
327656
373764
298307
303987
328208
348595
350355
264152
291099
285829
303030
276080
299581
331351
343462
328879
267503
287146
277280
308020
291577
286958
291502
323666
283422
302423
276513
293753
273927
290808
284075
272576
307519
268146
308753
281030
296400
291624
299468
309349
296635
319385
312799
277130
350537
363650
269687
334714
338399
279285
265346
303723
304890
326530
270938
333319
280668
285335
279106
342063
301963
336636
284800
320258
346781
319455
297489
306066
290456
263460
285891
305610
377762
326152
279802
319253
339200
321070
297986
279803
292341
287182
303485
294703
282356
322213
314277
285847
319137
281568
291002
298996
322509
315973
328710
352864
321485
305644
289888
298239
262739
319110
312489
274466
328001
301564
294641
296385
296426
298350
305363
269621
284340
319128
304432
350755
246385
360696
309127
301890
291733
297464
308094
281891
296272
403820
328713
344413
293970
392262
294691
358659
312722
366979
316370
304860
285996
270997
348424
372358
304428
309039
321272
272679
319873
298933
292744
300662
311746
289349
278232
275343
294677
267636
266850
281658
319759
296712
280843
273713
307456
303794
270764
277068
280242
299543
286396
296966
288956
315761
380158
329535
317441
335839
350425
342400
309977
330287
306914
323225
302188
316582
325403
365787
348261
401724
329178
291095
342819
379536
281882
285743
338703
342787
347304
356475
351112
309882
372456
266306
362480
300687
270968
293314
332072
305896
325823
305096
325650
323780
365181
372758
317709
378429
309536
300689
345103
287668
353155
269222
315149
295972
298926
331270
257850
277313
349108
285224
297642
295999
292059
279330
279640
278430
271751
264664
371549
301716
275139
329033
260766
290140
314107
307505
366355
358035
302148
298359
388509
356624
304137
305341
352731
288872
285893
288670
351320
289506
354240
285274
275415
363942
349645
275316
285576
289083
292013
288404
306025
249161
309852
318579
279136
266493
324297
348068
269601
303588
302722
286439
294323
308100
319986
294033
287257
299501
283019
308345
289409
298339
278859
345670
299437
286871
343442
328682
304316
360300
371186
368180
300451
379527
300851
298668
310442
304386
359537
339997
314618
296352
293138
300062
352256
331726
318620
307977
337650
294478
326178
319582
328658
279919
280203
327850
307700
295721
306208
291032
318655
311249
314407
315707
302471
279388
8113660
5977093
4074002
2228279
770577
315153
359981
261794
321877
287312
312069
289916
278559
274532
349390
271843
276564
360888
276508
280595
286886
274889
283879
305444
305063
285757
282117
269545
250101
272222
300040
295760
329854
282237
287038
303442
298642
327222
287996
314810
290116
283916
308767
320641
359241
343765
353085
287522
271749
313170
326104
315195
322645
301845
325529
274356
315770
277568
359823
299154
309318
296896
289667
289139
255633
282781
283526
290041
295892
341403
301101
316799
298973
330888
304583
345804
297045
406489
289065
309903
287320
310162
318176
328134
400312
282209
315974
317005
289686
334545
310069
378201
305411
307236
309727
319722
292106
299177
339309
332730
384638
343183
296877
325506
320560
274998
319689
325997
348492
334996
291218
311669
334444
310455
321406
344994
390919
386109
293040
381349
383090
317658
338326
361347
295892
326023
307328
296755
364294
336402
294612
309424
321878
332229
296754
289602
356637
339431
345882
325214
322785
276450
387048
447406
399497
289975
289150
323874
359359
327796
316041
367316
305844
296795
329609
350837
370508
279553
295855
303508
282446
307718
276896
339041
285376
279943
306831
316246
332094
271984
357706
300257
301601
427756
370017
370669
308080
334508
297800
316204
271502
327353
315991
302283
275363
289778
325296
280441
280909
274610
289175
277145
289557
289348
277676
299904
273169
314020
279292
343443
290611
306939
314390
306228
348739
303234
269645
308315
319151
319448
342479
275684
271675
315094
293838
289876
291264
427466
313017
273542
298393
303687
275509
348523
313994
312485
315876
268490
271665
312127
374155
330789
325147
353252
316404
316725
319199
290381
298565
300813
367835
304552
298383
294271
300836
296557
303862
322560
333167
295719
372341
274305
371936
405368
305536
356963
365125
383986
312433
367145
386927
314277
317742
341413
317434
322135
324360
292551
288192
300174
322258
278087
295915
334303
314441
342399
323016
345232
329433
385580
300702
288846
261567
388382
378196
339218
338496
326963
311358
335220
292958
330662
324360
314825
302226
317350
305442
374079
317334
379346
303606
323134
313875
319351
296605
330097
282515
279919
300087
277921
381519
348881
295728
285874
322591
374109
321317
357972
326666
321841
319932
352237
308714
331553
277994
298935
258943
282078
328596
331028
308845
300303
320974
309505
279690
311031
322049
288637
291488
294616
333781
304908
321306
305591
332739
308267
310438
307049
293347
293045
290300
310211
331982
329866
392852
312159
294278
308062
322140
341315
302289
328764
284242
294339
308444
318862
329740
277615
364882
315087
324701
284549
321515
342532
340234
347628
334653
311091
339285
313220
305058
265565
286790
275691
325779
355001
337619
271587
304724
309736
313027
288438
332295
348214
292608
281466
326214
371316
340657
322119
287272
282901
321322
274763
344361
303812
313691
308071
350009
317284
334015
285250
287184
332456
338580
292072
314820
301531
338649
301587
310559
318550
282484
306395
310356
301088
328725
295240
340578
405905
315773
312011
326926
321707
324965
317937
378537
330719
283607
332979
364847
316871
288692
277127
334317
317196
308594
298325
309553
321594
358679
311843
291098
386023
355667
300282
341906
290165
314302
318914
326435
325513
335117
336712
366064
328804
290029
301313
282742
366253
387228
283482
265604
329048
418941
343735
323698
375600
292772
289932
273864
325282
367766
254943
327052
325166
371098
296775
333334
323951
324559
381951
311435
299283
335092
397813
308400
296765
279456
290037
331501
325996
297531
315685
337994
337661
8274093
6119915
4217211
2184588
790303
496603
297028
359712
331456
303041
310595
291630
362698
305980
370824
389685
347190
416234
362605
337793
406325
278249
341958
365652
354534
451852
330429
302053
391988
333230
306706
307594
407440
398455
360849
297560
429838
369182
338234
320365
338670
328985
337443
318858
316535
401263
318567
275932
283997
305934
277872
393188
289542
316556
328348
375467
352584
339665
299776
279318
332895
339004
274877
284729
397407
316021
294035
282453
315664
323375
334803
314000
298624
304019
294720
317048
902945
342479
332409
414811
301571
308262
308906
291768
286775
292279
301624
280318
306553
270237
314888
335020
308960
280442
287139
296113
279515
265569
271706
287614
291252
331772
292314
278391
280912
316704
310025
287829
319344
305078
319339
312804
277378
314806
318456
289638
299936
299860
333472
283012
280253
276951
261654
314399
359407
291859
298656
295410
289102
300852
312780
323941
307786
309177
313808
314803
301364
288787
313002
346450
368021
294118
315503
305351
325095
323613
316474
309899
322960
358881
307855
321880
322344
331175
299459
323321
287641
364379
311220
293011
295835
314073
303137
295312
340387
293614
332409
316000
352328
309115
292179
314541
287292
307493
396881
293288
349846
309917
308371
294508
311777
295718
302083
316620
285901
378529
396161
327378
300655
380926
381824
379432
284399
323051
298198
304206
348670
300314
315753
389670
279568
317156
303567
371152
277210
328751
269360
353699
331083
310745
320292
385791
313437
333585
301196
304041
315932
300823
299510
342076
363626
326484
356322
330243
381297
292871
302232
326117
361401
389519
306657
349415
286246
336847
305194
290355
282953
319941
341762
357877
334395
335773
324843
311054
357602
348227
360061
306962
305010
332914
367452
348474
309421
292965
312727
330505
312693
322074
421328
322351
328960
301661
313201
333116
311637
401688
322443
327144
358798
418783
375487
316658
341926
317930
447875
353972
320177
277741
300016
323784
289068
377259
290456
302814
322882
298517
285011
407246
276279
289397
349879
325883
341765
276612
311640
269590
261091
285976
281787
310678
300592
279673
322625
299092
311060
301325
342133
361304
333181
312106
308354
295608
281602
279117
299794
292188
314476
294490
310918
281906
307877
266241
306376
320983
302320
306142
318513
273014
328269
321466
316994
358062
339326
335291
304072
349036
315690
304681
285195
325720
314765
305216
283290
286081
354756
305314
268768
297366
349656
328185
307145
333977
365151
298735
327550
350450
299991
358109
336934
295527
321182
332510
322464
349870
311267
283581
300972
317380
266024
286312
300593
302204
265339
295207
306207
278711
279689
307444
281385
300009
313441
278695
308066
320314
299115
285595
324401
289811
280708
343273
296628
324273
324096
286741
281915
284509
337521
286318
287843
256761
271015
301676
306621
282298
292739
280320
295465
297786
341967
371955
298525
301776
349051
295789
291933
324114
287522
342820
274898
326852
320047
335367
310838
266966
300654
381544
290952
303097
286114
291592
283233
264244
287682
272823
300607
291665
328796
295681
292151
326157
323107
328962
303092
326537
312228
289986
361417
366954
358969
306217
253227
290702
314390
306594
317119
275953
279547
304882
392380
322544
334722
319579
362267
314428
307093
381837
322694
299859
267290
270587
368522
314980
275275
277519
289060
300251
293039
344497
358711
282845
291066
280617
288485
336046
331054
323938
291029
300094
359158
327972
339113
399742
274342
274900
279548
358176
329123
358484
405552
280816
305953
316898
301379
303484
279631
10500234
8360549
6369986
4320002
2174314
1420879
584837
308380
272334
297272
284073
276583
304804
293416
284893
280071
272879
319433
316547
260425
260676
349814
314168
303885
296941
280278
347750
295170
371519
304992
290717
344601
271535
306009
279898
308419
282010
309567
294152
274693
308777
297414
333676
331027
310399
309539
266510
271465
291316
292706
375511
297452
289933
336511
320558
336177
310064
340586
270580
304114
286865
341916
361021
297398
736358
1095080
295351
297259
284543
295934
277078
265123
291511
301746
337023
282527
291172
274590
286327
304062
278297
287534
304805
351432
298297
289428
360096
386167
307788
316116
264463
255954
323219
353070
299948
292162
271733
340648
277582
356410
300444
284252
296019
287460
285034
432423
346927
261740
299341
299830
265333
280128
276652
312074
282932
274983
291030
272069
300212
299940
296267
315376
272436
298224
262411
268656
285557
266381
278496
269793
272288
271515
284470
279574
272118
290690
284701
300542
272352
272993
281041
307519
288686
281915
309816
318870
322254
344402
325836
295297
324722
377079
276297
329395
285506
288474
276992
293432
287747
291901
268869
286023
264484
317351
303243
342551
367339
311349
345553
278975
321592
309583
293821
305776
285617
296794
271688
336843
284653
308758
285989
296743
291688
259928
286890
286657
300365
298856
328391
318539
301686
297544
311096
281673
308304
281045
323645
313044
275377
313059
293643
298564
333865
348913
340961
295125
271316
277697
353335
259213
254227
314855
266740
313230
245864
286172
326520
301368
295276
261605
264257
324281
269786
307594
309415
363186
316774
297028
265553
290027
364858
297982
310776
282701
299418
358486
320420
310215
303799
283933
293998
422550
287437
319374
328549
348000
374651
399263
361861
381908
294969
296440
297828
279215
278926
320974
294541
299919
272287
276744
290225
300183
283384
287219
278686
273354
256042
300560
291724
276665
275046
313484
254328
303245
295173
285731
291609
271743
275794
275965
331784
287931
291032
344833
259684
290709
331089
313171
270308
262319
272233
286188
309095
338327
384734
299278
315259
258000
343372
362223
383324
282698
320766
281011
273318
305019
300104
300254
276529
298384
276592
353153
287276
329204
365118
278789
302837
354499
290370
281451
317272
334026
286117
260975
268949
335283
347324
273973
338364
318464
344925
275467
291864
312845
360283
318541
