4579270274
4497530
2309609
12705647
10538503
8519049
6479459
4339034
9417419
7259999
5261152
3182108
9371558
7207590
5120253
3027586
9775867
7625513
5458700
3395703
13824326
11665358
9589875
7502241
5321560
3280376
7714830
5569259
3504025
6322544
4191556
2210557
10056959
7912372
5880084
3822101
9284016
7149839
5112002
3013474
14842515
12693191
10651211
8554547
6390350
4304358
13470020
11298969
9229625
7188472
5067854
16052370
13857226
11813339
9839449
7686304
5648411
3536760
10982326
8842232
6852912
4806945
10225203
8092659
6079819
20101514
18002692
16043796
14012010
11850022
9798542
7709538
5633718
3489130
8822595
6683986
13144582
11000381
8978467
6972694
19520847
17352326
15336733
13311567
11158369
9187483
7139019
12777289
10640395
8688582
6678136
4533431
12259989
10107825
8101278
6062565
3915374
13346694
11200583
9184453
7169150
5030405
15194342
13060361
11100437
9034945
6874110
4861007
16939320
14798722
12783846
10747912
8606925
6577645
4500797
8082238
5923151
3857287
14111724
11930819
9930299
7988074
5840942
3821333
12461364
10305176
8252966
6201133
4037232
15701465
13511950
11436904
9317926
7214432
5069997
3010894
9690618
7513317
5481544
18692515
16547795
14481764
12384034
10236693
8182816
6091046
3894001
6960263
4828129
22331559
20190594
18138667
16060510
13887331
11811975
9710530
7564808
5487127
14384882
12243159
10269247
8221087
6061518
4007205
4908158
2772852
9944436
7788285
5741907
11048828
8811997
6773358
4688790
9815396
7677517
5635114
3605672
8348864
6197317
4151125
12688851
10548270
8471273
6390471
4233764
2124940
5298287
3141782
8441910
6288723
4255901
8708282
6560493
4496692
2411284
7490266
5342347
3310535
8316547
6172731
4110938
7827923
5632180
3585404
10186830
8041605
6030893
3934149
6289590
4172176
2131281
6879307
4743181
2668587
7479592
5343413
3306467
6146613
4001898
1949646
5285486
3145875
7447764
5307811
3359192
7324594
5190011
11031505
8931213
6849765
4778153
12171119
10027373
7928689
5898017
9278486
7101398
5133761
3069297
7950831
5817487
3784578
8958097
6811454
4776171
2733101
9506666
7371775
5328720
3329161
9525643
7349562
5277215
3205822
7586813
5423049
3473119
6122258
3982178
2006012
5128450
2984047
7060956
4924362
3037597
58332196
56213274
54265376
52216137
50102376
48002383
45904094
43748408
41692370
39610900
37470464
35379140
33288890
31147040
29055109
26944202
24801757
22682766
20588042
18420288
16347705
14255109
28785197
26640660
24582323
22543320
20407105
18385023
16324047
14196986
12104709
10002512
7818906
5761853
33266973
31186427
29042084
26972138
24896798
22736254
20694451
18630130
16563000
14505429
12426374
10272442
8157175
6008773
21355581
19229807
17136380
15039571
12870056
10854582
8767654
6623019
8654681
6530238
4409675
16716433
14566890
12480456
10399715
8255622
6203678
4115495
8506491
6356255
4292968
18014744
15879592
13792465
11697125
9539190
7432319
5290061
3124145
11648810
9493350
7435013
5360535
3205825
3978466
1816476
9809595
7675478
5578914
3513947
10868646
8726856
6630502
4595780
12765577
10614623
8501789
6385418
4227362
8396477
6244473
4134799
11022837
8879991
6809309
4749645
2591464
11341524
9190487
7094069
5061293
2917549
7520085
5394523
3354666
1268002
508288
1329686
566027
179549
178627
171649
172843
157612
163040
156569
151731
220692
176302
202844
181001
180612
174761
190228
151691
215368
143895
227016
274276
177877
215911
172675
171830
204036
198185
255655
228440
167776
186305
205079
220720
207604
181054
207349
157978
189250
251392
392439
264895
230973
266327
223980
218150
200430
224029
169889
226603
225691
302865
367061
164065
219004
244210
250345
189183
206354
288764
290834
189031
396773
144685
200627
287481
197846
179954
221961
165138
262434
140970
194345
267619
220651
202466
164717
164332
181545
216788
218825
168818
190424
261286
319258
192217
223833
271962
187960
353486
273706
255058
175519
209421
186797
248232
221197
225448
222463
232778
171916
172400
181521
195904
193165
166289
234131
290688
216768
203878
196915
149940
270205
149832
168126
180484
268511
305141
162321
319828
294396
267592
338089
260304
260027
331036
228871
237182
208265
211927
248427
290846
369434
178158
282584
167268
165158
283765
367310
320422
171150
241596
199391
209744
202143
277565
245396
220636
206214
207903
215938
188328
180737
154843
312068
311607
214936
176038
321678
230398
207921
442829
337890
574924
405857
504557
534549
190366
178327
282972
232773
185536
481582
230940
429001
373088
221135
405049
291442
292863
281697
329831
388170
404938
432225
421572
413728
172830
234789
259089
261166
427416
351389
269415
312529
298198
329861
361879
358909
183022
327732
400715
378654
292251
310006
306022
291243
263691
235909
170386
298135
254076
188167
241281
275504
390491
229100
174155
330752
374297
310421
400785
266514
220966
177272
232459
353740
363698
341071
254191
344253
231564
348703
178877
218496
177958
293881
200874
446512
361351
328846
251173
281466
354561
272468
342264
361980
308442
411546
218205
338563
213670
285276
455977
462376
213346
319854
307771
277884
169159
315328
281958
306070
311069
272416
298838
343909
355050
370393
192644
218041
307086
314223
413396
324316
178996
295404
254137
315849
369397
287039
197248
287999
275502
393633
295264
485493
313796
318675
396334
256759
216330
348001
280148
245921
312879
161334
203177
272581
209727
203489
183135
218756
206447
236871
272167
192075
230455
186610
220397
190044
270629
161809
169438
174691
201684
190457
303054
195482
344028
234823
206423
311454
332600
202875
353951
262079
276417
183592
300215
180666
307042
304182
322349
207147
358061
300473
216346
305046
283503
214285
254038
265903
318780
200464
241718
210736
206277
286596
231078
260477
352474
220293
241837
228419
296801
255499
196964
319233
419418
414046
328750
331984
324169
396499
439893
331284
396430
347749
169743
158611
291921
280588
450833
373330
346371
237761
214744
166247
171693
245396
218106
416248
223999
223567
300894
320589
323174
315462
228841
257713
245062
183590
14032024
11892668
9874157
7834992
5702391
3652671
4185982
2063834
2145113
937216
957305
207699
330235
375569
420927
448364
591824
489655
360155
225416
187323
357161
450615
192155
362411
401725
380952
397509
329023
350130
399581
201058
321304
429047
202723
464142
379884
342173
256954
485818
438066
213611
216536
258876
413378
178290
251927
208781
279741
220082
374341
212218
308885
209526
216374
270095
199521
504295
344990
309116
256596
223079
201918
179113
198872
360413
187466
216305
208294
180149
183726
188261
188983
233153
196786
246096
227908
274692
183988
194940
193565
184349
181154
215800
244916
234023
181627
270041
181543
194043
245806
212242
185727
329687
314516
217838
228376
311598
166291
236107
191540
217555
186101
244907
192762
271161
187901
199813
255498
236861
276282
209071
201233
329388
269818
254230
272971
200476
170634
184597
186254
213779
172182
226234
175526
188597
199904
286775
272053
390303
458043
329826
275877
256947
424484
311270
412330
564668
582659
468861
436187
297651
649010
312492
406821
570166
309289
199593
387322
333744
557979
346415
202221
241900
544923
518270
362823
407793
306915
450405
182887
664588
390155
596452
391109
396633
563030
363102
335143
368223
224180
222227
326595
197028
273636
183565
248282
182264
200689
193926
267577
244174
346947
242114
434542
255534
379583
251549
424690
358940
342344
398186
587709
211372
272982
469574
388509
276555
299372
244719
209398
207976
376573
326432
642525
320113
289296
265438
364136
373453
214734
221187
215237
371221
562700
362647
386497
475035
518133
520545
365560
339755
572838
364112
384955
452375
349718
182286
554540
615966
223426
576716
484925
243358
229690
405557
227745
382899
358783
298624
250549
178959
224860
303241
383202
346415
301383
380230
218600
389015
449248
512003
271234
281252
269712
468897
248224
392422
317023
423627
232817
452211
438926
577018
225122
242932
425174
342355
251683
164174
326284
271605
396368
238290
204512
333705
339807
463737
330313
349132
349824
223675
303459
379893
224097
336262
256692
190915
321193
327237
260855
257717
295635
268762
370160
179723
314491
237903
291681
393120
377787
318366
508881
238351
351765
346200
340774
329081
258131
401149
467232
305807
267579
204305
390319
262943
297398
222267
349977
531298
401843
217300
418010
380491
311049
355952
256212
211883
169759
231796
260085
376562
283973
333877
350051
387590
334688
402073
308013
280502
441697
423079
295050
347536
367587
279570
365137
184301
333297
259551
167677
341233
168348
219002
304840
335907
170439
284371
222569
336335
243746
210044
401408
242942
352027
315475
194534
326668
263443
292471
301972
419548
279874
303245
264901
325458
200407
239032
216498
206812
248842
277959
249263
230446
372588
325522
353722
270588
313263
257554
283802
323491
304611
304916
254103
404540
320947
243911
272221
219694
250353
219134
308629
225721
258371
285849
173315
195838
212096
366146
376685
280909
276713
279101
209649
247048
278650
331487
208124
186073
209937
418347
319776
306180
330550
228864
225180
200388
319997
268002
307543
342442
218250
185524
264323
281583
367106
241557
351343
276532
383663
256649
200423
382558
478839
246853
192253
314985
195329
369509
321304
356454
311282
263008
461565
432951
390148
448152
459807
470829
475608
391097
307138
492419
311268
525616
509872
575581
538995
504101
313529
312612
463039
373970
566567
476554
646350
509989
601364
554166
541170
468315
406737
639089
477885
493148
387367
495918
526376
674935
740997
369492
452885
514144
303508
431684
517231
649620
628312
506080
560377
484032
423372
585431
438364
504905
557055
523662
485296
489500
387298
615521
523206
620092
361678
380122
469547
476881
14419203
12301964
10383441
8369206
6263571
4306968
2287870
1810735
3812449
1725758
1539621
1121531
744145
531890
553556
538984
281636
432362
563552
391356
244462
887343
610555
386026
336969
603182
313619
252269
499512
332100
305404
302265
318471
208595
545948
416791
549447
266154
322427
300038
197378
274489
342840
203397
244717
355131
237651
270439
218846
237828
230423
381807
219713
209864
363035
229839
198410
199633
203666
210975
201706
370539
233386
208867
397463
218788
286839
207374
439107
324566
357011
291934
198211
195130
325077
271304
341141
244546
335487
187374
210370
194170
288440
277470
325671
241746
436965
317295
210722
337650
260418
218827
284582
213370
243790
350655
232312
346034
278655
194143
386777
353198
324446
199323
196038
178566
207170
191482
333372
281309
209795
279165
305423
211598
290916
318285
221386
293465
280963
269420
230248
424425
287652
212204
295253
275882
345217
238448
193536
186217
282851
340836
300566
362628
648651
519073
492400
309423
234383
472977
296126
355047
400890
401164
353612
501208
511045
268368
456896
747200
556198
333504
419695
350046
279839
304241
513661
327535
341747
243485
338846
237266
195016
358047
273364
480577
492499
289848
216406
419466
373891
222183
333207
181529
267403
315107
232936
272759
179273
281778
234053
203093
183447
365087
213085
285769
272430
302215
249598
235462
184039
255011
371364
370791
371180
204241
351943
362853
279532
225415
372352
204869
248538
187290
279830
328035
226888
202906
371472
461800
263854
271352
206466
276083
209530
211172
387497
246095
279146
175686
216843
273498
344923
187249
330887
165258
219718
364296
248644
210171
261480
241029
285363
239538
364661
244983
293061
224477
229326
220252
283895
245215
187949
290500
303970
472880
278212
205474
213968
202878
249771
206471
267534
228433
199622
219910
200403
294767
206023
199091
214369
222803
277033
305591
332858
226104
279903
252925
228600
343069
259634
211124
234320
247378
372494
211769
234663
208136
283812
303355
183824
230298
225311
298455
206535
204256
180393
160805
217297
464910
181519
244793
236454
335629
252764
213383
182198
230137
370834
226778
234766
213627
195280
201842
248809
258496
374265
266197
283248
247353
216895
243916
244504
229219
351713
259114
197829
280788
263465
207562
192277
274127
236193
294471
220565
201260
235588
240396
226769
211483
214289
287711
194338
317648
237898
189731
341675
265513
305461
240845
218809
213649
408017
187148
267500
221664
269749
249746
171527
196404
212748
282093
312896
304763
282099
308274
344999
254528
384543
412931
278670
396094
228548
312958
248401
344569
212577
218474
217777
316756
381428
217950
205988
253919
184842
210446
208281
312739
202778
215137
225972
183007
205652
182564
221215
213135
498949
253664
312574
329983
259813
364605
315998
329252
284236
236069
287489
239765
303684
430533
446942
342982
340458
286233
339803
335089
160267
327063
446746
306246
331825
533110
329289
573677
379152
457209
420206
210960
179561
537620
618070
630143
260632
531851
371928
396591
392908
507304
516979
580053
591834
378148
492773
531211
397671
431102
258573
669940
226572
536966
225525
438068
215558
525744
368777
591265
536181
596072
696572
646564
563621
439645
674792
238701
233858
595777
433138
559639
649696
247540
382871
646648
690874
425922
471932
335229
437120
409236
711128
376226
679054
619797
388961
719195
599434
612461
618879
425665
286884
377208
421568
321706
337074
643558
468602
596074
492480
334419
653682
450278
161626
585184
262262
532324
620156
220011
215322
656007
372524
634330
583429
724714
568593
405125
770897
254305
472048
521231
377689
529753
194083
289355
584560
228747
388209
471450
358704
479010
217974
13415349
11322622
9334085
7369728
5241501
3176022
4385352
2312702
2022890
1407357
1331126
1285079
1277842
732331
1074040
643165
381812
753115
639325
837006
203609
282853
896008
782317
335962
212538
692037
536447
441245
459725
638451
340613
326858
310144
276984
302046
333042
592315
410906
411459
274401
330355
247152
781050
339977
443571
401226
217430
431512
213307
223127
443255
488929
354764
318290
245778
188425
360011
367937
410269
195179
365471
356665
259906
194933
320410
297925
194384
323185
192064
230103
216990
229215
191599
294004
298628
266766
209316
216971
436410
244237
275021
268856
167396
284926
222189
353079
272728
252382
223665
345282
211484
314197
216597
394799
417727
391356
351290
381006
303322
341853
395177
450592
276112
418332
504441
213424
343515
412931
305562
273359
325695
492099
370861
380071
313867
480635
296854
273144
396650
326041
271908
234802
203546
223372
189322
215246
361545
339681
356309
354446
315723
427075
355951
325325
400248
305343
387693
378805
397953
382654
452787
387557
462837
344699
451606
447256
494310
443953
268725
306099
507461
203832
341950
203336
337706
351166
379961
219997
191872
274072
297079
333557
369558
198914
350756
340402
184336
450371
449711
360844
365194
193483
453373
324083
331621
359839
306417
467613
289366
419934
243332
264005
296444
397503
254545
286885
178345
311547
505764
403821
480185
295629
248926
220838
308077
448196
420422
485295
331825
435548
328067
384155
370290
434501
345465
369966
371956
251061
217567
241944
282870
316299
260414
315346
340605
256495
257005
271946
261794
441932
266955
222640
224443
251100
376869
198464
432655
203024
402233
387644
323989
324358
310494
448524
1578183
190505
192850
208464
195699
195188
191896
191259
191607
200784
186781
199300
189311
189837
204736
211410
190027
189372
181653
219699
192138
179291
193887
195767
197228
208514
199935
165468
205744
198340
200402
193811
200358
249422
246627
245980
259727
234942
191805
184850
230929
290030
219950
231648
221040
184701
210430
281099
295352
305727
189440
169854
191662
185417
204897
320190
243581
205723
247792
233757
254417
190911
332991
240303
340648
235364
316910
257139
343223
285710
333796
265923
241203
232548
325058
287616
208286
382919
193875
346638
348329
300441
230107
200604
281899
250803
255591
325759
239465
362457
224276
531613
412414
444196
364933
383616
422827
439362
417673
319931
503349
336924
376532
432423
333859
340935
388186
304171
430863
379441
399175
270484
520017
585708
367602
489528
453629
349513
433580
341605
305808
499396
550962
593361
558167
308296
533048
517171
577497
641952
554671
266425
445049
574337
282289
574639
630604
419317
342401
341107
364199
274991
409110
477309
245587
471862
283286
409947
486656
602085
585265
329260
347887
292603
333794
463286
425010
352113
455098
524670
486791
339631
317925
470336
539636
293456
280703
646193
213137
396374
512676
372419
502394
331870
425110
650967
523629
470067
724870
640432
602538
464645
478600
470113
660326
763178
525184
416300
514626
361957
445794
583663
578502
582701
220035
506443
458068
808578
661756
527602
633551
551824
677217
643264
609041
690998
727592
740765
613480
700303
692135
504614
609175
546429
285667
655870
312434
590874
704475
450278
486932
547050
448746
467252
223306
722009
465629
388829
611417
449990
717122
542727
615964
501108
617953
444643
423511
633264
619753
234219
684342
681115
286082
615119
604788
354373
327020
638351
229353
634508
636379
538468
670106
668310
735770
503353
552740
744601
574477
631913
746959
666882
340262
606445
745972
472275
267881
402925
764062
768072
649477
252811
466245
231635
383391
400625
340337
505753
646378
492947
516659
605488
15313688
13195047
11174090
9140374
7109475
4997558
5450973
3323549
4246708
2134325
296902
1358216
550298
1019826
661906
240050
608554
866372
881047
655364
659361
392269
539250
627232
722336
501792
353312
542611
581112
595774
548717
571428
342815
526629
335908
391477
802571
336468
670831
278394
618983
584761
746000
404877
430034
668341
677320
627235
702529
740507
719076
754444
609230
579721
750864
837237
656064
666535
533454
492302
393746
221000
558392
792953
544986
612914
810876
475009
691848
746262
643375
891890
912239
691377
638958
666641
940028
648841
807018
731015
632293
683813
506681
801376
280747
797699
764946
495199
287053
439392
255723
447851
537866
666451
750510
544752
538039
446022
853946
405966
638554
622469
590302
572286
294631
353336
634045
695090
829930
326140
902613
218356
723130
988892
830215
247220
886803
715779
556294
617397
932116
694929
333650
555086
550598
808465
651076
269146
361840
679781
705680
303121
692597
304699
289646
560532
621303
612114
229306
630263
410276
572939
418862
699414
533553
605780
565329
415379
636878
360837
447349
428549
692772
506011
551219
673034
691408
540360
744074
700593
639062
234074
636517
351078
616437
555575
363787
370216
308985
383491
228655
433850
757467
590217
669962
654776
615201
417909
646924
465492
546733
399461
640710
603023
404492
807253
671457
658807
559764
576688
341474
261884
621059
353064
594516
710705
281104
662518
715798
648075
281545
344491
734038
279829
351286
605579
565907
780360
811566
217984
584881
618106
646059
516616
365760
582554
558370
526854
570961
602827
588505
543802
622560
652715
611610
544917
246417
674302
415568
442676
511216
573967
424645
263115
288734
541119
661205
665011
570892
542106
690644
612131
624452
306628
474534
369844
2501514
2961435
2775099
804284
487857
291503
612793
548502
441613
521444
537285
526534
446511
298251
612336
507897
513072
708348
605418
548529
566846
549427
569381
507789
520469
435057
520215
552953
539063
616983
527807
207045
360864
520052
323807
373385
398812
558602
433353
446680
336872
428445
511418
304235
446461
291873
284367
504443
295721
415942
262357
233411
430766
411068
393615
224302
411902
460557
203564
442718
301662
234479
239652
337525
289755
236381
325272
260219
423479
371433
438761
268977
328125
290012
343154
383225
393802
419028
260883
348569
293225
371516
219566
395272
406288
277784
372984
495879
312280
411145
417670
246468
408739
358521
407391
269881
373108
580856
394743
327525
428722
395670
255307
386816
469854
386920
384474
493942
295308
471827
263518
232262
422449
416375
312549
476795
332208
390978
346802
278369
257411
299192
317992
257343
464454
445309
360115
525957
559291
477604
528440
445126
265102
590925
337039
501902
507676
463247
479039
528353
336207
412296
429222
286710
480557
383067
498906
361552
496994
208831
457802
376599
364409
515604
393190
466093
565159
504634
262832
252566
315144
479992
291921
553236
337421
344249
528793
374516
258240
258332
229139
470021
307256
312158
456788
263848
502606
388104
259876
324586
538823
275185
536191
218133
538556
465854
295504
513143
491393
515031
405883
620186
555034
535140
431818
441439
549295
287440
559327
562220
328102
457317
255111
211029
405924
260088
639741
349352
592026
559498
581082
356677
504093
543084
726244
443155
496596
447057
447042
656527
433814
388715
451563
592854
526441
569084
376446
531465
458215
303288
517730
209779
460452
641581
415632
435090
376085
475956
603236
626833
411903
475889
472540
634181
502785
274740
453504
557157
536059
560679
572368
463714
528204
586077
623538
548576
608052
421139
597687
460728
542709
659527
322294
427102
561070
476126
286006
269182
297609
278979
312974
328932
13444840
11330319
9347187
7339442
5243029
6277291
4249271
2135808
2341890
1794371
1271935
934276
594176
558047
645745
564374
227351
554885
542844
719513
230955
513626
322254
333909
309561
303641
475367
358171
260647
327731
278806
299350
230673
266188
396497
392067
338552
366711
409178
322078
463327
432607
241261
398498
252688
317983
349575
302818
237408
439024
403470
441957
303749
246115
423580
493354
470572
367019
329506
460954
219563
481402
245164
447761
493240
611683
323760
302830
498266
383681
487301
450560
288361
178221
235281
261412
439328
497100
451642
269729
475751
434824
555413
476965
313632
330158
288108
220726
399570
268242
496350
419841
459295
441036
589563
243472
179567
423250
425242
468758
395403
500602
484810
458463
206885
459425
487754
467410
390846
487744
657713
449532
576298
479368
222995
419719
400137
554922
507543
365236
441346
475785
527982
554709
501515
279140
511708
604342
457731
426708
421035
287695
482214
554946
478774
326383
606567
449967
426463
460245
543375
426174
248277
458967
498356
244288
427000
222898
591544
272059
527245
357974
467888
575443
480615
614216
675015
452146
537079
273167
586920
261726
421905
455534
258932
307971
700725
584119
603532
566514
484193
493619
644144
423958
479343
446436
562400
553340
495302
579288
457495
438534
550463
566669
456658
459708
355987
400576
450166
493540
212614
529728
235440
571259
222439
496719
325314
596025
534878
487105
746327
556237
284273
549390
413558
638918
496172
382422
466807
415129
698994
671664
437173
675065
685017
675060
572035
635855
492069
330102
305564
520641
415487
447593
622641
618054
405096
660948
450681
567870
547459
719648
527285
724869
234664
607432
733880
516519
395728
683686
689780
681652
468684
601303
218346
340925
753666
288835
678023
489778
719844
539263
578579
429946
671568
540244
597930
608741
771617
616434
394858
497373
380988
505588
588207
778228
248434
624287
643760
443189
378203
324728
352309
432187
492448
643032
703341
426794
566825
664714
640488
709259
601103
626156
530658
365541
631490
301983
298565
560852
647910
680677
661863
225634
672533
683877
768850
756844
765514
278361
269111
771233
655397
653250
694571
584283
317196
287448
767104
863219
310401
820880
652538
557447
442305
321979
482051
716750
288423
445324
449158
293382
531842
499136
474093
614566
672194
689903
550604
322068
448367
622198
614026
491253
428265
414860
627761
327616
296877
492386
440221
434931
227584
442863
244741
559661
677440
366241
450552
365882
520865
335174
314990
201224
295090
388576
440190
248309
479820
467977
389336
468399
373024
529998
515950
653696
270641
425684
276031
571057
531329
405518
518163
357461
288868
360354
434260
249949
620341
496452
399290
711530
257863
351712
534281
354211
420178
403386
247719
654412
269156
340453
371072
484814
339019
459809
520446
434471
223068
576655
317677
614860
389414
760201
344470
434906
478708
600921
538835
372362
477512
576553
437929
489996
380588
738188
516485
423165
526006
640696
231220
713005
284780
707995
285783
476292
328627
537133
492087
475183
367263
721164
429614
342526
503210
715259
505821
696465
361066
557912
304821
241764
468507
842086
565092
734687
242252
573747
285104
630093
330448
583884
377388
352651
523515
657118
758470
599340
830823
605356
744817
562528
921555
649758
848513
503544
520688
756868
677171
632066
698553
695221
501593
624835
631596
771194
645272
660179
507200
583260
348734
910273
718083
966592
822300
560584
389842
497125
925797
764276
491625
841855
423984
866755
596459
262392
734278
589080
410418
609706
257814
474605
602551
655175
776597
519363
693236
290412
392677
774904
900879
408803
284448
543596
404283
633716
857540
14937591
12819991
10944192
8932032
6836615
4848351
6505763
4364172
2363826
1026853
1374197
1072280
1131950
639087
975561
671228
650517
884109
985268
1162692
890155
830895
755334
543909
829320
884188
902460
406855
339777
761954
589070
593565
743775
800052
527744
471794
582848
714549
756946
271374
425629
711433
1052840
676757
421189
639727
664569
838159
229406
533061
307645
314051
780415
592740
304763
519184
819155
680702
759191
608573
518078
629942
562657
872081
972518
652429
253236
550712
360536
650140
883280
465808
606603
689772
814882
975153
453314
250188
576882
665792
533669
615661
237739
769685
734827
837419
520434
611650
768999
638935
600788
866467
495161
551093
552976
970982
799362
976731
1021090
837622
814894
807956
849394
269987
1093432
660442
973786
749507
449814
570769
916776
285986
1139205
720879
308848
770483
735292
618514
983571
325078
756662
725816
685469
621286
585409
558055
682881
744148
664843
1054711
581496
508758
682910
527677
1028322
723705
870175
636680
399730
682851
896513
238198
767595
1091608
843804
870239
761873
510747
962899
490048
924328
334353
604945
394841
708963
462343
771557
832025
900181
931413
579164
336859
432955
344996
709935
940175
932992
640430
439919
649270
664576
515661
395051
886589
500082
798351
897201
829119
849307
627417
584143
784730
917647
729006
983399
725920
643833
427524
449569
368515
425886
624209
428953
738583
686243
1078832
592002
290848
526526
368174
803223
343232
775162
605651
712077
433131
782382
848569
654735
564705
937474
933288
813140
663065
828978
560550
785611
852952
500487
428741
545206
769969
475423
807037
782350
975551
1192549
609527
1060384
683643
968673
607841
711474
907071
881008
922646
999623
529485
545915
559124
763444
1213166
678766
1156174
499165
846503
460496
1119431
424952
972785
832094
1187932
1307799
897350
638938
719563
1237686
438271
928122
875638
1054875
809267
1018967
1094227
949295
1128829
773458
770758
895602
1141677
506767
424052
629551
665820
762801
934061
525513
346902
573670
941364
868130
1184192
773504
1072687
895065
1050105
1184817
1244712
1257025
1201468
539447
222323
575553
372005
838990
849861
724514
584812
1196253
506878
457938
1190303
880476
1188426
1189051
1149096
1081197
1141607
896390
393389
249273
399317
843685
904540
263606
1241199
1065524
894756
633010
1092241
884846
1222241
673670
779580
896948
856017
510182
436415
524002
1229586
872164
445905
889410
956475
891049
272278
1207645
241482
577101
797505
921877
227818
601168
802484
512204
849310
642088
1253074
257092
677425
532673
797418
627942
953957
470384
877169
839859
1196860
1086184
984512
454294
823252
1140492
676791
476733
379973
370536
1171016
1241769
723839
618489
870200
555067
904931
783382
612267
1311672
329918
1048930
652115
594290
560959
648677
504336
372270
486658
531590
730706
619544
747109
343751
594573
748823
720221
480208
431548
444782
1225704
821253
254059
638569
725112
737260
426313
895513
648993
745155
556435
784618
608086
273668
1042072
277456
542803
550146
696360
203479
872646
848184
807417
1148162
861271
222840
538514
455186
551069
382431
1019764
751225
1093487
1232106
702413
338041
765728
800063
1179264
940909
687568
577509
1041775
1074607
878136
516150
897909
913696
964355
580556
870561
1006707
1062943
1002491
768537
801658
264809
843449
1205670
601837
657646
408413
1031326
597862
367785
701739
599337
741309
633744
499992
740874
895744
449063
496817
924268
229377
762017
1223383
753451
765757
888160
831813
503800
792636
292716
1054449
591661
716128
1053021
558235
630546
356492
454918
1048456
861938
601008
715180
343433
956723
1084734
252549
1000811
823236
595553
512191
811091
534240
751024
613573
586993
528724
644011
237356
473298
745904
494516
616346
681899
480219
902708
442188
15327476
13193297
11235869
9242307
7118283
5086201
6082634
3969157
2002595
1073372
1443948
1449813
915232
899627
548616
1092055
758901
896327
959267
288109
487650
570698
904514
723660
547982
581169
777928
763382
389459
826455
400931
679091
1029141
1070835
639614
954459
1115793
541664
289542
519345
559485
243410
290745
428908
711974
497165
627579
343924
387819
397614
707202
791711
778195
466595
990016
1163588
517739
418799
1179056
422510
1111053
245804
262952
848648
1005808
430067
885397
1106162
576373
280014
1136037
361358
413589
741816
886128
980838
1251548
967754
491009
1022215
802697
1179106
978444
974823
974016
888428
790550
561267
909067
892423
613529
561613
272724
780007
713230
560238
251165
948613
1006195
832912
286474
540899
1048360
1227778
817456
910662
1195060
1177554
649550
1130265
1287887
314828
912619
441177
624486
1149605
1027254
875288
1224006
622725
847534
239499
1193080
229498
916818
403776
789829
504845
1189082
928597
284717
1001937
393273
498894
593863
872373
715795
266524
347705
262053
1254770
558952
556761
423517
471142
445806
334069
774527
514044
412752
619356
897590
243389
927674
606077
276925
496217
1305701
646621
283513
500187
418277
954898
443285
1088533
590182
756623
810454
547182
691947
476417
246644
722237
358079
504845
583563
753580
570538
790211
679965
892917
980466
679627
428034
866774
827438
314245
535575
571396
758500
883872
343346
379903
493469
338134
349005
328213
384319
486255
225098
290596
330646
256361
188958
389841
196381
265155
195953
512224
221529
441891
452548
276614
487171
542011
412801
512918
464921
291974
290890
555481
304437
268144
364154
337680
261454
217618
237381
196289
497097
299059
329642
323543
494527
423620
575442
269423
400564
338126
357233
343170
664500
389614
357868
466171
522740
294172
750763
220689
427553
460705
461788
984284
226907
232250
428079
466063
310475
451676
858158
311936
396405
390127
354884
1136102
641743
695146
409596
1168162
329120
343264
519823
421617
506271
388284
697560
734439
403857
489297
250932
1037397
340077
539766
743919
499029
286421
522744
712214
1233677
543796
741912
895938
297399
314637
1278139
361480
994790
743114
1110980
589624
521429
1363628
604409
523814
981324
508442
219705
803412
1200826
932326
973209
537674
705193
498197
697290
1205392
1351135
710115
1150092
781079
667567
982962
896471
543778
964175
523911
408200
499186
671182
678036
1065364
934393
660889
809907
340768
978233
1045618
953420
471624
1079316
1147560
752896
482500
597804
352085
1218629
1320729
1122727
924779
353903
790836
897113
652699
500569
906517
512277
941039
736061
321491
353678
795643
1143760
1043800
1002263
999365
962488
572368
714549
555189
1038547
710568
682115
1074899
534753
887923
1095951
642660
1073665
993470
374971
224147
992017
422340
640225
957906
975864
948776
1201029
1188234
806673
541792
569816
1123391
716916
753541
945251
857185
1052391
507351
915611
889911
552486
1079371
452500
583288
994819
1098418
833414
680850
637026
542303
375613
542317
839261
719425
587792
883310
1074139
726870
990033
1014252
1002463
1108252
356378
262653
615749
456127
459651
229253
1095663
261346
1111415
701902
668734
652823
633127
402644
920213
1028632
490468
936496
441271
912023
375178
754285
1202833
1157445
1017716
470809
544942
862586
1019241
577328
773155
960322
550871
1156149
918140
763018
347474
1002969
976002
929560
1014685
854536
786046
1215118
887187
790122
668636
357987
883618
540259
1142104
1065944
859210
992068
923437
725166
962226
345694
1037481
1188846
411957
1094448
1012483
598305
380057
868952
504696
439463
745438
904044
1034671
713092
453210
1012642
1136811
1058880
593246
534505
509760
1010008
839834
947669
1041129
569446
700374
1027064
973296
931354
1036606
363857
957504
1032128
229077
805275
15451495
13340600
11320004
9274921
7166471
5165803
5468956
3349998
4135279
2018914
2036448
1866010
1488328
951921
776098
994682
971714
792720
842384
721630
960740
963774
651973
649219
352604
921237
493798
783692
259751
511997
808391
801048
676952
872152
612548
706661
568191
990099
708684
933128
807830
682122
802916
481388
831805
733094
884332
858085
863130
777434
530682
626884
609145
800100
648684
637049
636894
807259
846228
1022017
592568
722120
461398
979740
894242
770749
648891
907235
851548
753166
696996
840907
806461
780436
585001
967378
598878
679454
330498
709969
912440
405047
744331
754726
833306
641154
260680
657755
907666
529627
715819
465960
833518
569053
677456
757612
693582
608464
647571
616747
953793
853411
725866
916415
713564
703920
917650
819491
964164
681068
938788
1002179
445891
628499
572772
497386
250577
925945
785199
793654
841196
758305
610303
793505
920796
769829
769086
851338
281132
980274
230039
947783
531648
714319
918009
696590
922435
852774
717893
500263
893312
537734
782639
570625
657294
804964
578248
876933
928411
752289
681953
284022
582125
572060
263367
245538
505371
536849
846427
583874
344638
565889
452366
245847
900083
468681
970319
434824
525428
545544
603508
515860
761362
728965
783416
656859
649841
794681
534740
716201
728618
470362
602363
714583
496179
521615
626839
568890
507919
311180
525186
538403
491593
418701
359348
487285
451600
282155
263606
304872
425089
591748
493174
540038
277194
590016
633188
381468
262039
386558
431083
602384
553954
476279
507341
566352
619853
457873
595372
287699
598065
457762
591463
597153
624594
696632
694723
573951
615203
728280
833757
771622
253764
584242
587041
659595
464849
561628
592863
250568
520839
460808
631879
529613
505769
735459
693845
752762
743281
581543
654935
220605
707855
661947
573603
449378
611372
495325
691004
556314
282436
510195
247044
340349
568326
527444
246770
639020
702144
622951
497263
490386
576281
532765
552116
572994
629069
444633
405950
685186
346392
390803
445547
665573
439528
737238
512566
604314
440890
367138
557802
478323
540519
481455
476812
500994
440411
364628
450745
518650
271380
394774
484757
553235
559092
268639
293299
477893
453144
490178
437454
326041
421315
426057
415667
244503
378915
376511
273435
491623
218240
304430
408834
410979
463434
469618
425464
425250
633575
532530
438770
293959
309599
488369
448493
333765
524241
450503
476416
283484
279522
323519
542837
396651
489857
582791
251236
235456
423409
420336
475016
517111
422876
414969
242553
402106
493740
479384
262976
435151
507275
534326
393008
405697
481904
477680
476943
445284
410939
594562
655100
562339
515803
634418
641995
230738
539966
537459
319219
553311
430377
587999
241850
529113
338428
499980
501146
416746
608429
449568
330842
573099
354056
494725
289471
456766
302373
464373
529047
363103
247827
495725
370721
413316
563822
462710
326448
561029
241322
358612
243235
349743
339782
367136
261741
435570
336560
276931
230366
295416
411265
348836
252890
358221
332195
227379
288427
214173
337286
453313
264571
385238
222437
377755
425889
454360
247362
288749
356634
253930
506556
533871
251012
618805
415421
269826
433484
415169
402966
589222
403382
466165
403884
557605
583602
416353
367225
379089
674833
476541
523580
552149
326175
626189
433855
513174
619754
579936
248058
621034
612478
450073
378457
511023
815194
426877
599357
310004
760482
295771
759700
418127
624163
550230
617715
619178
358641
427401
605965
254147
490324
559312
627712
604356
701959
857782
287029
402757
808776
400913
691728
463856
559710
445830
423547
480687
552570
355633
441666
330946
254629
250207
333166
275981
223255
466150
354999
267906
13835456
11710711
9700880
7716964
5602623
6556788
4437300
2410107
2919937
843245
1128445
702374
250354
436526
245171
469648
389221
248573
470877
664788
327797
413219
272513
303993
304734
267697
251791
262571
248211
240991
230185
281836
260675
243101
299414
466082
233905
338548
236960
309179
264778
312541
213139
261475
279734
264000
284497
283948
231070
333013
369299
300603
226207
482679
244861
399401
281505
264633
380846
340632
313033
258083
365870
307441
318860
376126
270788
264146
384572
415981
362636
336227
360724
258961
335687
374626
391024
222193
480389
412939
312349
379165
457749
404058
430473
285840
394412
243166
234346
212363
276941
256256
337366
256388
287468
350402
302824
378839
310398
261263
299464
258025
288486
283933
266684
224546
318003
362675
250964
395833
339720
255425
286202
454426
326586
379527
239383
406239
406025
223674
563607
476558
545125
233909
342133
364686
272998
327012
367728
303589
226961
328266
218343
234737
311169
388223
321960
242151
244044
334407
266128
232950
466446
428730
305397
269803
423595
251323
552624
254610
324040
427276
600071
383527
434866
325461
322687
309897
474748
419427
272590
263435
462718
219496
332497
335806
448473
387888
355610
406498
311693
272463
481561
291216
279210
292621
425957
274674
237630
424651
329079
597505
517684
433359
412725
304931
571944
477125
246173
267172
319676
237134
496724
357741
493290
235510
483559
409984
440407
223631
529235
551876
306630
454186
441658
422051
428328
370986
403450
445420
354739
231739
390656
270381
228312
303078
287731
222243
232954
332224
328227
232651
231680
373117
222189
389253
248639
277237
359831
342560
353222
246778
300297
229183
279992
369066
383453
464995
231552
380335
403836
423148
351160
316353
250516
395717
363958
237619
250420
355296
358594
279462
316331
380985
314055
312172
322691
304961
430423
245622
315238
251447
300671
259799
373490
385806
244824
379550
395747
234947
262822
239241
340555
415055
388944
361240
353345
284171
305225
263481
229783
250152
281276
364246
236731
240180
271349
286104
228605
240216
337365
275091
284751
398741
316521
466940
336818
458145
280051
413976
231158
379640
316027
245902
231088
236160
244790
282403
248272
280552
212912
227928
257667
245963
275718
316765
228910
234355
255444
275594
242126
212877
265791
247979
286218
306080
280125
246571
303899
234840
296417
333128
230151
288995
270937
268287
222643
236652
312665
221304
317495
223420
342379
256502
248893
217012
236724
215465
245798
244975
346263
268579
226015
267195
238518
230521
301508
256635
269737
270791
255954
271229
274926
214182
207324
238891
222530
253999
260103
346742
336483
227411
238646
279304
396490
250553
239105
229829
220045
281844
261419
298292
248419
280077
211414
259657
233818
253118
351340
215916
294337
277998
283425
291065
354963
244952
280389
350808
248578
270871
282874
250394
288389
249645
251168
322284
251980
355503
343286
322127
319869
345098
238623
291940
316281
284101
243996
308297
317752
239744
258333
305439
263815
258675
211264
334886
253033
379943
229851
227187
242649
265073
222795
230094
264247
242294
358258
242103
214915
282359
229371
246535
224105
242534
250453
264524
257492
255008
260954
253896
254149
211435
259537
247890
350117
227311
301778
236903
254026
221612
268061
251593
249331
249968
234759
243539
237709
223168
239587
243533
253224
275934
228088
242787
306564
208192
255811
238940
240901
230236
219343
291945
218690
250418
258991
259126
239038
253774
246449
236957
252917
238189
233788
213874
237716
271996
255969
231694
273649
259291
270212
258910
279597
281895
223292
300915
234374
247014
236043
307046
219135
243114
256825
229160
262790
228043
236407
245762
13654987
11545054
9532167
7517929
5402574
6429633
4315804
2290009
3361388
1259503
432664
823028
434293
236620
230770
242113
234700
238215
208404
300685
275061
261869
224312
245771
272450
216499
258360
228988
268879
301168
231486
263741
271179
260040
268111
223548
261513
237004
225614
285414
230846
233850
210305
222198
247593
226100
215415
216796
226835
219975
226160
218612
230255
239229
249839
221245
237267
220186
253359
221374
208781
217574
229203
242716
223155
236274
208048
238100
240049
245822
233427
233969
237546
229556
215746
223172
222223
232972
237819
205244
225588
243393
196312
234250
214824
199537
230481
233084
228388
217445
245827
228069
220788
224132
218861
268148
226371
220641
217318
222394
223574
219800
225149
243772
229865
226313
222230
215380
245642
245239
263412
239453
240273
249350
242734
247471
243796
232916
248889
209427
245106
232556
266307
264670
220908
205035
268778
204081
276347
237885
230689
207117
238887
235353
199089
213516
249388
209311
223527
223619
236785
228652
263179
215757
240860
249165
221232
223769
223140
278725
323496
205523
252036
241886
227896
251782
221695
254710
260282
245282
265914
277524
262551
244022
222347
279758
217500
259438
256431
266067
218013
280568
317424
255733
227931
232451
276419
254889
204928
327160
223704
273264
255501
229114
265091
212629
251459
232774
217351
267832
239605
217056
316104
227368
238531
259297
321651
267368
231060
243618
234981
228594
252839
208805
225580
233344
248457
226634
238233
254295
198622
226341
247833
214413
240887
214914
264397
299682
229033
207250
223504
234028
241687
228321
235531
258214
293650
287300
279110
246553
221568
282571
237629
304067
276116
235236
236409
281828
319124
219662
235876
229462
243998
224155
245254
216336
233805
217943
239896
229904
213106
234087
225718
244396
252065
248191
231903
227518
222894
226571
212530
233336
232017
242606
236155
232641
222826
232301
240365
245124
227223
223823
230513
237226
242102
238752
221822
238903
221334
235377
243003
242065
227708
224891
228649
247299
275770
240205
209879
231371
237935
249684
239853
262315
222540
245910
263898
248773
277128
245475
233615
242718
220776
228287
233766
231601
311688
307140
225829
283824
273106
250135
336267
347948
297046
280150
233798
210220
245190
294920
236375
280033
254985
266837
243482
228010
243649
227232
247365
236782
275383
262398
237954
254807
219101
221861
237368
247359
245439
238140
254317
258122
221992
322910
286346
355820
218413
235640
306545
258679
236600
279039
225824
258447
332841
230012
267194
245825
220698
270844
250861
227051
227242
249227
235225
236794
253002
236755
263960
210854
227232
230164
248599
263535
240629
242907
236085
223480
220107
226678
242823
226073
226599
225739
217484
227788
222427
238442
247237
218304
245136
247894
231909
217900
222773
220960
224931
250151
239113
223309
239037
212103
265534
222167
231918
232505
219130
251255
216279
227422
244714
265613
227935
260561
244673
275048
253897
217042
239424
239936
245679
217978
209322
234441
203367
240831
245396
231801
240837
261446
220087
227215
248445
294751
286912
259380
219975
236722
217145
226256
218070
220749
217161
221765
229236
231346
205151
243437
219518
221009
250168
250262
238083
240477
236100
226941
246432
225041
289672
323751
273384
229620
217750
215160
260370
309488
211137
209034
225617
229204
285052
250265
232791
240972
226251
235471
746836
1410910
263516
233154
226891
217737
230073
240205
250605
258019
256791
252530
230071
240525
228793
220184
249243
228512
239634
231521
239313
236426
231888
227221
230479
231794
229557
249467
235374
228760
221035
236762
218682
233923
223591
229249
230112
225668
229839
210971
242236
13915661
11808522
9812795
7785503
5800557
3785935
6026308
3909013
1928695
2955828
841101
1262150
459293
261388
223674
206332
232911
211590
252464
267072
219554
284928
275168
296891
315950
233940
253353
208200
256334
221177
244607
231619
250744
238877
230964
228289
230550
211999
218565
223273
223010
223835
239493
204838
233475
243838
221753
205523
221163
226258
227845
221588
232703
254614
245119
236822
250122
222146
234102
228634
224812
227089
230800
227659
228656
236023
232299
234271
228997
224618
229641
232143
225121
217503
244929
215734
208237
219137
215525
218262
230650
219602
235659
226982
212316
227700
222161
232308
219377
233544
234123
228342
231696
223890
240550
226220
218435
221742
226496
205247
221034
220699
218137
222141
253920
204031
221594
226041
210261
214427
213152
257526
220699
216499
219770
229560
212798
224659
219951
217789
216249
224793
212513
222685
247607
230319
225755
227262
235893
222613
237166
237614
223219
231197
236921
230147
250321
321564
215695
319537
224372
222580
230125
225145
221127
245335
263976
256158
252857
235505
253813
230560
234698
220988
223917
214198
217545
271936
253165
247249
257229
228949
261118
258851
246976
320678
288088
221589
260494
243039
245816
257113
236692
241893
242876
291012
252224
302299
203855
283750
265641
303716
257684
264903
331350
322614
267578
299692
293713
294930
257406
392978
370813
246170
243681
324412
366344
321229
312652
482747
472970
285818
251005
326771
415119
371907
262569
442074
392491
427895
377916
240088
412778
479609
339698
449048
338650
254298
403186
317824
522793
469606
435550
417301
436793
246186
520865
293496
435392
256251
616433
562780
583138
659229
673603
402071
401963
484660
283333
343378
363413
292848
573197
225264
479253
299496
539030
540942
472637
355040
298843
252189
314967
254069
231573
237443
324310
255128
262106
243178
254724
230919
250620
298150
326454
350201
225893
239687
453016
307819
364222
355105
367727
403355
293836
453633
355089
262512
291504
507640
370327
428677
223447
500153
568309
429531
345135
461205
253698
423193
447145
762224
686191
426307
381602
618946
759833
533223
919326
790957
973119
270712
675419
1123814
436225
289902
580046
805587
813897
1021677
983557
503123
923083
759694
1041381
1039544
876442
1111990
786022
1111274
589629
936785
558926
561852
421395
662865
1020041
1004701
713770
618351
840615
873835
718007
793054
528580
877586
393370
231607
474330
655044
537374
294866
365157
345529
342320
522010
756650
673107
364250
417226
512759
259467
515356
258079
671739
597908
530642
527698
310862
566451
745899
591245
289329
758228
367800
421375
416792
325294
459555
581372
453146
722914
395899
516604
425980
804670
676265
871029
530387
563374
371991
696075
494917
839810
697390
725858
612411
995907
348115
707288
1031083
1122753
722151
889511
1022072
693931
866924
595167
1113609
446224
328129
953425
545144
653435
725876
671969
919979
666261
832932
932781
521169
836729
1052182
424978
884531
660707
653635
685119
766066
902122
436824
604235
584489
786169
922902
624170
791696
822927
279971
994622
712246
850332
526958
482688
320169
515912
740924
593554
740920
817405
808277
1012384
1036003
726550
1007480
984407
462101
808788
446711
277380
809568
337178
477270
490158
450945
1036695
890183
415594
991298
652790
998470
375188
482427
246261
898565
727141
506773
901931
934149
1040083
757058
805748
673287
937791
580974
705843
837335
845812
870722
830043
818490
778348
820560
739184
858878
606214
801336
964274
667085
1016380
259043
223636
531399
406086
1030956
903031
833248
473254
843301
702349
939724
227852
746716
737753
773014
711620
826395
370600
697553
543694
893207
732235
943744
643734
710672
1066888
589079
15302272
13184106
11178095
9131558
7003254
4985990
5640977
3515088
3969022
1864831
974117
855817
1155781
518777
825990
660472
797347
1037731
910327
789280
965724
643229
227419
670965
1182218
890424
1146637
398030
519049
565276
742864
354689
559816
334893
461057
448876
890648
612283
506907
804275
854004
248933
832642
586840
320330
257255
481886
219026
279757
364366
418526
388141
268625
749015
241660
486069
256326
310823
386188
695818
304330
526848
441900
439370
496377
403201
534712
437099
480248
320257
496994
379998
290355
369435
332742
449608
367930
418141
598020
405471
361599
537997
490499
524913
385989
392138
308588
286845
361146
406690
347898
387109
302636
431032
428082
264539
337028
402970
444013
325440
342038
346262
459690
367707
298480
354442
399008
359422
330650
255251
235025
558060
642589
256119
403874
216693
632343
378876
276518
398469
311212
508503
438924
455969
319426
414067
437449
577783
529087
458680
258842
716065
340385
487393
260904
242208
248269
473046
344217
351221
497005
229973
480661
218923
226023
244224
365381
426528
225370
253533
299068
327476
273678
255508
230097
244380
247840
215933
217840
239276
228567
294423
233814
240159
207062
219365
209812
239779
238644
270999
243452
220223
219583
224142
218804
235531
235431
209651
229028
201744
239512
198146
284134
276530
214275
215595
200681
233925
258747
251548
202490
232711
177678
257207
234767
226443
214384
212361
220450
239344
237950
260229
236711
266888
219007
270757
266156
212749
214441
252762
233475
245357
205128
241413
205052
220069
215551
217432
270099
243014
258112
211518
231918
244640
252665
215643
234644
215461
296549
253996
240166
215153
217191
215326
253237
245859
211031
253349
249908
207139
246969
210004
228672
271019
202498
220764
205958
234002
244708
264214
268739
262142
258639
264942
254802
284863
271959
272092
251582
266023
220883
224297
213365
237743
256203
218449
225866
240713
222623
226216
205999
240077
234822
249579
268644
312542
307993
302865
352127
316827
338991
335960
251480
255386
248785
245982
266748
239484
194505
240752
211484
231519
219086
218986
231421
220527
242811
247653
222572
223708
246362
245229
233341
251733
225064
231258
226693
247412
220500
251765
213065
237557
225927
229004
223685
207837
214208
210600
212978
226773
224581
249374
206005
220822
337623
222378
225218
214314
239488
225131
216261
223236
223212
214223
215263
224174
216202
234139
217290
220746
232405
225967
231424
217791
221258
225126
222257
216359
224728
217029
210847
216783
213793
254837
219642
228170
226152
213931
213134
228507
217814
234567
229127
217193
212848
237224
224343
230361
228933
227795
235153
219459
232026
235380
213323
236090
219666
223980
213030
233074
243001
210847
230940
236545
244146
233134
231500
244451
232649
232257
226784
233948
234115
236707
234545
234449
222935
236173
272624
233514
248492
310637
339270
287917
252345
237582
256141
281694
262165
307552
254671
253538
257395
256576
232922
257549
231816
241630
229349
234809
237245
250990
246380
229730
246656
238728
233328
232557
242698
228569
243187
252895
224290
227514
231483
248588
226768
240143
242603
262705
238401
220967
246199
239137
235745
242691
246270
247440
236838
235009
236994
234427
235110
273973
246863
227776
264860
236545
263696
239884
234997
247721
257836
271972
238040
395728
219923
330210
353592
350637
333259
337018
244086
215062
221959
261828
206313
230946
373207
415591
409166
243314
370851
285637
325215
317184
290281
300474
320260
248470
346491
257917
370343
249216
319802
260992
298760
258120
343491
317487
331118
346019
217396
307427
321751
319971
325801
263495
236894
222283
226219
361499
351616
327060
354600
318962
446819
280813
15293351
13181014
11171820
9199475
7095589
5278695
3241802
2330496
2144140
2223559
1708741
979790
770476
411729
280242
276078
337862
393063
515599
488030
366559
579156
413105
541620
633878
261978
279068
234318
390947
264123
265431
267154
214145
257417
241483
532016
434632
320119
235926
214062
229835
208163
241252
253137
247245
230209
265802
234553
253766
244347
267269
256202
278386
232217
279140
304911
242967
225722
269848
222299
239209
229628
254803
246116
270176
282769
245312
240143
225159
324307
404514
379558
253036
241101
270552
218040
222158
229372
249576
211879
230822
262411
254801
255662
246963
231631
290420
365246
249433
230129
271473
384564
409924
226828
242089
321354
255871
290615
205869
211208
243167
577510
373689
302769
504617
406721
386890
270830
236527
271234
345267
294649
463112
238566
238908
298785
411639
297739
410268
264638
288912
482948
352797
259501
376686
364830
465874
270889
286905
250464
256209
344833
274446
359462
338877
372523
335553
237489
400870
339110
212527
211823
243885
257121
296521
242987
325766
1320422
757151
630857
532277
473558
498648
336038
292532
667599
414703
561520
875984
530718
726990
587636
332807
457553
538921
356826
295252
430345
345006
491136
250788
594227
272529
391722
496295
463449
490161
490990
467600
640628
515798
515265
425124
511161
511034
439782
470518
529018
299781
499985
400933
559171
642031
464696
602080
620689
726045
256798
271598
738376
278171
597602
624871
522724
623427
368744
1038660
1020634
601595
759041
828990
507525
536904
637853
390571
750703
705700
653233
693576
426040
369904
416792
530151
480010
344827
446107
323491
304201
322777
551857
274277
469101
383984
304060
459323
327849
463919
479482
422053
335406
512125
401369
259188
273068
443914
423806
260595
385524
463673
285612
386962
482851
253216
385354
338393
546094
423425
245151
447038
295754
440469
429978
262109
450995
485483
280519
424333
573082
638628
409281
528197
815078
482263
804555
604246
534047
668721
297611
340889
341476
256893
309959
356871
412578
415040
507977
320841
274324
248977
243109
441130
378888
340738
347438
382699
370226
400303
591695
270819
352713
483076
265537
468540
455063
293352
372279
364094
378605
383974
373920
389228
257284
276574
269589
241541
367195
382376
367332
352603
316543
300344
254572
331774
329262
313272
353496
280206
238377
248733
416128
482780
532139
365148
414828
250429
452045
257000
292032
281726
501756
417668
513805
352638
331629
502652
475762
405316
446698
510473
361803
415338
251224
445089
341284
387597
267124
369596
465581
430732
525822
406303
434334
437727
311670
320043
301576
336642
383529
393198
409806
416434
364885
244032
333619
375481
240635
228661
320442
351322
272410
266185
298094
399173
264093
477477
230482
294069
346220
245083
236295
256318
229596
351676
302579
305436
373634
340684
357506
314422
320197
226285
386294
294827
330426
365071
329712
377389
389243
269001
400834
512334
449466
418218
278459
414850
339713
427518
392379
281323
352882
280412
429672
476766
516967
396498
412374
406669
278879
352544
349784
520288
259650
389326
501735
397403
565481
270171
533525
229548
482680
609607
448203
491486
398348
524234
331517
342497
403661
497033
462443
252286
306156
408348
422901
395675
421063
406072
282361
315022
423507
365526
373291
446341
473299
279809
414216
640925
369337
399257
277894
285682
217863
329415
329433
258735
211326
409101
259433
282404
313592
322399
569548
258644
294194
260702
292929
353838
232092
320400
299722
274118
293257
242475
256083
234572
388644
418541
460904
218859
346698
265845
250043
335825
237476
286631
268658
307148
275933
389759
381185
286213
340162
344675
265353
403133
322452
352045
12223243
10109530
8091675
6080877
3955416
1940740
6924106
4801866
2900282
2618752
549705
1722572
673813
451331
322901
377170
249885
275450
289209
247835
319104
303693
255360
347515
252507
259061
288041
292394
328067
320523
298644
256440
333048
316119
332667
239358
350055
269093
295423
374812
261088
333249
329565
296922
287563
264967
259849
420113
265757
348638
393272
296003
438442
215467
344351
342797
414264
315895
330855
221673
219307
314754
315296
402667
407452
361025
326957
422365
378206
378651
429152
434751
338439
232293
319270
216916
218876
244077
287669
264632
297497
236797
260754
383979
261282
253166
398538
365133
334721
266342
241301
258350
370707
357650
333606
360607
364779
404005
223475
377397
219064
359646
358567
239854
275077
410683
525757
489914
334298
352175
327702
468569
417405
288903
512652
269092
352028
311858
382269
290014
233837
324700
256058
363393
244206
258412
361685
275226
419143
246668
354642
268074
360405
271745
241952
241202
360061
335584
395772
353557
349421
304741
372675
451177
346622
386657
299884
508938
366827
367642
422442
585589
492217
528662
405712
530075
361263
563525
506652
573199
594228
232677
895652
370745
724448
542707
1053429
571552
594190
758514
613884
743356
599377
603629
543857
396772
538608
940495
607240
244154
1020359
278855
897798
804433
786549
289136
484193
320398
691587
314658
933943
458150
896195
335402
698496
724777
816568
763370
433586
726373
548058
667237
758096
581716
446049
273319
647013
817147
829489
740675
635064
548377
570418
548250
766656
343574
575787
678833
487120
601541
372527
395742
613796
663669
340040
645677
282340
685554
820449
522261
342433
707422
734027
825127
633083
797776
268505
524518
736171
849849
523913
832665
221525
726281
800537
593855
563634
256625
456992
457422
572759
574055
915352
459069
412970
364320
793470
376544
704040
239154
696985
596383
713222
285606
366294
462526
462963
651584
668857
523184
806713
475229
417453
521668
522962
387259
719366
783548
610961
271859
619061
777338
689499
554945
596238
465488
538093
416972
780283
388372
271367
541660
826314
811579
866053
574259
471634
870873
338432
570527
493772
716348
916350
610957
260907
470455
558294
382163
522645
649760
617666
914410
380653
436582
447151
342189
541616
738467
430656
535244
498641
244490
330053
546798
287193
416411
419793
413164
435344
472778
332474
324340
243509
230703
247499
373919
224695
324529
437621
291721
377837
350161
454146
380984
214630
443358
278135
319508
309156
286640
364517
364759
204354
417155
372139
867746
251756
269622
242413
247019
345104
341176
459558
484211
317424
476268
481471
674468
337407
362376
330920
256876
440929
396854
459337
498421
414115
470696
422540
556061
734215
629792
257089
393069
384209
416712
393420
643445
427494
550844
253668
688521
551674
376961
526079
341492
617848
603812
458151
565956
330538
651234
669686
304013
635493
533859
681230
480673
813150
305250
585002
365766
281565
253014
244395
455131
258195
254846
231965
224135
231538
275424
358270
225536
367690
362492
248912
214068
297913
309828
425392
311793
411576
481717
352163
410171
336315
514541
250539
350334
307078
275493
353895
230467
412347
301913
303103
416606
306685
219819
406895
360716
426946
574262
298508
380650
373985
294535
415730
466939
665499
231587
378997
416037
455329
423166
237169
270959
376622
296680
247822
250236
252442
402390
357947
340329
401902
420689
281047
388185
351058
278889
199613
423663
455705
427601
355627
502104
413887
393055
713323
517787
552464
582309
512024
502825
496062
644212
516729
377958
261268
475508
559172
274573
362258
561212
220617
238082
258528
320066
228144
236019
228985
239801
237294
278748
228533
285886
14494667
12379292
10420887
8498120
6391827
4363475
2299175
4326096
2201090
2317971
1821624
862777
354539
258098
293987
340322
224049
314264
220450
242872
317031
257725
480029
416146
263234
263156
309790
331712
222243
258359
315530
214618
241155
288889
224747
278658
232583
248713
240739
247190
262443
246376
253702
243341
228641
231229
224904
300338
332812
399681
399709
240993
353935
345536
479986
270976
266825
560181
348286
350622
238075
244788
235175
302765
242874
256490
222996
257139
369987
282136
295195
240206
243965
220994
253808
225316
221902
233874
236588
235530
281619
385166
513766
282927
275326
389281
433691
327180
331641
316789
268816
355655
407615
209741
281897
237574
272034
265643
262204
313925
236315
261639
281892
248905
290347
280979
258637
245179
231287
310849
274016
264852
224091
239503
279379
297890
244567
232338
265575
233739
322932
434412
214949
366689
327741
253046
342817
411846
217929
268979
400639
338568
339346
422007
353208
432515
337234
236368
330024
237531
218989
236774
256050
304350
249746
321798
381778
429004
391164
350497
419212
323123
229352
297591
212261
277327
214825
280918
217863
226740
219956
238141
308878
352064
225637
236118
239586
227886
239028
264382
322483
244911
258021
234049
224022
368819
338109
301431
381027
247347
228682
334793
257202
318051
238593
288685
228500
223686
241488
302214
498561
247097
368853
317168
411276
402230
476280
388494
274162
538934
383551
383696
346235
427178
632663
266084
591862
533709
435342
293601
569058
262354
575400
739321
508999
278665
256688
313010
314726
387254
463589
418674
223309
475084
286746
556152
360374
405778
431045
532311
403870
586240
686269
539152
235204
402886
665809
1058594
721260
427449
451304
821557
811123
265023
637898
263203
442406
675080
794724
761961
720568
744771
527872
431950
453587
308071
328842
546565
547772
554153
445031
693389
331401
901645
1111024
830864
259103
482348
630122
432584
424460
689102
290739
616228
357332
619090
866236
747308
422132
448503
362598
443715
699636
598404
277508
644683
625034
394189
822612
466961
585325
672079
383955
638958
800536
753932
1023105
885884
733555
278241
1069111
243232
924987
1027040
797543
787584
625929
614555
391030
457435
324561
541919
599371
829710
525975
1028021
633956
1004775
565907
542963
410731
684591
972037
394677
901387
1054721
813071
409114
314659
974604
886042
421542
328840
694582
844771
941920
481656
698038
524180
740934
1075540
759464
821521
643928
629254
807067
327850
347742
472751
386837
711099
354619
785058
581681
890088
471619
454124
918828
503600
566048
1041213
459617
671850
851520
415884
605744
547737
250221
555722
634550
375811
739556
682804
673671
650925
346017
378892
260693
651493
528313
344295
275934
266087
380225
304144
238418
329136
603637
350575
342423
487402
515024
580888
560227
354682
474833
480282
323243
593051
769946
369364
579570
408830
553658
759190
534408
240893
297761
685180
797241
270758
704085
538278
401044
361509
524668
484018
612174
519031
712772
792296
736163
322334
593443
333933
683708
248540
796324
810890
505941
405205
727625
543427
766281
590459
406446
558405
522388
403270
569749
690403
274647
499484
424271
595151
406319
739706
392100
341554
683349
432041
458313
626969
518701
291841
336845
406558
355684
769195
438562
476729
404104
300517
630394
709715
347253
358401
441438
737792
497795
432772
658147
785420
561903
411557
433386
576218
754649
1081793
757456
283801
958274
543530
615789
589932
754573
685225
860505
417288
736251
865932
748829
674111
482941
535620
620013
616133
615547
677582
772579
841006
200089
712055
664626
305888
697888
833010
584969
443338
545691
417441
606290
319675
799989
833829
608366
808519
10386669
8378682
6264972
4269288
2216918
5282822
3203660
1258083
816728
2017145
2181788
1801252
1423114
925690
647802
904736
871972
874466
536992
811374
624771
968195
566414
478797
451381
526631
421134
485323
888594
628505
1062426
716753
417194
540210
677265
438226
830775
597421
383972
792360
797212
541970
681330
435215
491920
909422
671797
958412
741952
511107
648045
400544
918409
835438
453389
507537
495071
616340
681106
706635
398070
805916
897028
649119
508000
463048
307222
778696
491213
699152
567072
486356
426647
586320
591359
704181
779709
476166
1071204
763306
413795
781650
753918
805111
811899
710576
751424
956301
587539
630179
1058139
967008
638424
871613
362130
765864
910662
795081
307919
518992
247012
477812
720281
688568
399901
399514
309597
692791
732089
424988
608339
239153
821936
253971
628588
459871
502198
607928
699009
327467
616246
352419
303702
673277
965838
926883
579241
440123
905962
321398
692609
555081
555053
464224
1065126
464889
617119
657357
288887
924754
311190
798455
334746
759419
875701
551377
615508
864943
617580
259106
877076
1040972
924357
373191
360556
303805
751815
804193
781785
699119
579996
368294
434497
525409
758989
515428
476502
740150
396654
620192
583095
499487
871323
235259
546163
494192
524892
467852
560689
556470
325826
372052
563688
430115
276641
452658
342549
420757
686299
388437
388483
483882
649888
285340
406132
874789
618076
487548
740222
786361
858059
790161
828954
446467
439761
622596
586476
859078
627619
742146
504267
350749
621123
339081
568005
268951
348701
433907
251724
375881
368890
390138
421984
361307
288119
304651
517636
306160
576887
577811
627820
294452
414069
657586
382550
338990
416252
321609
488411
688816
279153
350831
365772
491855
384721
246492
528375
517969
418539
266906
297222
310416
245766
395214
341952
459868
511176
295342
478870
439356
284103
445781
262563
506135
758017
358182
370909
990566
340997
543801
424027
402441
255191
605002
720052
740197
721701
786890
765764
428481
397588
512672
867852
386243
266642
228230
554948
591889
498765
805298
710228
344567
568036
337547
444731
514493
519198
220121
250567
732681
998197
641331
721909
358250
480842
316620
571710
654924
428476
547495
440840
973955
971451
270853
264647
836368
465732
610926
488745
796974
530109
423889
441883
257369
450673
289911
672512
712059
384316
686890
565069
362922
431081
621652
493823
421945
239718
293439
880580
222230
299413
485274
218381
360433
309016
879286
316296
303275
466078
285914
451968
524392
314423
306444
246709
419044
597194
405928
397308
292604
313190
463433
464745
487152
581302
702019
782005
446119
502419
988282
336971
737750
645207
360848
397038
611781
655278
1023913
659045
666126
1169541
541363
675558
1099982
992157
936002
1053144
697838
502602
574946
304119
1207272
300232
268046
491578
782171
579702
651962
415714
908523
701144
511919
815895
602785
569777
471553
533061
645265
659454
860054
821627
1141495
503834
618342
1129158
1046622
707127
1195789
903992
651072
589799
378158
1070960
439855
802296
694959
273540
1026361
861539
931244
1062140
297732
844594
596622
869687
965650
913453
494570
588923
963175
551859
392959
883607
902294
627020
348517
854695
660228
811819
909613
712652
591527
678851
867849
1028417
268067
928663
431523
804983
1011218
703006
819809
273137
578850
773091
910078
1052585
667978
890040
280736
732456
830739
236949
427147
585094
690771
768412
567610
809482
614432
599232
977900
452007
333870
945902
598856
497702
571771
816001
404234
688214
729321
990773
914024
896534
488938
801187
665203
426701
963027
467576
717479
324012
976933
245894
458691
623258
838044
870858
1002984
816771
918154
699181
1070347
901875
484854
860154
670259
16707883
14599205
12642636
10610328
8497630
6515392
4456140
4317659
2203682
3320764
1198588
1589403
1302066
1057599
752916
467117
566487
1035265
1016738
878025
682340
846678
670297
1064868
812316
1066634
832971
560351
343910
222352
243833
388687
520990
369691
500464
333698
427269
233111
338232
276709
406995
356523
353309
568525
559743
469810
545451
544637
374396
517151
248662
393907
1805687
338909
453196
586773
379669
347203
352341
461901
431828
502738
480265
281117
435007
395054
327140
237707
465919
332980
251108
402670
545934
416113
795425
424800
334414
238244
330154
240651
278728
266654
323135
418993
374188
299243
354903
322154
227099
258785
373420
250767
235066
270993
278376
328628
422976
288169
240038
401868
432785
266879
410912
587876
249085
321030
237661
324723
412071
548689
348430
444576
362808
300557
206878
223762
398614
329354
318470
222084
281750
435201
567794
355002
321539
299195
404398
257538
255354
355587
275294
313791
436897
365158
394653
443885
288221
468511
318944
420029
447837
477033
357434
444388
474611
265687
358566
322928
245128
351975
283834
262325
372268
278703
299982
387395
377551
288431
387978
251651
279717
398484
395591
199563
384538
376063
350960
259775
438782
598355
431421
383551
494150
366095
438356
500711
550547
334510
505822
525288
542338
240985
552827
420777
642147
592824
456973
498265
403729
402943
439970
412978
546292
598835
304127
553904
499835
492505
947344
292166
716247
328967
557499
487808
358196
859479
623426
640753
596755
588057
827158
266146
862178
337626
542196
865362
646181
532138
732216
541093
762554
567236
300011
880961
416390
851529
728812
914821
979774
827120
454812
460988
865510
817960
920072
824199
564585
609378
924246
605074
437383
767477
985022
467533
570814
776971
892326
744786
821654
324133
274262
418901
775902
496360
487989
830972
845618
922467
538158
853213
462959
543030
465313
671583
443336
951901
615232
838659
651864
581100
761388
764982
944924
816250
514901
987983
440344
775395
745253
1018142
827212
1002420
526701
420594
1008854
783099
975909
721551
1953972
991399
416180
700587
902846
408043
940806
700829
597034
578237
1115361
920863
1010419
1073147
801501
497662
651527
605150
775633
688164
276482
750350
936281
651943
793554
541181
556958
478317
752265
941512
651914
520353
424539
797882
990819
577947
941794
955371
728625
286021
419123
597462
226934
339302
611636
466425
451410
510182
270547
627769
445582
438300
245821
439246
312235
361172
346779
275158
294255
353633
319096
387596
391636
331214
312886
271390
360679
319850
278495
364326
268803
335353
240862
268597
327826
276574
410530
222886
389131
445047
423911
394753
306141
423839
246304
379893
224805
491216
360699
468522
276661
400063
260572
357952
438457
258113
421792
307187
312891
332913
244955
317025
392711
385615
404075
421434
406629
510908
469916
521476
433591
376795
354829
238194
268974
302498
407988
381200
435045
375512
319661
259618
250626
386112
335291
400627
428177
453409
335710
454193
313461
485565
461114
397919
457079
422593
432904
353118
301128
247765
258143
241807
317391
342734
275467
354681
248163
382244
341865
256210
287264
224556
304351
239499
245729
348033
246488
332785
282245
289682
357136
375988
343398
303270
231831
310354
219122
245684
241805
280264
239905
261683
240186
258753
230616
309350
216075
245641
298546
350126
350622
227691
385117
311989
395022
275941
338557
278517
267847
235428
259952
370008
374852
370569
358928
296699
447929
446615
320285
483246
400316
363433
365253
398176
384625
379345
237537
370665
384335
420895
243310
230266
248520
235622
222820
393414
250987
232090
252076
272978
256641
258761
264072
265137
273159
240589
225112
248684
227304
241912
13531599
11420472
9424031
7403231
5290352
3249295
5545286
3427283
1411511
2206096
952962
1211586
395925
224867
217714
222758
224872
211383
211072
268344
258912
392170
247532
241613
236869
232811
367334
295055
226760
279339
343084
307580
279819
303803
247319
267671
256485
231739
274038
231457
269096
255523
267720
237935
220333
247996
368659
351190
296550
345398
261824
237652
242453
252286
284356
244861
217988
249072
244113
266276
264063
249398
283321
275304
215937
242534
238322
234214
244711
233537
250676
218826
206713
228792
227811
246999
243235
202474
258210
249130
242822
218858
255289
271145
264480
234488
243925
229425
276758
266190
269839
266564
269494
266316
259787
265595
271551
274229
260842
261496
247406
299205
230178
224130
242551
223954
241974
289743
761243
313657
375467
259282
333954
367136
304896
454447
361527
256829
274669
269584
466169
279665
300974
246697
386178
311494
238298
285849
416325
411572
267145
281284
268745
259272
285458
425288
384193
319366
232005
355392
403972
380220
398484
235812
282858
329570
361247
411857
470628
517757
325841
320573
281884
402436
232832
318516
288563
218865
257392
252976
222403
258243
230938
267700
265625
235361
228988
242986
289221
304685
343098
421742
296527
354494
264975
274455
335857
221586
230449
276555
237554
358911
352906
369606
414540
352319
332966
438046
279605
328335
361320
359830
356302
267367
266533
258392
385711
366637
390084
266362
356342
288934
295989
255131
266099
218847
230946
252952
330632
261009
262094
315749
316769
313560
306134
366506
283573
236192
255464
261570
284287
261373
331030
303024
257390
259041
312388
286455
326484
311452
253629
264906
245791
247088
232919
245385
245155
247005
227808
244897
230907
235562
228850
233062
236545
235027
241681
241628
236188
233320
237228
247936
237623
294168
269256
304548
284199
256242
253842
244820
265385
243893
264137
238151
222216
240353
254978
228044
230976
222394
225281
229921
238564
228387
222328
236728
228322
229522
225707
243147
236942
245028
249842
236347
235837
242083
220226
237074
255701
261749
224656
238703
231372
239975
227756
246600
237065
225095
228285
235326
230374
226376
229797
233346
235589
227692
231942
225417
221555
250136
264588
217608
275155
262720
271478
294374
239168
239611
242357
241923
249606
231350
297891
235039
244338
288111
281688
252225
228507
254065
250746
254435
254627
249153
250804
236970
252013
263491
261360
217443
236652
224105
236417
236540
240122
240121
266498
255786
324709
245765
257471
254453
229671
216883
270654
238157
230777
232258
231548
207885
232754
235500
270827
233963
260319
263423
242183
244321
256559
213340
219450
236426
217930
245847
243371
245170
279988
296226
289053
303825
248608
311630
312864
216196
279142
239277
241118
261382
248470
268284
240376
244210
251992
247948
290858
243908
288049
218680
233855
249707
289394
247369
265622
276505
235095
221567
249793
307654
278315
232157
263836
213439
330055
258194
239229
220323
314292
213593
260944
253793
259393
236976
241624
241166
219333
295851
247514
260758
343335
217010
226694
224269
248695
266977
258080
217403
267908
260748
250134
314831
292819
316675
332605
230576
266783
221743
256633
231938
216094
300599
318846
220409
230006
252677
263064
247085
231759
248784
244296
245687
258120
369137
267449
253226
232864
246104
262331
322836
311862
285888
245478
336308
305059
291593
334993
243532
284154
304810
327843
227125
273209
234145
251453
305815
237512
235868
265170
250605
229365
252487
233413
308651
252013
220283
257953
229761
258686
264013
277961
303587
333148
239189
234292
249575
232255
218000
299330
260895
244689
219810
259681
255747
304467
325322
251457
261099
246445
250425
14391551
12284378
10427910
8360020
6242900
4422459
4253560
2150003
1142540
333583
1116914
878546
715734
421769
243462
302013
356383
383916
365067
445174
295297
276665
462311
250127
251959
220647
278133
242274
281592
218727
275843
303696
259066
262643
245073
261209
284547
304537
279666
238118
254692
284904
270907
274208
252868
289425
245710
274920
282580
254325
272178
257030
227479
284322
320131
249703
285561
244296
343022
236166
250736
254922
229582
240873
220245
277094
223324
269617
253850
257121
244447
239130
247385
275427
254231
261462
260849
240971
301555
336464
308603
273792
285279
380067
316059
405433
297863
254671
404284
224050
285361
246271
322683
332985
358983
283943
286792
266608
317180
299038
251414
397959
324233
327130
371354
297576
317360
379382
436769
349603
390196
259991
325785
277280
348112
364346
234531
260647
324484
356522
249406
349921
365306
324223
286083
262527
348815
276714
363717
354702
257541
238254
383369
282130
499379
373446
476244
409962
477189
373854
401408
225612
240059
412942
412439
469787
236264
456398
270732
454147
555409
258368
353782
482268
364861
383255
264949
254054
275442
309552
278986
264573
285683
371204
403804
473868
419406
323184
393071
264357
374111
286398
261936
309416
394002
339341
278975
222369
308802
390582
440254
262028
505706
362817
407930
359842
503655
406133
471946
454664
335320
257200
506583
350610
321297
259906
393092
433878
475533
464175
473349
453260
272561
403891
540134
458111
455556
645668
610336
419020
435017
444751
537931
532810
577471
442018
274886
522919
275235
319063
254369
262660
419959
459841
425136
398612
455056
280668
392992
464578
461005
403241
298995
630297
311960
377413
519529
327579
402455
425307
334512
277101
270028
227045
333118
242949
306522
268473
404720
352875
369605
423531
227362
228649
239489
248003
259645
269277
252717
282865
236232
235417
425870
322294
377120
368116
307535
323933
207472
270181
297721
286793
338619
304618
411863
264341
315002
252333
330330
353893
281457
378255
368821
395878
452469
253211
722494
291619
380715
477284
383945
352436
455101
309991
264694
337132
496942
333226
415162
628931
692697
587083
462986
354998
455870
356069
391683
524677
576775
312776
284568
487298
644624
504033
386881
403597
345309
302321
372952
340860
558987
340846
529442
333333
603927
278388
639049
447576
394662
890465
379484
387699
535328
499258
372566
475688
589957
896329
571511
871600
568544
596226
366657
381197
596673
267655
379797
647221
484320
544764
470732
337562
672608
655217
639025
499235
310418
543024
565994
598700
812338
581407
363422
588923
317363
614313
400385
549224
517104
666538
631276
713910
760382
264187
366335
716243
814908
770888
850238
471919
678323
455464
848973
406680
823116
293415
599472
526224
884175
429687
616686
366644
265701
382294
756295
369329
255725
631088
730751
764945
640613
824058
534875
349573
617419
689919
679510
430482
716380
248163
310857
585626
570238
763178
747527
307798
689268
666294
629686
769629
848726
718858
846100
638880
560788
635134
692159
616365
454899
499888
837347
540150
259777
783701
584460
774241
914610
942779
638813
751602
319369
981466
472853
879074
353088
972645
520912
319921
791603
365552
621276
838885
594286
602370
616226
729467
668302
443776
412463
769115
512191
846818
529913
808656
893924
747517
599999
749546
609391
717271
569329
373721
659103
831505
265527
809246
444824
407228
795599
612645
802517
730980
635470
609955
472979
769148
628763
474655
528241
740884
225255
680648
528213
890798
742409
472748
509634
611725
603121
808061
697776
717716
576730
554869
617288
890862
387017
276933
469066
549391
594464
518367
663041
545883
432912
656056
624466
14346747
12231191
10350889
8345505
6232143
4235318
4405885
2292998
2121968
1580396
1156601
977136
633331
963552
670139
508163
684481
362152
676975
797375
632188
903145
679418
292909
575299
279750
355271
429475
756646
626427
576970
462056
693786
652835
454921
535565
352355
643096
294131
243539
446324
626246
393507
448645
591641
286636
633752
621979
252342
414609
395459
469593
367703
264350
340393
305047
379349
377921
393437
270672
510914
479477
231768
372905
460959
390252
494361
692930
807331
816700
833999
547929
446263
545670
289678
773796
566788
281136
306451
284692
542726
453576
298543
511036
370287
473225
379394
353476
542373
372558
661057
911681
360392
461131
586357
373563
454507
390124
830851
658019
412189
262911
886849
548365
569661
236150
765181
597167
551788
673629
395354
439240
408156
570766
381618
976033
324722
396467
501764
948889
562434
333804
669811
520517
457261
368937
928946
520154
376024
395097
570788
504840
411348
410555
509576
760218
410146
453884
839186
276640
392163
248240
442369
270906
311494
239803
403272
496394
307049
309652
467166
339785
382629
390337
309373
419538
349619
398232
350734
374430
449162
447505
414261
229224
260373
328286
306126
497174
357752
290300
241845
279396
269235
332700
228501
251247
239590
278987
247552
454807
216946
503013
257168
304881
349549
288422
257010
379914
247172
274052
340344
305656
285140
365031
277808
239531
331524
304840
341707
253936
408271
308020
353285
269666
454746
529764
336904
257751
350314
363997
383510
397973
434238
244437
449577
385859
354553
325065
399005
312635
342493
282233
281498
247036
379510
354882
256717
333188
256430
243981
246211
288145
286951
281082
267377
260325
394921
314775
288238
301730
250482
382055
302741
277034
309396
406722
367511
302455
421274
247714
285233
377409
243997
316452
428200
220583
371134
289405
366056
327559
394134
322276
363697
409575
436384
347149
430299
393657
366056
364418
413955
362243
293894
548056
484826
271788
280056
258232
374813
445496
373887
256295
246603
320556
355480
423005
390239
485050
444549
568613
374635
402540
515313
256857
293845
343930
461010
298473
272574
322012
243012
263967
317561
278624
347596
261501
305373
248502
330125
380339
512509
312846
244323
399183
404274
353609
377910
382806
352701
365026
330962
401048
428016
242379
320392
492900
332135
384239
255633
259455
392220
394638
465921
503533
747513
686925
367088
467848
457697
684173
576201
389391
713421
736795
510802
462084
292645
466272
586810
386138
624450
495440
589280
542319
336785
234945
344876
246539
263988
418516
358685
653190
336312
337375
362713
358935
293914
266665
232874
245124
356718
222371
243710
349643
380415
475606
454042
379369
248217
378126
614257
354755
400346
644885
243633
415982
401284
258500
212066
302410
239309
244336
424320
287652
257322
232000
300992
332291
277065
260652
258138
271097
254682
232536
238495
214572
273807
301306
251276
317327
250742
264238
371133
237471
217883
235649
307447
397254
323162
336979
349496
223717
244489
243351
239971
260330
316503
348481
232812
276549
228032
231391
261464
296410
295179
226325
317218
317343
250764
302779
332705
339892
274792
217981
227901
264341
261669
327370
233810
326600
354474
270556
245701
351762
271348
248345
297125
295590
400043
233679
322059
248643
260254
240314
275756
295989
340379
432273
346314
251705
354691
329031
316799
345845
371053
471432
299055
284641
253587
227575
262996
349396
259202
263477
349008
272745
252896
222108
226983
338704
306403
342171
243636
224854
343845
358044
331274
248900
299963
540925
208987
439496
245336
243059
496918
370956
276592
551245
549502
311724
451157
446679
233048
281404
240126
328526
231239
265005
12362851
10257985
8307391
6256030
4142387
5848141
3654178
1637222
1135741
1412018
1449131
682139
961939
615785
662394
237420
378342
587943
591975
596409
280111
247684
329535
749342
641391
563122
342462
733644
669313
453687
353473
506801
229796
260014
449275
366308
443133
727396
412254
272246
472437
666179
595844
363835
210077
534802
753439
712033
534913
761573
711970
265666
439872
229170
395776
696409
364490
674227
731361
419340
423124
432426
712871
401640
518927
543567
434592
519624
630342
675068
538236
685653
383380
755961
499200
584937
613998
416577
661022
575596
287783
764459
392536
626329
752000
469688
569481
422036
533163
576273
830191
319859
470082
813160
378572
580484
647462
397379
830565
778777
550705
669262
249270
328924
475046
401099
432377
438970
586058
621009
436972
409166
493130
716154
387191
259522
458373
281622
455459
513866
415407
708562
647754
616604
637796
515155
714178
754493
705564
561113
738414
769612
739372
790397
577389
325116
773379
823885
590426
657171
251220
620665
601544
366780
585524
647685
887805
362154
327601
660006
274437
255495
305825
378687
659712
653079
572852
293640
633273
573351
710918
557677
804392
573767
851011
533012
485400
491074
855878
612223
319528
744016
849624
791215
922197
950245
834487
468460
842963
663528
767811
994646
866397
599250
339834
703102
702265
295183
747262
815935
213889
869005
710621
395231
860121
712572
581224
522618
465119
633411
978215
628724
610147
279221
881916
264945
877101
298227
577991
229045
300097
832708
930694
352752
901315
577578
883086
814740
867674
892988
807382
615414
761044
653578
864494
747570
841815
470356
508546
1031186
855208
630919
1024749
742558
292068
432408
823660
742408
719583
760525
316405
271600
827392
872462
1003189
530387
527545
646311
882435
325343
617625
627236
391797
857167
932105
772762
1081447
1011971
1017762
277702
615810
669797
546122
727400
597065
391036
772549
537400
259475
351070
775141
777209
862267
789029
485398
754070
328353
522519
814277
781556
541200
535717
358214
677903
534139
222106
781407
610139
263046
252961
554244
693022
536198
296933
827047
700009
479292
277959
436004
384421
336353
550702
304880
493784
299864
280348
874215
498241
464771
757098
801478
685498
528368
606711
513928
404366
670903
703758
566529
624129
261055
594953
340670
388570
780448
416872
494490
429410
901574
381835
577963
494567
486655
517152
792142
548256
577106
396779
739935
449373
579395
834838
696387
670021
337054
565640
825249
818460
405090
382201
642246
806588
264778
469083
687418
618679
563281
702489
352079
743326
654602
592970
572987
245567
788552
372981
554482
594032
227169
741805
272931
582150
374548
662252
622754
453127
782570
582675
400507
549146
683310
586929
492662
492753
342031
533279
703419
649443
675596
863647
585323
458207
900375
459290
619590
630623
476881
581155
408382
237584
633488
256271
270002
260207
390023
440285
248305
374656
277312
255671
349113
234990
363108
321143
226323
400965
227373
297663
294624
253867
458192
232135
519772
224628
296008
370921
293667
381111
276553
260497
340393
246393
437798
314738
466268
446152
372062
377471
292680
490361
603115
359196
398849
336190
350495
336246
304895
317667
383579
423932
354908
286892
240609
298734
325225
376994
346120
333499
328142
317901
286802
383554
335028
502355
447634
296016
478795
475169
492052
338288
445656
364691
430340
383916
387948
371041
337351
386860
495382
242858
415532
315634
318425
260233
376685
247226
445309
281677
391993
292126
260910
350338
317767
321329
259442
292117
409950
312303
275296
328167
250046
287574
297450
338351
476102
378662
373544
296660
272758
242021
259059
322667
271505
294025
303709
266661
242933
13941375
11836092
9790586
7739650
5615040
3652525
4687346
2560765
1858070
2477422
358882
734821
533154
386151
393535
556880
371759
657060
355461
465526
634885
442382
847415
266804
532813
342325
454661
479713
407600
403612
462518
464006
534826
396914
364347
355869
244863
353192
416311
302635
406857
239884
280167
222938
353174
379816
291420
293305
229649
295442
295953
292291
226358
330176
228429
261448
227163
269227
246190
223456
221221
276779
252482
251102
270661
268243
226080
266136
419731
272218
246366
251346
271207
220504
326335
274197
264934
290907
386565
423124
411216
387736
331662
441226
429114
428528
321745
261787
289920
340095
363980
401039
423738
275413
289930
471799
407746
288200
418836
371643
356163
250206
291819
357269
435619
669132
370450
677120
542359
380415
600402
340287
410953
380106
662854
610800
726269
418685
524230
580729
511372
420643
458085
531930
267678
443503
493229
566392
410566
504969
328794
728416
245721
229212
653135
433211
328294
612410
579267
553480
477405
846990
691553
369438
559988
645011
707538
696621
913905
763178
617815
471790
476117
607058
522178
730121
854251
795578
655798
291102
787496
639359
856815
273394
908081
874950
720023
471761
561375
264025
774781
575634
808855
553216
694987
758529
842751
663501
652581
478617
302397
764109
791973
872433
752637
896726
589542
406802
692961
670758
536739
578944
678724
417648
657552
759746
595612
902304
828000
878298
499671
708101
523308
698403
381543
630838
794498
768354
539773
644704
740252
503686
435329
515704
784958
517422
673577
427687
611491
623048
541293
606527
693575
725088
766351
660754
837343
506564
931413
833938
892418
414025
612236
930747
668568
529052
872926
703697
471659
535806
660648
886051
422867
604242
349270
742441
451809
706983
588001
560772
798240
612300
589618
673358
576389
529376
513883
546960
500446
673059
1137557
678134
942777
491107
783721
505709
221938
676188
764702
509357
886433
957304
634708
895287
638536
712015
747678
531363
769748
278872
845058
530962
608193
616361
795548
404347
988176
1040522
708067
295132
836237
432770
493018
908631
260396
514792
774329
355581
613090
751433
550108
283437
1012657
1021195
381491
548951
1130190
775954
555936
646122
776999
749329
657854
689857
777216
864751
536962
630855
720952
610899
823403
522329
884249
752857
829125
462471
884218
475515
708917
751590
974650
512765
426622
914856
943653
289285
862653
456811
296275
323008
569862
754742
365770
851802
898982
479274
471617
720088
320997
557087
582752
468571
279900
676901
509393
658903
558824
746440
677038
734452
529360
430248
706899
848698
469183
266087
376313
394410
466064
501939
754822
459473
309157
339880
253017
351280
617708
566780
556126
682837
312464
469030
262057
336389
663847
706465
659650
481263
610299
418254
453835
797219
557403
342502
699527
473629
601352
339249
248340
700469
649639
268582
656037
360964
876512
792727
395420
623710
963440
286552
907325
587822
584769
896729
530804
858703
768382
723128
538954
479743
574185
595423
924971
562247
1007750
552228
334864
303472
835489
717898
611991
754587
453423
622808
689867
669897
752973
737481
352395
533170
670676
365482
450675
553657
479761
743526
787221
760049
609806
279947
339886
427332
334258
569849
390269
637967
527078
1003129
525740
946440
583212
360419
346052
319664
707392
750319
283975
877468
586661
419551
678202
693260
600426
786747
325416
388778
592644
522564
412500
834896
293948
233531
716729
278830
632426
319453
803803
602627
452480
607029
455906
630967
575351
601823
663857
774204
602433
309545
320275
895863
473182
879304
420442
814793
294404
759296
875996
793499
804297
566048
413404
256923
666328
488483
613807
476043
462720
15396721
13285248
11298815
9270600
7188278
5119664
6359596
4240845
2229008
2023560
1595853
1069312
942756
318371
682738
441903
591331
473302
471154
351569
858668
546771
495033
386572
293232
382963
524379
479027
351639
455343
418907
423985
667111
582424
566036
515936
358717
484737
334692
497758
417307
402812
581876
516612
571461
762248
361945
804801
496842
651978
319041
351228
868900
770750
395491
750064
586301
311700
685142
249173
541046
278001
378744
283247
623706
775696
656124
495551
569003
732081
587708
786706
656579
257424
615895
565697
285071
839724
547832
707467
753951
826882
552354
600785
869606
570282
639805
670873
885602
371744
436784
874116
571303
673503
615014
669365
435087
906505
479437
542678
838640
701845
297947
661868
677296
574159
303093
422582
527428
846976
369304
771977
686500
822169
782578
834909
777298
723249
498321
855977
490413
478153
413531
396053
811482
595776
764948
904223
532087
301721
302312
792476
338506
621030
448551
646459
325966
445968
494513
546407
278476
537315
375127
607089
885322
625102
708857
893300
606282
909709
268668
484361
350587
523549
286591
466797
279067
378234
405537
321076
435986
393277
360515
286696
328532
647342
241809
350227
342476
324678
426410
311711
397672
521992
490058
601770
524003
569190
362404
504199
847920
327885
325759
767498
684556
263658
372991
714929
743454
1058932
372514
557767
689570
718549
558417
357984
472641
725866
801114
459038
868381
665936
416028
813108
624233
574946
475812
270220
486867
788201
400351
481564
433312
481216
457423
512770
449331
561666
740825
473632
325175
444635
489125
691753
499855
527123
543056
462794
711394
917568
465250
495648
609386
503184
460166
508017
390004
403215
354717
308460
381939
281366
312334
340167
605192
494086
456393
780185
561961
581671
284450
498635
378095
615875
573026
501276
419731
885165
318919
309004
511617
711045
760333
338027
527770
545447
614098
542368
559648
408138
777089
764369
735035
512463
518274
399388
289889
276290
285894
711871
406569
255731
478591
361218
443478
455127
304652
270737
254983
385216
225520
317840
257468
253377
357714
346545
325552
388160
368608
374618
571588
308689
435113
255693
527919
277540
452302
288078
714423
809396
522708
504109
260564
249181
533682
262466
294536
355510
245527
392984
739021
617575
372079
274630
326945
396129
394793
589404
280069
481118
368447
289034
467416
368552
458594
384752
413508
400506
314576
242465
400539
270711
483600
376557
641760
375396
404930
338245
424100
364462
253929
530679
239956
296957
386150
437261
582991
407624
512950
448950
324014
534900
452812
394561
524874
383200
326725
321119
341639
425432
216588
542784
413330
250087
277148
328943
389871
349923
439751
433939
382727
349573
375174
304485
426813
388579
250563
503198
220701
456595
360728
399531
444550
261037
462703
450181
310576
359804
419362
456229
476193
622064
640675
276853
535882
300098
348820
325615
327528
602459
846684
473279
870561
459534
603339
739748
647704
430595
443063
372610
528948
355612
286809
907052
486013
414431
564404
567007
381829
513603
281793
508614
578005
978388
714154
726471
408526
264544
868106
830279
854702
562416
647165
477157
568760
375562
747054
260779
923012
378539
461605
671804
540076
440413
745931
769365
991676
724610
480494
583742
703707
867472
467532
527386
569103
856312
954688
871439
1068752
495261
580330
525263
308024
591237
667382
458384
677299
456192
494509
461933
436680
403230
379825
531789
593226
802594
357878
740669
583967
570792
834209
448223
529081
256055
686893
507655
401705
892485
394613
528088
366230
451706
392734
629604
624538
576442
721460
412909
322663
1612757
321816
961182
607086
251798
468280
1030415
373076
15785231
13664649
11715529
9681461
7573378
5606945
7666304
5525618
3508177
1519151
1603337
1221603
1060714
954125
1128672
1096767
651524
556578
686459
619869
892000
442907
849925
655898
477735
387993
777471
1113596
821568
769984
995485
518429
566580
344506
838221
1190541
1072605
244290
853781
864358
815347
498236
569707
641641
768587
734021
739963
365304
796474
372557
1150925
568050
888338
936217
288806
848765
453149
1103840
962485
546014
692912
1171373
453992
1092490
950951
897489
657415
251352
570036
1054682
782242
902673
539758
694162
1150176
248688
529928
947663
461336
468012
549140
1020700
429445
556701
599841
900539
795796
435049
566791
282325
510363
1016334
512664
638117
749817
574356
633521
959712
923977
1087755
538707
436379
639632
453147
563282
462029
329493
585561
798638
452031
549589
339757
445403
236775
993430
943471
881609
338862
411579
730743
374810
443559
430971
446128
387333
837171
660285
511633
414329
471382
491611
527228
453798
461342
730373
531381
432728
656660
550564
519086
489831
440108
533045
429750
388043
500434
450399
419050
515473
737137
579030
298986
237790
367025
396772
341268
404129
333670
710408
486385
624749
788807
435655
393109
435214
616226
573446
419203
723426
478760
452991
281430
427367
370311
558327
448671
834922
291416
283490
535978
309897
802203
602234
612839
810061
533744
314412
291568
303526
480334
438228
232245
327723
553896
348439
616785
762495
268702
488602
421162
358092
504522
579123
530677
776105
517097
270760
357245
601256
768666
487437
509605
405776
271607
383295
558907
492019
405338
547560
656648
779579
488302
605212
369351
574302
354751
359235
441231
349480
732910
426225
637127
704338
767068
453340
464987
686931
470754
691757
776090
381878
350997
520688
463305
573624
597339
635613
906192
292718
857111
259824
762703
830235
302659
320689
841290
562741
376541
433523
634656
482872
695625
505416
387715
524919
726743
720305
378341
300285
526115
282917
526106
408041
534642
541034
455247
474894
530836
234919
475441
292571
421907
254199
404427
401984
433096
248920
305694
276750
492464
512349
436220
271317
450873
397578
403135
434907
566240
454080
375635
349991
372593
400240
410723
403326
262037
311470
339642
339839
339210
309050
235038
242964
241469
279609
309118
320456
322193
299134
255110
309981
373169
279581
