3118801485
374181
491524
355871
347162
339366
379998
380183
377644
304245
318456
332815
301482
332404
326956
331430
322994
328326
345921
285805
350477
280591
352223
346051
307884
315285
334587
332574
311259
300287
339886
312383
310105
332236
313467
438166
316416
314271
361139
293380
387973
331337
407221
351147
302851
314731
376203
446611
485089
290763
379891
422146
285810
308622
427974
440172
334252
400228
349819
291096
340855
360886
355351
332155
368096
369775
305878
337170
307875
305186
342770
313435
277326
338611
310459
352401
316005
304614
337245
334322
345321
316528
323266
329035
380466
394164
296835
293386
304030
296706
316680
334052
342766
329801
283768
350540
281028
328406
267204
300915
328580
287798
318879
335084
288795
276769
281704
295335
300670
259491
277783
277944
317002
284440
305531
308176
251374
294134
284816
339491
321936
291077
344585
293419
288624
270465
298664
259158
295226
290208
275855
261044
305745
286823
267458
272576
442131
299239
252372
316397
268829
6221913
4085779
2042652
700836
319175
373169
366165
324906
336730
282485
299700
355831
295302
296223
300875
280482
300151
302242
382981
293691
279742
303727
337782
288827
326501
322349
310844
292352
271277
319305
284419
381134
372213
267769
358661
388240
297618
385669
299663
377132
367556
288568
342199
290933
316992
281480
332797
267305
312027
299061
315635
378444
336601
297159
307984
311172
370653
269217
354496
304687
335812
303490
373968
300660
333154
308059
351934
364712
387260
396184
379369
320116
337575
351743
275937
337028
375447
357635
336536
308781
333052
376787
351359
324916
375095
328995
380667
372389
327993
298417
376745
309757
345054
352516
366223
355362
373580
367215
307672
377407
376499
357943
359792
341033
331817
328022
375557
422205
414706
421854
428506
427536
356927
375722
390937
281661
333435
271317
334029
335026
346537
382103
277511
358266
269633
330458
295768
348816
387352
302929
309024
295021
436090
324751
333570
289891
349376
297734
348745
407900
279574
296276
277914
344169
424910
343478
383419
400540
360631
373027
354175
422050
381444
309978
317273
337871
381299
378694
399882
360027
284311
355119
389607
421932
365693
339707
275748
394697
338145
258493
316544
331382
277210
332958
440920
325057
366333
331633
376635
411952
311966
382465
341533
357641
362432
331873
353051
277613
361998
277665
370063
345625
282406
343511
378293
338711
351828
355943
277538
276728
276233
343438
321186
346687
281798
270666
296975
305719
357868
358936
281340
302438
304459
288028
286375
304083
270561
287446
280650
287898
287052
297591
309989
344850
302328
334210
502665
316953
304870
359102
312466
260941
286991
306290
369426
278117
336370
272496
309708
390359
496662
371794
345750
307876
253901
346864
334614
280026
311262
290111
308700
385204
378562
411458
336313
385677
375755
397148
395914
285653
387566
373586
262378
341018
315660
361919
278758
280544
317263
357283
259528
294897
327907
306009
347015
252067
328297
271591
379635
346694
339873
318622
367882
326037
256742
303263
347842
299437
363620
354183
275868
342157
316636
288539
317868
336768
318371
307966
302208
270930
320234
327197
287988
338861
289570
332623
296022
299551
320890
327116
291252
290144
323664
281239
323772
300305
351771
297340
284152
324335
305201
282512
301315
321764
306140
323127
304507
321453
290795
293395
344295
328938
352398
323043
281176
295309
272742
272474
306010
283779
282409
288468
291635
309010
287080
308920
304762
339799
331434
265224
334451
383485
276860
377170
262655
274512
302231
364094
339824
344029
346939
310225
351509
317981
335234
243393
311367
298236
349723
327229
318592
334845
276311
350307
314810
332349
366976
331609
346205
277655
327088
288070
313373
381473
385353
377156
284215
291107
311690
306644
270492
319915
304271
299877
298237
299687
313647
295149
288321
298214
334825
273132
348916
348719
337158
367635
454616
274484
320543
321579
401489
340205
296057
286320
340453
273692
306021
304821
343721
266347
294260
271639
330969
329532
285104
286443
296166
249603
294059
299788
280148
310147
285733
255482
301195
349585
257144
299884
300480
273359
291102
299098
303184
338728
291993
325683
297746
276498
296138
305326
288853
296906
258025
311919
305438
324213
303674
312033
371250
342859
275304
373648
318054
375154
350743
315296
259458
294224
393991
335718
327053
347103
400254
314692
291958
320985
305577
402134
325433
303926
270462
310438
271158
359478
298882
329100
300029
316622
327031
296804
302371
332747
263283
292932
294321
290734
314287
309470
285225
372642
281734
394984
270490
360416
356949
337332
297451
369164
416105
348101
350417
364369
371072
384055
358085
375167
317593
320787
406143
370022
380769
385528
338991
380298
340846
398500
345392
297579
371146
292247
360131
409344
375280
305882
5214721
2989760
948373
316168
315080
349354
269073
272676
336549
295525
327571
346378
317687
330594
340770
364843
368430
425845
387066
410832
363855
304974
386774
357240
321412
317918
355565
351525
271894
376750
285312
339613
352258
278561
298981
374511
374717
309992
392030
341832
291445
393502
310464
346834
307073
267742
408799
314695
411352
321718
388718
287370
399160
310023
387166
351871
343555
312827
378897
321539
395559
318532
298431
279261
333014
358594
408754
291622
343586
327932
367921
377174
340233
369087
351353
384339
376585
480403
366194
382751
351243
376873
334740
423576
371016
333278
307197
306223
345299
327527
296675
329371
290714
264647
379180
355524
331199
339046
280915
303888
341934
345921
320541
416887
325899
312099
364896
353738
326894
349197
321827
311776
338113
310298
312459
286847
310000
343844
338270
292206
418662
299564
399258
301273
408991
285569
423263
392005
400125
376892
388805
323877
356510
367377
384070
415606
420899
374242
414838
382668
366034
398084
400034
397727
383897
396549
442683
395686
404688
388738
405328
374527
383340
371200
382316
374380
423011
385408
369931
375990
357198
377760
389350
416022
387167
373716
371862
364664
379007
402753
300374
411328
323406
509281
409305
446161
377824
390796
389396
447832
405751
429094
379029
472049
415561
323135
394481
443192
298773
375109
409009
364465
407697
409423
460316
408492
387544
376006
422312
364761
369970
391332
364574
377741
360363
387414
382690
398396
369972
327256
324952
351285
383114
293333
336705
307844
295275
272141
302133
307566
280452
370761
299567
417396
417782
353574
278556
276048
276397
315599
301648
355611
323089
341595
350897
359711
367496
423262
358917
351563
483558
386340
383403
325084
525885
341819
384912
471439
425281
410819
289133
296723
331206
351678
367221
337946
358569
349921
307236
303226
407132
471329
274952
313841
309143
310079
355762
345041
320243
335872
442636
313073
347162
337561
400421
381047
469611
473033
609138
461812
379752
318475
348248
309602
328938
356851
336206
278827
334091
226409
306746
465707
416382
319549
435083
357888
305903
392483
354425
297910
291589
433659
333110
326410
337025
313750
264835
259641
320794
359343
311889
272814
385141
354327
300585
313187
322152
446249
392764
488226
501722
287989
340972
321591
342420
364939
334702
509446
335425
477990
380317
380313
407339
298261
291049
353479
341241
289655
286921
346224
317446
334255
264596
395334
381449
262237
287796
343669
282390
425630
348222
350025
327997
265274
313394
280819
342172
304454
289420
319899
354882
319387
400287
339949
315684
343919
366398
343077
308339
391065
297857
301282
442952
308543
322258
328312
509712
346683
391366
353218
380947
335299
498633
367027
416557
338414
421450
505944
417486
410068
319738
392912
354400
286521
360188
377454
314345
384855
344070
324743
317918
344244
312505
322258
306127
356516
310601
363914
370620
348558
366894
288122
398399
360764
392834
390419
352085
402747
326688
429246
374017
347583
289020
417541
333156
431905
384325
344559
284675
354945
381400
389693
374402
360207
365277
406130
351864
392223
385779
373654
350360
302485
397151
331156
420249
343984
407767
343636
399895
319344
418700
335281
402837
382193
387635
339607
390736
308088
361737
368907
352935
348761
330826
403523
340891
350746
356886
378225
377354
390669
312028
365457
333672
335907
310327
360709
299621
306396
371079
346095
325800
277225
293041
284712
346615
384378
307767
342872
311714
420314
354685
338418
332249
272518
306440
417204
338339
347040
325673
361465
369508
296619
356755
278597
316933
289265
319214
347607
282854
309394
359823
269455
388044
310780
354486
299107
345026
320538
299214
338547
383117
327808
301701
299306
400930
330602
295114
286886
307568
299721
309283
278722
344897
321356
361093
274423
290830
273045
287601
316257
318572
314292
349858
306957
301458
4107192
1980234
433926
261160
285189
305065
302114
302593
271588
320891
296706
422502
396398
369403
388336
457150
451331
446174
310804
386154
424146
325877
341853
319808
331234
330960
309972
231144
505456
387195
338842
325301
481529
336930
366102
367394
368563
237407
358317
282052
399815
315583
426021
307979
391633
372325
317437
309129
381743
334941
348930
390133
308718
327680
317802
292538
445708
304366
413031
314328
326345
305337
339519
346599
388545
347717
443191
336009
384951
350633
385446
333604
270707
298242
409113
320833
357155
303710
364790
291831
315336
337285
312807
342285
341137
315902
339954
293279
338705
371520
319378
328629
298778
368664
300012
331687
296695
346187
323502
334674
305719
278377
323043
362851
336083
322421
310986
314445
274953
254544
309627
293309
331644
275321
323488
321876
269497
376036
314324
334973
285341
293056
273507
312706
335585
376474
261690
342486
301001
337279
346249
350034
356446
300616
331696
310711
345829
235013
298136
339398
289385
319547
315256
280175
289193
300372
299153
314779
313020
287251
298220
292145
272361
328362
340298
301065
316470
318809
312310
314732
296294
335050
270744
354199
276628
300476
357729
291549
300395
327083
349933
327377
327288
361240
316242
334104
339935
332707
329149
418254
378503
322580
297673
332005
302732
363589
328223
312168
344774
311368
327782
353981
328473
370181
356730
359161
313887
339429
361587
310648
336130
317883
346758
347426
340373
347122
358897
336835
289461
357166
347221
359430
328344
330460
312088
368151
375153
316267
356239
389204
375356
342824
358040
395645
290249
355298
311630
324129
345580
312242
305464
317629
326504
347329
298840
327293
320044
321243
305777
280156
364344
354127
355551
336267
349268
317429
370262
339123
344582
364411
375605
383847
399076
426452
362243
371368
393046
380364
293132
327684
339743
320434
303115
328603
327086
307417
318932
322385
292589
302985
335396
336636
262963
317792
339093
335979
322974
364723
340684
311826
383914
374539
304121
346707
324642
355930
329411
355314
263591
334387
286685
350501
354073
357941
372299
412142
353039
352038
396630
326414
327492
342808
285683
495583
332253
309151
316946
347078
338927
336065
293535
335915
360923
295717
361727
416639
423975
371959
322863
391540
358945
416343
394828
359252
329858
384166
318573
343792
359471
371276
337385
336809
282758
342840
340932
347564
328978
339656
331302
392360
381692
346867
328568
332910
352046
324884
341769
338241
332159
325197
337643
367358
403347
330775
371563
339115
332753
344044
336190
323961
311993
316618
358810
340861
379313
291798
350387
285981
340740
273377
386117
385260
372477
328225
394161
364568
365680
321332
371834
384849
341000
352052
301216
323415
332363
327995
320354
314901
342424
323858
351563
347558
329830
337635
338651
328812
338260
326035
321416
313784
331283
326458
328517
370359
357064
344409
348487
311719
329908
353903
312917
287612
348101
360880
316830
274302
313301
300399
377622
396186
339608
326740
395186
415524
440812
291383
369356
324823
341809
379447
329546
346357
336645
366987
392636
378658
319265
361278
324822
379569
361150
311455
366647
361619
353287
281527
365714
311922
325430
293360
356336
381122
350830
344522
319779
280048
289776
277668
371667
288545
297840
420053
377564
336253
348901
370877
317351
340122
441746
402751
339616
337355
374074
381080
301697
312536
367689
339621
399656
314368
406451
353562
245143
339856
342097
367907
377246
374671
324769
368201
345337
320085
327241
358206
380085
349547
373532
317499
355917
371416
350631
302026
316471
301486
343091
315523
338135
277289
296231
296550
365523
411778
508681
340664
343363
368134
399880
352464
397774
262281
302467
393397
363622
330817
375736
388198
383783
439069
401214
408959
454298
388302
389657
358166
474632
315661
335303
371221
350463
342727
295378
263346
271646
332042
4532440
2352999
889258
351348
367602
320860
331795
377696
345047
326802
347406
322784
327835
335204
312711
308566
383123
281764
329453
347713
363669
405340
384871
307491
313055
320433
287654
342026
339361
307198
360816
323374
365023
329070
333858
363026
346445
372446
328091
371652
349557
309600
348459
316771
322185
346037
301994
361339
342007
350279
350693
373908
412667
302950
353875
337846
363768
356889
313553
307151
342646
374774
338696
299577
322618
326925
320670
414156
354049
358951
322482
321960
408399
317352
360030
328645
302692
353810
342808
445688
396959
401663
318303
315112
292602
356365
370800
307620
345018
325029
412458
357199
382182
653429
394600
405942
416687
404708
311909
339194
355349
358147
324468
340323
323784
345308
364347
355988
434067
385611
328472
345780
356588
340666
301047
342812
304993
445228
390026
332986
350891
530241
395017
379892
355247
422792
562551
454395
379712
383950
355937
374383
383593
447522
422096
336814
384476
341819
484946
422510
401181
378075
351696
366271
481334
412805
524534
509413
513101
540912
376576
359543
383031
322072
316287
471830
356406
312857
311375
367350
473169
376677
460022
454624
354544
404723
410414
391562
305792
315550
301528
308059
352188
401796
270056
343131
362346
305700
403367
339497
438059
358353
349314
340419
371498
411892
414270
463705
297135
296873
381415
318556
407472
376789
393227
355201
342075
357414
419509
341469
302627
303005
345506
318324
398436
373544
304081
368333
356455
641793
610378
425205
466510
457832
355919
349847
369348
346613
361894
374899
407634
367378
389853
385208
421863
383447
321244
411237
399544
399739
418964
469992
329569
404584
383422
431440
330300
355142
312866
389045
320835
370184
364052
434374
364215
447970
456382
411059
464537
395824
420329
354017
460212
282184
382474
466013
347142
315684
381189
271829
457825
291865
375930
423079
389173
347847
460933
361647
463659
364617
399200
347101
355826
358708
458766
372190
286684
434950
334831
386353
419077
399431
398089
299776
514910
325256
548813
316498
322593
345261
319592
336183
359798
355043
308268
352013
332223
382509
316223
326740
329852
354193
335554
383826
335847
339609
305283
353172
294472
352594
320499
320610
314575
308626
412835
328665
385861
371661
330825
373414
375391
535334
338207
353018
304579
408822
379707
382952
357613
363628
2392660
464095
368419
433588
407893
508175
408076
390631
363952
317236
387878
393533
378207
349970
352457
406752
404108
391893
317983
346271
345076
372865
327966
381414
378798
423241
374836
414845
340946
325280
361799
336030
443026
331786
349661
370002
394083
393195
351200
366725
363000
361148
394827
410581
390252
381620
418563
496971
391452
289059
322271
343796
415151
354542
351013
314424
379106
352207
309078
462487
302884
280199
324583
387526
392517
470363
347586
349073
313001
395500
335513
394768
330219
464025
382492
375057
308888
404881
379091
379336
323554
325874
360913
390324
440709
398287
355737
344272
364559
341687
431470
451064
523980
347203
379247
430859
423627
326709
368400
390504
332795
387351
366925
323905
325156
370422
342793
362791
452130
336783
355028
410814
335633
394036
442847
407642
345685
326056
416035
424014
387838
307207
457512
299916
415830
432133
391242
383334
428631
348853
396753
299170
391060
377822
406483
365984
319712
361349
402498
375181
370703
344983
326055
416412
322620
407199
383152
397825
353580
397447
343519
374528
368383
503197
458796
452395
387414
314513
399412
490529
380138
346487
385892
373095
328664
413694
357922
464822
469099
383814
464854
428719
380051
459604
380889
493469
362994
464411
385999
453416
392327
389701
387803
493480
376732
382230
378077
357893
308645
368541
383614
358756
402746
334520
420871
402719
340802
326861
385887
357190
373016
361161
352300
322009
343002
330944
346509
320166
306024
359314
328303
328993
332912
334898
325061
328099
314426
336311
6427121
4274459
2188993
763098
312777
395840
354228
363274
395057
397196
414205
308500
334873
329165
429732
332294
398350
375202
337635
310907
378650
285222
430632
374821
408763
425229
343091
398720
378870
446356
355921
357181
295519
405243
292604
368327
368716
370125
308174
368500
403019
386228
381408
384680
381859
307437
376697
391337
404199
389788
416048
407897
399383
371621
428024
391029
402326
356113
399094
394169
405344
410291
412596
403956
392598
388817
406080
380133
436542
392050
311463
339355
408158
326321
300186
334482
439425
388648
431417
446486
348108
412574
474924
332896
344201
433474
428470
304126
308488
296416
378563
300481
357014
301417
340740
314138
401815
451802
326786
333666
391003
346294
383910
439007
332895
326854
357643
329282
383532
393898
448731
371042
374769
369831
339686
478551
381536
309707
396141
398076
325326
358987
318770
336759
327304
418671
309740
299282
335615
299647
330399
312785
324267
328086
319702
354951
319187
317256
317699
307715
331657
342503
332805
347191
324868
275708
335375
347638
378004
314789
337499
342684
294253
339843
383316
325851
358711
344674
350339
411745
384251
364580
321046
382189
329444
279406
413340
368879
323671
350794
335767
357126
312878
340575
294320
368200
336666
393929
450799
289786
426040
485403
392148
518238
343272
311032
326747
503209
301590
300222
468606
408338
496808
318239
304495
318254
367337
301542
492433
449116
338344
356067
344469
314538
423642
326489
338309
329286
320328
288507
383236
311454
321751
334343
307508
335501
310324
344423
284979
353229
307477
326056
292148
332039
309597
360383
304539
340269
306704
336476
318653
334019
285651
331117
291703
339842
307078
327487
299436
345553
327785
356925
305264
328433
291002
325247
277569
349479
369755
284991
332774
288752
311448
309210
321097
325790
351780
299035
318395
299386
311133
296725
318444
333874
349713
295752
316234
305119
321563
305055
328831
310204
310374
293466
322392
260880
311270
317089
339321
292837
316957
294186
340515
272600
320550
292449
305845
320978
326924
322246
291415
345291
295140
321810
302169
362535
278947
335230
284752
322341
322962
346247
302909
343329
353655
359754
340634
356773
374232
340428
299266
285926
307911
287360
315100
295475
297631
288697
328656
299385
326405
315728
319237
296489
361582
349665
304944
322346
328158
307814
362401
361966
343122
321535
347611
317070
377603
314772
294761
347377
338126
311449
345138
306364
365353
312842
324714
339970
310772
291045
347560
345983
306396
299421
297588
303223
298055
297359
312451
295050
328763
324469
460643
348131
329429
342687
336008
449607
338701
351708
340839
320974
305537
306971
332143
317653
313311
303602
310792
314100
323324
306899
320779
294424
298691
299582
311660
346327
347598
297548
310470
297068
279532
327320
337384
337624
308396
279566
292744
339785
292022
333796
315220
290478
308066
377967
347904
364176
334964
315548
387942
338846
343497
375096
438253
404298
273201
329343
300560
311168
309988
320992
315710
323048
327448
286156
331964
431863
322193
307770
321855
300016
310987
305244
315755
310563
319000
328619
301336
292923
309994
309469
350960
317837
305168
325822
303100
334871
344116
364147
316864
486539
533948
372453
352408
348533
446250
443965
363729
380763
405398
410069
359707
406761
380562
407624
378501
394852
390006
408341
369704
405386
373386
391785
380109
405487
371095
417973
380617
419895
437713
385014
411085
408996
386333
426221
386936
411974
363968
444199
372439
413725
375225
411496
385164
437056
374526
373440
364499
410119
372417
404538
416632
374666
385324
378962
392740
382044
469595
457434
455288
411032
418490
391251
397479
385590
445254
373081
476277
381250
454388
381595
370226
368181
426552
380549
349934
368888
343203
382028
409632
353372
398811
290277
435439
326627
358594
299261
354870
337557
353742
296123
381638
365901
6999961
4840796
2745589
668932
401665
389086
446650
398524
386888
361616
326353
321445
348359
369261
455549
327229
451918
306581
417360
468665
344698
365173
334377
334625
428013
356583
430131
361065
371970
373231
324188
450768
373711
379869
419193
400198
378772
443650
350150
419592
368066
346863
401039
426473
389570
372748
437486
305550
466605
422743
424000
346051
443660
389023
451862
383772
331922
377394
299598
301032
410168
310985
389957
310474
360425
345676
399130
343841
364689
330526
347807
353072
389073
326698
332292
441267
414052
411576
411158
427382
364239
360280
399701
420652
409403
366917
382878
359216
377344
443889
368166
400193
382404
363909
358269
410764
378649
289112
348250
392924
393656
420911
369418
342439
404104
416669
395066
368414
383012
372030
428218
327372
375039
439754
358078
367423
362667
352915
325702
343080
326898
341585
332547
363625
365610
347043
440932
338923
351727
435225
346368
364037
329750
550041
364220
424231
460519
414884
378064
511126
378924
493769
437253
489157
381058
380689
398946
432705
372282
416810
382281
352235
395500
312884
381366
394760
406482
360189
441991
404702
460084
457455
445466
425907
402711
347489
401893
431132
462520
400355
363670
355187
491212
401576
317740
391958
399473
373900
385501
431183
372870
502600
443928
420946
422737
362477
472103
510668
418996
422440
376787
374313
448785
353348
407640
423202
416334
435029
432333
426677
464015
424590
437318
427206
402364
445778
363792
423678
407556
422904
454752
433550
429252
400746
419577
461795
442543
432225
410916
396638
412623
502538
374968
350936
453025
469902
464733
382635
466600
441045
437926
460391
484323
336075
477582
383392
370509
457568
331855
433524
459455
411092
368516
424428
345631
393740
408391
422950
450071
360178
470897
398007
392135
391545
384406
383398
484076
383410
440189
377845
455007
446922
435459
392957
390334
382012
453087
384452
366478
351129
388547
447256
480524
406271
419626
413997
364907
390189
407150
392081
392778
378480
389433
400099
415873
371609
414732
411119
385195
368701
408088
450101
437411
401004
376114
377504
449222
384887
345330
390870
375247
392180
427794
393094
392573
390780
389017
358922
452860
394267
409847
371823
418253
445336
370809
347355
393939
399252
370917
379060
327820
391846
387317
383063
378815
405622
372852
410586
400699
367362
385548
399378
387818
363764
381410
355230
399824
372813
419427
362489
401292
374062
384791
345474
410118
388562
376064
374691
315667
327390
382326
387593
321110
318632
316315
349556
425076
364539
371592
323822
328734
328741
327045
369674
313721
292740
353384
349366
338610
329233
355166
329432
331202
327055
373829
325811
377115
360318
431821
389314
406634
433488
436032
386881
496262
470694
445021
482981
382620
419583
509404
376419
419199
373623
485763
379546
470809
414058
392508
395482
406811
391614
389467
389027
402820
361563
386693
395736
381196
398043
394280
408579
390643
389486
384929
402345
397615
395945
388571
417344
370590
395880
414280
390283
394406
387635
406242
387605
406635
413795
383111
371364
381851
390707
353344
413290
327312
390053
352396
345862
404172
412345
401406
397595
416859
413875
402201
432738
371638
404471
416191
412951
410800
413890
393003
326556
385736
473309
371162
410062
448948
474118
381388
375570
440734
332500
410290
407993
505874
352013
433420
347082
457326
387355
434548
449274
421787
327597
395340
351542
471134
360976
436576
344839
413170
374835
396989
363362
361021
366092
441788
401581
349280
376010
373904
395424
511561
328949
439263
356835
371232
366492
426699
356562
445752
469682
421925
406401
435547
413703
398800
420246
406917
380329
417369
349385
394273
394780
360412
335839
442099
441836
447029
353422
399652
337804
325040
458118
354300
369153
387796
339606
369586
403026
360582
388033
368373
363078
347719
371162
347765
369091
376198
351894
388613
413581
343187
338423
1666344
3341247
1151780
894644
326337
394323
407801
362583
397257
348412
410389
378519
407685
355374
392091
288783
389035
310110
293626
309209
364573
395287
361743
333876
381223
356876
363315
404185
367524
329908
397474
323333
363066
356010
275292
288929
296462
359163
382696
409159
349411
382685
365292
279807
399054
308004
333537
370444
364874
378473
344199
333426
392723
395433
349866
382580
289129
390859
403026
345989
419709
383472
398292
428059
413738
399145
355441
397321
304103
430521
355077
418737
343249
405010
298202
415267
356892
304218
336755
405505
324348
384252
374208
363741
393428
334540
381247
338673
381741
370507
320536
310323
395280
372396
379516
322918
333422
376659
369612
392701
390215
388831
366364
398201
384680
426638
343283
393027
422103
380034
465304
318699
354926
299315
363115
416729
386388
339058
432658
335093
446578
363007
349877
395290
390650
348402
395266
360409
364989
377616
399486
357105
347102
313677
340747
382083
383481
327750
369207
369144
354900
326196
398330
388163
349693
350866
368779
366009
381806
399175
298348
348341
359371
364091
398027
373577
356602
352332
340113
391979
394885
403892
324048
368412
353698
348410
338310
371137
352730
348506
386540
370195
398273
399978
363375
371595
375221
369721
391705
323833
403301
398677
340876
393603
401776
387396
410539
378936
361391
379515
316028
387445
405178
385538
338086
355841
333327
420207
328335
397412
373596
359629
324914
391482
337338
374355
379050
369541
367747
357273
426556
370664
421977
440502
392524
360922
376046
400792
307329
434952
356554
387193
338891
401424
366343
358911
307839
341109
385451
357214
407323
345559
422698
319179
399662
363991
352543
411586
366530
354796
322591
452421
398459
345005
352604
381019
363255
356024
427710
379339
431074
368216
422763
322613
417556
359012
379937
381226
386382
363513
418239
374654
443137
419293
421456
425065
415697
441251
436687
396115
438261
423464
358969
402539
357907
394380
396662
351824
384890
365786
403316
360057
431684
391216
435301
326569
406236
465892
388820
470377
394918
357314
453224
381606
419165
386493
351406
384989
418691
368993
386131
393358
384720
402509
406454
373469
432620
387525
362771
435680
349459
427235
404680
359379
352931
415194
404477
356608
406675
415311
367005
391718
378584
380539
373691
398281
377983
386195
361794
396373
317668
416741
429820
400959
315197
393293
363908
333464
375290
344849
388701
390323
386239
382658
403967
435887
378672
347653
399470
383979
431144
400476
420859
376860
387523
370622
441648
384279
385662
405575
422134
418810
426496
428134
386004
388292
347961
412320
412569
387424
399927
385422
352418
379246
384196
376094
402088
369336
399849
375057
429730
385535
385994
363279
406168
362874
371559
406011
402104
408790
395562
419888
351517
349569
387181
418857
314762
445325
370910
383996
397918
404747
388149
443771
393761
411540
395426
472515
466364
342049
404738
401688
433310
359861
466928
360663
374861
417512
404630
459883
430389
419324
442217
364751
469998
465997
383033
393908
365290
416396
411485
469188
409829
434136
421961
441816
421376
462081
413876
450649
442761
411134
387463
435932
479671
428413
411079
439281
416703
461583
407381
481484
420193
435818
447701
454030
389463
451848
439378
417489
444902
442744
359223
429053
397435
467830
362192
448402
402120
416094
392841
380804
466928
456853
446576
389427
456400
462739
447768
386233
445226
404038
410814
401920
404892
403604
380124
411373
400249
392588
444487
409822
444818
405746
378196
439045
409828
365856
418642
418971
353933
410189
386025
411404
406740
409322
343684
427153
385916
464305
408060
430996
437059
426621
462001
417879
415701
429954
419003
410258
490778
398377
375975
401915
390007
381692
426421
388890
362532
393711
366907
409529
357992
416568
352316
367025
379230
416387
347748
316507
358503
310565
371071
382057
377616
379789
398531
387403
4822403
2672552
665136
342619
403338
431661
406273
375185
415034
406106
377032
414868
379820
334319
383504
404054
397843
397596
404717
410336
380965
398984
378556
414639
383707
402787
347418
411271
390500
447379
408255
392884
389676
458482
401028
409833
406305
319217
398533
387465
419354
430609
415135
406854
359439
422126
413938
423113
345912
370942
429171
368119
404098
349833
417823
366548
383347
416229
346318
413564
430976
448336
396037
393243
378155
480525
410444
394553
328614
374327
334028
386058
370787
371346
376584
409713
402923
406654
456881
411437
394572
338294
376560
349118
404441
392461
417782
408588
369537
390455
425267
378480
347495
355975
403124
324162
398618
367754
332106
377585
376207
425037
387558
408995
315082
388215
385348
393374
378299
382156
371595
397221
361740
411989
329261
390041
384883
391699
381599
398587
466694
377743
391835
426848
413444
408539
404779
441991
365751
431090
395885
389068
399913
390007
389593
326714
387994
439401
401320
395048
376751
381996
383229
433582
421181
340153
400825
387218
370271
390510
417135
436081
371874
365720
409353
372958
371895
410820
410973
379395
370884
389353
419329
403335
366690
418870
405566
348945
376627
422007
330659
383472
409455
336447
423416
416929
421242
382647
356827
423066
431448
418491
430808
411143
386899
419928
385061
395761
428487
410976
342674
357137
414404
433850
375322
399355
289129
417296
407089
415048
434381
404820
342936
443883
331598
383351
407623
331546
366275
357361
418554
322742
419473
323132
404975
412654
421780
559854
578460
570889
566875
446583
356185
544812
563485
364373
458412
397488
483258
372316
371805
406835
365734
402533
393449
374135
378311
464893
490620
452929
389324
368773
403396
390778
420184
342603
354279
403875
342281
375583
401236
368522
334998
375547
441877
399912
375361
415180
373919
405141
368174
410194
338706
449473
342941
405487
378266
423870
387632
382908
453708
324253
414263
330468
433939
341924
411660
421752
333717
400904
443923
359422
392122
354194
387783
472610
500523
422678
360357
438483
399352
380584
417667
322529
421649
460465
393707
378190
389202
422855
382954
368096
384098
408615
388444
294923
402806
384018
351791
391390
393896
460745
410031
385130
403933
391792
328424
423533
389656
401662
405585
382424
360779
354076
392248
375254
398397
383035
408535
328330
375073
411092
368404
384251
375913
421879
369131
394487
385264
310476
411566
394008
404551
311409
379919
376671
373217
401062
400918
365724
369769
380972
312788
330280
330396
419906
323844
364377
426883
395443
394859
404612
388237
326582
408686
400354
398651
391333
379025
339798
373448
354417
315750
402873
425615
358208
367063
397526
399092
385808
338071
401953
367186
393788
398018
370423
365013
358056
366078
340524
354657
459520
460786
364448
434898
406926
380112
370371
344027
384900
406482
435075
384184
377336
357616
411716
382005
398214
365109
362625
418189
372280
449810
354826
422912
393835
374636
377273
402846
410619
467922
444491
360580
385195
420139
420187
419214
408687
427932
344105
389817
410134
380813
397282
435539
521166
401541
444147
401413
466909
440188
421955
406830
392996
427562
411701
327077
415434
414946
379422
465238
370507
371533
440216
485713
512154
366620
340838
399594
408757
423377
434379
401849
415828
434688
321516
464834
431389
408985
454015
471157
390473
379126
403425
402177
341453
390389
388678
436082
385017
355800
352416
430659
367211
349754
390083
423996
365436
328947
404907
389996
392976
378158
372811
385994
381723
395596
384571
370174
375810
397039
371831
381297
386727
384389
327657
414484
399263
367833
376195
392351
386031
415950
382622
413979
436092
467201
463137
435240
410503
462256
409041
376278
402850
421890
547217
348215
436568
556739
453177
629977
560083
412868
459714
423199
457019
390562
368537
486868
367770
312329
450886
449704
319833
365719
351165
394998
378630
422153
5561538
3394960
1384451
456874
373699
342242
348182
327634
433598
387159
331948
354064
338943
345069
364052
424091
397624
468856
437533
507084
559301
361274
422181
431806
663280
293219
497403
355110
462197
290240
508344
358394
476265
425208
508723
323172
429936
357539
499844
603972
400861
316598
539243
454106
330869
460433
477228
445430
438711
476605
304735
413605
517830
358423
404393
342607
381804
400362
426633
417726
446410
387646
392563
382377
402198
332704
430552
357122
372405
355786
320903
355470
354194
411878
397862
347439
308116
355203
407033
354140
367244
331630
334294
323251
367339
414838
325218
381122
335190
376024
335627
333231
315431
344278
351328
381860
343680
336210
347233
314514
332307
307848
312285
395456
348526
415343
346733
413577
361577
416191
344468
357329
333383
335053
353244
460454
368564
382084
329821
386519
332099
381069
973309
395929
387063
347057
419911
284447
424698
365342
444553
411907
361290
391101
367861
390786
338048
463457
438690
321830
393997
416631
325214
435995
329039
396743
333892
367180
368347
434511
396651
403913
373359
388380
372840
444424
376151
361431
386682
428615
332129
388073
409174
411154
387718
425158
461573
448364
391240
415085
454525
442272
387115
416489
442133
472498
437872
436806
432563
440474
445027
416365
423922
383969
428609
371602
402519
395720
404227
399451
362071
416255
404149
381566
400307
371443
383178
371654
440325
387059
409902
381443
403516
371490
417893
407491
377187
399218
376029
417103
373319
404937
408727
374328
401768
385005
420328
389802
400119
376470
370906
378370
384957
390405
362298
404612
390336
392793
386453
404184
376284
335274
429468
333072
397292
370413
390460
360486
429264
374771
406945
427433
431653
353566
411056
335224
439911
362045
402045
323379
414039
367599
422200
414841
302777
410004
407855
396829
458906
370344
431924
356031
416185
314922
376748
336802
374296
408876
338406
390711
381097
388494
408148
390685
394875
362492
531183
385493
397004
441724
404925
345105
472766
451463
411957
418117
381344
456452
440028
433368
377582
346212
397890
431414
496904
379107
384222
407135
418139
401093
428173
395047
415787
473878
405538
424101
396153
387199
408057
440950
409401
437561
431269
408039
393276
390456
426160
411054
407040
401321
400185
396764
356735
367196
402316
404913
385823
391694
387621
415548
409752
400722
337196
414283
401943
402270
461094
423041
411322
428958
387046
377922
376783
386260
446611
445205
398305
448505
507026
433793
381370
451622
433641
418002
440629
408452
407890
393829
395960
407281
408504
380328
371355
370845
393623
413476
402884
400701
397954
390678
392781
424773
408453
390719
410326
402600
411854
400038
441832
384836
315178
366363
392590
459210
421581
434921
409708
379021
330165
453429
356899
362046
354960
337377
459391
373708
378185
347296
396683
361653
366600
402950
424921
402341
507602
402632
360266
381002
456433
554427
501592
539049
364898
467319
596057
386920
409397
398758
389767
383865
418125
386685
370495
356806
384616
376737
380710
421415
371065
358612
390286
395753
400006
414841
396014
444488
399328
397326
444453
394949
462754
383260
425078
445888
439012
364499
421059
374520
410837
388217
404907
385975
397768
412906
370955
487690
420753
439430
408471
364524
415461
457645
434612
394299
442700
393180
487964
431214
423525
446249
430256
393150
376400
426401
392158
422449
383491
544273
400894
423477
414241
400453
333696
432617
481774
440698
391238
406235
380466
417833
390691
393358
378742
428569
391994
425425
362141
432958
426240
381013
396930
454298
366671
472580
384116
452504
411351
412455
391852
430823
385954
412035
431928
378489
373955
410483
516535
412717
382874
435799
398309
433810
396396
365028
418228
449512
393069
460977
362573
392207
406811
360725
382165
419643
445657
444924
414081
364351
378895
356745
424440
442707
427237
332304
415445
372672
6026920
3854729
1805668
554185
406001
405605
477509
378209
387687
365437
477451
331144
292535
387532
318300
431838
375681
342555
477766
373075
393039
329705
373389
405068
397837
391901
399698
392103
326499
341067
398574
387751
426569
347109
392990
350846
392834
343548
455932
368683
405526
412463
391518
427655
438786
406516
405907
346551
394972
418130
330263
431537
356544
373375
445726
352276
364666
418493
407271
519792
420139
544757
507858
373475
407881
419285
340052
399060
387693
418720
360744
455041
419415
394722
405979
417497
345981
435538
374972
455626
374990
437357
391051
425898
485552
380625
395273
429113
414516
391017
385427
446595
433922
387586
387546
440838
443571
400782
430486
409257
443830
384384
465462
384615
446522
446610
448797
387164
417642
382155
410499
355176
368880
386908
351998
361066
363409
444611
427024
435598
412959
380479
400476
397480
347717
443885
443313
312229
368027
441208
368145
407142
413316
366466
380777
459118
320361
390839
361319
398699
402111
429681
414238
396506
412067
404677
327053
446837
399705
409792
411896
394156
360451
426154
424691
396725
378692
397943
406690
408884
399584
402548
392935
428962
389230
411734
388831
406372
449422
399675
413356
452577
432637
337937
423965
410186
435987
411393
400097
407664
382285
399542
350126
347729
346506
427614
413752
406631
427986
411490
427757
427014
355214
357928
358372
346446
363287
373274
337684
319498
343019
334399
374799
404497
415514
416795
331468
433562
406097
382840
397427
426285
336269
443920
398933
375210
405878
400211
418006
512209
390837
357273
405394
364508
386751
431012
358506
406527
370451
457522
336558
439906
409646
410490
366647
435038
341468
452926
372112
427656
423004
402010
359471
431182
442506
340159
384710
376394
402468
409548
418689
378056
469744
370434
337994
437638
376045
421429
374187
432957
393631
425342
340722
455526
415704
376488
331244
407825
327478
351896
318726
358450
326630
334947
346408
338332
327373
361900
317904
328024
371305
389299
433213
336033
326087
351674
394332
351305
330942
336189
342376
341910
358751
342092
338469
355913
306636
316240
357207
349418
349782
357168
434643
419384
458147
395417
313581
392625
318996
322482
398740
395844
396198
326709
380109
394249
392177
350477
414965
311077
385849
395919
396539
429317
387511
371347
371468
355702
384122
382844
380797
464438
380871
356489
374006
413637
381703
417928
362718
339988
375072
397786
405500
342013
408644
299828
402186
331572
394403
393457
385174
454862
396788
550907
396456
482593
383903
377117
394828
462799
361055
426346
381789
336307
372581
367588
394155
347705
388363
333866
360077
350534
343652
466442
374453
413230
369726
394247
384714
386965
378122
494973
376113
414477
406954
408861
332085
420779
440247
376167
368417
480292
383778
381799
398294
345765
406357
440055
451200
393014
405276
388274
417118
307799
399874
329022
430057
288458
393473
390631
326735
389807
395505
383237
380931
418852
404390
397655
423093
341614
386015
371924
376615
336059
381955
392499
410987
386315
403763
349814
383542
382257
302197
378482
368937
439865
299726
461495
383410
430481
412886
433831
390252
378406
394515
312372
455964
392955
476724
366274
490630
461234
492173
517714
426312
432693
435594
375235
480757
370875
393616
414335
398613
410341
431732
435503
373302
373376
417415
469993
424331
456226
412147
460452
410106
453611
448312
436538
400235
484090
367478
315822
443901
415852
436650
377208
442757
330901
487337
460454
316612
394811
393669
372090
378344
370430
387708
376552
424481
417116
362876
388445
401372
381594
411949
403411
390149
404500
391541
419979
511025
358892
436807
360164
418863
382194
381529
394334
432422
355420
342731
415266
423378
402069
324767
383315
348785
407301
384665
412257
345108
419430
398674
333872
390347
399472
410407
377491
314625
408391
400329
385190
328598
367199
415624
451332
328573
408385
6107879
3928688
1870221
349674
425299
407731
404556
426303
339518
434963
343807
417683
356937
467679
360273
432362
377034
358732
402253
397132
428247
462418
435527
380495
416443
372504
420232
403670
402555
380616
401781
345302
393691
355326
423521
397289
408384
474469
367517
471145
362836
432925
374429
420517
431619
411858
376572
376404
370166
472971
357015
498877
440645
358362
439091
355692
323490
344158
357967
338616
358824
425539
332363
367561
330026
381990
393142
388853
381147
385097
410104
330365
400264
386499
347466
392992
393483
373171
342239
393334
519187
458358
480053
367659
358278
515560
454378
479150
350281
410613
354641
332925
363197
382108
324396
404571
398589
395970
360391
420180
334575
410573
387852
338836
364338
379863
415008
369106
347107
358039
353427
435645
354647
425555
434123
420062
486524
391618
398863
423608
387409
351230
368245
394233
403718
353329
390867
353072
435191
401158
328167
452352
337743
343517
365429
381081
326045
348396
338111
396342
326174
329745
345819
322854
362612
357384
423895
371760
384845
336079
305710
373576
311583
349154
412863
380785
327572
423373
404008
417200
369984
416489
383427
405501
324529
413547
380195
409880
366735
380250
331568
407242
372904
400308
448727
343717
404093
348633
372852
289546
372028
341536
357387
433876
402880
310469
404026
384888
375269
401881
380125
404684
435718
410570
393648
388102
391144
385178
447817
416582
395490
451562
458913
470081
432112
413266
403024
432239
470454
417622
439081
403041
403177
353288
386625
424241
370466
453734
411499
350360
377628
484440
463652
353052
370474
338328
407931
431349
411187
350081
341292
377177
357492
366661
347755
365289
382697
372522
378690
413055
403120
381258
357099
341760
396218
358743
319181
393233
316787
379002
313003
414001
371543
466995
432259
289526
455685
491600
385587
410739
346850
326318
420070
435669
436207
486332
322895
382411
390086
356116
496619
388192
377850
425062
430800
303448
340819
364091
536996
516158
431539
407087
388388
351126
601198
459693
481584
353282
454456
468385
436866
400991
331206
421821
371518
317380
381445
371899
374998
325982
349507
384508
405986
407534
421936
332849
337392
314472
343302
385462
399029
378618
392948
316695
336485
322690
324361
368968
382074
342064
391614
422624
338203
380770
343043
393179
339149
373343
384110
316532
399820
379162
379025
412909
337271
368572
348204
363851
400221
327587
378287
360553
363224
391507
385077
398971
378434
444570
504447
380300
372040
405017
381560
383007
330089
494823
393180
454910
430257
411110
405899
428897
444949
400069
398186
529350
484273
365789
401786
351446
380589
428782
423315
384239
336905
379459
367372
369875
397819
340112
361335
425259
348774
345521
408094
399441
399508
377347
422500
421250
425401
389360
411657
428490
425393
413577
389609
408109
382805
432716
392609
402012
359835
453049
359628
344838
424708
375235
388778
319977
375854
372297
402203
392690
351330
392803
339676
355020
412500
373453
377886
428336
394859
384415
381282
436833
399425
366465
391338
378411
421921
319871
339604
364193
328016
345857
326527
314212
305105
390213
306186
412649
348239
400659
369636
378259
402625
356658
376021
345244
390241
425117
391664
393030
400950
410650
426927
427786
419193
410000
373743
427343
338572
341155
427312
432321
403431
314930
394234
379284
401944
400967
431257
472317
385580
359862
363819
374409
498623
509759
466099
353145
380868
437448
386871
495575
439457
498075
525417
401494
503184
474531
396508
400393
406940
319834
395316
505627
380783
329809
416163
507260
369079
528776
398255
354712
402708
351868
415488
409712
1152649
378402
342480
371818
443211
367717
334201
502928
362763
388440
347266
409826
405007
386866
385623
377210
444056
388872
458806
421499
523672
429219
442098
406778
388494
441701
411408
382221
499801
398524
395958
416050
395054
394504
423398
408367
397680
388823
391642
409669
4898925
2715011
878618
372082
408836
389771
407279
388261
360198
382071
315698
342567
323470
396474
344687
370684
399297
417744
375766
344992
356656
386599
374195
417520
388553
396456
389526
345752
409475
405966
409262
400369
335518
372892
409285
428378
407144
360334
354177
375957
363717
386777
435007
376850
388527
392253
385723
430023
389643
412160
385559
429939
376486
395306
384886
384409
428002
394576
405866
401763
402739
404009
389729
423649
389255
445071
411415
428018
430708
462202
455258
411805
366655
395239
375158
395175
394298
374581
465745
472092
442104
446714
381750
421017
449011
469218
426387
445494
396074
425534
462677
428773
326393
394267
408250
416549
406186
412789
470963
396806
389298
380232
425112
425082
373692
384642
506682
423739
413838
353331
478165
403474
416217
445641
424435
386291
337834
393871
383271
342557
378271
392791
369757
431574
411960
384580
418716
413044
345492
450033
369159
449806
419247
432687
443813
409840
440550
420986
413046
426982
414079
421656
428393
435323
461027
418954
394733
432860
408747
462803
425289
403039
425239
448717
429463
392563
423260
429047
395237
427950
404680
427143
426947
395396
389727
417027
418717
559647
508557
379110
450157
373033
486164
534900
508407
445561
383090
534807
390146
541000
448913
431377
440666
372093
396377
406026
514553
397566
421845
438999
446873
408929
418905
448968
407974
448055
433988
410938
412425
427188
488789
444042
537785
493229
447785
494946
524095
418731
461565
454631
455761
464975
397844
471315
456203
431505
367024
432538
385454
441037
408267
394343
366511
419553
373414
400833
413465
389960
382408
427871
394546
396478
393306
377941
392022
380978
411033
345234
481267
419788
371306
398129
402194
420608
419060
357686
443945
385819
433305
388589
446064
411533
416011
421437
425425
397294
418929
423293
459122
400497
416253
371741
417286
428169
407913
420792
349446
419022
492504
391552
393221
363325
427710
395389
501848
496230
581258
482944
477728
444870
495119
395818
411535
399304
451212
413817
431945
418584
395336
406581
378729
395078
418689
424852
390850
390085
412864
407612
389084
384799
317457
402373
359681
569761
484945
440143
379835
405047
338124
367837
523569
494828
375819
396678
569481
463321
390516
462885
473107
403886
407906
420922
473940
377385
514462
580670
445281
495170
493106
406536
477912
423010
495819
503354
544249
385920
429229
455297
418282
443414
412755
491158
390096
379258
378476
453832
404556
363208
414743
385458
543494
383615
381576
428909
397747
374676
391094
413619
429160
443503
317997
415730
397508
363920
413555
378403
418922
368206
455426
427448
315635
415217
417766
354148
404876
418801
410160
356495
487507
388069
397701
428606
313044
392440
398941
511250
323878
426880
376942
402647
407185
478047
480582
404718
308032
308857
397206
367848
377939
375411
424233
429131
438350
411968
452960
405231
343007
399389
418830
362599
455698
315962
342228
319392
417085
402897
440439
396293
405128
400487
387958
420090
443276
342083
419618
421625
422023
325414
349460
384828
416721
426982
453370
416472
430121
386696
448408
441016
427781
448600
434421
448850
408003
420098
441459
356601
398593
473972
484480
527568
384322
507446
450603
451018
381773
451635
394354
485316
436975
452906
465318
480394
391012
366403
385355
353714
363985
470110
551710
500797
513416
375884
483102
377415
378973
384418
411586
385318
657341
388428
424030
384492
395970
401732
485304
411949
408641
382379
349497
420607
565329
584877
527759
368277
438416
394430
389602
399934
398539
429917
377965
405717
383222
405927
338812
402724
387656
425927
399379
412775
432224
367058
326739
327865
355476
355525
355490
365492
323073
423148
424470
422858
406873
329459
425148
363829
410074
408983
393281
415180
353858
433644
358015
373884
355848
383780
426762
393630
356859
344164
426199
364120
397716
351837
405763
384675
405467
4879662
2734403
1077412
380177
391935
404100
432489
413417
383589
432294
374518
380670
330229
445768
382482
381937
381036
407678
411876
420888
399026
432962
452210
465152
476528
455166
459845
446559
427318
440240
449235
397093
453822
459100
449483
437530
413833
414058
426215
336420
385356
440234
375585
349324
430363
539325
410360
418242
412774
417108
426914
385985
361730
429549
501861
435779
442497
418909
457648
432913
430268
349946
344714
404883
361961
376667
372028
537157
411688
351247
359578
444137
477076
448350
320015
398834
383909
433784
513172
428851
406756
537505
534184
363425
464098
414395
440317
523819
326464
412979
490391
573351
390571
321386
399114
454446
403388
409133
515719
458357
436396
714938
431526
447651
535759
418397
553109
549596
400599
437658
501650
388125
417517
413251
419633
375269
402151
396493
363321
436783
365371
371610
297364
354802
391838
311993
406134
373563
332448
368302
367149
401489
399489
388466
460413
388682
381116
351129
338398
387228
387709
406885
379835
387772
362024
442025
397685
373538
338161
368954
391258
387798
352957
335961
358584
395532
390778
392011
390308
322064
346402
363801
340861
407068
348428
337391
407014
403485
419995
346475
436409
334321
372295
400685
400005
392146
398905
389182
358208
402602
354002
362965
396669
400139
365422
398349
343855
437162
333395
350035
334685
319738
340305
347621
313174
340138
301294
349404
370492
335348
305417
336418
329495
336818
331091
397855
312885
366108
367211
355181
300881
358224
344644
345034
353501
378908
331305
373398
393735
341175
402725
382615
340749
352821
304748
380982
366535
345868
348098
363581
323931
358551
359292
376968
335895
348874
414539
428135
379642
341744
332198
383881
335394
391558
353864
466278
391571
371407
362055
339131
338515
363708
367757
434135
391394
355214
364641
393761
344667
363294
378251
397517
395297
333336
415484
390660
366280
408617
471638
381384
396425
395274
378954
412394
425901
435881
378053
360384
397907
378130
403004
372370
333870
351386
448594
424630
485884
376893
487124
449753
421590
426507
481113
446694
397776
452483
425513
376930
441207
426624
521000
347589
438350
349790
423956
479623
392606
317176
420193
393469
446556
377492
376856
510010
434419
378929
526566
542903
392742
474353
434729
429116
558797
473829
450649
478285
447522
403265
393685
430695
423702
388818
507365
413171
449894
426852
485321
370282
324768
465929
453008
389505
414858
486891
407051
396190
469554
481897
448914
459743
348221
382590
448165
330780
421638
356801
347887
391573
414337
395006
429684
407357
365686
428534
337796
401190
314533
429874
331282
334026
336093
396006
357586
363046
398960
407376
416536
426642
357096
423486
334772
424956
426766
365818
410176
416808
428588
390012
332398
360894
406542
441922
371941
430932
381211
439448
416788
358117
394187
358914
434450
376870
403307
401843
406589
401583
436197
385666
343480
362696
401263
425057
387040
454193
330706
321912
382423
420130
371393
432529
374033
407926
402452
473623
503907
364832
403492
315822
474479
575260
409170
443706
506990
460876
399745
394265
373769
456993
411895
416915
438962
400001
367841
377047
442482
342128
393724
406988
459025
426881
444941
360790
451174
406234
357237
461875
431574
447517
409958
389884
322324
378507
495312
1306252
443164
473937
356354
424693
375433
389043
436716
398446
361163
455593
393943
471314
405620
482657
453847
435190
430614
414780
422063
477777
435910
390752
424376
362772
442479
422509
436889
421806
418840
426927
344025
370209
410549
377556
328335
328601
405352
350432
356294
338408
361901
373882
364122
359738
352298
348734
370211
354795
335717
395775
361035
355581
365424
345041
422678
415785
455858
418745
323164
413114
417600
435031
465428
504181
376147
342710
414325
353667
382740
371867
364994
335880
372827
320660
393643
337560
412823
356836
342616
407970
383060
428174
404603
371603
4830286
2689625
925796
380414
418857
361229
330785
365122
354675
330785
377392
399648
352118
360222
333135
400685
386042
378142
345218
371279
350599
369872
350122
405032
340718
358915
316598
371578
292030
384408
353838
381444
371281
322427
353547
395047
469421
365814
399965
356894
387524
394348
375131
406668
314910
370857
406091
357055
378706
340813
367141
354372
359339
366047
357884
376409
328166
404614
333632
442059
388520
439441
342311
427203
421343
384981
372291
342762
370207
341848
374405
335719
362190
358910
345181
362339
369443
381267
421492
378489
357023
351434
365351
358878
361420
331460
374752
326412
399494
333721
386376
358760
354910
399418
473922
360412
416797
425281
442655
358315
434404
502858
368024
362156
363980
403578
411128
395919
362476
372788
413725
381289
372379
346520
341398
356593
375530
368657
382222
323535
360197
355548
341111
403156
356723
343741
361938
347351
361949
374240
411118
408906
417999
392087
388024
387575
413040
391867
350990
368012
365656
413043
396247
366122
347255
317972
351584
362191
366562
408083
404353
327891
364712
392737
376761
389855
379869
445124
372041
409508
387472
373750
398634
380471
368655
412547
344144
368465
328769
368863
378357
394999
375720
390004
456518
356172
352760
377870
372211
337956
327866
349217
388158
427286
350823
388920
360461
406769
392646
402934
399829
374719
386893
449601
392012
452300
349607
352022
423806
435847
508336
455466
384414
489205
560643
608021
434154
450521
358328
551414
431764
407831
387959
394046
432567
404835
395773
384346
402514
382588
440686
403873
406360
387981
404786
418633
429617
403141
393545
394826
384974
390248
486076
386083
414264
376854
368808
409279
362487
440001
391921
365445
309519
433550
386251
418213
399330
396438
385669
440093
476271
463988
407501
487513
471601
432074
481878
406793
443297
418577
389127
460876
454077
425481
510202
396656
443044
429104
402262
356639
408820
401657
421681
364878
440863
383460
508868
340399
414109
451101
431658
403349
401076
393381
406401
399552
430669
496857
388991
401265
430302
380839
390977
362324
387371
388165
405457
388627
393658
387786
381903
398378
394818
407839
409856
406487
390561
396991
392219
402260
392747
390714
397812
408032
402363
403010
384738
405742
402773
429761
417902
444683
403966
384803
398771
397292
404132
401093
383343
384547
380499
382416
409423
393194
394618
362352
399646
390337
410421
413146
444506
385180
398845
425965
409636
404123
392707
422961
414515
418949
459507
383928
400235
386299
405316
433998
380425
469259
387903
417398
460186
415419
398617
408270
393648
439152
444486
409473
447167
406841
426196
451677
418787
403174
429962
363774
338620
466629
360545
409507
353057
415994
407089
366365
342940
367060
381165
353852
373380
313843
452674
399405
484010
392571
457315
422263
423013
393698
433902
361685
416336
394267
573049
388259
371923
441957
393549
369505
358000
461124
332874
379332
347089
350810
383215
366992
449716
338830
353054
376625
402709
419927
406978
454879
398229
383747
324158
368878
343002
367374
441115
399262
405720
390066
500162
413242
399212
439334
445825
416352
441786
499872
430195
395116
442761
400491
420065
372186
467088
350981
511953
602524
452218
389032
463200
478365
443012
468157
457814
463345
453286
385966
534177
545498
409459
540174
568129
468829
471113
575518
448289
550580
430167
442551
513452
404733
466388
450281
401202
462690
506716
471985
518337
486851
481978
434186
516561
395074
555763
549590
461327
538151
449105
609354
599874
526229
535380
523757
554015
489642
406286
546418
479124
549716
514553
431874
492716
526984
453695
566154
435615
429180
434661
564130
536811
447708
438419
542782
455932
414754
482036
413466
403711
416329
429944
432002
426221
404282
529956
510068
476932
436746
455005
458246
432561
419662
448236
397078
491330
536255
360922
524970
348420
384142
431224
513455
392146
409937
468866
6107799
3947648
1914141
430344
462202
506737
395371
419999
355636
454508
465052
451414
499658
455736
476291
404829
432067
343068
368609
397341
370473
373627
357938
418227
535112
432789
456320
365778
480556
466508
444900
427898
382749
487058
443622
420670
441458
423410
385993
479169
444023
368727
402612
323596
394411
419859
441904
392125
435204
610562
556377
553905
423833
387237
478839
410897
395307
388681
329089
415418
387396
442351
407865
434530
353737
485933
434700
456021
498266
467014
430692
454856
382613
458483
396157
443392
330512
424737
411172
557327
340524
520086
514667
516929
457500
443798
462796
391394
403221
443823
367367
404718
382999
417655
428843
434878
349215
480694
374688
443843
381094
367282
343080
381501
433196
427698
440365
430741
338938
439643
440471
427895
436546
390911
421192
465664
474535
446533
382784
364036
469261
440059
424047
428935
437235
461488
419761
460853
332071
360462
467607
487096
364746
358644
430519
379914
397249
370304
311841
334959
380127
442653
376550
394076
372943
400338
390796
338793
414179
418357
424821
396280
374907
399116
329569
346121
480323
453560
359925
319862
395707
472889
380617
433265
479413
399065
305124
326223
387158
318105
376796
552462
388889
445238
433159
450083
435088
439706
479101
390255
414513
521755
420816
415480
431785
382939
427138
412458
401980
373700
323048
425657
294801
393846
308587
395916
296600
372074
411772
372940
329838
419893
400567
406031
401726
307867
319675
329503
313761
347020
305390
338169
332760
337217
306655
383737
405239
429350
431661
387578
379040
408691
474264
428851
353138
426847
338052
444626
480205
454053
395956
370528
448037
545047
467629
694078
450181
582821
457491
427989
390204
360407
388950
450864
533419
446910
317374
408146
409720
445456
401287
447494
400786
422880
339845
442121
328361
404813
366567
425209
405197
342909
340153
489715
388550
414327
328749
345430
332698
361983
319158
325835
318727
353351
407633
420941
389602
404454
414389
431587
387619
338476
313254
430856
355564
388465
319053
351087
377890
374447
322756
375261
336099
450361
351865
346766
310617
345185
361306
413969
335053
452302
335406
407955
414286
429743
373782
374906
419145
455210
495878
480993
331196
375835
394800
413761
394808
399107
412478
403920
386780
397636
530830
444088
426979
400890
335568
390679
360588
448166
432520
410035
401210
516055
457339
346766
360971
409026
394157
340598
309959
387721
326772
374730
323094
329122
336984
316932
312224
362048
323432
326051
327608
433224
388331
389139
392724
382625
400789
400777
298532
435850
339285
360839
413320
427568
342385
308310
350086
313426
400355
439256
379537
430071
319253
355277
311201
406730
371285
436409
390354
422079
327000
411775
384759
436238
391785
425490
309483
360968
341582
351128
314105
347014
313485
362310
403942
428559
314924
363315
337256
334347
403102
442694
300624
342126
313287
351029
309223
347751
328433
472584
402162
419762
502497
427623
375240
417444
543046
403096
326469
377753
315211
362782
369790
569575
434441
503659
305895
397216
317150
311787
316131
464713
354232
363096
390151
499428
602053
410017
426154
391844
410818
359075
386046
316916
330440
344303
384692
341249
303273
443227
313183
309368
349365
319092
314303
342490
330387
351768
389226
340075
403276
376493
377431
395859
318829
394910
455934
370312
393612
425097
323753
407290
425215
366208
380029
389313
365157
348064
332971
379188
336822
392190
378651
398179
410919
369383
334697
349094
363715
342465
323409
340013
376077
400535
378656
361293
350116
375981
391158
404839
427026
400024
441554
392775
409136
374642
353230
428887
413757
410821
393892
359304
374161
412954
399415
381387
367433
429760
360795
417113
355845
397107
501121
430738
418654
478099
410776
516841
442022
467232
350469
327830
432580
415644
419489
415953
402220
458185
350344
391025
341046
385367
414644
1491804
4721235
2568424
698805
425247
366437
333861
413512
356972
397396
360320
372707
355324
394249
314782
397307
394913
367485
531339
358792
367260
363818
368450
313098
354566
495096
416641
461081
559606
384803
464193
550464
519724
414092
408582
432063
410411
427195
488585
395019
429736
521854
476262
420298
478332
421289
449336
482988
416835
385785
379236
385403
370380
417625
399245
442005
398069
386493
378557
507028
434585
429022
409936
409613
442301
411526
352432
425643
362050
426664
417418
408502
402896
344487
407357
371684
369891
385776
349179
350860
352114
359615
389386
393119
372278
376835
382529
446496
440851
358844
346641
334992
356333
457630
436608
463499
364619
384066
536114
365221
357821
476689
397626
416260
414417
435281
481613
290882
420277
458924
418185
400108
414983
457767
421091
421175
381125
428837
373289
468451
340181
424682
429249
325206
429367
437221
331445
410189
320579
401869
347117
403391
326592
422043
359599
396890
374647
376505
493926
410639
382297
416648
508025
385392
474753
462214
424714
434961
453855
482206
490723
520568
412281
437855
411015
494907
443094
402414
415971
421372
429350
423801
440162
391735
375715
409413
425190
591608
504078
366298
514903
490613
470958
518455
481622
564576
471506
496174
634726
526519
465319
505960
466897
512065
511122
430473
403856
449300
634495
533862
488806
395710
372263
496605
427398
457093
476050
360880
411444
451124
443361
403849
383116
395920
405855
435965
402889
390049
409604
431384
361281
350808
468933
444490
362974
419521
459116
445633
521745
422427
523595
437182
431050
463658
473582
526992
386969
386946
418970
424524
389514
388152
357018
426606
580501
480511
313171
465702
439776
357263
416958
435602
376312
427565
395573
407253
388730
428254
348705
410475
400729
418340
406578
413017
342208
423687
396156
418591
394028
431082
343105
403290
397814
441171
409515
380308
421566
428254
352140
383608
451225
437409
400093
410094
407775
416862
437896
381600
393356
393144
377654
399655
459252
372046
436324
394361
428495
410882
453910
404681
406635
390052
407422
398892
425930
393413
398740
409054
375162
444443
377199
423770
416678
427442
431562
414296
420986
415367
402652
422948
420142
369063
443794
418351
403058
439485
386029
399996
413380
403541
496162
409395
512450
514031
521895
380638
416357
383609
423348
395344
562564
449673
517471
413444
410953
422195
406944
544034
376852
452778
359727
383197
389908
427218
358563
439369
379551
389547
387195
373194
431504
381176
420669
396478
400277
393849
372575
382838
390182
385672
361404
365017
408386
378519
404147
361003
388426
404712
441138
429454
392313
400699
450452
427821
419499
441802
366641
360144
435299
406111
408807
407160
368292
347868
459597
393803
419736
410771
394613
436233
389265
415948
409356
389825
430344
386360
387353
417085
430665
441157
462877
334031
465502
438563
455176
450296
407724
498024
336239
402844
492984
447847
444182
403724
316220
421072
422595
452344
392503
372675
514311
399993
574942
450445
386827
391096
359755
379825
384650
527659
476592
407444
404905
415521
449310
450987
427648
397021
316973
502976
452904
444801
320603
477359
456238
466271
483623
405608
493088
395720
385825
430408
571381
551966
410411
467207
398476
379362
465534
516380
403556
547759
455414
435134
478615
485658
454210
469532
366577
561564
430619
422645
413197
382706
502122
480141
461737
397533
512169
439125
542287
524883
432562
494987
568013
488868
487014
425287
522649
568162
469527
437186
345701
430707
429830
399372
496248
500984
374572
366162
363233
397916
395912
399347
470783
379081
433051
527944
343852
435492
421975
444940
389322
384431
437584
506024
476118
464341
425340
448612
429711
443644
458446
398632
459031
393047
521903
480005
392404
378306
454858
356981
435310
318022
405451
348913
423272
501879
495201
401220
410925
449912
412144
416270
445083
416124
491960
425239
4932792
2793911
1256810
441788
395751
386410
410306
420701
349644
390561
403383
426545
418284
401973
368642
391845
442417
465519
419059
418052
362214
411594
393480
440076
361288
416007
345766
401452
343931
418360
390625
422222
410687
413877
346219
436878
410032
411210
369200
431412
362154
393867
426769
422639
422741
412951
390453
436189
431125
518004
522287
426349
350308
490744
429396
395652
426478
389901
354709
383079
412089
478942
487217
362285
333587
385211
356416
405881
388301
441627
401119
381251
353298
343099
427923
487563
419268
412947
459773
478668
355067
380316
447529
382898
529781
411659
360215
434258
445735
446676
440286
437352
385964
406927
406715
534529
400627
370296
400419
379272
425805
401377
376009
414302
420271
398834
432186
409025
360834
421031
394656
499713
404432
397034
437333
378966
421689
376857
386523
388755
410537
373740
432140
466188
365227
444877
416630
371329
474898
407773
434042
381205
417918
403001
384386
405285
351738
388494
332486
404879
348871
401390
350035
336042
367423
398653
478476
392484
383427
429789
509652
332454
352414
463533
347199
501398
442657
406009
434158
481702
384579
486846
477129
482028
410160
467426
448485
416365
417160
498287
506182
424471
490290
357072
475116
380108
394454
310432
408379
395168
485378
466486
393875
387104
440426
359605
435318
417211
422349
386171
459015
426844
414167
433969
414675
372411
352453
511199
441208
426331
438264
429126
368605
405507
379864
431283
361652
402681
351516
342868
377771
415807
364593
359482
439165
416797
446100
427453
409442
447315
446867
399787
359069
416497
458867
491283
456729
388374
418664
394903
417649
444212
418551
431997
402144
448145
425749
438815
471693
436543
373336
348847
340680
432181
456305
391971
427222
397562
426669
410422
386679
433616
414000
445630
433847
470408
413818
485089
399639
433539
385313
394536
342362
396520
342243
347273
490030
328970
484135
443201
455125
470486
386118
442722
436313
415156
378986
419754
411720
403400
353787
410768
418178
382384
467039
452717
431753
407227
413073
460003
407047
419204
342937
432061
438428
425589
382729
395540
411773
448180
352194
443341
422347
415011
396595
388972
391296
404419
332489
434434
393087
522468
375737
454625
411925
432696
344313
415216
402107
429410
404400
419878
419558
427768
408748
443635
399296
439445
419973
408916
467524
387050
440797
412844
428141
395442
406859
429732
433823
436986
446006
454200
385367
438860
404791
348141
397458
370795
432653
385963
414640
352966
399550
412510
415147
494911
522552
405725
443759
380446
408169
449993
422833
360880
443587
320517
417078
357191
403469
419726
389059
459493
446534
418313
381214
409247
476885
378695
412721
442745
432685
378608
463813
370136
396203
370934
402054
358271
397982
352762
416122
412296
425212
415383
435903
448684
374170
407834
356887
424448
446339
415586
417440
347395
416556
454217
446344
424014
419228
365552
415295
426456
404629
324539
461223
433953
388374
413874
377731
424968
544312
501535
368172
390593
406380
486131
431304
459651
438414
365520
433621
353064
369232
391845
383082
432722
357342
503634
510024
396877
455990
447347
484731
346097
412348
559255
381645
393699
419179
546443
498333
441886
418813
395998
379508
477905
454111
354824
365158
387942
355465
425663
444002
369536
366686
363433
452991
408138
360888
440921
387552
377972
429752
379709
375029
363220
345823
366133
332050
459571
358504
373258
404022
345391
375248
362871
332608
394585
388232
342785
372919
336079
320380
357726
343576
333113
353597
342497
460781
375547
337331
424825
344314
414342
441975
415725
440209
390306
332529
368259
348469
391446
383320
368894
352604
351911
333534
379375
332048
452905
318365
371445
377782
496523
355990
431023
423567
427084
507145
479275
403301
464362
406898
446982
429022
463226
450913
5237294
3066004
1015753
390698
334184
429775
471959
419815
416782
413729
456306
374956
411260
342519
430084
409191
440491
493531
422658
435781
419992
395735
375838
451942
412849
436032
389786
439890
427836
411517
380100
437720
401581
419294
453461
419165
398508
421738
328209
430816
406486
429323
420620
360614
416040
426604
401647
411921
357264
399751
426779
439313
339912
420422
427203
420252
341943
412313
411143
428251
416742
420445
511522
403119
468686
450773
341813
433627
407763
401687
466367
437701
449271
446222
328785
424582
431522
413826
424560
439280
411719
451817
399594
427953
400570
424521
386850
412108
412924
416085
387762
389888
414872
415659
436143
408096
408673
416532
408483
429407
397384
399694
379034
409863
403563
446788
423477
319855
428375
410001
329285
386492
443326
353139
426547
387813
419304
426760
719748
1124040
344684
473194
391690
459751
424051
392129
459639
402932
388176
410820
425526
386223
409513
390799
419887
416584
403390
397783
369724
402641
385504
451391
424211
369545
479699
342325
382659
445759
358603
386507
356150
547740
379507
376403
382771
403455
387660
439538
393835
413071
412871
392953
422941
404948
396003
404547
434285
405406
394397
413205
424436
446644
337272
409266
343654
424892
328453
417851
409149
399220
309127
408065
401986
474995
438126
419550
382398
431686
400159
399314
331025
380313
331901
381509
379493
399574
399419
349240
369878
357116
375200
429678
393173
454527
422338
370496
394180
391108
410078
407984
391058
384569
317237
391511
340026
410301
377518
392497
341697
399335
386015
397133
394411
421173
391534
397065
389275
400367
367382
389759
382814
338545
385526
413531
400632
408476
380667
430411
364109
364601
354502
455663
395787
429458
443540
477011
431416
362636
440748
425688
411393
444284
428593
450056
383041
417169
400259
413810
390279
414456
449964
390806
405053
339264
397955
364990
960957
417379
394050
417609
464674
456121
504249
447307
392441
428332
396770
376704
363809
443278
430218
387527
365707
408992
455956
451001
435566
369357
387931
488473
396264
365305
411366
341514
419259
378790
432295
372588
399776
367327
395832
414630
362620
431726
422014
463258
402113
351950
405072
432284
461244
410303
449227
427371
421309
438751
430092
378983
371951
555296
441827
407604
495499
423000
467765
483743
461460
423215
386332
416540
323567
434640
397781
401061
420916
336347
444275
335506
426921
403032
380064
327131
476042
409790
386160
388305
405743
380687
341575
411180
416437
423832
392530
390558
403919
427727
419018
420222
405393
416232
434362
353753
412091
359882
400160
420304
376125
367650
408931
381929
394704
373719
410806
397767
418955
353253
464504
337204
409640
341340
385395
343883
400221
350982
426303
348914
394342
341409
405764
347915
412320
349364
429416
362590
401788
371085
403196
419655
352055
415453
365057
422918
369073
408624
442782
400146
355211
383835
355183
378391
392142
444033
444444
390145
466883
376704
397445
348050
430190
432645
369520
450695
438679
432430
407831
417026
379320
378512
355866
560411
468382
617213
456718
470938
544266
413653
422582
485210
469984
510136
503204
553968
389405
465934
435922
451528
459713
475851
375019
409353
314557
431532
369753
446225
362386
386954
417155
535387
352677
529312
360370
514374
476686
479583
410424
391915
419006
526614
432493
425414
447011
458230
418184
416835
376886
432287
426278
438610
402933
475215
385522
415270
383468
417546
419321
422028
417393
417204
410903
430669
425031
430482
423790
431105
460306
393850
396347
403496
453041
415902
535290
468911
492405
480237
367248
494562
392740
496215
454972
523444
392571
449125
435840
439031
431179
404307
356741
421310
441678
395372
434150
490108
385965
376983
505345
488832
394303
489674
399529
381203
417841
404642
407620
437234
512936
414884
474341
433845
527274
485181
541462
574151
343268
387542
432900
423428
512723
6533929
4402535
2495908
617274
417555
425366
337154
510522
404929
401337
425145
399875
445681
411255
420926
394134
372828
375933
392960
393469
405263
404372
458172
384410
410905
399679
471707
381191
470215
492980
401051
497939
415703
408538
402772
424047
394854
358175
424740
353232
396726
360823
384932
402802
395210
402411
384875
387590
400115
368959
399533
416514
388226
401807
420762
382356
439850
428302
398366
400797
394528
394839
378560
406715
338242
443694
322665
439426
353486
458022
414419
344371
427928
328480
416166
330779
390619
403418
405151
404670
406016
436553
329892
389394
386667
399243
376016
388509
325368
389791
390611
378741
403437
387360
395219
419159
337728
393385
424777
324546
384069
335884
414734
332817
367763
435242
350465
499429
409585
452228
334853
481521
432637
498086
360635
353981
436305
473847
420413
406996
373008
362687
453121
406310
404813
476030
401743
479362
468744
410861
508984
445270
404613
492962
346008
457175
548187
357573
335679
360382
380231
555854
388050
311883
444157
404869
416885
341185
407734
318653
425801
335797
372866
377048
354351
395834
343377
379726
449363
327299
420272
378921
469025
403804
426316
351460
399862
363395
439511
312224
427574
377759
464872
308429
463325
390198
429984
384857
410863
326646
409349
413965
441861
341794
422094
460577
392756
410632
394085
403875
379818
417154
387641
409937
314062
404292
387922
404118
404998
373250
415923
451336
375639
423585
418778
431641
431617
434317
421893
409350
409909
434625
459545
453628
436117
469204
422229
417859
369922
480569
397281
365157
360080
336200
338307
400069
354155
358571
433164
369597
308096
350819
353299
405301
383168
380421
329200
355947
383839
392673
383262
386212
369398
393477
456934
362350
411899
351562
426052
373578
345867
360673
342470
337550
341122
365185
348464
347568
401400
401193
437666
422845
328682
402697
384313
394960
324442
350982
299892
417958
403034
305646
369510
317762
464162
431138
363462
347380
391953
296049
376185
428548
354128
380804
340040
323936
360389
371916
363519
344108
373697
334546
403860
375246
384332
339092
373054
366354
368743
359073
344959
317128
349998
353191
403230
367237
369130
378512
353245
353452
388468
371527
362207
386903
462423
376582
429185
411658
379161
402143
343877
387223
344899
381791
357987
417207
382713
437956
374093
441762
410535
331224
422158
360267
429713
385879
373025
416652
348008
416524
422304
378563
381052
432426
494049
424888
398920
406900
424523
324019
439069
366715
466632
389578
446714
329996
432440
390112
372235
449648
477304
416154
413567
391530
385739
440345
391761
453345
398344
403393
355039
395543
395878
409755
386094
400914
365393
405963
379822
412952
377758
408725
372947
417630
403573
405989
387585
395955
374881
457020
363279
441143
470059
412329
398661
473135
459268
439814
409233
417999
380976
482099
428002
442915
412077
401893
420019
398962
417825
462428
363947
425397
494301
348183
377275
449742
405312
458334
483524
402466
470823
397045
455225
429628
473341
440827
459150
399506
435249
494726
408775
431931
370137
448583
460050
460806
563425
517085
494047
351076
464974
462723
386632
434955
410991
455961
347861
370103
407883
443009
320605
374064
522572
340947
442880
346796
384436
388382
422338
377374
363627
439384
379790
352579
429456
404958
448751
424164
444987
488103
399739
396704
375838
420087
410347
462970
362469
406266
406835
360744
427478
411607
406273
369823
383882
367595
411708
435021
386854
379540
358949
400762
387845
398475
358894
389024
368574
384966
463892
384185
341457
331654
377863
365446
425223
378469
339838
331791
367767
400781
399790
370009
410002
353362
429297
414140
396956
425056
426615
353194
373501
353851
379407
419073
416333
366155
424952
424682
363448
361970
331546
354222
345720
409416
358641
354787
335983
400652
346188
381317
416737
360842
352301
381667
375997
366809
418248
351840
432084
361426
5389005
3197145
1094524
364233
439203
348758
412698
388934
399990
387318
415844
421170
430996
429845
383338
427150
351839
356738
389824
391739
429642
381301
378857
356930
327532
383092
364704
360040
331206
433832
379861
405627
416589
389578
427865
378867
448429
442514
422701
319266
437246
397838
328770
526094
398196
374522
474281
353903
362986
437768
488164
407033
446230
442179
551351
403666
480043
423886
567481
435817
439953
505795
449011
323077
426046
420618
456801
514938
428503
455429
405155
421467
506646
455626
392875
424887
420290
399025
359531
420491
395860
458782
415948
404631
427406
457569
391841
432314
413843
431612
475259
542787
392553
387808
392781
501837
437233
448742
487802
440047
380069
409109
396871
397943
419523
345475
385301
457767
402313
367769
390618
398854
277370
331285
439045
406223
391790
466186
358064
414477
327173
396605
402762
435421
397419
427063
402839
457164
357733
411016
438439
352768
391493
424289
422505
419947
390349
411419
398808
468478
407686
394638
457162
396465
390290
455423
454002
428062
415117
450686
467259
456941
437204
482404
470999
414648
429591
424487
433096
415538
475835
428693
479683
412995
466041
461137
474712
421372
475931
538517
440246
419618
427317
449610
421446
408428
443108
428844
464363
388032
469669
480764
491089
439389
522839
452120
452650
435075
446261
432951
471239
433412
484922
406111
390970
417552
476506
412831
452700
407263
426875
417827
409740
403725
443976
366447
436476
377079
409685
445208
454993
380763
446649
415555
436087
396176
454326
401615
444704
389730
432935
424528
454774
396803
430146
411872
484318
442594
431136
365708
437215
416738
475100
415996
485871
391347
404963
409763
400291
412410
446317
399509
463126
459668
434577
413254
448445
423057
407204
434230
443289
426951
446648
332126
438416
438028
446847
378283
472720
380111
483438
378307
476176
419605
508798
371303
470596
423455
570132
403820
522490
365395
530081
373630
508771
435889
516848
402681
461596
395325
410845
368631
500320
373566
492475
382880
536240
406742
444685
454302
490911
378220
518563
443141
512528
420713
456159
494221
398294
374946
429056
484802
417647
359459
473877
369199
421378
457945
442650
382786
400992
349237
428420
377562
460579
467891
418083
415869
381779
387585
525148
402113
450140
478469
475948
451395
536207
402416
522539
438921
600354
515926
324568
565632
551558
438154
352476
420292
375371
477826
336753
443486
441391
409934
547186
444919
442431
374824
421343
536243
401995
389885
415337
353943
434149
439191
406131
451353
391145
402961
436284
350337
403382
491199
344331
422248
396420
421350
439295
362637
416367
416295
353491
420578
353337
439476
430616
439761
443514
392229
466636
427985
395268
438817
387919
450656
350364
399077
445916
416105
382438
420297
343663
451643
400472
382074
392528
340777
443002
380298
453661
417434
456317
356776
422228
457924
408774
384542
588509
471822
538231
461046
397939
385248
456154
490730
396289
438255
449820
422977
384892
416625
343884
386586
401773
398158
472488
340130
415356
388178
410958
392026
426553
391272
405938
390273
424003
344095
470401
421967
346415
419334
375227
398576
428606
370144
451400
407688
362201
418893
363326
407578
428427
333365
448502
418340
433283
341562
435431
391393
367955
400652
394817
387703
360035
420821
342396
456662
364441
442427
456726
370478
377277
422123
419291
342870
430470
327505
415238
346073
455986
396755
465034
377735
448692
385310
383853
323739
424047
379610
466216
430745
374507
427592
404968
385471
428006
430312
428402
398126
412889
368024
467850
357113
445371
403227
445484
401606
405875
419687
392162
402755
384551
379953
402826
391254
386809
437752
394307
514271
354489
398141
458931
464783
409926
519588
357002
563493
493825
644871
370779
441125
506771
472003
377138
309143
463979
434966
434704
483590
456309
486858
392847
499387
443439
408594
385517
364842
4615110
2420300
1033989
457035
571184
534220
459552
471392
369833
420727
436695
341481
467870
349815
486634
393720
405902
373197
450447
406733
359691
388074
390076
340415
315507
315360
419242
363210
388050
317895
467744
399507
381722
359668
371704
367823
383389
366444
377506
357862
384672
346707
440816
393835
473011
400576
432702
357375
440347
417519
379355
322350
411146
449076
396284
409460
431706
375241
450997
425169
389985
380378
422870
425438
429307
396749
422099
344521
409957
372062
459569
351357
425453
343646
426731
395643
467516
336938
419893
337475
411572
342503
442663
358385
423988
370423
415486
349511
447311
344866
369542
339457
431957
377402
401741
365273
377525
373781
401973
387018
370394
350187
398026
419259
394451
489730
414966
343841
408247
463826
386965
429857
420049
423655
430144
439000
452316
435178
422451
416797
392972
385254
386574
534463
373218
406127
407999
393588
366380
420166
465062
409277
361190
414722
399801
386057
395672
456838
405197
407286
480708
462147
412303
517623
403371
379177
465376
447715
510014
402053
428266
503362
600961
394520
491146
407797
493908
400816
440985
390980
472793
398915
424694
404099
393372
396648
374750
379746
426552
405954
351243
457748
362144
515760
437216
375065
368590
414043
446815
419320
426763
393015
393741
424576
412886
463345
384493
355369
456458
425348
405909
385519
406767
484323
400505
389311
426743
419802
451941
349514
408279
345672
367928
362017
509459
423651
382886
395122
410195
498274
412285
443244
419530
397629
421962
413077
466030
399975
440368
405490
430162
404712
422860
445746
430282
409620
437759
419239
474664
416373
420936
385681
445530
425663
467681
402464
426126
397555
451651
415043
441822
392798
443317
429606
437638
427929
488419
385397
455857
399955
474872
381803
459170
389369
424984
370906
412472
391041
404780
421579
412314
376796
439819
427441
440430
395542
437009
385840
413523
378841
415734
423213
423665
391911
417157
389949
428975
364276
390425
423855
392331
400536
384278
369403
392456
486295
389794
360346
382755
353637
414613
359103
411781
333479
427912
342934
419560
354502
424224
392824
403189
469082
511377
427546
503223
378787
387780
392992
400301
417943
396162
421614
401276
390619
388751
415584
378499
431404
391472
413392
395381
398227
439486
403732
393267
410496
383915
406174
441313
401535
381893
462113
429152
469984
456310
455136
507887
457433
401779
512385
397374
422323
416625
414631
369977
407355
407964
464474
452136
518658
600914
399529
423680
685423
602245
484937
585789
590374
404658
444274
404778
430617
534587
433511
537533
530935
395660
487545
464160
476264
399716
397091
468937
416248
387517
521593
390964
440026
367277
469123
427742
527367
394108
479183
410639
435260
402285
440164
456326
450374
473079
483121
470787
586935
459277
492442
398377
426852
465867
494702
401017
385955
494538
525336
503002
531981
481919
549861
471963
545755
431703
433815
422713
442398
407363
476255
394363
482673
422404
453072
426644
474173
423684
478500
426228
440558
430875
482717
397685
444048
403659
494604
399300
476575
397180
386332
469981
408772
392998
410833
461205
383506
451208
385787
397658
413507
410302
390327
447509
402454
420349
439182
405416
433311
392734
413215
383524
384385
371701
438429
419854
391506
395874
414693
364167
411386
402294
433800
406631
435247
407282
434987
388229
457551
378692
415631
417803
436819
376860
419672
425790
423259
403403
435376
394341
380913
388442
421984
433332
408143
367461
455930
418348
442914
448389
430837
428559
470314
418809
449998
472290
435198
459824
475805
475807
485566
448904
406042
410110
395965
469498
389409
378293
433709
381741
351123
460295
393853
460172
382083
389635
442554
420742
435611
454616
415701
415806
412345
403232
387287
392949
419022
384440
376585
504094
384462
420850
404865
388347
395042
384417
398299
390294
404195
402881
412666
409650
4894219
2758528
959731
364931
452353
417918
373376
415719
357073
432082
433577
440115
433751
412986
359977
430199
360074
416172
351930
352246
432929
424423
345314
417060
349902
451830
337998
445621
361238
419858
444483
326788
450796
437884
425486
408864
407429
407238
424644
369675
387490
401362
361847
384049
433484
472206
436365
429583
412751
377683
367552
438683
340065
428866
405052
363994
390573
614995
383223
550016
622671
496412
435087
698857
450951
419629
363063
405389
370930
405582
338987
436089
335041
409626
411021
398307
392588
385373
392418
385333
401852
422250
405255
351160
403142
383740
380822
384813
396092
389174
382182
457665
329932
423854
368762
448758
349823
414855
382643
419458
405773
377472
413694
452536
402411
467986
437837
411405
362701
436503
412768
458387
417946
435356
408222
433210
402112
448608
411546
431550
429769
420274
429333
419238
432350
405351
362030
417571
358160
433025
381034
401998
415244
333912
395677
398325
347614
396282
342867
427919
401407
391363
431538
415596
414875
395760
404583
400794
407282
431707
336662
408401
420929
341257
409536
338701
423876
321960
413209
394294
365156
436429
407293
393928
351793
420945
409794
332258
412067
402182
440631
431682
355950
411936
415194
433342
418121
394292
408791
447726
411655
425016
404985
426110
421596
343916
414232
442598
396515
413397
385456
419137
443462
352617
422679
402984
429620
433179
363554
394619
443574
417649
404681
405159
417834
404036
438131
357579
401591
400985
464748
414193
407122
339056
405041
403743
459445
429597
439866
376620
371779
362431
397476
401671
427775
339381
411062
379707
390279
348671
378820
351360
444276
387508
345763
437091
447021
387638
438591
330612
388207
393178
381097
354959
340524
351502
369013
348762
339020
366022
392964
325465
343238
390596
371095
332997
369581
340373
393275
350457
392192
409391
419078
338140
491699
507580
393794
442931
531915
424230
435691
370751
538752
346120
383624
426260
381517
400750
365087
367867
423247
368387
420573
377986
348796
424683
357780
399317
343146
404860
350050
397520
328770
398794
404453
357660
392827
337813
366992
357322
416427
340649
377443
421733
373559
378199
385916
367232
417160
367433
361782
380329
373543
355419
378069
366563
384566
363998
471209
383023
437596
315542
474829
426949
443066
567150
409802
344909
432503
368830
374716
314202
489939
325822
422136
338979
383589
406433
387759
411765
324805
382789
348855
438656
354592
460519
332163
359632
336968
319516
353529
367772
348365
329869
362318
333649
372418
349652
370265
370501
358245
328465
333985
360545
381742
314702
326389
319139
351875
339135
332052
409082
352529
350721
332368
340292
407161
463125
312835
363262
373618
351792
375415
355562
360282
366506
327925
348819
409666
351809
365475
447749
387376
352172
406604
440318
483236
402935
393145
477056
365575
472042
388689
454965
435049
508079
436152
363418
341018
334818
355515
324701
320921
344598
371521
448368
331249
331292
372611
440152
409982
434075
549233
456538
623586
426139
462372
449676
549530
494706
497819
309515
500506
348045
529079
398773
317559
383816
487877
490647
340732
335505
367732
353939
376112
497556
363005
472726
452529
349945
339476
326182
357375
400752
319866
328092
331932
342196
321896
353285
307015
403032
334548
348945
348666
324035
345178
373782
334652
337188
427092
464522
436965
353598
378865
465812
427023
391783
409772
401392
411329
354445
417419
391372
420072
342909
385089
321149
332656
409886
350386
399473
423520
375706
407323
410586
372003
395623
429436
378919
390220
395670
326156
417430
364203
321946
419690
357227
409196
390507
361286
379653
472990
333393
314874
350620
404604
386476
397624
342834
396254
335294
432635
392111
335544
485384
405958
503798
509882
433594
366534
379108
325105
470159
364935
342882
334568
309755
394793
390359
389786
388606
496006
357856
472982
320295
447862
5212573
3066405
1043284
491023
448616
362329
325533
385469
364142
389389
360790
368606
400926
377642
335916
351393
349796
351786
338533
361453
343587
430344
317706
353021
343827
358594
324616
378680
370410
331504
351174
381818
332224
349704
357785
344468
355338
354941
394798
340857
343148
354288
374324
358144
388118
372437
332504
371914
420768
365391
345104
335845
328935
378604
326162
355351
459605
367462
371445
413852
353352
401228
367502
324594
406611
409908
390898
1026747
366050
337093
400810
369629
342933
329042
349142
315363
383816
339756
369229
379989
309522
378547
446110
442894
349990
437397
328683
367397
466077
441187
408283
368770
377187
381933
372200
436456
383833
394880
422673
356916
343570
409860
379080
396204
363857
357457
345490
415210
407553
383083
380569
342289
395117
415736
394689
423199
378256
349393
363326
403253
354466
388263
363820
349776
386023
377263
410903
388192
420180
317523
383456
370472
365393
339595
366999
373939
336960
372829
381626
428497
370473
405073
403700
358770
335310
425630
452570
412403
396236
427577
393040
372293
434840
292597
379237
374693
416990
357834
423028
399937
437827
369517
427941
446975
359550
361487
394660
413717
392200
389225
389761
349155
369971
366478
374144
420698
399699
392811
416745
401115
428131
397717
408649
404141
426930
443502
402978
459246
394225
379297
484486
469105
401113
425779
346424
574570
381065
398417
391409
477151
460353
507538
417545
420300
381132
412031
421109
492555
571830
599759
497528
591543
570842
756931
756313
621709
706547
516926
534958
537303
694360
422537
368306
358392
380983
409012
510075
403003
462509
533744
350609
465601
450760
555379
581812
548107
386019
406685
449780
468215
498585
482176
308601
508744
396926
513021
402303
383562
442504
480733
362021
391634
438853
349595
448717
356272
420055
398309
417548
406101
380859
493964
359287
405462
537112
392350
409845
369531
426303
372545
474711
409852
457741
434894
401211
425308
419640
438549
421930
397589
361891
393071
398472
436808
414200
449969
402110
453327
391085
390707
507676
416035
420763
517342
421604
408483
469841
437210
371096
387405
384287
430160
375627
354323
442829
389441
416963
394315
395350
404989
425087
368417
401652
452518
466493
374752
375284
428693
387935
419277
397515
371601
412922
368478
470111
396380
465131
345344
383069
396234
412527
385136
419017
412140
376721
382650
423652
520148
361143
391725
412514
466153
435555
438688
333763
425669
451524
477116
361715
401870
351296
371394
399939
407948
352990
425736
387397
410563
424472
462871
409230
450099
495414
409109
507739
480214
497084
423531
431923
450446
401640
401046
413808
386987
416886
388915
414634
429726
365721
381397
359912
433751
409670
400815
404190
401802
381891
448090
395561
418511
375789
440465
398244
419269
388684
432220
419766
403348
427746
390825
475058
400690
424348
423054
453979
416424
451467
381195
401028
419597
457629
416164
442850
385292
418851
412407
403498
426757
408659
401325
426734
388833
435451
396046
409969
375791
452754
409766
439457
380449
427022
409900
473106
410858
439926
392925
434267
390336
464629
400974
435789
399628
428053
383546
463594
392592
436214
406224
439119
388738
428516
377569
436114
378896
434668
401971
424132
397348
368993
394176
421484
391047
449642
403008
451030
396819
446194
444306
400301
393330
429712
399347
403706
405189
448651
382363
422945
392877
457186
397958
444160
409159
424680
389266
470868
377470
430912
396758
390200
464729
434158
434200
410748
430774
435906
490125
409277
474902
404334
426040
444519
465460
452063
452198
462511
433336
456589
442127
408642
456867
415616
465815
423820
454383
477008
379847
412875
418824
381629
383822
332267
319306
391391
398761
390226
399944
334723
322208
371047
317956
343988
387360
405509
427261
356390
412945
335517
433126
342662
528271
370439
316855
491687
396512
415524
342962
4610071
2468673
694367
409928
398596
419495
397681
420467
474838
405057
395803
436825
444164
420509
477791
379156
386852
348651
428456
431154
391050
340468
404001
364779
372602
537074
418103
340495
363264
422462
346884
443960
377668
441384
391235
410688
385140
377511
374134
483430
330274
491844
395632
470137
377473
406855
405988
413683
471092
429493
496613
447137
391663
497619
399113
401146
404535
452600
421285
534738
462020
421443
523485
453494
519552
402020
456096
434838
472254
402989
550105
425789
463423
375327
483340
387838
446080
391066
501952
494544
584399
520165
487247
378305
481757
553740
477008
450465
464813
491085
407000
370733
407201
395127
350949
429465
452193
437087
463763
383361
393666
423148
354862
384480
435196
418414
425755
385301
329142
391960
447332
437584
384698
397560
353035
391233
383181
472176
364428
420369
341804
410767
376972
368640
383064
375469
352394
393662
425048
455719
354990
375156
331487
381662
439520
409692
422171
426405
404677
442286
434824
465612
415137
390958
341836
418031
410599
405198
413662
393581
450987
412738
440470
400374
355550
431961
487156
363474
399652
424213
409162
413167
387252
435093
387062
433900
422929
426687
471078
438553
425071
392300
424068
398873
497731
424276
456074
397113
417997
429055
466254
400829
814069
955948
461151
425253
448198
404722
526174
430133
433728
456886
399774
363932
406681
529999
425948
387432
398351
373199
404311
452668
429590
412298
412674
370509
518027
428072
477584
448932
468034
400112
445827
386315
428967
345234
446521
441172
443926
360618
427793
354141
425619
403331
375679
397921
476856
445061
509176
384624
518913
390831
407586
374340
439008
380807
417565
341036
429025
393787
392048
312203
423425
388120
374615
407517
381942
410176
482545
403023
373084
618247
676961
533496
434007
671173
693805
615511
594921
596787
375231
537836
481701
494966
368557
425919
396003
409522
477134
503556
476867
434979
513814
321145
481540
401895
375327
558116
459337
465821
380006
389101
404226
496731
339402
391024
411429
387468
429115
350964
506306
469804
454932
399261
413959
457650
