1174169893
2348147
2233487
1835155
2830560
609846
1098904
1038160
1479219
1827756
974474
475144
432026
374933
324976
253996
281587
365202
331679
429687
346317
253257
349732
799696
672626
932867
245765
563741
822683
765918
400379
396243
437938
263660
244901
642678
735227
801944
509325
1450195
945828
793574
1188505
1163841
1059092
633525
442714
205644
252509
551892
361581
635510
595860
735025
1146986
767720
1078643
1414700
914553
831832
994555
1443819
777072
859174
1651070
1191587
387864
1798570
727149
605492
1347613
810895
1590295
1208399
371733
1801139
1729670
702271
641543
512801
213319
247408
396272
337272
400433
386760
522972
299075
869740
641306
781048
769664
916687
817471
503487
370178
273818
350134
231397
580120
356018
277931
293973
337663
188140
309760
264233
255247
264403
247086
456506
295710
299025
330884
329210
214794
323216
355179
513741
354057
380053
461958
850833
572952
516449
906063
658081
828788
296298
840986
1038341
1332350
252633
377429
257516
348430
343637
283777
381912
529148
337388
217549
318539
243760
322305
276212
314118
341559
349761
292694
367708
540730
706966
261647
294038
353981
224006
281874
356481
313771
217630
193602
375489
645477
378412
878528
580716
1219630
1169690
300224
1316512
961082
1220856
335549
806014
1029350
252649
1155765
1311685
1744002
1524208
1860497
1708512
1897738
2029723
2184565
437219
997404
1128871
1145207
1031179
1009502
742072
893938
658933
500312
1597622
705019
1005879
1123403
1218105
2493822
349565
1160369
1498536
1753860
1708266
1424077
987237
1695122
1230690
895620
382506
262356
292863
782793
451235
1403660
1276137
1649634
1468117
1626827
1674984
1695349
240134
990943
1661861
1244354
1925852
419666
633132
1677451
2542873
401932
1558022
1433524
1566131
1636341
1367043
1980150
2591744
433599
1448946
1083616
1653472
1533882
1482066
1596469
1704194
2322641
700793
1096277
1310582
1577428
1607381
1190462
1803200
1903928
1207906
1612318
1539736
1760831
2189244
703849
1179057
1524769
1611790
1030512
1544662
1844888
2208271
373759
755344
539237
628797
916328
880752
874826
1059800
1477761
1515297
1599519
1332987
1653109
1851038
1785258
1877907
1894821
1920363
2244730
796696
641469
830107
1049120
1582993
1762583
1050695
1936370
2080668
2067754
2382771
2349621
238289
472948
1078310
1687085
1923624
1146401
2017446
2185827
2234673
2411773
2394227
240622
463273
2037547
1244990
1432828
652001
1795129
987326
877875
475666
1231094
910241
969050
695638
2267127
2103557
1848165
2237885
284566
667078
943096
1430997
1189545
1898620
261368
930127
1004184
1063849
1221379
2079829
2078586
303046
263585
352467
443255
416762
491000
236104
665942
1161124
1431257
1781242
1182426
1311934
1417435
1549414
1463227
2381149
242558
1251113
1500685
1344806
1183598
1394048
1225492
1005877
1653772
2251839
2266722
2618306
456386
1793655
1553543
1197202
24572045
22433743
20361387
18336228
16221186
14186503
12097701
9963512
7880739
5767750
3685297
5620534
3422240
7069288
4909303
2842673
5217634
3073784
2306860
3416339
1279230
3085125
938520
1391319
3082614
920556
1045055
1284354
2622176
472251
1012728
1948215
686344
1594537
1122415
1547088
2897084
757400
1799352
329431
1208732
1053989
2063512
829162
1221039
297698
276716
1781101
2147776
962862
1289374
1213249
2873203
766108
1786239
361050
2250252
1817999
1662642
294354
844939
1107784
847750
466014
2165555
1645282
1012561
1563542
1230142
1014451
502644
2165977
1727730
1586095
1834823
1682454
868463
793378
729434
939994
964941
519090
322186
316402
2394102
246377
1359221
1885041
1262986
1387002
1408615
1025425
1757343
1126352
719275
1956613
408802
2097774
1503233
1025819
1472823
886833
819366
1873838
1361764
2219718
2260917
2318020
680853
1001211
900080
859341
683231
1814730
1156239
1557161
960217
592575
2124184
1443553
1663030
1108903
392389
1283933
1435686
318148
1717508
1161456
322188
1240949
1129564
523998
1543900
1448957
1089696
1083556
313395
869444
627816
1669661
818966
727018
1584231
1033149
254924
1075289
736204
1607720
797035
966490
1800935
1508243
709243
1713363
819714
548919
1221823
1117566
203210
1176986
1377852
707084
1670750
1061966
951395
1475432
1659376
1407012
1942929
861371
299815
1495067
1177184
390719
1528726
880651
1578132
1580700
1640964
870109
1154538
1585141
1773441
1634937
1899877
2520753
290700
2215739
2137432
496330
816985
1341127
1242615
1455028
931809
1809568
1896797
1058592
1562001
1349148
864297
1054824
1129258
1017403
1354235
1435318
1674392
2049530
1895963
973374
1273665
1336593
1171347
1019076
1083578
751412
1240767
1266505
1168317
776936
826875
1050798
1823027
1850648
2075398
265539
688717
828221
1477149
765207
659231
647130
544921
243993
1247794
2208607
2303328
2176078
1907050
1192759
1435770
914656
1911260
999380
1522275
872450
231534
1768387
1178631
2146132
2092899
2326995
502958
947993
958263
1234554
885678
2115078
316424
1491671
860965
1543354
1270160
1020664
1476350
1167687
743508
592585
1779716
1243911
1070682
1589617
1138789
674762
2200620
1842953
1578598
1158758
1540117
497149
2003050
1282450
873749
311043
1649915
1660604
1152956
1156225
1024391
941857
514159
1986679
1490540
1515382
1217287
1080259
855528
1362620
1253152
1150001
1650618
1624948
1057763
803076
559400
1012238
1499064
1023508
1098160
1616559
1394798
692890
765289
384742
359653
2252541
1592328
1043303
1612661
942991
364669
1559171
719405
2110982
1796772
1317599
1268280
985479
404317
1831269
1728091
1400980
1671082
1230147
786006
2125311
1564186
1017657
1720198
1493019
1429617
1103208
496317
1401142
930933
1761678
1245618
1678554
2114037
2060346
1954861
2187100
2490443
288947
593682
1305986
857889
899859
1165106
1415580
1652657
1579874
1788025
1174785
1152848
1517305
2415058
271244
1569209
1403493
1397527
2001160
2463166
314744
465806
788918
1294484
1477375
858432
1219324
1309099
1574608
1798147
1936514
2131015
2371352
550927
1054160
1196545
1664173
1599945
1398418
1855146
1642579
1536011
1566674
1666550
1981446
1902442
1403604
1112864
1085393
1104324
1939887
286217
2213915
2181355
1773437
1659664
962517
1755853
1125146
1192604
1369996
1957975
1414186
1977481
1385509
1288084
907260
1019975
1912573
360625
634192
1115270
1232594
1375723
1335363
1411456
1245983
1414713
1090571
894320
820542
1005490
1536641
859564
1123695
279613
2148378
1969126
2056659
255756
2245304
781718
880994
1071578
800502
559635
304307
1644744
1844163
2848684
705829
1111287
1766468
1916689
2242903
557208
927877
1133537
1215201
1570649
1752612
1345694
1910411
2077718
2249679
2172530
1993149
1996856
2239116
506632
875197
926125
817800
1091875
1868873
1262744
1736130
2311245
789436
1118290
1154324
1462320
1989641
1864329
2312090
358817
523441
797047
1090469
1664378
1958314
24788518
22648961
20700721
18678986
16544602
14546234
12498831
10341758
8390422
6350274
10883291
8739856
6716445
4635016
6823416
4693086
5576571
3371997
6396579
4246529
2329809
658130
3469944
1319600
1924968
1817601
685480
2017536
1536464
1683992
1206818
1382935
2669874
477333
1617833
1410943
892914
1372520
462575
1530002
2048231
1055394
1537335
406655
2706812
559401
2555979
396049
3111771
920080
583719
2109658
2648869
479678
1016085
1503736
806421
1326938
288769
1399731
373083
1649085
2013994
1308474
1261988
1601500
1606023
1735901
2170190
1888038
1370167
1851067
968474
1233527
874832
1647408
1962569
981214
658519
481487
598087
484079
594249
731943
539724
413859
348433
681217
1932583
1328644
1043484
1509857
1272717
1446769
1646099
919971
1712898
1033529
1027700
662609
1965291
1375928
1327903
2034709
1102462
662377
1131651
1556724
987645
2027411
961376
1040682
1887937
1003550
1539852
1199846
1699794
1301589
2072303
1209956
987587
1820745
329689
1866180
1317930
1556477
940477
1910382
1225605
1121432
702781
2044339
1484334
1045546
1244001
296905
1480945
1282295
2220123
1434261
1197608
1872597
783788
662694
1207490
2125771
1629135
1027846
753873
2039311
1313599
1126401
320725
424195
1489871
1658132
884314
1565917
1509625
1372549
1041547
2144511
1567015
1112250
1554973
1155106
1006974
718563
1961850
1179267
1548091
840153
280064
1707633
1153907
1990155
1120740
1616443
1038911
2266567
1668741
1663996
1288595
297484
1101034
1532328
804431
1818216
1619810
1303907
834029
1578657
1137443
836335
2081526
1718070
1515369
1364141
1284502
1225351
1372404
1651469
1504330
1481686
1357954
812446
1412448
1585019
1498528
1452907
1703111
2108371
2133375
1266531
1375588
1010342
1317692
444739
684576
1982526
1374047
1257800
1860898
1640316
1292808
1902801
2384848
338034
399011
713586
1483779
1577002
291966
618805
644854
404528
1569114
1402395
1023711
1326810
479481
1900708
1294791
1099848
1980489
1050290
949458
497182
1911615
1214224
341728
281660
2124150
2250099
1525378
1084122
1169929
1621969
1292338
412592
367184
283729
1742707
1468135
1244775
830448
2208419
1615496
823258
661696
1419005
851087
1438324
1560401
2166002
1408535
984943
430115
1664425
1910682
1435233
1747256
1401605
656750
876114
1332652
397938
1699317
1181325
1449159
745442
1702627
824248
542784
1197746
1891695
977516
1746668
995780
1404399
701415
264451
1979670
1411814
1157478
1790646
1735700
1633887
1197242
1373835
1486674
1638720
1145432
487431
619662
699395
1043073
1282415
1789196
1261316
1503674
1577181
1666214
2285429
2412945
337251
918228
1269446
1553435
988729
1145752
1115861
999242
895615
1870252
1250701
363895
1873030
1304433
888425
849323
1157562
350340
1335779
1573750
472570
1533378
1268098
1653158
1167483
1030698
486348
1329222
1645888
1216862
1551661
1401365
1601084
1109278
308536
290356
2035980
1232633
1584922
978304
413113
1745403
871708
653757
979012
1088534
265172
1584980
1659016
901225
1481886
876981
1860189
1113591
862809
407572
1441575
1566697
970401
818709
606026
1358622
1182977
1105468
1847595
1309035
1815879
1736804
1170295
1752664
1804474
2348289
2499243
365556
557118
414899
361133
243432
558763
588826
2103401
1423898
2372633
2280888
2358151
633897
674284
581085
218606
1543419
1596026
790831
1454010
831636
925414
2123154
1536481
782798
853125
1497925
827293
917913
267196
1327246
1334572
731335
1875130
1485639
1311697
605836
1440567
1152910
1846097
1356581
1655427
995667
412869
566198
259621
1751691
1360280
1373238
960754
1664554
870763
1030068
1045993
1054441
1377283
2047262
2225009
2182101
1793630
1786729
1814121
2488253
353329
2345567
222570
2232212
1850431
1442035
969040
1731583
1648881
1700293
921215
2312819
614659
1050472
904336
843897
1436145
2159954
2423233
281555
552681
1279826
1607932
1443619
1472593
884983
778052
970732
1204649
1095702
1691051
1216708
1347134
893053
1479644
1092692
343181
574637
351587
752293
1289909
2119148
293579
23405761
21256810
19201094
17134459
15066205
12957860
10938662
8873581
6703506
4646351
2590224
1482043
10471435
8340809
6586032
4695770
2552585
2953599
786729
1364521
1106904
3144880
1011411
1275013
2006666
1478345
2131999
1051488
1333847
1933020
1735386
699100
1751526
1711144
297679
1261764
1685355
2785820
652828
1393534
2987983
827078
3018640
869665
1210767
2734917
552860
1875968
730048
2310889
932300
1734513
1833825
525548
1827558
2528938
393507
1720321
625215
1778938
2120732
614937
1432037
1797037
757162
1128932
3064542
916048
1917326
1359103
2667358
522417
1667383
3177411
1020784
2510119
339128
1375695
1997582
2344206
1277778
1291667
1858992
547496
1527592
1550859
280896
1866573
2222574
1222936
1010947
1345261
1571329
1006867
1683780
1057270
2082027
1549750
1560293
509949
1206333
1422476
1893748
1352634
1163081
1776799
2220407
300528
2133362
2257513
2009305
2080973
2244661
2456090
293842
246973
2190559
1950900
1914179
1659628
1500439
1564402
1474268
1357254
1081964
1535559
1006519
837031
507247
798994
895648
1267713
1703072
1615512
1970263
1907595
380642
807341
740661
326650
1735856
926851
1337887
1032209
1349446
786636
1907957
1048174
1591882
866573
1516296
899891
968466
733849
1791772
1705474
441033
1206195
1136776
437051
1564120
688231
840834
360514
897008
900942
1693907
1434673
398683
1060724
566839
1509990
1347564
756782
1163898
1071114
336960
1338847
1691650
1153778
922609
908586
1354725
1446515
1233577
1902955
2227602
329120
1538439
1228084
1555669
1405660
1399294
1681145
1146315
1688371
1776734
2325047
2112797
1900202
1841863
1831958
1567324
1747774
1439920
981055
850401
640087
396063
2283905
2149652
1986249
884582
829334
660357
1338635
1614602
1526930
1578410
2108084
1940054
1591673
997772
1234012
607532
2095800
1946293
2231263
367223
1396242
727854
1009370
1054592
1227826
1141889
1590086
1040291
1159999
1449087
1678675
2097650
2248741
472167
1691834
1475014
1044880
1080786
570811
1610176
1577233
537420
1512913
1342582
360559
1655599
950640
801255
1300643
805374
1689759
1182965
1908084
1703964
844835
1375294
1307631
1355417
2050109
2335015
236619
2156389
2121881
2027468
2122248
1962410
1274055
783283
906120
1614673
842315
417913
1778384
1434428
658280
2016804
1606525
877584
1177954
947334
1390162
885877
695470
353698
1738927
1461004
1607351
2076182
634855
1194665
1593833
923885
1521507
1095259
1165004
1073635
1166064
1995061
1289068
1655672
1091727
1447685
1806033
2379688
508794
876013
872241
709544
514634
414268
399566
528352
2052695
1490739
1093603
1306450
804907
1999360
1464153
1051279
1553949
1369350
348643
2035660
1690489
971825
1313270
678588
1822624
1259924
807357
1440948
1461631
496092
1946437
1838530
1559812
856483
1396674
1295655
775545
574451
418852
850193
1294399
1520692
1903244
1706254
1730882
1416953
1260980
1465071
423930
2207594
2222226
468685
569638
1028827
1219400
990907
1467430
1130202
1356354
1769380
359146
1338182
1825128
1143887
1306930
1484639
1829175
1979388
2117472
2452624
309914
422279
727257
739842
920819
1891841
589125
1194742
1472422
1266141
1382748
1729260
885076
1142917
1053127
1063623
1658466
1992510
2357028
378819
2352215
370342
1560901
1925222
1702739
1524048
1110180
1661663
1420563
1140299
1576231
1110409
1075706
1046058
1369695
1477981
2081942
1317350
1203351
1594852
996555
885245
732688
2236291
2324359
350228
970569
1013449
803481
998125
947050
1146547
1467271
1595350
906586
2156712
1900147
2049584
1946374
1758287
1257705
1815751
1750718
1404302
2083577
674431
801904
464362
1860146
1418368
788842
1213936
1094339
1581189
1600157
271517
1535010
911101
659314
1025833
875739
1274352
658556
2122308
1756017
1417995
1843248
1943223
362547
1690623
1150492
504022
1893746
1254243
1872095
1554577
1278886
1337602
1218468
1087927
848653
856229
1765045
1519333
1421538
1316939
916823
1652030
1003109
599279
1268920
1603185
843741
1189840
756297
2356236
2650681
507521
1119387
22982506
20855116
18829644
16724456
14603326
12552036
10440744
8302507
6250325
11284210
9140006
7077381
4992934
2847726
6014836
3885327
6040405
3906708
5387753
3254411
5818486
3647515
1598827
1104007
3290512
1132121
2488605
358031
1342466
716867
1239871
330446
1339313
1654737
316379
1022218
1061045
2165414
1254796
1450231
688951
1087640
2647057
491973
1653745
1650203
281088
1351839
1377699
362384
1934067
2001910
725726
1981682
2059149
963534
1796986
1440556
2672091
475896
1306423
2417391
1102716
1198030
2326925
1188709
1673009
739016
1058986
2035891
570317
1113752
916963
2447532
312559
1933685
705642
991038
2177348
1176876
1053821
1593132
1000931
616453
239020
224787
293198
359135
520508
880138
956509
819494
834814
913679
715232
1092916
456842
327474
253481
253093
542966
269317
272995
355497
266636
378982
453960
741004
309802
686246
635234
1026040
655454
1061410
930580
934480
603933
248637
303494
328528
306972
285126
269863
616579
353923
561750
297270
400078
489164
394587
683185
495160
386969
593598
581293
361670
377534
276824
272515
317044
245706
323885
282426
467658
421314
267422
1014594
686726
845275
729466
498560
1299813
1058715
995250
307250
1136206
1102722
461621
638085
465861
406418
619190
933720
889706
451840
879016
273949
472568
512924
544240
601668
672447
1136929
761140
343663
317019
259187
258288
265817
347141
367549
247226
442853
315157
315824
421095
370927
360679
245786
288132
271933
226455
277162
393642
272431
263142
401967
529865
718545
646053
828372
431924
1073720
828687
364630
240715
385858
553313
632343
882864
282602
403642
1111214
498614
1223829
990027
436238
309630
4025818
451290
749780
463717
332215
430512
259090
309751
472908
676336
542295
297093
1062113
392226
537883
321806
380405
445478
279201
590688
388353
392733
396882
572090
369708
555263
714038
773898
942415
256240
312444
364717
494149
560848
601693
463534
870816
1175610
761128
866685
1030903
827025
862262
852779
1252431
814500
1488236
970564
689388
1980191
1064060
624082
1194689
1120299
1357471
571289
503004
533095
678027
722535
1028717
1108170
1347816
786289
1039735
845849
669924
889329
951584
400804
1520897
637733
255423
1673244
1417755
1661390
2090984
346732
475770
1015350
1376620
1608154
933446
1284912
1079357
498462
706060
1127670
1456896
1403478
1350595
1607754
1924605
1653088
2093729
2334606
1401898
965956
1088267
1020455
864945
455528
1843842
1097946
1438042
1049851
434007
1566939
1021995
2076059
1504398
1501370
1062712
1443485
481977
1622482
783662
467761
1866365
1203304
1118160
2002700
1249609
1054378
279352
1548110
1216990
1871112
1487731
259195
1435674
407434
1040893
1230472
412198
1405902
1197844
1865076
1246587
1616506
1001016
1819696
882818
990599
1960010
1208010
1613854
500251
1409606
836077
1135393
542384
1707952
1254265
1021446
1487777
869881
1204870
1417370
1069878
2257073
1636688
1226533
1543279
363995
1441851
450298
1800009
1448711
446527
1548383
694211
398001
1135262
1049509
516995
1216865
737309
1915797
855288
875051
473492
1926159
1389498
959847
1378097
1738900
928250
634880
344438
2286335
286763
781115
1469679
872845
1178508
707700
2167640
1567333
1082024
1685671
2063597
2319800
308846
1048256
1364773
1327089
1353369
959317
1260754
1441970
1433199
1690263
298367
697181
748880
920183
1244456
1313828
1762185
1227460
1549528
1702213
2101144
2093177
1942231
2950789
857565
1912197
1852828
2224745
801247
1130260
990700
350761
965494
1057191
911203
1350672
1787536
1424282
1921287
486819
854571
841711
874717
572476
317833
429509
529537
941609
952374
1335102
1227522
1980273
2121303
292817
473089
679310
1102953
1286868
1333116
1380308
1539096
1283818
2291435
352811
1500587
1303604
981384
669425
719474
839711
1068367
1254736
1827870
1376805
2039556
2049328
2060518
2157487
354422
689273
797234
745892
661641
485419
2064692
1729563
2153666
362201
458125
21540881
19406402
17349074
15269791
13173162
11087891
8986335
6837454
12506177
10361135
8303385
6250267
4098038
2051059
5282485
3157220
6166645
4029872
4044777
1895325
4532906
2411162
1161030
2032202
544176
2081885
2148297
2219351
543256
1001797
2553826
423841
1887455
2841949
701218
2421358
288029
1262389
2810845
645133
1658854
645131
2412012
284768
300509
1820664
263880
1185513
1753582
1655003
741136
1834231
2007759
2595331
437559
1785406
1015438
1209634
502932
1986887
286259
1650556
1733111
1688897
1049839
1155191
2149208
648610
1371448
1248716
2571024
426514
1589613
741334
1230835
496792
1262168
1115585
2417448
271180
1908724
1785903
1355029
1098583
825087
509755
502072
445833
303459
311989
281549
401628
290804
622159
456330
548830
819951
760407
685832
922490
675570
1121139
1008188
303884
1063203
1383508
987091
1234705
427219
569369
523824
310395
658854
843658
732380
661185
623184
833585
1470730
903711
909751
735112
310428
1422789
1483022
978868
1332449
1167654
1156514
1442045
1273493
1221008
1681490
979541
1194998
1216891
1078249
1010261
1509347
1573231
1440162
759950
1144388
1290588
1479379
1340557
1554839
913306
1419936
1391619
1479238
426416
545006
895611
1123649
1143276
1765619
1084176
1559716
1909148
1075473
305929
341838
291172
407582
233236
393275
339298
576063
670566
890171
1118507
801698
1058358
823719
904493
816367
615624
322276
440397
388494
244451
341614
524806
372569
270677
266337
377773
357090
270835
677383
634713
619965
578190
631403
1014698
764046
329549
550256
742807
711329
912967
929619
1272181
969485
803690
1429942
1537200
378113
624462
918305
961212
439862
357602
239467
388343
514297
274174
507586
285739
276758
226088
436113
368651
339397
796489
608497
599143
919047
336516
302868
334468
255212
283979
267684
486020
332172
239747
231371
241565
254541
357458
311101
279576
342982
347608
338784
315853
448820
387952
698054
248708
1023575
664192
558357
964143
710046
373328
1067371
258555
278760
306290
317538
225597
412353
339835
249272
357924
248833
481917
307115
490076
725253
670459
735789
278828
589049
325786
302032
1258669
647560
1043126
407890
1042838
1256073
766164
1363829
2256786
490812
383266
355836
303486
277976
357266
346715
564317
657300
813474
681976
1010230
598263
908365
1120860
248871
1485559
367075
820541
1372282
1047915
374803
1288136
1014365
573058
1427148
953454
979459
945473
1433927
727563
1933096
1157083
1554478
474688
1654301
973214
941598
939700
1600283
895681
1147799
2064813
1380612
1276820
279853
1024272
775266
1703544
1521028
960014
1552250
748440
593502
2138645
1779399
1135726
897599
1983480
956952
1400876
2203866
1109216
1529567
1178952
1733430
2087054
2033185
2516280
362877
829675
968742
980436
1019588
984509
1437231
1487868
1048084
1007834
1779196
1459389
1085653
717878
595720
1253666
966259
1095507
1719959
1645336
1465014
1250156
1396887
1366817
676674
477574
724401
1824639
1397820
1567144
1785563
2603475
449106
672279
731288
742908
345005
1795688
1681029
2141034
1984878
2373566
493068
900359
1607590
1847152
1971288
1852824
2090513
1983537
1822618
1771612
1903118
1877785
2500136
368356
277628
2200567
2366119
463574
771197
1097770
1163917
1655713
2177103
354546
722224
869182
1032963
1772841
1587338
1720759
1572550
1372822
1055715
1153165
1072763
1034121
1581460
870768
1113585
1466091
1397819
1637608
1433699
1880858
2059793
1945996
2025554
1652035
2372432
588546
648917
2353487
2463766
328039
2187753
339991
1360025
972506
740259
693498
548114
930558
1056609
1377087
1416478
857164
1761177
1735304
1872946
2662185
529264
1425866
1647573
1180649
1536065
1728367
1340960
1529880
2063715
439385
680343
879290
1073903
1573324
895383
1584954
1763368
1678289
1121181
1316515
900944
1800948
1891722
1837761
1779403
1089386
1512838
2035458
364492
1502847
1081999
1169290
2030392
446884
567000
538441
433032
266181
816541
22883578
20737770
18688784
16603455
14465777
12470118
10390406
8342477
6187192
4087485
11271867
9114708
7091053
5030799
6002571
3858799
5601616
3509836
5675503
3555608
1483881
3252953
1072118
2260236
1289713
2336649
1625179
1534735
443979
1737531
2389016
909746
1687687
2420360
1518703
2075858
1857327
2136222
342005
1073240
2108994
1712025
1345774
723375
1388215
469830
1782316
2293773
655957
1456456
1481120
1337160
1058467
1949526
1836703
1050665
1397353
2616250
473579
1933255
1822333
445180
1429981
1648425
2781671
635978
1951761
2108412
789900
1296809
1324191
1926805
1676864
828178
1231159
2672360
506588
1164920
2368352
1630921
1644067
2634876
449604
1528796
735060
1099575
1110978
832714
946154
1534187
1056958
1534420
1644927
877431
1783882
1822379
1493202
1100547
1689070
1113078
1088560
1308096
1688185
2335843
472233
2175016
2067112
1972518
1955422
1733846
1119668
1628639
1636964
637887
1480704
935448
714398
1847864
935803
1320142
1776707
1584812
477234
1336797
732956
1028782
1229890
998359
1797944
874353
738177
762804
1779787
1001753
1236437
1739155
1431874
1289260
380975
1330992
1036134
1679757
1363405
400944
1317554
1456201
320601
1168950
870714
1844570
1227562
1247402
417990
1204649
1270925
1812842
1007123
792134
1680767
1189996
1605323
1516397
898527
1546902
1293918
2070387
956974
656726
1932305
992227
829069
2044599
1086265
761394
1605358
1595720
1715522
1029532
294722
1531114
1413812
1107085
604164
487702
3387373
1254111
2244438
2597737
463967
651001
471592
569729
1105977
1705256
1871602
1166215
1325114
1088916
920403
1588781
350353
776464
863231
866242
784790
892528
1441702
1651475
1411616
1856823
2228456
1943531
1375546
1814630
1303084
1376568
1054161
455609
1714734
1092501
1523463
736678
1818158
1228495
1111660
624391
1367782
1204306
1049559
1158294
1865749
990977
969823
1865159
990282
881091
2040258
1032873
688092
884919
552886
1217820
1052385
1332443
401298
1419714
966693
1436358
770802
650174
338564
2008987
1795588
2210074
1915852
1807799
1212481
1451470
1001965
1635615
1678427
1495447
1298205
1407686
1440268
973362
1845428
2499292
357812
675931
904776
1130834
1379725
1430717
1862671
950027
1764427
2020073
2062717
2450066
293623
787360
836773
1898318
1147348
822719
1489205
1127663
1574263
1053402
1232646
1247059
1504498
1577326
1484509
1515343
1489346
340716
918045
1488187
1059921
1060272
1551630
1851465
1319383
2277550
727028
956653
1591283
1857793
1460924
1197852
1769965
1362356
983392
1216834
1463333
1706906
1403634
1266926
1525870
1483922
1831171
1510993
1559829
887245
1754102
1615139
1752429
940815
1862647
2087536
2101251
2247487
2076566
1660789
1399426
1620473
1446992
1315543
1335128
1826099
1546749
1964020
2383436
1901148
1575398
858902
1105290
559007
427590
1571799
1162987
1181833
1124797
1516996
2488456
358163
1206129
1365685
1765927
955500
1327030
2154264
2273886
1784473
1720173
1722402
2092504
2424645
281093
446283
583562
652583
432925
1165435
1532101
1855356
2305469
573026
1024731
1267279
894471
1044572
960853
925684
1180223
890884
1180363
1236347
1155255
1431571
1949679
2252755
283318
2188046
2393353
245868
817257
1138043
1246478
2163687
2448873
303126
282776
2205106
2417400
274040
960234
1321761
1138069
1210446
1741601
2276037
276180
347009
504341
986610
1366278
906539
1762695
1203650
2056135
429772
585258
676194
612516
1924002
1525204
1312252
1148512
1106591
1135470
1002525
757973
692255
530715
1730600
2221691
2588858
464172
1767150
1106836
553853
1360279
1838555
1569279
824717
1178962
1571711
1179751
1528557
1241753
2146880
2130752
2499116
339704
363885
2358486
569167
751174
1357725
857584
1547751
1723123
935037
980446
1537684
1799647
2086304
2583236
439737
1206551
1393585
759291
1847368
1856345
1676564
2407754
299431
751296
718691
1188214
2092539
1839515
1312669
1582882
1014245
562314
1778086
1764667
1210188
327239
2041319
1833205
1384190
1194260
1644470
885994
312263
1402735
1257836
1594995
1640277
1007026
343865
19397996
17258452
15206788
13143488
11021336
8935020
6853714
4805732
12106005
9958010
7899267
5892092
3721972
6472327
4367896
2400286
920622
4860118
2769528
3665668
1525574
2237847
3336499
1194785
1476413
1419921
2169417
1012167
1836744
1316714
570359
1178242
1102310
2338708
1355709
1223232
1406975
1937300
1622352
306811
1788201
2835813
722312
2067409
1239311
1570067
784355
2070370
2610825
439346
1013606
1590245
2010581
928985
1810596
2104776
862663
1373048
500171
1955632
2209528
731962
1553978
843631
1504075
2101014
1999280
880921
1171425
2932825
803332
1522612
2648853
492079
976821
1901094
355387
1294824
1789280
372704
1024660
949622
2050261
735728
1591258
1469841
2066673
470831
1499311
1563388
2535991
346196
1715744
1556196
2239960
545991
1519477
1852346
423923
1102381
1765432
1117047
1346094
1693878
1627809
1858328
2576665
428700
1869702
1263665
885260
1207423
1439519
2004697
1096545
989142
1669001
1046591
1847354
1938096
1197048
1213033
1021459
1400876
844244
531612
2356473
368650
1385397
691771
756215
324100
1226075
1160745
691419
1502196
1693312
914421
1173014
947983
1769661
861269
652461
1539186
1341524
363779
949044
1606499
960666
1939271
841467
278517
844585
739469
2007894
1134007
932781
1762055
838983
1525052
650917
2077922
1260857
1864065
1656985
1312263
695256
1729825
1683123
1157243
583189
1428229
1574136
966538
455226
2188660
2019063
1834122
2027725
1498737
1681988
1789869
2082574
2190447
2155789
2329083
2278198
2400539
556790
1814990
1170327
940599
1640949
915320
987690
1282046
1406778
1397011
1645026
931506
1107075
1179797
1405266
1677715
2326984
758910
867408
759218
690621
1046884
1556711
1702120
1012922
2004809
1757758
1335434
1879399
1520956
2078045
1565187
1391687
1249522
1327934
2115139
559369
782632
917574
777560
638914
2125187
1292307
739548
794963
1906611
949408
803482
1064162
893273
2061558
1381160
1847651
1322607
866361
1672562
737801
384246
1950021
1783143
1408625
499219
775392
993245
1089647
1576845
1739065
2020633
434470
777210
956545
762574
772263
2033070
1135028
1239973
1901019
1135160
979486
1652193
1432992
487471
1560877
1084188
2165385
1633941
674924
1577858
1630649
563435
1766394
1639304
306249
1177115
1222976
1571862
993620
1969159
1650912
1042012
1567043
1900639
1242300
967057
1598896
926714
698289
533332
467480
654095
404550
557079
496654
656163
732712
688666
1615717
1258586
1665275
1245696
1103282
1000732
1513796
600012
1118467
1210160
893315
2225670
1900218
1190538
1315656
689979
2139656
1419004
1290658
540713
1182468
646785
824868
1550546
1654413
1996433
1567134
1644669
1249704
1580030
2318318
422423
381399
2152582
2199317
1897579
1978670
2024828
463389
1165388
1233906
1090901
734064
815576
873622
1245600
1008022
1295298
1315555
931993
337459
1732406
1184393
1332238
830492
1398076
1075327
2097205
1366126
1638903
763346
1964772
1014706
806210
1230180
1121343
1142417
1462507
1728139
1288390
1566500
813271
2195574
1870683
767792
293110
362827
2028729
1597620
1489090
832328
1601073
1503416
1186246
1721688
1522645
1467601
1109144
1998907
2218338
2057901
1982907
1535082
2110011
508225
1094606
1417273
1846213
1075321
1097262
1316405
1492004
1679294
1146473
1314601
931578
1230513
1323261
1426916
1567539
1466040
1181970
1074096
1037618
1365099
1411175
1303575
1195648
1359548
2297655
412269
592059
2246643
1484444
854195
416866
1329713
926084
939398
1740702
1391266
1683889
1358524
1255740
1653133
1449563
327072
1388843
1181266
596151
2141921
1619978
1695296
1689212
1531828
1736277
297290
1382559
1563276
1273029
1524418
646416
441185
1525437
389095
849580
1130045
1221151
912349
1208229
1309606
693462
393104
1553313
1069553
1277279
806165
1044738
396331
931899
1038917
1892297
1380847
1846506
834907
642178
1576393
1460480
392056
1282090
1079497
2231688
2037287
1530717
1746282
982061
1736966
1598177
1322759
1006613
969843
679716
435962
1599322
1532456
1676423
978236
1663350
1808970
2671445
549487
24203324
22075941
20059254
18020512
15898628
13852429
11787935
9643886
7657459
5552092
10915270
8772781
6768132
4736762
6630156
4465241
2502169
3304018
1162047
3831869
1701771
3183782
1041611
1657033
3445715
1306594
1825302
2390593
1691906
2123597
1554273
1213124
1686834
2595266
445291
1530624
1450552
2803250
655404
1925793
1172896
1750737
426568
1562397
1988534
814952
1264716
1324927
2590417
444012
1583661
1658828
580981
1950410
299604
851675
1719206
2610832
451948
1636415
995932
2532872
372248
1544345
566428
521548
1517749
1969269
1139165
1254329
667172
1407934
1658092
2081563
1448686
1307566
1753042
2793619
556398
1668077
1935075
972626
1352550
3041012
887425
1882475
1882442
1908536
1415897
1497344
959155
1786987
2054788
2138975
2122544
304181
952243
1169269
1138609
714824
1574877
1339303
977127
611615
509824
2255745
299918
473218
689686
532304
570923
1861565
1464979
1678051
1879260
1390843
1357700
1634267
1505991
1456192
1834211
1838726
1808162
2066159
2023733
1964337
2084346
2683925
557572
1768486
962326
1500054
2041655
335682
593841
1427382
1507016
1406055
1461715
644663
1660948
1683768
596145
1556497
1328726
1464243
1557079
1553371
1034947
826129
1450814
1424709
1916783
1022853
1134305
2002278
1255364
1258454
314155
1586530
1707727
1062760
756556
2221945
1607664
1794592
1648572
894010
552730
460702
291807
656232
1082885
1295933
993696
391484
2169241
2286663
2373070
355637
430766
555646
790112
1236465
1075974
1006768
1002335
1796566
1773415
1694913
1702139
2363404
385754
864608
1336464
1841350
1851426
1618313
1914587
2128236
2277673
2347413
2271327
2434651
299362
1240452
1175975
914977
2105904
1326528
1305048
884969
1885483
1468045
1517258
1369474
1741064
1796926
2052817
1888534
1142043
336902
2260194
1940463
1643578
1450618
1509024
1461844
1582244
2028772
1549505
1572309
1505809
1389071
835157
1645490
1457727
1874461
1296777
2051346
2283377
2293280
2087595
2078479
1595299
1151503
727492
967986
909145
1374401
1772882
1072369
1070639
1001152
1054776
1609639
1377144
946319
1445578
1705726
1114748
1560779
1615976
2073885
2472475
357300
436540
1627049
1191100
879703
2140798
1680322
1139747
1455324
1211446
1051758
956867
975847
1581082
963712
1892923
1587093
1266108
1003044
799006
777589
2206848
2376973
477766
2250734
1689148
1381258
1715490
1048373
1832520
1272518
1027572
1205841
459641
1174740
1370607
889470
636327
2250794
2102657
1603184
1640902
1881498
1831327
1590528
1355811
1062096
1584275
995788
537719
1492824
1481427
1072715
1341697
872711
2058465
1041000
2244719
1702397
1013147
1163653
547727
317137
2131828
1595925
1856195
1243292
391514
1831733
1521045
1247713
1050068
1025468
1455281
1818183
1805747
1272823
1848741
1590349
1384908
1471239
648674
907518
1964673
1412632
1367622
1446526
1588179
1399051
768059
923928
922224
786313
607558
769403
847478
589630
490442
471425
718167
864137
1756747
1531496
2308425
2200587
1941079
1862262
1817362
2370870
599048
296472
2261132
309737
2345671
1758622
1557895
1029458
1582852
2200165
1384444
1224409
1084739
799695
1210568
1419839
919197
984056
1004716
985796
2096759
701754
1009819
869131
422078
2360164
2292134
2479449
321761
900271
744543
360587
1923525
1574235
1458192
1172594
1207232
1054139
1615443
1172807
1173688
1086404
948138
537072
331649
2210269
1893442
1412528
1125128
1792237
1072837
690945
338819
1891896
1522507
1181722
1115178
1745379
2228119
2195018
2555951
462882
1004179
1029262
1736181
1695867
1504649
1210284
507059
306051
772066
1558442
879944
1106659
1851501
1687970
1795894
1827584
1678593
1666469
1510028
1234050
1441955
1967498
326969
835791
847577
1439685
1849957
1819931
1141016
1965029
2304569
326027
1800532
1879810
1557047
1153152
1586445
1920184
2153686
2139642
2205272
2155532
434658
694485
598452
2059771
1312736
1443487
2101078
1274513
1439919
530281
856042
496874
1000741
542571
1759892
891443
1357639
1045828
524525
1692291
1221791
1875915
960766
1673573
1631714
1862856
1272358
1176783
746524
23692806
21544281
19563939
17492635
15361738
13435993
11529907
9392941
7494081
10019375
7867494
5825774
3733329
6938154
4797206
2890587
5682123
3490918
2229989
3907420
1770350
2139377
2674456
523507
2501481
375334
2558755
426090
1387465
957436
2143660
773673
1546098
2061200
1117868
1378236
665385
1309783
2637782
503133
1041408
2565651
431220
1882661
378339
1533886
2022139
1136267
1975126
1966836
620585
1435856
1538712
490786
1426436
1602920
559283
1938428
1920483
521564
1337946
965749
1559963
1272523
1733180
1574635
2356060
333842
1922594
2298710
2728354
563844
1892082
1648710
1309158
1616999
1465398
899115
879702
1112570
1340341
1082320
2708003
557316
1948762
1647419
1247453
1121379
1862034
2732560
584765
1494615
613691
1507888
1131519
326690
1026901
1592742
1918265
1350656
713148
764116
660532
425614
1108672
1380481
699510
398099
1442336
1539130
787278
882698
1867125
1050529
1297238
1060533
362361
823071
589576
603109
1146573
624625
459983
349542
392678
650779
951051
432116
788037
437053
408610
470886
330501
388081
433582
751569
499269
456863
531996
694292
437170
909576
362914
1043318
1062222
1692478
927385
1116532
877613
1721554
769340
1864705
1340372
1726821
441917
1188908
552831
639339
759880
606864
254823
575265
1060275
479421
462423
410298
403619
471129
486050
306207
414309
402263
270606
256208
347545
507634
352534
661579
688698
385503
940443
632261
761260
338544
234631
432850
333241
665201
572984
551414
384116
512862
906209
264854
290702
407073
312957
315710
655665
472716
524805
500601
728965
583221
280989
449028
475961
424937
447945
525035
416282
871308
1443931
793400
829997
841292
1674351
447432
1435634
1535582
984591
799323
380355
704179
456601
1322600
427870
602555
673197
986659
899714
475498
1593781
1421456
1832992
366355
924572
1314085
1489204
953443
1235813
455191
1255219
1116091
357246
1469228
733203
1302243
374474
1412575
1841059
1549939
856417
1845713
864953
662477
1153084
939283
492957
479885
603441
824326
736108
1063160
302449
809618
902623
977783
1271843
694169
545189
363979
1110837
1192306
537338
1680379
858523
814528
1492589
1075056
1721663
1483141
545049
1357714
1510147
292432
1574449
1691396
1521260
1192601
1065978
823431
1557536
1307998
1379013
1707831
1688257
2176669
513914
942534
967995
712388
755118
774120
1301933
1261375
1640152
2089273
432132
691881
1089608
1524901
1382473
1181162
1474517
1601753
1267365
914120
822947
1086722
1248527
1236243
1383471
1143081
1433213
1779348
2343807
2323836
292847
818663
1027717
1470230
1801261
950955
1308550
1233181
1378381
1619174
1535865
1654513
438834
1025216
1088441
1017461
316073
488647
2589603
452518
1262313
1875574
966141
1210483
1139183
1741787
886912
993156
1525111
1618389
1533920
1643154
2126976
827761
1379642
1483877
1560267
1747131
867549
827531
1786423
1498500
1239997
1220764
912109
962978
420023
1229002
945481
2022710
1422650
737405
2098622
2040937
2249384
2158306
2486738
336881
428612
362395
2433639
287501
1349524
1202416
1571206
1313398
1751511
665841
982167
1163765
733746
1516614
1499283
1529405
924871
1031222
1940413
1335784
572276
1648649
1682129
325300
1434097
889442
2202134
1992459
1125283
2305833
2194389
1928128
2098340
274106
792076
1193649
1252561
1196129
1046236
1248767
1089234
498427
2031121
1945650
1998259
1676126
2141950
1775487
2309296
2364191
1507853
946284
1467326
1294421
1881616
1883360
1252072
1396850
1625550
1423679
1293551
1165591
1297840
1427326
1367784
1943733
1870945
1361366
1278670
1072182
1125390
1321311
1755457
501332
625178
2072517
2271098
2522417
355873
1142988
1418404
1353229
1074398
493949
384213
320499
2228407
1796285
1299634
1770778
733311
2222526
2156646
2243428
805311
1927526
2067117
2270414
239078
821674
1029212
1844670
1766161
1785728
1814190
2074582
2043038
423337
1780042
1582734
2052366
2396302
264061
311863
809084
1299789
1475917
1602327
1696366
1508979
1981393
23158232
21023773
18950280
16886583
14735498
12675092
10574277
8436526
6371186
4326736
6650315
4505097
2495569
10638353
8517805
6488542
4476024
2353094
3505370
1368429
2006153
2221328
1597790
1661676
3446001
1287196
1822175
2284170
2081128
2522874
393456
1813856
978496
1082861
2240591
1143119
1027551
2292022
1347020
1994385
1189441
1722902
670406
1804627
1472322
1848288
1136963
2563321
407839
2551450
406410
1604634
1608625
510559
1405292
1225288
2089520
1641440
2160070
1134222
1259858
2358574
1006900
1116018
2993058
847054
2051277
2304079
722462
1163424
602329
1474177
1595581
592995
1502199
1538942
2601375
443680
1287996
475895
1239215
2501380
367678
1812577
669027
2037230
1930730
635927
2011292
2672730
520738
1937790
1597034
1373165
1547389
1869638
1879187
2157506
1684931
1106777
1421856
957916
509559
1234362
1644608
2007506
2016403
1973627
1328504
1127063
1013254
1840232
1279343
1743169
1956006
2387358
2123962
2296886
2356416
650701
1347782
2155086
1616886
2049645
2268142
2417823
426614
464676
707287
1497508
854440
1105068
1665830
2268153
505275
487696
530875
334645
566126
809978
1602717
1316096
1246100
1239200
1328371
1055421
1852371
2101431
1834299
1870532
2416140
287191
1079908
955510
980111
1075721
1027917
565646
339198
528230
557767
957629
1564762
1489822
1152165
1163478
1785847
1834362
1675131
1574499
2694779
532904
1719548
1703738
1850523
899450
1455944
216090
2597313
465441
1847477
1698567
1865652
2424068
296954
1088796
926509
2417523
280368
357887
2020540
1529726
1223549
1410591
1225729
354396
1648200
1002168
1110505
1486459
1634463
1978414
1782828
1359201
921116
1310506
1600427
1365227
921048
1184266
1475362
1329028
2190308
556980
1058109
690032
1110164
953647
1144438
997009
1165201
1309864
1984462
1321728
854537
1431529
1564382
1418607
1102246
792272
610377
538008
893000
1619804
979938
1027324
1134658
1174647
964031
1926378
2347956
733181
996738
1278092
1305338
1288634
1330722
908309
1314469
1387435
1530113
1841588
1905490
2344252
385002
428894
338014
513190
773506
633577
714898
1119256
892780
1234941
1628576
1606909
1785006
1952506
2103616
2296073
605125
956819
1436161
1595686
1490369
1178109
884147
855699
668625
718708
1077571
1376666
1134566
642846
687222
325818
2128316
1766336
1586974
1418974
1339893
1373849
1248205
1604506
757350
2004696
976863
1488098
1987816
1241052
1168321
261449
1184817
1336662
1559549
1236306
1098191
1913401
1319282
1392749
2100867
950802
1003874
1641051
1035820
1364758
1003371
1493762
966621
2032560
1209025
1532586
771310
2140352
1991682
1771163
1809150
1468894
1671664
1203401
860685
867655
782476
670815
692157
1815627
1329599
2080916
563242
748322
684325
2115406
1573533
1190664
1505135
1847869
1559936
1764438
1649410
1591295
1480257
1600590
1177793
1430597
1371865
1305084
1503925
1345923
1881131
1064192
1297112
2154630
327011
697582
1467599
1070395
867538
1253498
1923812
1809753
2081193
1879607
1780166
2004249
289472
546783
445800
2102863
2407577
284237
1027379
1453158
1188692
1371790
1302101
1806573
1695481
2273258
365110
1230791
1735995
2370104
683736
503285
831612
719026
367847
2093577
1185951
1605052
744432
2097703
1315217
1720393
2148049
1652981
1436026
494929
2073902
1643334
1107117
1587246
1449418
1170315
648747
1923581
1741769
1187139
1389435
1580700
1993000
1153534
1447723
1835916
1824760
2236260
858173
1207701
1066296
1130765
1796152
1356095
1255100
885377
1434266
1174721
911881
347054
497467
907335
1242676
1395272
1323966
1139353
891301
458760
432131
2291362
2254338
1931011
2077028
1654351
1494014
1980734
1888613
1271321
1497418
1950972
488397
598307
301936
452283
1055722
1285668
975294
779263
953072
1000334
1073520
1124782
1402220
1472078
908755
1150709
1685498
1798495
1562155
2435467
313389
755908
772222
970937
1000924
1238927
1696677
1555763
1901168
2237174
2290531
405545
2477477
293206
655411
1780759
1742778
1656947
1263327
1051101
1069627
1143553
1066915
1184592
1867083
1807726
2000113
24798445
22657480
20646006
18627260
16489862
14433428
12383360
10238130
8143889
6154479
9645830
7590816
5534148
3479004
6030429
3892466
5810573
3664955
5059424
2916879
6957637
4814662
2792650
2035717
2006496
1412645
1146671
1870626
2403774
1344743
986053
1715914
654009
1406553
1651727
1087523
1255769
465860
986202
1778707
2092287
1200095
1457645
1100728
1889906
2056236
463949
1046744
1186715
2451105
314637
1008279
1761164
2662375
505101
1563254
686036
1422534
2567788
422194
1390296
3425425
1249991
798844
1778796
1744759
2205963
1662078
1902796
652974
1029455
1479977
858872
1199756
937207
1029216
1071419
1810812
1834232
1558269
1779289
2525249
427449
1472806
1484294
1240794
825957
1325940
1444571
1901961
2629743
486816
509823
2217451
2124222
2492325
340884
402216
1962359
1255303
914782
1544784
1559069
1539932
1511281
1276850
1008656
1432982
1944078
1995919
2018557
1363065
860523
804755
343956
1911973
477063
727098
997052
645784
2233560
779383
292577
1341685
1243205
577667
1457391
840904
321292
1323262
1670889
579515
1036515
1673913
909387
596429
733188
1555717
1072024
1444651
1570187
1441928
848909
1289915
1104118
658357
502960
2114181
1791961
1717995
2456490
306592
883014
889795
1241018
324295
2130750
1795957
1141055
1110130
924956
1445593
642183
1704011
956214
1091903
408983
1822784
1033713
1312340
691114
1305578
474998
1687916
843679
570258
1314296
1330892
1600857
629351
1433247
1569408
652005
1803108
1013774
675000
1803214
1037264
1090159
342379
1546284
1322326
397878
1198470
652625
2058100
1500132
1225468
968290
300806
2162975
2292730
2503639
386296
1496968
797043
2499290
345485
901106
719446
861511
1188834
1585640
1098682
1091850
1024171
1261084
1662767
2016267
3336901
1197804
742416
1192187
1288449
1280835
1547005
1308489
1613307
893898
1744459
1777910
1511766
2233959
361628
716757
707473
2267669
331149
403041
673173
1029765
1236939
1664903
918290
955408
1119397
897106
886428
484530
2149750
1846310
1891132
1829018
1614035
1758257
2589583
439235
1227068
1831230
1118284
1286336
1318833
2249790
315303
589633
460860
778026
1088916
1413426
1416153
1534939
1421132
1209263
1444441
804289
325420
1418278
1922819
1281241
369883
317542
1635493
879920
1575871
771562
1001744
1458258
1159374
760763
449720
2254841
2334976
451177
1491027
1182076
1154222
1594509
1213044
1119182
1052885
676562
1873834
1133412
1262134
599106
835748
873940
1924743
1293130
1967152
1189599
1423190
1220371
1122861
2016608
1995545
1863510
1558454
1545038
2056600
683921
589452
619370
784159
1149065
1800863
913099
1611032
1846254
1296963
1813533
2064436
2077967
2028391
603775
1597171
1738187
1905082
1130742
1681550
859256
880190
1847567
1701155
1667782
1611813
1653175
2356490
599521
976124
1239340
1363282
1112166
1730547
2109619
1845353
2133339
466250
521572
2126209
1440260
1655808
1422205
1629411
1749742
1843547
1927353
1975491
1209414
1090978
1846504
2372147
226070
1226133
1337182
1483510
1765594
1001184
559732
2332523
2013376
855400
1322352
1635961
849316
1619596
1127730
2162645
2202594
2141281
422235
870306
1051242
1542982
1795461
1881107
1199510
1270692
1607799
1666293
1465183
1625669
1070697
1206766
1334468
1371932
1560954
1746147
1023074
1063280
1208822
1837253
2403340
320146
524786
824502
608095
486153
2230337
1946287
1876558
1976818
2073962
1436911
1100557
1616351
1614939
1268580
594391
2034563
1794011
1285229
2067614
1219177
995955
1440895
838482
885966
1952839
1929305
1490397
1150536
1414672
1690114
2152242
568007
988211
1545565
1161518
1394578
1111912
1424148
932977
1268234
1338359
911614
669658
1271006
1313723
1267508
1298269
1166323
2342571
1370726
309833
1617007
923991
1257724
1328169
1841171
1423122
1600247
1197705
1586871
2089864
365698
1089714
1414612
1416365
1627836
1287466
1353157
1730791
1789912
1009765
1327688
1870042
2523314
382549
397964
340222
698038
1046052
1141361
1241736
1159784
1074947
771972
920371
1449022
1028101
1463862
2011287
1418911
1539695
1182057
1278032
21140502
19002904
16926271
14963641
12815636
10738803
8660129
6513071
4437182
11484081
9303620
7288427
5298175
3160650
1175288
4734180
2576209
3859314
1714527
4073731
1926832
1872179
2224767
1136126
2156736
1739452
2560725
448073
1818843
309929
1250468
2603427
1937528
2744160
605023
1841987
1112101
1271006
1073427
2275624
1415608
1883698
793649
1076499
1870585
2246675
1536536
2168777
1477300
1554256
2859533
727382
1397040
1747763
526368
1819876
1678817
2711869
592572
1933546
823094
1701747
2466255
318690
1221150
2997997
824960
918621
2472080
1830508
2363448
1516761
1619355
2818710
672338
725580
1965419
1395821
1981949
1073755
1275096
2547711
893590
2064327
2492306
1296015
955302
1541271
2231565
726811
1973134
2118337
2828931
667252
2321144
1356126
1769345
1090259
1368844
1558216
2170461
612608
775756
813940
1465434
1210826
1951558
375020
1109148
1884273
1446522
1349008
1624168
1723995
2030805
1968388
2023866
1585188
1430761
1994055
2338871
532455
837475
1129847
1419966
1282083
1605975
1450981
1562812
1172403
1192629
1136915
929391
885173
965229
1545601
2546721
431318
962757
494478
1601821
1394864
1561638
2134442
1519904
1135238
2030342
1293144
1037768
2146840
1444765
1471917
641064
1715124
1576131
1972044
1512212
1180118
650776
974098
1443015
1512463
1211886
1674677
1501612
1291445
1784882
1603132
1604266
1374880
1528497
989598
453586
1971306
1031959
1099432
435789
1297129
650822
1024538
1014883
1847680
917643
606304
806538
1703381
1600800
1031868
411886
1244805
1465127
376502
1757454
1726237
801000
1641165
820819
824189
1439846
1522944
837922
781512
1834928
1000384
1284694
512757
1251591
1368889
1811226
367826
885459
1034011
720367
994837
1268572
900357
1382469
1924898
2013291
1734489
2085103
1997224
2262615
440478
462275
456008
788518
1104915
1481811
974548
1058053
1580187
441921
1639368
1046039
731045
319795
1883879
1204472
1716641
1013459
2123211
1398510
1399772
404832
1067828
896681
1040413
731205
1389349
1427347
528073
1123806
1088200
519036
1188356
1252556
571395
1265727
1012027
1846735
973467
1313683
2034032
1151999
1219253
485594
366967
1851680
1508265
1171134
1809536
1412165
1338371
1034383
800700
2201711
1611515
1306469
1159958
1539368
2347436
382879
524198
614119
1506151
1280181
1355125
1207343
1152836
1461328
1892552
2012856
1640358
1242190
1601433
419590
500784
397872
1017633
1284268
1473310
1812860
1589917
1715061
1009677
1684976
2481634
358257
303867
1934076
1585534
2144913
2109998
1849992
1308049
1495141
638069
1852233
1043473
1101419
459267
1096840
496239
1985528
1703745
1687706
1448505
1221733
1664982
508794
1507454
1070774
1566044
1270013
939368
1442961
1281691
1085743
768423
823918
974856
1053078
1397087
890614
421317
730276
1199542
1659132
1588143
1684669
870596
1939644
1941754
1267265
1724521
2220162
556673
1053664
1320058
1033807
759782
564756
565648
928551
1773278
1640387
2017286
1956193
1787562
1486206
1233343
720251
797116
560552
1750471
1056228
1333113
844268
466830
1839865
1288756
928452
1745818
1966173
1228336
2050409
403162
508375
491369
836367
1567049
1615362
937674
1598536
2271906
2336891
2201817
2638907
474317
1158591
854834
1961230
1443632
2002325
1897383
1606174
1427502
1455209
2451562
303751
965739
1181247
1465285
1680431
1655075
1065167
315950
1965184
1483058
1328817
1090374
1220236
1116976
1325474
2069054
2405699
286006
707444
560617
631485
866640
1128509
1487395
843347
1107395
1778347
2305366
529668
1500764
1328166
1867814
974050
1731967
1287310
1262100
1203637
1760031
1381536
1915231
1870227
1697516
1476086
906838
864242
954727
643965
2350449
2201396
1777721
1928007
2371137
475056
1004855
810615
574936
2390100
310424
1293815
2130181
1333534
1713377
689012
1634128
1344915
494634
1437473
964912
1822527
783336
590462
933863
980262
2002168
1165971
1358310
288755
1046550
657876
1467425
1603475
1002057
642102
1993189
1381209
1872681
1531722
1515133
1013394
913425
949916
771763
592448
680794
454260
864896
22015632
19869666
17841088
15887242
13752258
11861423
9813181
7647160
14865481
12683783
10677078
8653853
6533765
4476082
2378521
1475997
6200793
4045435
1993733
4251053
2111443
2756628
614287
1718021
1500297
3530971
1382130
1596789
1257509
3103337
954273
395898
1718700
1460326
3248213
1097277
562154
2249008
1615329
2112205
2810466
647312
2020452
1894222
1902532
1448421
1663986
435742
1581986
1850263
991570
1700615
1054591
1814259
2145344
1030512
1173823
2145449
512038
1632361
1822092
507875
1730816
2009834
876662
2213087
2590625
423881
1870349
2696957
592645
1772104
329460
1177859
570213
1826974
3052310
904243
413800
1662599
2013066
1595069
1461767
1790824
625565
1430079
1339815
1768057
2500802
383497
1551207
909818
1817462
1840700
2355008
398307
323891
317790
361149
424499
362731
1916233
1934803
1963557
2001338
2117025
2246503
332747
1316666
1586624
1641221
1444258
1408377
1189088
1386192
2060843
1904991
1046732
1024585
1594172
1267665
1586046
1585658
1717599
1819196
1566104
1624715
2022439
598020
1081105
1775253
2160300
2104577
2078679
2528139
389375
955097
1066806
1582890
1855114
1564052
1197164
1692427
1266235
656949
2313208
2365556
676446
1502842
1047897
1191294
1338737
1471008
377074
609059
828371
1070786
968096
1408126
1269295
1365929
1053764
371134
2203247
2372715
630153
1542342
1294813
1891818
2325292
312647
780547
875224
1408307
1674582
1396058
1427828
1785083
814981
1703803
1557264
1707318
902370
938320
1852494
1195073
1677709
2117715
568297
1024523
991804
1414115
1324149
1341740
1335611
1168994
1685630
1297457
1204523
1131384
1271405
1381235
1631684
931051
1312026
1619636
2070878
323289
2307977
488627
1467270
1524840
1889741
1639375
1247337
899739
731418
655821
1229628
1936893
2160167
2297595
429033
482788
443593
1480103
1501863
1482448
1724142
1900740
2271401
387785
1244573
954981
1016735
1496369
2083827
2236077
347926
644506
900029
1176612
907448
996805
1042766
1149937
1546423
1267628
493668
1995021
1361242
1581956
831172
2076186
1438115
1076008
1291198
585076
2183565
1783186
1530946
867741
1958309
765976
886065
1861310
1479845
1293271
1432028
408137
1100538
1403588
952170
592050
2074978
1528098
1443059
870492
1764411
1029806
1260150
408909
1105087
1227091
1799978
2162447
2078071
1771653
1648271
1448772
1420152
2266184
753969
782523
1172370
1960780
1131278
1027730
1795674
2159314
2112229
2401590
1653545
1532123
1239582
1166020
1047199
1129357
1575059
1325884
1473406
2030483
2120213
908601
985092
1161207
1676305
1796847
1309275
1795059
1337966
951811
406976
2093015
1781241
1680041
1424521
1519816
1863453
3107443
960823
1840241
2893584
760273
1109627
1546948
1053773
1289855
1750440
819950
2058535
1837256
1531493
916392
995095
1130463
1394552
1834027
955898
1576167
1724041
1734478
2214255
2300849
1905034
1761329
2086578
2234659
2437455
305691
754523
668913
464495
2262809
2247839
1980908
1721917
1825485
2024115
2553372
442508
581366
1100336
1618826
1788334
1879099
1563125
1955262
2166711
2239312
2469292
332128
1325867
1712507
1637339
1304012
1451447
1671609
1457732
1478699
2006584
1704275
1833628
1629609
1202296
886566
1424832
906610
1830041
1214915
1499496
1749719
999077
1897074
1123843
1044677
260243
1183612
740193
1313708
575843
1955183
1360311
980026
1195364
774542
1929399
1144009
1418659
1953569
1338491
1415092
744354
2124155
1840871
1343778
1235296
1578405
1430399
1516998
1311497
2095812
1287384
1111717
1170985
1750078
1723679
1632845
1735963
641337
982869
1301011
1286173
1277508
1372015
1784714
1846656
1814698
1827493
1325574
1109803
1624588
1626193
1377458
300323
840804
1110382
969625
1658283
1232216
1795527
1200243
968227
1976559
1539869
938347
1534219
861697
2153476
2104996
2098425
2190341
1393233
970404
1642717
1789585
1207580
1553083
1391666
713514
579835
338771
274270
567832
1401527
1341455
1616122
2175918
329552
2516583
346673
1539386
942603
894636
1246677
2077598
1381475
405137
326271
2606600
427068
1268580
1455363
1764040
874041
1272448
1432683
25355532
23216500
21195066
19168275
17123393
15027185
12958876
10821796
8801255
6683588
4612078
5929120
3806687
10527380
8249879
6204162
4122611
1967076
1382463
1854529
1986296
2318358
1553780
578932
1714502
1559970
1915389
1070613
1119964
1332345
890542
1209222
881548
1125087
1160137
2116731
547320
1664019
1948258
2313800
594673
1775857
498353
1532205
1556858
286663
1452394
1540192
2735564
600731
1398793
341484
2136169
396624
1423856
696898
1103367
1916408
2658819
504954
1500186
370862
1687989
2725026
579910
1676402
2264324
1387450
853488
2002700
1071203
922480
1456596
2074288
467553
1846331
2204875
1035733
1732026
1479255
2381219
1085019
2024366
2548505
337492
1958064
2112102
467326
780178
872751
1475004
1733118
1606974
1316122
1223378
1202317
1523419
948987
1323918
1839587
1898724
1953947
2539477
422045
2056089
589754
610811
349806
825733
620013
568305
519715
912577
712416
719762
351876
442024
359331
913329
598373
738851
890462
992597
739180
655008
680462
576835
762829
1354668
1233508
1211912
287613
1510013
1445519
1343625
1033510
787908
1026049
1042387
671458
2232939
1156713
1344878
548059
339679
394682
679560
364025
249976
438642
253163
470723
461488
912847
747889
572152
397800
315428
336525
293165
285536
335305
602352
316464
303992
344400
295182
754093
352747
356257
511546
606391
867340
750059
715338
799453
1082860
1134363
742572
880155
925144
1359636
1389906
304195
964482
363488
282993
498306
572995
433629
363019
315410
325659
483061
512298
375483
492091
527932
629758
724999
545375
912959
521296
799999
1859696
861133
1335927
924911
540083
355686
423208
255168
502149
516553
639271
519859
595483
358471
986965
708593
588466
318320
620003
936290
1152177
879251
402022
354437
650883
840718
400247
532979
1105321
1133261
439991
364458
513484
772537
336960
645668
606788
938991
683052
998683
1144310
1130081
939046
1439928
1197099
963599
1439041
1394253
389775
1642637
803436
1442219
1521357
633746
1534176
849094
464557
822121
978303
1915893
809125
1663539
1024125
1669865
958755
1453928
270569
1037752
950739
1162218
1174835
1136180
1994540
885737
1888371
1634014
617160
1750608
1540880
1140577
702788
500490
2037465
1372131
1071102
1677786
1817267
1676835
1113139
2262221
646188
1150690
1230096
1531137
1689648
2022564
2021392
1447812
1196240
1508817
1700002
1312757
1603561
719398
1663960
1891113
1503925
762008
2109529
1437204
2035669
1317193
1489161
1046251
1937582
1175102
1524716
582688
1353721
1243148
1925592
749478
1135397
2053308
1108367
718204
1308944
1195890
341703
1704505
1465515
1518448
369088
1702808
960119
1107804
1319531
1070984
1193228
1328919
1131124
1150073
856373
712170
2378166
224092
480210
804632
672596
382505
801286
1001995
1675302
988854
1316358
1570395
1746602
1036894
980313
1052219
888988
951145
1129076
745455
1094189
1128513
1153403
789964
308613
2082928
2089517
2029461
1643014
1529368
1134268
1072151
1573787
1390943
1579440
1921015
1873275
867503
1446833
1361542
1582498
1361144
1158924
1356774
1038836
1469025
1841119
1867096
1709985
1598291
2142313
271325
993921
1160428
1590264
1139742
1164392
1692898
1649942
1849553
460143
990223
1229897
1598583
1232696
1418049
1889276
1754114
1770973
2245828
444991
614079
1229296
1059696
1333304
1379785
1352979
1901099
2656206
514375
1078941
1754920
1305279
1341020
1468778
1429624
1634293
1481639
1981092
2592922
438187
1538152
1742802
1419452
2142746
574417
1289844
1659828
1032594
978946
1296252
2096407
1985090
1846999
1784951
1883554
2355447
2287370
2059304
2724354
556370
883385
1387287
1313839
1388796
1990271
1501147
1686745
1655626
2043488
403535
844163
1101940
1448131
1466436
1536295
1614109
1602904
1542528
935221
1868872
1329356
728946
368604
435004
1087950
1956165
588726
1216586
971725
1567940
1397729
2143512
453827
423143
502059
1208936
1379430
1741541
1809582
1969755
2032979
936053
1418624
1686589
1482805
788524
1563863
908320
25115946
22962970
20958077
18907504
16780240
14755758
12742793
10647388
8705465
6644637
4524617
2573148
5021287
2891142
5148781
3016672
2319972
5928555
3784674
1726941
1400085
711200
3069775
927275
2231613
1118088
2620110
489490
2537456
379586
2999422
899631
2486920
343523
1670378
679466
1107502
1648797
2332393
1735256
1814687
2777031
633903
2288794
1856222
3284329
1163165
2756172
597471
1524402
563874
2147492
373736
1720127
2012701
724972
819859
1904460
1987858
731731
1617962
1311609
2059436
554539
2001263
2696532
542504
1611750
580964
2069728
1747399
2729495
600460
1364600
2595926
448205
1717916
2682454
546608
1363624
2595196
459506
1677604
1688840
339873
1155510
2780943
686634
1946060
501775
1512166
1127268
1742124
1994539
1045767
1533167
1855286
2442235
277368
565489
670203
2246057
2091715
2212217
391959
1500932
1632094
1235059
1219528
1211219
1486303
2167245
1789400
1767496
2109998
607063
1519056
1188421
2255081
2484041
380034
598409
477410
2001254
1856733
1937552
1733328
1657815
1852131
859038
1571845
1848030
1137284
1635513
1290352
1563848
2075154
466846
576439
853603
1083871
1135085
1658695
1138810
843546
1761352
1023963
1739472
2242851
2342718
373064
499697
579225
548547
1168784
1077008
1109505
1357916
1645102
1934349
1920257
1393450
1437110
2014702
1448058
808004
863924
510054
1737538
622899
2055979
1457922
1647983
1334298
1850802
1738668
1442213
1691671
1489060
1847927
2114698
2045838
2261948
2132384
2298167
2268414
2251983
485018
417963
1525276
630794
1122393
1511518
1435067
1268749
1877432
1884576
1616317
1418052
1698260
2158836
2127725
2210721
427872
1148131
1539833
1945314
1517009
1405991
2104474
2405975
352580
463459
1105528
1502229
1337472
1288021
1203510
1540788
1104903
713430
661511
383061
2079769
1649999
903618
1549735
708773
1515987
872757
833256
1752937
1099745
1308745
518987
1506937
1192996
340658
937237
923760
2159979
1269759
903479
1740098
865052
687224
1414857
1614401
769013
1947136
1088938
474064
1453612
1847941
1036377
1646356
1117085
1490764
1357536
910423
2087541
1214677
1120743
1994875
1442787
428595
1834007
1727031
1103741
1008031
850629
1279547
1485708
1165840
1410200
1660557
1934206
1974075
2227949
285909
767238
818511
814664
1110181
716531
1236100
701812
1351139
1098470
1239801
1703560
1519295
1802770
1650361
2083461
1081054
1293462
1391295
1558471
1051344
800714
1311423
960014
632521
642302
829878
1169274
1267984
1200030
1881837
1633985
1849419
1945623
2478245
323820
654818
682353
2296999
2300088
2136681
423585
408091
1950889
1383999
1762807
310650
2433669
2261502
2377955
321967
1286217
1374351
1396443
1725860
2084100
731719
1042314
712101
1925492
1513392
1466970
597069
1330292
1359494
704715
1226030
1267167
325412
1045102
1600101
1001312
1197303
578296
314453
501000
743341
817554
455697
417447
1842905
1637867
1056288
928120
1045807
1218551
1872271
334865
746954
684045
902810
622879
905227
1061054
728212
2185769
1946638
2266623
499010
670258
1315695
1762646
1011889
1101247
1722335
1199779
1915150
2119904
319798
670696
1095987
1281689
1625847
1170499
1460195
1050441
1351216
756579
349797
2221799
2225693
2123085
2114608
1826677
2194266
2335571
299562
635693
938652
960094
628246
595991
517588
639013
401782
322487
1368136
1857982
1342196
1462662
2229301
1040679
942596
847278
861852
1144469
1221057
1180064
1503464
1126363
1390681
1220742
466814
475298
631186
443998
1940240
1236585
1780044
1296318
1532051
1120647
1160464
1240562
1288271
1095923
1340468
1503958
975549
1570909
1175170
1556779
722598
633677
800492
1233970
1417347
1602246
1701815
1179047
1883180
1606450
996729
886521
643422
432679
699984
837493
440386
1790311
1858609
1438328
987938
2202324
1705404
1110113
1343255
1294693
1122614
1040901
1205185
1760733
1631774
1802191
1867624
2216126
760122
2202896
1774181
1484302
1599748
838375
1037042
1616985
1613492
1117992
713270
2284710
2339009
1319333
2358352
2295628
582204
1248076
1064738
1359068
1934291
24718727
22622567
20698943
18677913
16554319
14517864
12463658
10337974
8294111
6237621
11058784
8922688
6884831
5050179
3171233
6354084
4230338
2124640
1782741
3658633
1496272
1879858
1133088
2985636
823326
1210611
1222577
2076760
3262157
1099677
876138
1190738
2169250
2628007
487612
1879465
729713
2554225
400824
1149664
1785048
1652368
1600829
983259
1515957
756020
1365309
2281497
527723
1667627
1101640
1119475
933215
1377981
1055583
2087044
740957
1854543
1943277
729201
1864681
2182375
721557
1979303
2671233
525639
1107291
2360958
1744325
2014613
2031229
1435733
3025381
859944
2880020
706636
2017042
402584
1444776
1921401
811405
2089236
2246931
1015919
1018379
1975825
2440354
758646
1495896
1596234
353545
1476268
1236817
1602339
759584
2106366
1044822
1300598
316905
1454425
1559001
1702563
1463201
1365222
1517773
388236
642717
710818
984028
1571128
1337114
1578258
1871979
1832138
2057830
1031938
1059365
1147612
956181
1957859
1099428
1527760
1164964
1470533
658472
1690443
918802
1261012
1793500
1522188
638165
1308375
817785
1582735
1229610
1306697
414556
1829915
1230366
1612001
1035627
1924646
1061985
388571
1634138
981234
1243722
697366
2009452
1564617
1584487
1485270
1410072
1961354
2271538
300909
288502
631087
1441948
1401690
1863830
1712137
1545754
1553078
2165757
1903852
1519526
1246256
1818523
1177534
966913
893850
1100728
1055707
1467716
1957005
2337477
590628
1274504
1553422
1137966
1169223
1332267
1533411
1159803
1238060
1805552
1422534
1679666
916571
700903
1448864
527342
945917
1368979
1866035
945633
1594653
1489266
1385678
1599266
974553
998988
1445872
1472509
1093017
1488275
1676573
944708
1196163
1359987
1553047
1923685
1833115
1245082
763661
857867
971222
1851809
1434654
1513333
1545629
1410932
1555181
1848578
1968442
2615121
470768
862998
848229
1084844
1538338
776292
1525467
989128
1388055
1604934
1831313
1578350
2263534
379460
424007
1173928
1527503
1573463
933956
1548200
2033685
1987547
1434475
589374
926668
1130051
958902
2191208
1770412
1150589
1392506
1962156
1121779
1405179
1930956
1029768
1038332
1617640
1136075
1896099
1563027
595802
1831905
1246671
1282149
803246
578338
541285
361320
2150760
1917189
1456391
1172521
1206141
1235507
1743496
1221799
1617176
1588453
1964370
2400750
2064067
2375467
691813
1537280
967111
1111809
1142369
1009170
1011819
1160916
903997
993311
861426
768939
862676
985131
1057201
872548
1709412
978571
879324
1104501
1569673
1883411
2028131
2003963
2246858
570430
688176
1013144
1483309
1534664
1585371
1809842
1888648
1719371
2058537
2014902
2171547
1737337
1480602
1207145
930315
1813736
1438122
1719671
1330286
1733953
1839606
2010425
1764977
1669988
2012839
2354671
764770
1255650
1598526
1722834
1553793
1736844
1168863
1945082
2310238
2230244
2268143
2183535
336160
770267
2428035
308234
1832901
1006432
1392827
1301321
1161225
1276434
1783696
1158205
1496180
1545302
1377281
1617322
563776
1210268
1564796
1712726
1760459
1467243
1743511
2004557
2208192
2215313
367184
1029974
1091280
1006131
1070994
856033
544302
624585
594625
1263913
1547764
1557259
887941
1995596
2214271
432481
515497
659557
857748
1141727
1766792
975225
1922907
1316128
307650
1619176
1012945
1920968
1204107
1464638
1028719
502739
1240150
634268
1865283
1187121
1654058
540518
1604523
1568998
536157
1150795
1611394
420546
1772309
1142234
1454875
386240
1454971
1200649
1796275
1345645
1799190
905426
688160
1334005
849122
1001156
437936
1146362
1238190
743133
991342
1773705
889771
1100162
1643749
1286288
1376044
1295316
781452
464575
474127
530646
573491
1052019
1117689
1625411
1696562
1880622
2172653
1902953
1709961
1363106
1737457
2225096
2253099
2075906
2034448
1842606
1800269
1988203
269704
1655661
1998107
1960368
2285152
918790
1321071
1627163
1692081
1920039
1322432
2072362
2134198
1964150
1684731
330414
2357355
411888
299947
1433820
1395200
757446
1926673
1346542
1746509
1505314
1211752
1468601
1534802
2294792
494634
865092
1255343
1243573
1340384
24121037
21981481
19976750
18015234
15974560
13837235
11809208
9735731
7577976
11091128
8957941
6903811
4883296
2730007
6072442
3934300
1923541
917125
3824284
1658943
4185893
2040769
2180822
2189049
1150729
2827706
682486
415117
1933334
2445412
1181417
1215708
1836428
2028597
793111
1896925
2245152
1103694
2056214
2115663
619537
1704829
1946476
548713
1677739
1847017
2130643
495288
1367985
1061349
1682961
2155224
3180877
1072060
588537
1933416
2785267
594315
1202185
2599777
450460
1166591
2977347
814115
2332862
1278260
1314190
3108730
971179
3741301
1589161
1885998
1778068
508911
1636289
1329457
2975527
824386
2818488
669199
2297707
1662843
2036578
872019
1717799
1426123
2637106
490157
1150826
2095651
755551
1022029
2558556
398910
1584724
265291
562224
397346
587326
1211184
1674970
1613189
1879070
1611365
1366401
1043493
1517696
1454771
1871002
2321664
2168562
2241993
686646
1226146
1346500
1580837
551463
2063109
1332356
1749389
1577706
889086
2274738
1983309
1547164
1539127
834390
978702
1236411
1412711
673202
1589036
1580345
1026542
635263
1723640
991180
1602592
584812
1853848
1209044
1285978
936879
1794882
1082485
1041827
319983
1244424
447148
1156811
1165121
676207
1565438
1871987
1229576
820654
561880
529081
1114015
1346488
1106342
1068106
881208
988821
1104337
1808167
1272367
1913857
1429227
1311422
1478895
2105226
590959
832786
637239
768373
1143976
1025124
1487206
1916744
2212302
358151
1177602
1506243
1425565
1462189
1641651
1719042
1743213
1311741
2433059
285085
1561763
1217191
1063656
1474946
1713792
347400
426674
2432073
472578
816995
777109
754235
1091002
1941977
1961602
2361509
2406803
504586
564391
433129
280872
515616
615601
553765
2118921
1822457
1962462
1032736
1136096
1649076
1510785
2306569
2282598
2390268
730614
1312097
1397454
1370292
1588564
2049819
1452234
1132293
1784796
1475527
921450
1036883
654120
1900376
1372776
1141481
2276372
2135831
1876309
1734924
1620746
1322114
1353504
1172081
1448813
1222011
1690869
1830302
2258649
2329703
1339861
867028
1449933
1550713
1648146
1749193
1351664
1411983
1096154
1401248
1470728
1387834
1292765
1808774
2076135
2477813
326161
1919952
956090
1354815
839018
470579
1638914
1422832
2000807
1855578
1751564
2283667
314876
291098
2147111
2467585
326437
364594
471576
566296
1324643
1039159
1102109
1039513
1666226
658032
1640772
901255
661932
1763334
1440543
1849193
1436046
2066596
1303550
949492
2065754
1239180
1129468
497931
2020724
1485238
1664136
2013895
2416989
522937
1864413
1629763
1408230
1564203
1890692
2244710
299186
521502
555212
1022649
1589598
761251
436792
1585712
1131557
1699707
1582159
611008
1955595
1479090
1391833
1738089
2275350
391628
458986
420951
1139705
1068302
1504008
2014360
2235381
2018696
2218723
2458121
352075
1877704
1449899
1299312
1314227
1517930
1700934
1001870
1296042
1814514
2231994
677689
1602957
1272113
1610103
1814206
1319045
1348029
1242663
1292159
1556885
2276638
357425
2335761
555613
954353
1520412
1660805
1154681
1987689
2456998
321764
1086215
1258503
1443524
1480704
1473388
1331037
1257610
1020276
1433355
1548342
1566885
1205727
1660530
1156341
1415952
1380130
1288495
932484
738696
272754
1943923
1734409
2248856
403076
979591
1440362
1275358
1688139
2271414
2394367
291519
2262631
269269
2152124
1831129
723235
1316485
1035124
1233079
1752937
2093106
342960
968927
1574400
936301
1032361
1594595
1573550
1682915
1076271
979296
874488
939045
1013045
1589745
1180811
1148994
1493346
871111
299282
1486596
941450
574529
2309944
2046789
2370835
2289625
2491272
2390380
416129
338762
425243
535534
1341328
357073
556938
2210317
1878336
1135291
857247
1276019
311633
1428608
1704136
867640
1862450
1227061
1012256
981965
433582
1634989
1644759
1109193
1281289
1513266
2324695
2160678
1459952
1798620
851071
2001644
1233363
1354641
684258
1498449
1472828
637261
1102737
753137
983679
565381
1623777
1636281
802137
1483699
2138881
1630905
1057056
1244290
300655
1562892
1476785
20494346
18344378
16406222
14403222
12272344
10365684
8358871
6225079
13533547
11389614
9370563
7335996
5200555
3184007
5966532
3788326
6070257
3923305
3807155
1646443
4412966
2278628
3373264
1258390
2153565
905012
2206765
1979297
2728322
594812
631328
1882129
2361090
1411996
1792948
3643458
1472972
1454153
1919075
603938
1569503
1410541
2659582
476720
2080132
2050226
1263863
2180075
2235504
609323
1765364
2298172
715475
2209776
2388518
464865
2923994
804020
278924
1911730
1508078
2274392
1432225
2364992
1771766
1595079
1868721
996903
1091414
3596064
1431287
1821419
3106835
940974
772607
1332500
484092
1896859
2391413
1557173
1715259
1709493
558293
1792978
2267804
472974
1921322
2525482
353558
1592325
2754803
636175
953673
760133
952395
1075815
1550959
1175355
1960517
2347472
573872
622357
2137172
1536308
947175
1022773
1880316
1631723
1134056
1696166
1205014
768338
1496456
2315001
2245411
2038461
1312095
967134
882980
894317
982649
414639
1915017
1302119
1252241
963296
1808152
1834124
1353316
1486146
930865
1518210
1793514
1846215
1824411
2568440
419248
916292
1154833
1378693
1176628
1756205
2199416
2359887
419600
1049449
1379352
1496396
1163530
1806838
1631738
1923036
1968823
1558200
1852049
1701815
1817826
2813738
659531
1124713
1162836
1288551
1596450
990590
1119984
1291246
1453433
1618384
2471366
341398
344133
1963747
1625509
1806202
1366600
1552839
1633226
1782750
1778654
1883886
332273
707335
789232
1122326
1493610
1188874
1578456
1528767
2399484
362602
604013
1543333
1590445
1355021
1792542
2286982
2501070
2148075
2217506
2178242
2124185
1927511
2258137
338780
2516362
364530
581321
635346
1734565
1331553
1963406
2427515
278487
2009359
1419580
1803695
1388960
830202
360250
2198910
1766589
1632181
1281747
1418156
1632206
1657617
2013412
1874785
2187677
2193704
376305
821221
1237249
926162
568626
1832777
1482618
1679220
1692916
1668033
1565728
2002699
1961844
883683
663398
491761
630609
980908
1052144
1008464
734161
1186845
1105542
790991
429232
1329463
1259716
904848
958657
1777142
1364234
1146140
1058725
1118398
1303670
1765487
1904166
1112422
1416357
1531874
1478374
1148163
1499755
1505640
1215702
1405665
1119006
923664
1347095
1440632
1155001
988733
1263801
1766595
1008380
1005386
899280
1575177
1102872
849699
579830
2234626
2116965
1520645
1946175
2090209
2148704
2165249
510253
1024780
1688267
2220572
2226811
2081857
2320437
351824
1261050
1846451
1105727
996951
1937671
1602713
1282561
1730325
1120944
1237193
1624910
1940462
1850575
1907026
1934105
1902532
2250343
756932
1016174
716318
303711
2035957
1751645
1550358
1431833
1094182
1656475
1512828
1189185
1179797
1072935
1462442
1126305
1377637
1172875
1670879
1422637
859688
2109271
1667326
919132
1163330
2085107
1179607
1158667
1924444
728945
1902187
1157350
1759500
1330014
299499
1478665
1218490
399980
1351315
1164684
2039805
1074317
825379
1516238
1501629
857527
819401
362604
1841263
1453656
1136800
1450153
1000273
1287685
2452544
317687
875343
1586024
430514
2164448
1989923
2124946
2218320
387541
317923
1874695
1314492
1563319
461829
1253636
2582219
699163
1850170
1249460
1166352
891868
2412192
416461
575800
1112903
1447395
705277
1212900
1014891
1000296
486913
684446
979743
1037713
1179125
610290
283519
1427471
1169504
534644
1529299
1553956
1214904
281452
1493912
1280135
1683184
1492247
968503
428236
2117515
1026537
708370
2128827
1587621
1328869
1232342
890668
1928166
1895791
1821894
1376786
2087532
1914814
948455
1067739
823792
507991
2151403
1708794
1352862
983997
1503547
851060
2200047
1856316
1377379
1708518
1514449
636127
2258339
2038622
1612678
980727
1661822
1949726
1029747
1011261
1374841
1347023
1711607
2321008
755889
633876
535723
2270471
2064722
1750976
1263010
1127052
1061203
1268727
1167450
1475577
3222207
1084334
2210360
2253412
2485609
363698
1705335
1193140
1476381
1702836
1671283
871298
1010276
961779
981299
1773009
1398798
1559275
1222127
760187
446630
288765
382476
869149
328005
26166808
24029187
21971456
19891582
17744984
15680694
13579280
11434862
9416548
7313698
5163330
3117619
6446720
4315299
2263255
681947
5100899
2951922
484731
5418620
3268435
1177806
1637511
3340057
1169579
2159440
877736
1672167
900630
1400676
2723023
613995
1806541
643553
1505234
1156523
2063194
546396
1641375
2176214
1344997
1664182
525401
1688797
2241584
1217893
1286224
1359111
2913096
756778
1493253
1075375
1431310
1637285
619546
1251396
1723641
1794898
514436
1386740
1084657
2120151
1139958
1385471
2136167
1485391
1160293
1860753
409238
1706631
1823428
2141440
2397548
526549
1431698
1788279
2187188
1044148
1379871
460689
1398557
1253144
2914625
792051
3092736
917464
2764661
611171
1362358
2619039
481167
1099870
1381714
1017020
1341834
1081142
416813
499882
238620
431788
690531
587129
1022072
1027416
829634
297072
330091
414030
510557
415138
275510
441558
608679
504024
554561
567561
287771
1034087
901574
969807
678237
596300
323851
505573
379536
442917
258718
470970
350892
716567
617638
871014
878861
904151
281600
1242361
530638
402095
658936
632517
435577
470241
722054
872674
862756
1013217
654242
343151
322234
368591
586049
252999
524607
580428
591141
772538
632781
338382
1045735
293635
306540
784923
816744
563309
1686461
701173
859067
851308
1331314
464498
817080
616239
309392
526178
413226
603833
749360
470233
1325862
655921
1127564
1053607
921805
289695
306737
360746
570404
1020347
1551543
1210048
643672
331254
326807
552571
721725
1166235
1254908
778913
1115150
968156
579217
653289
523876
819120
323601
419789
855069
529009
1089009
1132953
762982
1446139
912208
1435832
284781
1116396
2041630
1365315
1641714
1912089
1305295
1262689
777730
2211240
1635009
1575040
935865
2110751
1726890
1373330
2058634
2034675
1519811
1609759
1218395
1142123
1106033
1444816
2193960
298726
340784
2485969
334318
799772
1008357
2192558
1822307
1526468
1359941
1464783
2390826
908736
1137228
1251123
1710740
1677470
1803064
891898
1048077
1094657
1101004
1036796
473288
1768358
952985
1068493
865780
608501
2132927
1675239
1239338
939169
1745413
1034368
1444201
1825256
1887579
2145089
2508811
370994
1762847
894821
1122429
1639586
1746002
1536491
1487045
986183
1464325
619737
1492435
1034771
848528
365303
1068354
1677831
1006232
1095087
1146007
1781275
1717408
1909106
1918071
1627244
1790677
919147
1883892
1464008
2091818
2019909
2325768
407708
1287409
1258375
1801411
1984684
2196727
2005879
1441224
1031239
992464
1272485
521036
301864
1749714
1507785
1257844
1481349
1269776
1019686
1383281
1790481
1133582
1354423
1858515
2215531
2071865
2258313
250921
860026
843635
2251973
2216064
2283495
2903761
792840
1242820
1581782
1423448
1277905
799149
1310899
1628558
1692998
896516
1189275
1724267
1997698
1855823
1883167
578785
548372
2209076
1675402
1412824
495952
341646
448097
751166
1698001
2396290
2643873
541681
1143242
610254
629102
379689
401870
2557736
409909
752810
476933
332877
467541
667573
504420
611191
1381856
1030371
867240
1455039
2012295
2213411
421714
727986
898177
1034193
1022328
1275197
1157397
1915980
1969126
1950443
2331808
425843
445283
352215
383186
671628
1201118
1128609
951091
1626009
1535073
1261276
948035
431737
2076303
1376755
1456292
397104
1139565
1052909
1070389
1549888
1222363
1350288
1155695
1015588
1970786
1028033
1248328
634081
1022543
1687670
1088089
1240356
1461208
1115424
1689447
1294920
442690
1598924
875771
1432485
1529835
987677
408263
2030834
1399374
1582557
1451781
1121938
757552
2072586
1751503
1223565
1419256
1472987
1188091
976166
1104622
1104540
1375223
1885429
2432953
329481
625886
901745
1288632
1275072
1361400
1273632
1287014
1450817
1430726
849095
1406644
1241408
964060
943860
836750
1113799
1359217
1888887
1911904
2361331
1339564
1059444
1523887
1403444
1748577
1381726
2139703
2541095
399008
1140398
1202689
1000112
1183611
1570523
1782082
1489230
1655790
1590351
1540012
2182989
288942
616324
21045425
18906335
16822834
15152123
13000528
11025168
8989153
6836386
4789443
10927697
8797266
7167999
5105067
2962111
2081317
5133337
2987702
2261161
4296283
2152812
2738759
596186
1752810
664313
1460955
306106
1311948
1482567
324682
1828816
2224250
800971
1282060
1035958
2069830
727063
2986023
861906
2469346
337543
1173713
1353332
1494525
404290
1972325
1328546
336387
1994501
3188251
1058436
1525341
496656
2209165
308926
1283768
345721
1348929
1311382
2065578
385172
2277590
856536
1799238
1480476
1033105
2876321
719696
1994259
729775
1691100
1434306
2285491
1104761
2060515
2257704
918973
1929760
2213786
1300440
1276724
1122098
2664775
541624
1734994
2736909
605240
1803620
451320
1715417
885933
1933378
952682
1099501
1906081
340675
1316270
1493480
2525486
388213
1041435
2412238
1510646
2055679
1025839
1682599
890067
1837064
1823016
1396245
1422339
1380202
1571529
1817835
1393158
1755378
2006961
2411962
371442
350196
1225722
1835462
1973169
2123514
2543067
356900
778826
662432
858958
1032540
841403
1905401
1132995
1509741
1695991
1794910
1765995
1653111
1357600
1611673
1710938
1437960
1379194
1265126
601064
2106234
1797039
2194430
2612585
473412
454465
1979778
1355578
939854
1363996
1248289
939083
998842
1218477
2303671
2456832
315128
1706805
1302522
1586774
1244380
2027724
298758
380926
718921
1509765
965598
1074624
1133094
866098
1497073
1370780
1631800
2076242
2424798
287043
848337
1065555
1295301
1027864
1239213
1558035
1971944
2083669
2091820
2138954
2281339
2329034
613844
1055907
908527
625526
841946
1020615
613401
679425
1170382
1775381
1924101
1198016
1847581
1754281
1352281
1167097
1448750
966856
469845
386825
453249
707145
872430
922185
722165
1111468
1307546
1734223
998994
878858
1841112
2192762
486357
661155
1367020
1572568
1653066
1070753
2215025
623671
1006505
2106546
576891
1052499
1664412
1633185
1755204
2094403
280785
528172
308702
2505291
369422
905046
1018779
2355714
850336
793451
1076066
1107153
995086
646876
445051
455015
475262
764549
1705656
1210410
1769145
1644889
1802896
1879624
1231316
1299414
741693
409528
1591052
1239497
1849957
1155319
1443081
1520216
1624284
2132311
1355085
1453706
804344
2416832
292228
614887
852578
1324352
1753256
852299
1424051
1012803
837954
542638
359597
1039930
1473663
1824319
1106553
1930555
1622634
2068702
2212145
2504640
372765
780007
1117938
1778596
1258675
1633414
1580956
1466766
1514250
1669641
2011477
2617713
460896
1283391
1677746
1151715
1090433
1493114
1465750
1130215
1831056
1287015
1307992
1424947
1193673
728309
1029775
1379595
1671625
1792373
1773208
1908746
1324778
2005255
2286271
509872
716439
797151
526472
460774
415854
1827992
1232974
1240462
1337247
997487
1613320
1002927
1594647
1998788
2096183
2539428
363337
854834
1421426
1561910
1068284
458431
1781472
1539337
2201214
2612831
437176
1171712
1417788
1579522
1218761
1898754
2064093
1952114
2063119
2078890
1832456
1264576
1066175
1589097
1960563
334599
1079838
1348752
1139541
691594
491611
1239738
316958
1485191
1599232
1387216
1911514
1829533
1880115
1684987
1754855
1023417
1005957
2611310
483398
940013
878715
982751
1204715
1313445
1650526
1739968
1811566
1850210
2122939
2018907
1916670
1966512
1958451
1762854
1994347
1799591
1592165
904160
1596369
1989042
1691839
1475546
1481177
2405273
1043544
1200566
874975
1099064
1568560
1264634
1771153
1993734
273363
544541
715359
729168
2215193
1340865
1613563
1377087
1607639
2085174
292275
2107643
1173398
1133627
1806284
1577087
1051091
581141
1832400
1449428
1078630
1018032
962265
1408241
1953515
377244
370586
1878022
1185239
1326330
1469536
2010389
2147417
2226695
2455037
341219
871794
921051
885471
920414
1364198
1214455
1065852
1549874
779450
1353122
1663479
1901761
329762
882435
1281365
1191711
443937
1976827
1671533
886211
630941
1468279
852162
470399
601425
1856797
948761
597182
2050110
1480585
1395680
871919
1470590
1102883
1735040
1118419
1103545
288605
977909
516019
21330880
19189580
17173052
15090837
12952444
10978910
8915953
6787545
4762478
12900071
10744929
8693719
6626113
4476272
2435875
6569065
4445677
2399101
4610570
2432909
3550631
1411447
2596879
437761
1781965
1287384
1838827
1445222
1795461
2421371
1412609
1423924
1989647
461474
1712494
1625192
416403
851203
1315260
1173580
2146962
1148718
1593621
1302128
1654175
1055118
2053274
768620
1953006
2122355
1165214
1014175
2276034
2337774
392121
1226979
875749
950448
2056232
673417
1630226
1876762
611157
1424908
1296498
1953452
879982
1652693
975755
1557664
399144
1137122
1665741
534544
2010590
2659764
526260
1727893
582192
2065076
2907120
756356
1157239
1599702
2570737
417275
1898096
318390
1207252
707954
1754529
2098068
2135798
1186183
2174231
1474625
1345304
1871157
1066379
1615714
819349
2325849
1705607
3093970
969792
575591
1310006
313486
1173673
1884391
1153752
423880
687189
660224
1020240
1404100
1770033
1208018
1677526
1660524
1211271
1489378
1184129
643870
2031992
1569993
1643651
1272077
601688
1993386
1311522
1669412
1406758
698942
823095
897518
1030592
1679267
1702493
1096058
491978
1732640
1317067
974227
663510
340464
1449644
1381548
1444816
2367666
974371
1037282
1087985
957119
1564380
1685851
2093374
2157354
2420710
308509
1257441
1920918
1342084
1708171
2162864
2176692
364076
840929
1207326
1405320
1597410
901114
1419152
1743406
2017932
279556
396235
414060
831153
1347353
1662506
1772762
1220450
1614874
1664374
1734698
2109906
643636
1154360
1404578
1444472
1930384
1589483
2099784
2124952
2243265
2424150
284170
1052321
1532272
1061494
1367093
1987234
2587513
488761
677486
2213777
1943874
1208793
1268115
1045542
1297809
1715301
1002208
1206545
802968
726024
1476732
1539067
649737
1928362
1266416
1712381
979872
1609377
1191591
1767908
600163
1264634
1436862
1942005
830680
653007
1289771
1579767
449277
1873255
1125573
1105911
642118
1384983
1039646
877107
418892
1127713
1307540
1100814
664523
2177251
1754447
1502875
1651889
1741105
1688944
2459257
336956
1432305
1677931
932661
1086478
1182672
1755196
2385336
501113
324321
1487070
1034937
1803177
2261135
2078550
1751500
1967098
2476141
345037
707142
2007412
1665384
1005828
1110173
603280
1659019
1559981
1089659
855412
2146215
1309726
1467980
721954
1567141
1374537
1674492
1937262
1326378
1203541
514546
1501915
1484602
663120
1663121
1067923
1603163
1180242
1011195
518397
2061898
1716558
1626146
1898699
2158795
1677074
1559512
1150607
1509611
1398469
1103692
1737908
1887859
1298034
2227448
2295859
1995719
1661957
1506514
1678082
2131927
2595276
464918
832642
870418
772731
1007435
1008971
1044800
845568
1189404
1101665
967556
2299081
365340
602003
800535
1052374
1370517
1453719
1506058
2278645
358732
572335
624453
344597
1422243
1032845
1900118
1586755
1369672
896491
1542741
1236563
1262946
1320974
1767994
1707499
1820268
1275299
2290948
466393
643487
1034910
1818639
1830434
1783333
1957384
1346178
2174281
488797
730874
837762
665765
672501
1256676
955952
1306087
1990697
1860095
1451298
1605267
1347778
757377
850517
1420819
1224483
870577
1596271
1102565
895828
818522
978907
1217980
1804945
1325025
1317948
1312976
1462852
2211890
545158
509963
2373182
2312443
2076749
2270720
494721
588389
629657
780284
693032
752168
789707
666723
1010262
1543809
909225
888620
700962
474817
497872
537355
905676
399795
608338
1932766
1171446
1021988
1252054
1017918
1574814
1638823
1615895
1600058
2050183
507277
392043
2555797
389329
1083467
1197292
961711
1879306
839481
1753598
809208
515478
1489896
1581319
313345
1098627
1605652
893585
1583396
836837
806965
1671019
1042748
598936
1102105
1902206
1442491
319061
1105856
1931438
1593078
1417855
1316331
1605049
1731197
1670986
1453276
1225986
1631683
1646694
2077605
2588692
412591
2101900
1933121
1171676
1260987
455832
1350811
1465658
725739
1455914
1593825
750564
2005700
1120800
1484744
1061141
395819
1336152
2047016
1822782
1548960
1539532
1543959
1202596
984447
543046
346697
20378021
18237020
16208466
14193640
12058241
10012171
7952441
5870276
12341676
10186828
8111907
6039257
3889212
6994427
4854566
2789902
1987390
4763980
2604892
4121864
1980259
2764521
656533
1714752
1650260
3288873
1148662
2365519
425626
1273571
879840
1078319
1604646
2721542
574108
2091253
2534513
388852
1925623
2232152
1311296
1859671
2269687
1264858
1306980
2572268
442143
1936752
592166
1976856
1734772
1977026
1394411
1779873
740393
1205092
1200278
2600380
464467
2155199
2508565
355347
2380127
1703979
2764833
636571
2510277
346626
1494645
368875
371880
1496539
1643982
2761476
647644
390808
1334797
1116186
1728152
1585317
1822425
1039498
1170121
2373243
820394
1307787
1148878
2200453
1008183
1336551
2954019
847001
2278055
1205261
1768397
863935
1685539
1083712
1627289
559287
467752
733393
1667509
866589
1389789
1514601
2076867
2163208
2068313
2185425
2059187
2064985
1923472
1363911
1505573
1252914
565900
2088176
2018821
1713075
1720781
1595986
1156616
1264117
836756
2079513
1201114
1084189
1815031
1166412
1450275
958571
292969
1403887
1502372
1903134
1418556
1201269
1922857
1007137
988869
1953284
815924
1390224
926812
1720359
1026165
1455070
679767
1385435
869796
820022
1946704
1546221
753458
1898123
1188573
570745
2212331
1956693
1700644
1696881
1163051
865630
1459722
1862982
1653450
1955754
2127017
2369307
339114
402645
1168887
1713060
1363246
1608021
1749106
2580644
434659
1073213
1315255
1127515
1210758
1487819
1226717
1167479
1433777
1521049
1891920
1247948
1198242
1242293
1407771
1660468
1858473
1382216
2012890
1687157
1860748
550145
1979812
2452443
281195
506961
428828
622980
936782
1826784
1071424
1025713
1186534
618984
1501047
1832843
2068385
1625267
1122660
1561665
1450017
1366530
1243008
1134842
1316696
1691193
954367
1067539
886253
1175602
2077574
419093
662160
775632
1101919
1601388
1637769
1552328
1217771
907059
432993
2037841
1605751
2053470
1413268
854573
848215
612434
1359115
1737975
957286
1072191
1274252
1475721
1814423
2594358
447025
1536252
1713900
1177695
1761046
380145
460646
445116
274685
1709560
1250553
937286
664546
1033119
819205
363232
1757514
1095375
1177694
363725
1543704
1969277
1445348
872630
471294
2265117
2193906
1824555
1318302
1292544
1310586
1575534
1809577
1572113
1002922
1171244
1223481
2138823
357589
283740
682923
671567
1111797
1090750
1823395
1850362
1201454
1503620
1855925
2436966
291918
480849
1069803
1245135
847645
898406
905614
789895
1003407
1887575
1294244
1377510
1684225
340937
576942
593012
2286957
2548789
350865
1101003
1715660
918557
865508
1812690
1317775
705787
1093277
1469135
753267
743661
342434
1845494
1970565
2359990
866836
1314169
1472654
1114503
997501
2042993
1370032
1384969
1051443
2047923
1575229
1155474
317748
313779
2307835
2283276
2358276
240239
1302317
1484730
1467424
2005098
1865955
1737008
2488880
368411
444579
1158022
1877840
1121912
1425720
1616503
705430
1960596
1373943
1095648
397121
1227442
1086193
2299923
2093277
2512842
374817
1069145
1402531
1476890
1243419
1131511
986176
1137799
2255607
2186223
1255160
1153101
1752398
1365787
1337168
745388
526530
2208662
2002259
1970033
2332275
622589
763760
653591
848550
1749917
1057217
1677355
2066423
2320962
2081164
1799370
1816541
1909623
2605025
452607
973907
835762
1717086
1206605
1378159
1112163
423305
1969028
1349533
1514945
569278
1833307
1102452
1280594
339494
1301078
1213131
421819
1491127
825527
1029834
327755
1434898
1125054
2108415
1338840
1162427
1802199
1215339
1635295
803712
616802
1444505
810717
569870
1140523
807118
2198705
2120926
1963958
2301968
2139432
2322570
1238280
1852303
1222335
2080929
2189337
388670
889220
1153328
1860130
1027421
1390321
1784863
1692467
1410373
1125196
1713469
1694334
1170313
1349721
1903147
1863149
2069716
2193041
2347263
2561739
365649
1848046
1056770
1587333
2000838
598436
1056426
1364200
1489983
1645611
1645815
1092264
1498843
2018940
2475951
346234
830927
856003
555255
2286374
2015513
2114858
766984
23317131
21175109
19177606
17131172
15003775
13016547
10984534
8810066
6799708
10371731
8234264
6343157
4279353
6922574
4753009
5985286
3875504
1915724
1910715
3376532
1245025
2898169
718511
1162767
827380
1371456
482071
1707343
1588930
2329290
1150093
1745510
597253
1787946
2055004
923876
1647698
1401351
2355805
1199635
1670477
357550
1508140
1336429
2017462
468147
2497093
333521
1087464
2525389
393555
1577837
527336
2153031
2594863
442253
1314432
1743716
1316788
2328533
685547
1307479
1240122
2399227
1287978
1681986
440872
1657467
2241247
880963
1727347
2054589
857020
2071284
2633154
530610
1053811
2333481
1280159
1183977
2287640
413219
1941451
2690168
546338
2101571
1441182
1675778
2038554
1070344
1947342
1558715
777642
1137195
2104740
1987766
825213
1626302
1505521
377297
1550748
1744544
654773
2004937
2378305
1201185
3277140
1128503
1664429
2755809
606677
2204721
404494
869388
1363906
1733632
1658726
1306499
1027627
886960
450241
442249
884709
1527559
935374
1120004
1747692
2266884
2185369
2036683
2291161
2421638
313066
940425
1142233
1095944
1020511
995644
1034186
705048
1678889
1414066
1556644
1663672
1938925
2244390
2271378
1400676
1043245
1684108
1801522
827887
1401663
2032753
2523342
374721
1118661
1491543
994159
1117116
950938
1701039
1497197
1446533
1259442
1207290
1005244
1503270
1760371
2356147
481594
696500
674521
417679
1668135
1423601
942973
707891
354530
1700624
1574551
1221815
941697
1899111
1384874
1612690
1772986
1943581
1632014
2386517
294048
839708
606691
379809
1875425
1342565
1377237
1591248
2226823
495680
838974
1348246
1482317
1254637
2311723
2226635
1902627
2086501
2121722
2080949
500064
788219
491679
494254
1193734
1725000
1796379
2012034
1860705
2043918
2108230
333324
750066
833515
673402
753855
744271
350819
1993476
1683319
2061168
2263833
2382364
2177065
2367000
800228
1389004
1552072
1621193
1247400
1383778
1365714
1471929
1278317
296824
449758
2567853
418819
1336207
1249441
1437753
1413338
1809533
2451380
299083
285516
397199
402197
622380
1056204
1701463
2249733
389485
843266
1017257
1527334
1745750
1186543
1328243
1725126
2375689
233652
831045
970346
1078858
1745180
1847050
1575297
1780151
1866392
1136189
1537054
2114892
2329671
2435175
2397089
530623
708411
602526
466488
520725
1009256
1239061
1471582
1762344
1264659
1666880
1623683
1751644
1647748
1376755
1420235
1376420
1994723
2048157
2204076
687274
1363857
1563933
1764527
1026828
1331468
1843910
2235604
485278
955284
1523070
1107375
917484
1913683
1510899
1524403
1611737
1913806
2205798
2450040
352679
766898
1904822
1779188
950269
1093956
1697420
1884588
773504
445374
493368
2192993
1746335
913482
1518989
851870
1816542
1254898
981087
1679117
1395427
1731413
1004027
807474
1515611
852354
921643
1606860
381659
1568315
1648479
481095
1785608
1340528
1413369
771527
258302
1446164
1480022
817127
1812529
1036570
985054
894021
1700114
911497
917940
277231
996541
603099
1553240
764603
522520
1256702
1096710
1868029
808716
891523
1986269
1257892
1577474
906512
476079
1615238
1400299
972319
861601
538177
476043
1530851
1074055
1877392
1607680
2253369
438768
949784
1505737
921138
1267385
1273595
938789
1654445
1133728
1065521
1133969
1299603
1459824
1696271
1624431
1755065
1152704
2315159
272485
2164771
1749196
888150
1374117
680284
480458
409932
999035
1791047
899680
1344072
1395585
1315131
1476483
1351573
1643172
1964913
334068
496194
861402
1153257
1951254
1227583
852431
1172414
466086
1817159
1430058
1785587
1077062
641294
1930739
1329655
1088891
1728612
1423208
1138061
1141752
1168839
1425432
1282622
1444555
1416004
1401195
1231508
2377858
652711
958936
1090871
992378
1047542
970347
917074
953373
1011797
1123611
803538
863292
1026950
766435
584062
478845
1187533
393247
478869
565541
882011
503042
840485
961878
944432
783475
1267939
576313
1130707
731294
942880
1092453
1288947
852546
1544468
1570602
846243
2105776
1109048
1133557
1090497
1216449
24902836
22765458
20716754
18622944
16483643
14454052
12375772
10240707
8158509
6111879
8180676
6017322
3957854
7010479
4684001
2626921
5808020
3682243
4751241
2623344
6842095
4719257
2714830
1377667
3229988
1072364
2062179
2665069
530595
1499429
536675
1963921
2494697
1243509
1029888
958462
2220005
1053136
1942644
1910636
1027609
1826445
1776499
922257
1286672
1323395
1598831
1753544
554397
2389399
1285696
2128888
1318228
1069553
1180935
1785549
2167331
1513902
2024102
1536019
1675931
642276
1300843
403306
2316589
1127143
1982225
1467222
730784
1720487
1522337
2247344
997954
1224515
2057742
884804
1266843
1319339
906105
728728
461163
909948
961350
739160
426755
463500
764996
698521
758263
417566
569599
274406
525516
816301
376238
1053165
1118914
723201
1060627
795686
542981
326445
291021
286919
479633
280860
268072
612974
409518
532041
528995
665737
674022
498069
757231
448042
559970
824702
318925
1568638
1343868
1188166
890746
682988
422445
264678
551797
533631
498499
515344
293398
257052
333669
378515
604603
521499
690471
359564
732011
359461
1233407
722375
708509
464387
908095
1153821
1202136
1201166
1763611
1376515
2063785
1055283
783747
1453006
968302
1767521
837698
1685296
958512
972059
2336680
1143079
622059
1013871
962937
644748
1880719
1644922
827894
316247
1227648
1542922
708031
1575586
1390929
1792867
1023078
1722446
829611
1906792
1178299
1045348
1885360
910116
755225
1740161
1478520
1748556
1091038
1955510
1176622
424849
812308
279473
569721
513282
460960
786482
703764
963520
1314024
1027719
1293124
1729024
893072
780336
1454129
525568
1581041
1652176
559606
1837516
1435956
1213143
1036719
1066211
1121170
1872428
1234150
1202417
1630890
2271321
1513363
468270
850648
1206862
1482926
1605610
1455339
883583
786104
1050509
1528651
1575117
1977143
2324067
2361759
2372296
308564
901505
1623346
1247397
2103876
1839888
1970407
2356988
392375
2216023
2191471
550669
525569
570693
611626
948832
1421251
1666310
1266584
1884477
1568072
2359715
2339254
2236748
2011895
1734139
1168772
1668969
721629
1390420
973746
1273982
372572
1453209
1085110
563984
1595507
1613438
771688
1100801
310044
1851930
1455270
1083879
963971
1077954
1403089
1705712
1791864
2024873
1790260
1072115
1539152
2143408
2304666
308160
373591
877064
1697072
953131
1754033
1534333
1611614
1080437
1417623
1826966
374535
737451
847723
1381537
1446457
1894695
1528022
1483467
2281370
2336137
285146
293001
1582881
931667
1620908
2044811
1968553
2167084
278289
616401
759169
1015764
1183126
1322865
1524578
1441926
2065757
1790010
1551123
1784455
1679092
1539461
1926144
1413294
2247479
423072
513234
1545566
1816586
1637300
2089232
1326616
908349
992255
752862
434137
783887
1171261
1528819
1661362
1057312
1469024
1382892
1691013
2206218
2336345
2451465
557912
975992
1304158
1368448
996899
1308872
1282580
1025060
1779392
1404514
1914638
2061181
2133999
1894831
1844792
1734996
1758892
3353537
1214663
1362722
1570047
1394847
786601
502796
697562
1156530
1445832
1674412
509163
953286
1017475
557414
443755
2395877
2060815
1827080
2036074
2193523
2354317
481778
766854
1809792
1131261
915837
1127936
1167911
1842892
1166507
1082155
1611452
1366759
1097202
1902703
2131062
1349597
1642220
1577274
1270599
1050661
894406
2453533
332282
557218
717624
657618
1861277
1318553
1826500
2213179
631870
1503188
1954369
2260231
438082
684720
721729
894497
959264
1215012
1565942
1569521
1648674
1381817
1154665
1313277
984981
1199962
1342834
1750088
1182475
1801671
2080057
1992104
1574890
1816717
1940035
2295968
348344
610893
854467
1088293
1760616
1037437
1045231
1787107
2563701
448774
889810
989604
1167340
1637903
1554917
1595750
1064356
1388657
1387855
1595144
1122466
1939700
2200085
437628
726188
456532
1972107
1806870
1777447
1848673
1974597
2338857
1962180
1271572
1369335
993761
1322473
2125157
2316186
280608
2338204
332720
1844608
1806239
2385760
340199
2241088
1002960
931776
758388
22622522
20526289
18513980
16446087
14316521
12380973
10326059
8175769
6166069
4047164
8506776
6388652
4287971
7326609
5171206
3142618
6060723
3930863
4228299
2095709
1759821
3347068
1206044
1958840
1927142
1989365
592106
2110346
2787070
655346
1630643
567044
1356525
2036412
1427840
1409455
2443549
576323
2242367
434184
1184638
580907
2384840
1133248
364018
1925804
2619849
475167
2036401
1679148
2330560
944197
1957533
2046813
1062446
1725356
1055411
1492133
882903
1402446
500062
2162432
2784164
696773
1944100
799661
1756340
1466437
2882024
720138
1493228
498843
738951
1015987
2923385
828674
1935356
582987
1974272
2721582
598628
1277703
1852901
2612724
475293
1180195
2403738
675464
1698929
1941028
455802
340282
1560037
2180093
385721
363757
1999534
2111798
1924759
1283519
1641023
1668372
2261289
687664
1444232
1735694
1286290
1238757
933559
1021950
1365461
1098801
1593189
2224746
2061276
920173
699309
1220865
1733916
1006560
1860958
1058149
1072568
1576479
1531116
506303
1557801
1327511
306831
1472060
1256578
473744
1879177
1218223
1114311
960823
478082
2205287
2325091
441331
1279828
2106739
2188145
2313118
464205
1344567
1929298
1152603
1401785
1912164
2530214
412281
750926
763458
908555
1289121
2376151
321048
431626
540354
1059156
891680
351103
2034936
1605021
1285165
1292157
1289920
1921047
492066
1533267
1483388
1423791
1003034
919801
596866
493333
1058675
1034916
1697274
1631303
1673296
1871783
2704054
697426
1940888
1484936
1757728
1644307
1380058
1345966
2184450
2377161
257969
518011
594551
652834
905740
1649220
1088093
1004699
1603258
712022
2178742
1790425
1644508
1454697
1555716
1358237
1217702
1102821
1856875
1642843
1173949
1404500
1771862
1323508
1565670
1426504
1160927
1659287
1335135
1107798
269267
420017
349845
547910
707290
321027
845540
1912582
1507011
1997870
2497373
334093
756341
1810473
931567
1479960
1633107
1898599
2476978
362348
2323537
1971773
1696735
1331729
1331220
2155164
733372
908814
572587
879143
1322516
1155535
1043161
1829232
1008760
1321442
2651178
460507
1347631
1450922
1287046
1434126
795725
1360694
1567456
1306020
1468875
2252589
2398144
2370727
1628129
1320191
1611323
1949819
1813269
2252234
2643297
477144
1270048
1641322
1360223
1104190
1009802
1321818
1004927
828284
1284046
1801419
1524201
1512185
1611583
1564142
2299919
854830
1076050
1215860
1745844
1266578
1549707
641386
701095
318295
320429
2391539
2247375
2328820
2212960
1935019
1889100
1777822
2240710
629674
1299633
1514013
1506634
1052068
1744556
2066458
1983658
1695498
2148938
286145
499986
744880
1421724
1331954
1638417
1798958
1820378
2152200
1332397
1340318
1439221
1268773
2257788
747443
1284663
1613374
1857929
1932311
456557
1011705
1531537
1123089
1449882
1169267
1395795
1651346
2217408
2306731
2543967
368795
1139797
1112171
1317131
1698276
832967
1722091
1715786
1845490
1538839
2355400
2255401
1713736
1149400
892031
1558011
1129707
818086
332102
2199353
2010073
1622840
1401706
1210469
1009826
422852
874520
569961
334004
284934
297932
296433
280230
279907
282621
275859
362916
288694
308048
279699
325193
325291
429805
289025
305422
273636
301490
334941
252174
264412
284476
239537
317091
289897
286285
333535
295393
312137
276147
263661
269576
260019
271850
255611
256904
254505
267252
254183
273230
279444
273001
258535
275189
270296
249040
263321
344832
311459
249073
265087
268351
307728
265989
275730
312024
294021
292009
263893
281443
337184
298821
329435
355632
327579
288380
333234
324164
296005
355289
273464
310992
295302
342925
304660
316830
372321
304862
365128
305356
337813
311503
358108
344932
291739
345596
286070
278974
352771
303319
381967
317008
439339
351173
