1464268956
340956
227358
234619
198637
222760
219050
225801
221765
218965
219200
209461
207543
250075
218967
275274
229993
259672
215926
226051
206228
218665
281597
237353
236560
306550
224479
284211
217580
273802
240483
187144
275974
254153
190536
210216
207034
214623
196584
240570
197048
200159
203264
258068
182585
213695
17213243
15101733
13055430
10967170
8834738
6780667
4739557
6219201
4097512
2062256
994079
2072467
206910
424417
404973
228393
218476
255202
231820
360427
243978
209512
261680
221420
289158
224303
270834
250268
254108
284860
205252
314808
197766
266707
267205
339195
261196
328381
211289
271436
325247
346353
297559
350377
254369
207967
262663
304698
342688
241362
213961
195418
240277
240147
309486
295550
294442
218336
293511
251212
212038
263081
239423
310731
226992
230219
300437
350072
322376
323798
265873
329108
226752
212630
231432
303903
227665
209040
249979
226347
219530
232980
234686
234965
199126
228665
187510
220972
261598
315971
201514
212931
303877
217603
204563
234887
272636
192905
263047
207914
228661
240822
197291
351214
212848
173169
223475
195618
194691
217362
188564
192471
238189
188944
225020
215557
190860
223418
178676
219158
196094
220788
197965
232121
207169
257086
235028
227042
225522
216092
212269
215432
205852
204970
203330
199816
231306
204947
199044
209564
199816
177017
216828
188348
257426
222478
298738
199147
229291
233792
214522
240443
199511
200227
217436
260377
248003
220079
244576
340529
249138
300491
342777
284190
299228
226391
244124
322515
243341
300837
198030
301729
223594
211791
208530
261527
253092
216211
245863
226154
258943
193809
219230
200141
327251
238213
331725
356237
304586
259540
301535
244418
211448
288574
314129
228392
259301
305002
213263
190773
294263
205932
205472
249795
205880
249002
272878
241043
224290
228104
236969
243436
233555
262103
215525
197446
273632
209275
241411
446084
192777
295946
281910
369643
247499
306133
401215
321053
234488
297842
312141
316074
312813
323839
272971
414748
410954
310864
369533
319902
383959
317868
279522
311423
438182
398242
204249
395372
332575
371812
308290
329914
200607
217844
353015
1206387
1242437
757293
426515
336688
322332
264110
308975
199177
345733
335085
382002
468505
286023
237408
247100
271303
276124
274225
426002
213519
262285
219886
319230
331814
281938
245341
320127
217116
267283
271220
299367
278154
296116
254410
205334
216380
337242
245200
403227
379324
288518
389406
345354
335004
365849
347198
317026
361856
315243
316615
342307
277210
396558
345705
381902
272681
346425
250735
292724
240969
300165
306389
422464
282355
324350
238381
262299
195912
279127
235824
307356
287023
272302
320201
202139
247956
324860
303830
308330
194090
347182
357438
212421
197176
335533
196426
228789
355462
183340
359774
291356
202265
178037
256159
279352
334966
267400
282398
291340
301953
268043
264509
216984
217339
412685
211224
222544
273976
210463
274229
270208
227783
210178
259700
197936
293244
184478
278311
238343
277623
187458
240651
228712
351397
229515
273376
223298
320243
307196
320750
344293
301336
259466
230486
271250
306208
191415
254766
191542
286301
247058
297530
188391
223109
272772
254540
297917
300874
260911
240610
232601
282630
297211
268336
310016
288558
350367
204933
201104
244516
200392
335933
221308
218203
321160
288967
208250
216759
301191
206804
214318
221897
209786
190544
212731
231902
216138
221503
204607
249975
279422
204154
248196
196410
226688
193057
195042
257888
194269
221559
203809
318849
217326
189803
301577
207815
322269
243528
282097
270967
307316
326388
310437
210635
357670
358761
227260
308212
302597
244951
348383
179249
297403
227673
239167
346507
292665
242399
217967
202014
280692
231438
338918
252437
256103
218273
397923
209728
254868
200213
230695
242071
370732
216674
198412
202723
230027
17803084
15683232
13610401
11517555
9391252
7285631
5181878
3053310
2045264
3366103
1249857
1195147
1146943
385930
424910
664432
344297
366794
403930
659632
455981
468093
365757
169809
199461
223408
344461
236357
195303
323979
270338
323471
335969
286862
230484
343876
297313
232992
238356
214637
232373
257787
230816
319576
320825
302267
191973
233311
231162
288236
209425
259043
206459
211666
205173
207242
231168
230263
208258
213886
185920
204947
230615
205378
477454
374637
271685
230876
305553
275962
419583
246365
376671
255465
242453
396274
431185
446213
373723
408804
718482
357592
337831
384111
408593
229796
370114
196646
224515
202666
188018
201602
190776
248700
242639
307567
270031
232801
251301
284727
344206
219051
199101
227297
286290
221481
325092
291195
200116
471108
392249
362371
442609
448969
228751
340416
232007
340396
361978
304760
339666
352840
419884
328788
202954
441267
308102
431467
294172
333276
429698
375816
282092
467186
542349
252360
397147
535002
529942
506907
578252
593480
529757
211105
384313
459703
318084
537366
564637
440825
457647
325862
349134
488280
536903
507054
593986
330628
368825
567905
545271
204413
400454
665586
206044
276316
262659
419801
431542
365909
251414
649466
531245
542836
287564
229174
319242
384116
392368
273989
491695
234893
514209
568174
585045
630074
357068
542228
650860
642171
291290
274192
486743
314486
256341
436605
408208
301942
398727
486146
545770
512517
329251
244499
435774
506222
297633
460207
449325
497555
428182
336722
346861
531151
221825
653194
502341
249759
274916
597536
349456
544451
194224
347531
207936
418926
464822
335241
325323
380817
544302
547237
322512
614641
980382
806300
492016
450913
344885
471752
326097
646717
220107
363743
342563
460764
218522
572415
561554
447792
369734
524269
468393
467464
447503
522324
397622
333499
375074
449088
213479
317824
226839
360227
419033
427357
428738
468538
199748
400086
422101
476003
400947
349572
369382
271746
406071
220579
239776
328544
506971
335815
639805
255380
250677
264317
406365
364318
493536
455542
206887
311013
255475
430552
584308
533605
420279
480500
632867
216359
231931
552823
628989
462388
306606
376291
528304
439037
474802
345962
507319
615917
357258
588471
227483
608882
351462
174208
564787
393489
493910
433869
472974
187236
706981
392089
449167
218203
568403
363717
321590
377230
442968
515740
472053
411981
276424
296562
359101
385172
177070
546453
534773
380774
492879
478294
605841
575705
494086
208290
535392
519280
540979
520075
421383
205268
479143
413171
365123
349818
535986
446518
614003
361852
616734
394501
653992
592322
348745
272944
471025
472637
506876
571581
454983
481234
469917
540610
346762
415854
464916
491148
475582
331448
285190
451219
296814
356954
413788
277905
579905
315769
221438
354242
196806
336673
310701
484709
416396
335020
440525
222575
355759
392260
587809
581530
200021
759724
315856
362146
428511
558160
597234
880218
397955
606302
595658
573746
506353
381574
466217
709124
406747
571150
509208
240065
475481
774183
324988
732719
517429
402542
364219
361007
452114
244670
622928
537463
312732
596403
214544
474973
750381
342553
332483
488886
525276
835718
425664
532373
362958
687557
769646
701803
683346
635653
780800
445033
363280
690968
250215
568552
215323
631669
409714
453194
334771
362605
621338
260299
705810
693378
693563
524541
476672
624451
382505
717904
594648
454386
684095
713193
609883
576582
774911
679856
631694
780964
618444
664724
504558
683986
212169
317652
754370
628166
566669
658879
578744
710043
340190
627332
902993
744320
559143
733828
673777
812490
13966419
11832598
9759027
7645573
5519811
3431383
7212306
5087890
2991106
1850344
1434507
1327039
1179098
1092668
961984
485891
786860
342393
655767
196444
486800
224185
342940
359375
204233
249859
450178
678299
419962
318753
591365
209907
199631
321803
264165
611623
639141
627735
530622
493137
575104
547213
603961
555858
582785
384044
380993
530503
384367
503024
651864
247772
607940
285139
346058
674914
460518
536990
491955
261871
617643
503777
735841
596708
242511
604785
208255
457607
465482
434413
628088
672107
213440
662914
376880
638242
489650
486119
626197
427901
478689
496971
484351
540131
225265
545842
690091
505670
306322
545544
448912
652895
614954
455855
256937
442577
756714
412893
323015
416407
412599
278776
403577
674382
354048
500746
341316
502309
400998
614827
409469
443451
483634
336887
226231
400086
373890
461972
203361
711390
415375
421499
441911
487292
451565
539106
469323
464634
537839
390016
594617
265498
527864
625700
659045
688375
532596
566283
756749
480832
205140
207652
611554
565463
346709
500350
654414
295453
589829
606040
379721
658530
542290
214075
512093
350155
559176
219141
481772
691545
589596
646181
672567
567339
686943
587382
500044
464815
481465
480824
557642
742432
396226
435999
663780
679710
595183
537819
468754
689066
730131
629554
419814
484115
472205
409982
210037
463861
267363
548571
404886
530177
458278
768189
646371
424554
246527
418473
688908
554790
1367991
633489
452530
428756
689004
188381
638156
678071
479552
422051
632862
559472
615026
481148
450130
468881
255924
251897
299902
415385
354337
678862
481769
378719
246727
515514
669925
407338
671063
372192
401597
283687
550595
594985
322003
441396
663149
272978
595288
438801
557281
274301
595774
635270
676621
424151
275856
261062
584378
512362
461875
516169
665242
567628
204175
270255
603081
445431
585988
170409
303355
536863
210622
243411
307079
335462
253035
301800
458804
564530
497004
534230
298521
253665
313644
393107
197801
346699
428665
202599
469233
303536
627549
430495
489819
533262
541351
471329
533230
439154
387442
409267
517501
520842
309585
329622
391565
544839
194222
443053
326175
292946
351842
376779
447602
373415
196333
311570
535978
441963
188486
481852
222544
436221
208468
200277
223041
417528
562067
351926
397145
653184
248796
269503
372863
207647
542767
554813
523476
422694
448317
413734
623391
411249
384570
195717
310872
524754
608690
349926
474574
444551
334654
507944
430249
339329
504702
376884
414066
449848
588986
360394
602766
453654
493728
218477
387654
417079
328817
522596
470858
331346
600175
532574
465315
353057
436453
493757
376046
508735
544766
200727
448109
252222
298755
201768
296035
375354
323051
471623
194967
287474
214998
321688
232212
247519
319437
526075
303817
486178
289225
290842
218602
285885
262186
259775
278470
218746
316589
272791
295714
196565
230747
249930
300012
242478
224169
282747
261731
268275
225447
306112
201277
316543
218193
347715
294829
338272
375022
209280
259543
332371
383950
244944
305819
355336
258372
309044
308025
317562
246466
298950
220140
312122
306520
263834
240043
288323
275021
242512
312156
396444
323497
388223
388366
258072
325038
252991
337231
239578
203587
316262
244965
335024
239606
216995
257786
253042
338366
243008
325312
306815
378202
221279
313074
284393
283697
308942
285456
222207
385300
279655
245177
260696
333344
285065
337085
263585
331042
219539
247952
271303
259588
406704
182864
426417
254632
206997
242887
374892
248969
213008
216439
385760
207590
350212
297057
268231
304699
214617
274615
197471
275416
230856
460730
346046
222288
16238487
14122791
12050951
9979291
7859453
5862047
3783022
3579154
1441645
1163499
1707239
1503743
1089838
653489
641282
727073
692613
199763
563190
249793
615882
682717
370693
424177
295943
467576
371624
334950
325399
358216
440920
222672
418429
181344
315495
256453
321007
262858
272027
233419
448481
211541
354629
287000
315962
277485
448247
228312
382901
402106
341795
295313
260995
284207
415246
228794
245905
335190
438067
417226
346544
370604
331856
324481
394078
308596
377498
403832
260701
482630
330318
485554
264773
496174
404391
383025
238188
201698
267182
441108
494155
200953
415044
209584
417793
560206
404220
484976
503510
241184
236200
541650
182917
469454
474116
448967
308054
378088
579009
402069
421086
211355
369840
354902
370963
624193
312160
362479
516787
280114
391440
451869
203359
281172
392348
239369
276719
259021
327845
329364
180838
233878
206751
234708
291884
235182
352335
296023
296060
270734
383255
476624
261006
525588
211166
291407
434146
263727
218601
177975
366022
452136
537723
386251
258679
526919
246373
396272
381147
577128
467547
516461
548643
526070
438779
534812
540857
462085
417072
422458
240798
259376
307309
495441
351547
493687
390513
708252
230435
1184967
495861
510606
506234
280020
257264
477873
330175
371602
383969
340377
437226
565514
391943
377965
566835
466938
481061
376914
209051
312479
571480
545190
439717
264024
645728
531563
550345
533924
539593
500194
594265
499439
223125
374759
501633
513592
251541
506430
440918
472632
548533
377119
388398
482325
609502
383905
461317
285484
378755
327428
251117
377755
505063
542660
515464
379572
447228
622790
234652
263008
404508
584594
546494
453575
247055
279353
478705
422717
557925
572677
476327
368702
321460
526046
482176
333834
588675
525453
401932
392846
515022
528609
579826
582569
565452
488443
344485
280604
236683
284788
235026
222851
232257
256967
276373
220089
257341
326978
370402
198179
355867
206288
274060
320623
245205
436417
225068
269814
470179
280708
531272
472184
382274
196900
503784
541020
213581
244277
323638
248741
433102
572144
210346
237502
218540
249437
205328
211598
290255
237736
350369
750874
243310
432438
570063
249013
476825
431079
328698
595647
290453
317643
370443
356537
198653
418079
373393
377236
277185
225725
232443
363760
232791
284417
213671
342024
218598
264364
364885
353321
294002
242924
221922
222822
218827
193969
195438
216860
211042
248591
289940
368154
293736
223954
213999
203628
241149
340123
240877
246463
225740
235581
239552
285281
194123
206629
263039
230000
200917
318815
230165
252798
253033
225934
180434
205174
255530
201759
220506
236922
210199
318239
200593
271473
189274
197326
231334
272489
227077
269419
281314
333187
231820
464156
365674
362940
189394
257244
244921
234220
278004
282595
236574
192558
268491
193556
307614
282400
210295
201240
207186
191233
185027
231479
216585
381088
379161
184052
282375
200490
181755
267073
199315
316951
184161
258510
214374
244029
200558
213493
306544
205243
328299
288247
214729
192725
304556
212764
259181
210656
209839
193428
283350
206704
309712
284243
206645
194579
302266
295082
320558
189333
202863
248806
236140
353610
289274
401964
460291
286793
339262
336077
424913
508886
210993
273360
367050
417207
356434
298675
274337
208060
378935
389567
221321
204761
237431
314563
357232
302517
1312229
231442
219453
199394
192100
210175
200358
208233
243698
232247
215792
239961
216693
216948
226313
232657
226105
230028
197816
256926
203469
255247
188616
199394
305154
197283
248809
235879
180973
206667
247859
207669
217497
211660
249877
232282
238259
14384358
12273335
10197464
8169613
6127803
4182482
3795461
1774489
1665458
2176887
1879057
442144
854474
419154
409771
581692
323397
311274
434658
342282
193375
217405
346099
450237
266890
330639
252699
260114
311966
222950
190986
232193
202310
219114
220680
203033
204669
322763
228339
334709
179811
207800
322295
190999
244378
206101
200674
218853
192806
207261
195906
203306
188494
180303
196797
219647
211310
221136
211768
216755
190301
227797
186081
241549
241934
192756
215335
210303
212251
195269
194315
189105
184665
211938
199882
246872
200089
172367
211888
267757
202441
212464
222720
231066
241636
228124
215674
179099
261233
266578
277919
243747
191730
204013
213727
183034
208074
314318
188552
221918
187027
176192
191065
192688
256357
248150
207298
232032
194133
199608
271300
265482
207361
231701
198311
246372
195202
241359
196646
305213
200710
165836
205069
207668
194637
261484
217417
238046
193602
197552
267144
180226
231682
217719
195935
331982
241254
464767
220064
266056
187481
212280
194004
206666
232780
181065
222317
205868
176010
203170
185792
214705
182830
266851
197256
191672
211352
196172
189422
190675
198619
210824
223548
230596
193762
179029
219368
215861
185383
194034
191549
186366
208304
192677
203347
219672
173879
186368
184555
220419
190372
213426
200369
200464
178064
193678
197718
181932
204566
177869
210644
254158
203406
188408
206895
201493
215003
206808
202980
180974
184529
214355
206021
194761
211357
183578
198481
217626
199121
189793
198495
192862
209159
178792
205481
186271
175687
209783
188749
195841
233227
204329
193513
210678
201098
190875
238703
235526
243464
194590
220886
225372
210409
221094
203500
173783
224731
185455
194639
210392
179717
186482
191042
195247
208899
196228
211334
183234
268430
177799
310251
186028
197402
180431
280275
179311
181124
211815
199781
208466
284093
282329
196304
197292
189210
277406
193795
244108
333223
233362
218650
192640
183141
186713
198974
194697
282476
204955
200622
207581
174334
203195
201150
192380
182154
241638
181099
272722
187253
190153
186931
211239
187283
184990
212755
191393
217467
181388
190057
194102
190869
233547
192097
196874
258919
188534
235483
190184
228324
262930
216709
252802
256831
203800
187537
294023
336217
266065
186702
212890
220732
214224
299076
225399
201275
206996
205213
199231
189791
203707
202887
221716
235656
211410
215788
280492
185740
222394
223490
249659
214886
268140
199730
302107
257842
241387
302374
252908
190554
234734
241490
360536
390337
308986
309136
205357
216576
271652
364479
307003
216339
347768
318171
413447
206072
302464
222279
383126
255480
400430
318398
492703
366714
218367
323213
431421
228003
258494
351119
241706
523679
416453
387957
338427
531487
372904
348050
483570
335246
351681
518499
394816
283756
575170
527004
236559
208036
481542
185732
361199
251980
365892
191578
451473
337197
297616
198138
404950
283117
266058
212624
232416
507718
404910
314451
208519
443568
474162
454528
513768
710319
223377
593473
449387
285205
474692
502498
472011
345375
510426
450588
576736
449241
412289
438143
449486
550326
380749
550880
569245
519787
483986
443426
242114
180713
360307
297422
526297
483412
567274
592529
418523
548725
528298
452161
439133
354247
518838
388686
415054
198274
227858
363266
300155
379683
556967
505302
571432
236004
210353
648160
428589
517862
443534
658200
445958
580373
580216
431162
673436
661240
503357
445805
709052
507827
614278
528808
580171
507139
363360
598953
537403
537396
669359
433393
624509
514386
256185
478523
359822
374948
325900
474551
535628
559347
404392
15480116
13367182
11297357
9226145
7131462
5008262
6515224
4413200
2317154
1959171
1253614
1097835
684626
335838
406936
370014
245425
595255
189807
203835
2009258
1658362
193364
192913
205594
524500
452851
229936
273169
316746
240381
441828
448573
211637
362993
422421
314831
410055
348719
225810
238121
183687
191644
498950
398727
502839
432909
502812
457102
325483
335173
442202
356108
511609
366351
484834
249694
253813
456512
457988
353445
317722
292504
313343
542037
513108
420894
302853
545708
522624
350577
449494
454595
232399
559260
487828
575866
380180
390250
188157
382428
335800
449719
398707
629916
427743
570979
328673
536229
255893
506970
727226
412852
632843
250295
448268
418184
394524
454748
369849
606889
478978
750674
1124100
402663
493817
638645
600932
391321
450623
456657
602070
484828
536028
453826
484425
601951
479217
434401
401241
703460
653241
420104
427315
613790
622320
610356
514361
623825
520742
283531
641974
519214
523982
434776
553052
547368
493063
690734
609327
639667
621586
443949
186250
486951
708501
665299
347962
226580
760266
745702
645679
231132
586462
422535
178323
572293
615166
405228
832318
760821
621773
695191
774328
324548
468545
305186
625821
789061
566844
647171
666663
671515
767888
708240
729003
673127
757850
666871
858218
216120
652107
735128
246087
200471
181924
668884
835762
763776
245935
597113
421173
912509
370695
572579
264011
222829
869937
405309
470053
408544
552721
463343
449392
382389
561114
532603
357177
705779
814049
891520
655280
439072
395997
278555
351028
719693
619818
415120
432207
772309
637781
281060
545101
358769
230626
475840
281510
288323
544281
263420
655932
248763
203306
561495
316668
489595
220951
443662
463210
369649
354622
360011
382685
532010
433365
444213
356505
338272
324175
357582
288919
349553
316614
444984
668368
216783
314436
377827
238453
398331
253018
369535
438888
280713
407011
306605
279182
497403
379847
437695
525700
521115
321783
252751
526339
261953
461995
379144
409121
259638
550961
512069
306782
288223
390611
500286
453377
390144
196757
315011
428750
407834
401476
439380
525140
392472
475641
378537
207335
492763
560444
376040
227249
413989
285806
363549
297746
373222
288803
337200
484961
542376
543703
405667
474502
380279
470909
514605
422724
369939
296445
324411
375350
193439
461319
246631
215539
222076
198575
482644
342085
344487
403530
411825
393542
473496
184017
532389
277044
185080
469696
367821
591877
217077
542619
296740
211340
181034
391726
431251
618591
249980
584996
295958
482789
479532
410111
192574
321282
180590
238051
461767
391228
466800
764345
228021
201898
309587
401724
452837
235034
383695
486896
250914
345855
201219
535792
182968
475258
405645
543721
248833
187524
512805
567238
224757
535357
588040
211176
853391
402253
483790
523545
405271
509945
353442
461598
511423
409037
534500
529207
412940
547322
516323
382583
343129
309068
538894
206951
308726
456454
449051
383743
595241
177191
481809
451249
226272
349863
513326
1380312
315624
278793
350699
297597
217579
211100
271393
274361
261182
218541
213911
390144
211125
517903
432905
364552
284661
216983
452932
231719
250039
208825
359119
190014
286005
336194
319928
199955
206952
317910
399719
259915
418057
403643
190963
236355
237716
310500
268040
294702
352528
319813
366503
366827
312030
186952
190943
282610
351325
291435
326168
262389
230257
300740
346948
218777
266529
220827
364450
203256
205936
289138
192532
226350
344785
291333
329140
331359
374312
345116
186952
295568
228982
396505
336683
208761
310565
375511
289717
381135
265091
304066
269408
386340
211375
13811507
11730706
9604707
7511316
5409123
3281008
7813857
5687511
3626698
1537962
2220050
1948028
985853
461072
490525
712544
480360
426596
684992
233868
560762
684211
512150
425458
302583
209247
496398
317676
292793
272037
521781
265497
588191
366237
478370
410374
365901
386163
357916
223304
380436
507045
443573
216973
566384
576288
526893
396989
412774
369809
226998
366775
406405
378156
369912
363949
191082
387030
305771
380826
218171
323528
216772
410715
237610
279464
202108
244134
224300
276613
759148
968897
230525
191455
1237284
541131
181718
255358
251695
226868
311907
215613
189305
328129
327509
316758
333105
311722
191305
394113
321961
213240
301303
404087
316391
199133
287852
284350
325835
398968
188777
323488
225248
224137
244410
473798
284194
348247
187163
370233
415650
228313
455203
510492
548018
352228
447998
322531
511721
549536
347654
417734
378823
296226
203763
404702
368617
367375
418552
289785
418032
224819
260015
341322
380628
445929
373561
179014
347465
414683
556368
503976
405571
355264
466708
481950
192224
187929
385313
513443
218539
174891
208294
392436
169011
529755
225742
342195
451871
690014
388801
233301
413296
351101
179077
414824
236967
350236
623902
399952
198038
380107
180098
345106
474953
246958
590351
400879
485253
509040
381576
407464
359488
540304
478903
456767
499787
504777
605457
178109
498496
414806
367677
265786
230496
391565
368499
466940
451429
381027
459894
408803
498988
375679
374123
369974
379646
481551
365290
229153
639836
494960
420146
454884
528776
278918
333530
362927
211314
437162
327739
292700
324058
239046
456603
319296
206773
214959
480033
310395
311400
326351
402553
440061
369495
294321
426346
373928
327552
204266
384653
329348
290987
210120
218532
201928
198899
272277
330125
203337
295233
255551
269980
338847
245858
397461
219117
191487
246442
212885
271022
346142
196564
292820
199006
316784
223427
254342
198264
259648
191723
225715
174254
208260
317849
218233
263554
240219
200897
289714
207331
212668
324298
320662
223277
266133
327188
266059
320435
300403
208673
227203
292619
275643
274048
208202
297738
183127
242390
273886
240335
224272
259604
188877
252775
297505
211535
204529
172567
211165
211768
227791
233502
225327
254158
225002
261909
319543
190236
228408
290249
255158
252996
199269
182588
189086
231364
192904
371793
250579
201045
291473
208928
188739
200842
172789
287935
343086
257198
302194
385769
262305
217804
305046
351456
294789
331762
256677
221042
318844
309547
209171
218857
257466
210388
203904
234629
224307
278446
272300
204893
224016
205100
251475
420162
262626
213100
380514
214213
219374
312111
242230
233560
216274
230556
325758
307944
181934
273659
186556
317367
247128
194554
300698
318968
231833
233488
243093
348651
241837
249039
226109
241467
424364
351350
381803
378121
243558
312801
223899
214546
239625
211072
207844
190887
179820
226677
357429
375098
221462
302112
343822
220912
271780
233044
418167
275883
215278
302943
200623
246551
265807
311521
284206
306358
463496
282379
391808
253958
414743
447947
319607
252042
442250
236113
291352
341818
479400
539912
364330
451939
399447
207251
349088
349727
585901
668365
265151
320915
381510
458495
306815
336613
493251
580911
504400
443553
527670
313458
477224
226918
332500
401455
456756
574487
511781
502527
264008
332780
203837
396658
307455
371530
195062
197659
414148
187309
395281
285914
273672
345620
334205
173272
281639
206998
184621
240683
276599
330765
518086
179358
382039
311735
360178
296926
461885
299360
222640
192984
189162
310802
338188
305318
280734
300156
247760
247308
480214
12636194
10515106
8433504
6383196
4259242
2169124
5292687
3165144
1067451
446047
1111193
799459
1323654
218502
438010
404140
193259
290957
895618
412234
497752
455219
471803
364979
552513
514019
203300
378842
457876
395908
642230
469694
399696
491410
490668
336888
303290
328453
323639
276805
175942
452396
462996
627771
378298
362197
349619
448823
403787
625749
434523
675692
367568
418810
510776
405509
413585
636534
546675
546169
188000
421216
312547
758797
510234
495115
662269
572561
604808
704267
201976
313575
690989
674475
406896
215120
503105
540266
564552
480859
491778
290773
564901
258455
319951
405013
424475
194101
196074
551604
339089
555688
403738
269772
475096
526637
300713
217753
196846
230342
451210
394763
473440
242791
460726
371034
466104
211901
195497
440711
230783
326298
266841
251469
256430
556162
229173
365518
234218
488690
211667
194970
202926
293101
281392
204248
247309
384724
190335
224252
196835
181084
355963
518764
413456
246524
640054
305294
341876
196257
546600
244160
364277
449333
445405
383458
406351
374205
365074
415098
386793
564721
463924
539531
452571
303343
447222
661653
293159
632764
188991
187049
230136
184684
393131
194944
218570
309892
277850
183162
461309
198684
393687
193928
338055
183901
214766
329852
384394
295043
390335
347950
364228
269090
201291
187131
361116
553943
547188
262846
199225
214057
278343
236175
416352
262994
413656
243080
219353
306283
234893
327109
339813
273245
226475
300877
360027
227067
194855
203793
225869
309090
239535
240566
234323
220929
358297
278361
378321
234724
236869
371126
212786
215525
206130
275646
534775
258787
202083
205428
400853
221360
360427
430126
438725
347450
294092
215366
380819
403341
510310
229551
344807
509729
390653
291991
425018
221702
488355
200887
211974
335856
237012
232436
473095
521151
407367
688638
534221
480947
333477
191193
194475
214345
676726
399992
265488
407145
666628
519797
511201
293808
533767
553241
361095
312701
368474
360792
367475
496573
361631
433078
385979
408971
245194
379990
482647
652090
356281
341283
466587
720433
325919
653632
509404
275821
613359
560268
382562
394272
219765
327821
362134
229437
309853
228375
213628
271627
197959
228377
433608
249634
352150
480364
538962
380945
319849
341238
349305
468518
391809
410379
399597
281950
372046
551032
409541
455034
536257
332478
358873
485786
675526
235941
213661
195953
481161
350257
718661
400281
640075
276982
214131
341798
452195
257853
359172
536859
501037
346391
499337
455199
348923
679153
460641
264658
514156
262131
418087
445115
595033
417478
308843
232073
433129
640014
212566
383746
332388
390730
235705
279486
245934
262483
200615
317526
497235
361492
356244
331550
258633
498831
363518
367836
330902
383234
388157
348981
470739
506890
374627
312313
272177
341964
378065
299028
340336
463629
307879
325550
254178
463289
214376
479418
312889
391698
394879
332402
566322
480455
208464
404459
436193
404448
460386
397432
205923
408046
397037
461788
439153
482261
437844
403511
291975
398663
329642
293902
244187
237146
353595
514547
308096
329634
366519
311508
302501
382724
294355
223598
504170
546361
434900
362022
255584
302728
421422
255798
506853
422961
214506
209877
366511
324706
333491
283280
437423
368639
282799
239464
282530
291518
242427
255139
255261
232286
299359
423745
385651
393566
231112
384702
295315
399053
388226
240688
297498
496599
222286
391883
317700
354771
372329
401108
183972
403026
223464
195188
191996
334304
249829
308400
374417
221337
229997
351013
248076
281671
223239
203908
332733
207919
321218
285154
368790
198490
322805
334346
17710199
15592098
13533780
11490237
9355346
7279280
5244427
3165291
4554788
2488656
2239575
2019288
1560454
405296
709692
547172
419282
367397
647483
798159
361040
512642
211208
425745
380092
408055
363963
293959
296106
434783
383098
358870
314779
326384
360944
246063
260557
274739
440379
262635
253666
280273
416955
441037
256735
361521
336472
448398
443396
383180
238497
349179
250078
255601
365189
309275
190412
393538
539776
338514
455928
287180
499455
187048
362666
453175
430613
275362
261312
236072
249777
333387
224181
314671
246048
259618
409389
302548
253271
436143
214963
242828
305525
250060
209394
213092
250178
293373
268974
208568
258890
270207
185955
310320
214993
237367
243490
387862
210950
257465
301514
249385
224310
312671
273662
188367
378437
399371
237145
271113
260158
297495
189935
219159
241210
258139
263227
284427
403872
288448
303975
215677
374432
274366
354130
333272
267733
482638
374513
479677
243242
216975
270380
335693
376552
339288
257866
401069
288320
323220
306232
227911
209727
217690
229650
226484
207011
222864
193393
230316
246687
200485
208999
390458
395279
284736
227682
374077
226525
297349
316382
273543
283427
198385
275533
307569
346820
330740
186189
355169
438782
250775
370901
462831
355375
351377
317982
391763
366115
315361
272552
331631
216142
497226
509536
437374
327101
333219
300059
458118
381721
294718
320735
362666
513377
286840
473625
239457
380696
340147
511799
196368
575825
348949
375635
548932
554435
425131
532514
390273
414468
440415
423260
247791
408060
342576
428868
482716
406817
393429
551734
418400
389475
402867
552522
299182
603342
248599
298532
225415
212995
395928
603367
321104
354929
535025
305130
199474
229143
336880
403788
360290
204737
407734
526794
426749
409966
491447
271938
288229
216836
276256
302332
600459
546364
256305
656508
511436
529907
310355
427437
298542
533890
452238
489242
401018
192340
377860
237024
502318
204054
295471
296358
515860
470986
513651
626724
680518
547130
534866
490174
616188
226463
473653
423264
537486
565101
364356
296922
439528
410345
437523
607174
495425
610139
663700
349282
373416
784380
666824
521913
486268
600473
425912
690431
382634
204823
555678
404966
270586
576521
427245
288287
656080
557521
384585
701596
483878
456257
857419
475278
711101
558746
304223
209327
693069
515405
358476
602269
588624
725135
444971
556987
473379
767310
468406
384410
500191
543981
770915
567885
690767
361375
674626
587890
751914
457669
786874
728508
470557
283853
511072
371630
495893
677773
215802
428124
388559
268306
382014
714973
632993
392715
717127
469690
440496
587820
612530
788028
566826
423643
699358
710204
194065
705105
568158
672211
555015
439017
703855
668320
435561
660281
236138
705837
447945
279237
549825
485430
505289
566902
447403
517418
295338
412646
208523
345857
644486
588460
445416
251180
548453
511355
361777
397425
563444
729024
510487
608967
240051
283257
285203
407938
283600
420256
200696
253711
260295
312573
435272
195269
365466
228157
266559
360744
344327
258687
335376
257995
558116
647528
469113
214275
290034
215900
209733
330502
304958
317709
201051
208476
308545
199088
267409
255565
408726
205864
242378
275833
195527
233445
251561
281794
213550
359866
214329
243398
346465
316092
222665
314664
205540
297767
473920
262982
222299
305326
387848
344265
285654
320670
341056
343390
317295
231030
274312
256611
339469
242854
321137
225962
360027
321327
188476
236016
248152
287130
198116
182639
197811
216960
183005
231708
205278
224734
227309
231368
477281
225689
352375
189319
194122
296786
200690
187543
194348
14734347
12642194
10573102
8489059
6616014
4546193
2469185
4989278
2863928
2906217
699634
210246
1285463
321803
416191
572130
556734
560868
365687
588584
755848
769772
738421
231484
234345
230938
367696
329533
220704
176697
256529
224772
226817
389777
217728
230190
323815
287514
323172
250859
393221
324192
223226
347354
372873
323670
245235
269657
257561
287819
280466
315375
264832
226288
327992
222037
226524
226237
234201
224941
250390
290603
339575
226506
228955
229562
371933
221913
299444
271257
473314
242272
304255
249305
276318
303009
392029
261093
324941
262836
301636
277261
272954
292277
257268
224203
248974
318166
314853
238709
322668
374758
374711
480085
363423
246410
255115
381873
383440
214521
238737
413250
294069
380359
406496
237884
442976
243168
338284
309741
324802
319024
403305
410255
300965
225370
252511
292913
324165
203568
310831
476307
407785
426260
520010
256019
225681
563576
324101
490140
345113
261721
319098
414048
376010
434970
415048
180193
373830
260646
525092
380707
270734
194404
382327
279043
403260
477848
447521
417122
366788
392610
366012
442122
326358
318768
248825
516940
474280
316969
383744
223350
344650
211855
434437
195074
344774
427132
199966
200937
337490
311625
245341
307536
432719
201962
296626
303874
387002
447599
300980
293412
288730
232060
377745
405506
404363
294581
375248
241556
245904
342436
305221
351462
273487
234541
372224
246195
391010
496308
466385
482810
281815
391823
401928
438603
229786
222174
450077
477417
254759
401715
276774
307997
467079
296204
422067
330679
350289
436943
246190
370715
196680
420958
403423
242771
365159
440513
433767
331883
393302
406163
357525
442297
440900
331580
518929
407901
340715
470008
401690
562138
509497
216679
504947
489332
325222
354064
493869
295142
510591
553336
209074
522920
549855
284038
420665
576288
331136
296263
524738
265432
441189
540594
361788
468159
486612
376466
356670
489069
537702
542216
543013
577111
540307
349349
288114
454712
358419
356722
500593
247876
356447
353328
471141
443390
299820
432615
331308
224229
326733
414611
344255
595065
372040
547609
493352
501852
475279
438811
376339
513382
425026
275044
356367
565652
457076
199168
272964
352677
505618
378615
654900
428250
498183
555986
427874
238913
251059
407450
622277
460988
388823
304275
426732
499548
205072
404060
477379
305570
506047
452442
298242
390651
369890
782098
481226
527817
468235
443870
585466
287869
477194
426845
453069
255425
719523
604950
227856
449882
434450
622624
343471
540116
258579
450187
525877
562596
660702
223482
677516
260684
465105
498178
755018
262467
226151
512348
543301
446721
499246
516271
510363
410728
800996
673700
610491
482616
487429
494458
277468
331586
535496
532754
385667
368332
543628
452419
568971
481199
299610
528381
533116
678932
411818
383680
671959
706109
480010
612879
488780
496292
318919
279345
322257
648807
300619
542660
558734
391925
510993
566447
343555
532081
434226
429276
390352
719245
599105
632054
712880
733011
482340
457293
863480
511238
615566
435883
532015
684199
619844
297274
242589
543789
646877
469379
540272
616550
456814
443263
355252
600381
234374
285681
194521
564011
875220
319609
573663
295988
459502
642930
442400
420592
622367
619714
295589
616639
438651
672823
425406
478535
425359
823629
491232
956316
868164
909493
767306
729877
656544
599529
465031
257387
792427
708066
588006
280459
582228
627142
470367
642297
197657
432872
584244
297361
397045
436573
502636
507544
393627
247872
485330
365780
642073
404775
904864
791677
907779
383297
779295
338949
763014
690207
770122
820539
428668
604357
13658748
11541907
9456282
7356107
5224908
3126418
4568463
2518656
1533190
1860186
1346713
1291564
1190759
983444
630367
530096
372593
584517
656783
887677
1007461
436244
778912
761262
446414
470140
625503
664400
721077
345376
832006
693888
329427
774396
834520
477455
692992
347529
763401
447592
653796
717378
610390
353431
623822
428296
607125
624480
534097
626525
703891
724748
609429
355077
541638
544124
691115
534964
813270
699592
601435
636414
363686
268590
589396
347180
477730
509992
412703
739302
534553
678228
456627
593708
391084
438642
444397
494999
306890
291358
674895
772205
616595
707251
495593
452167
631282
647051
694030
502696
623178
627225
748359
639967
321485
626935
317446
557379
533591
688833
576765
207406
198175
296626
259629
231472
277729
227718
540579
692754
499319
617525
636702
430286
668603
726541
618679
600479
516088
507409
419529
468064
770794
442921
565481
534965
597910
204998
279149
335021
343288
547162
568683
578245
589977
256255
525504
428549
480007
402199
565239
423665
182011
414586
358842
773709
753175
337907
528799
832211
528207
894230
468362
532013
687471
869358
468239
607443
302494
530134
415152
705309
711621
484256
600060
596525
643147
636304
645374
526557
652193
562202
181680
400154
516990
248419
482076
551570
572042
530089
645983
418742
553103
479634
430061
472672
468670
686402
206660
443709
685558
223964
211165
792303
398204
359411
655193
552751
747057
719322
998171
972127
656144
615602
728036
1035916
734887
861650
766733
840629
1093394
209954
890041
498696
962734
476546
857122
536377
585237
761123
462388
795146
725213
611064
812547
852268
547048
760990
596592
763613
847064
624782
366012
380309
307789
354768
313054
551120
707962
232321
755692
453575
420096
586311
765648
560021
487876
548646
231787
373963
801902
479462
378742
892429
739415
743375
693394
507120
657875
561061
793219
864363
778209
923260
863296
550252
392503
473967
557019
864283
829532
330867
209667
868977
933451
653788
803675
705695
629113
804796
788682
472934
653501
951026
845101
520901
654701
759692
877693
714628
908586
916782
950814
1026610
406518
739250
422038
829216
909790
915156
914962
702144
271315
544475
834802
691667
671268
294112
537926
541835
918116
180589
196316
494218
805519
914221
653435
313095
878850
763753
452193
313011
637588
716489
587089
607752
599852
740042
386051
501057
299900
877785
590547
761955
618042
182505
673860
811881
773603
318476
266332
337207
417247
817040
761603
637708
808158
432906
641216
519663
643428
492777
946581
755403
240110
370638
231135
619529
401982
617741
683797
660080
344988
355604
735533
843501
349526
464560
718357
376102
589796
563391
280537
358292
410995
971289
569172
344418
784345
776231
525167
627189
636193
446570
365642
786533
348033
900077
203361
479404
604307
375856
342351
865211
430715
233608
309899
818663
563331
477888
789994
458082
526572
624264
556754
525635
513176
529675
738676
361035
686374
861134
228930
597556
225486
790761
271852
800767
790250
888029
283578
703755
596981
803667
253918
774455
768388
646113
627104
728330
673177
213814
205617
922907
736731
367991
296190
655357
279475
218248
516103
389899
713787
548932
368638
478575
461091
503791
553577
572614
794805
437684
408488
717876
553631
604482
764831
636105
380242
556127
544483
508299
508353
500540
505437
747239
803599
613950
510575
777921
694857
698671
644372
248016
773321
289311
498046
577094
598089
539525
662864
589579
324641
465411
728575
642121
695438
202926
726096
592676
552942
505396
738357
533413
689916
420392
448121
472074
309109
210593
745873
373279
606055
696290
819919
716364
419414
285161
16022719
13902038
11832484
9736613
7612136
5525403
3414169
4543652
2432397
2142708
1525336
1951017
1203451
569565
592564
350345
847013
596989
846638
556843
666333
582070
420434
510494
548602
340475
371221
469080
717459
446528
396766
464121
503817
347077
399229
286387
561951
207211
497454
516739
427312
352082
573217
224088
245905
266504
557916
483702
369928
324574
455563
480759
521146
426719
409720
658423
362833
525757
615541
400511
202230
207427
233136
499658
575018
414010
210320
397716
557309
182382
537579
496178
369412
239154
225071
196665
174292
377080
286048
179480
459107
366316
556640
291172
209854
314055
447292
222866
240524
373508
531552
413590
306939
261711
485152
285892
297782
429991
430180
250098
571457
583916
434983
406950
427072
362163
586319
387558
611718
214773
249560
245080
647391
393456
452282
206384
415150
200327
506206
454608
564350
340440
667738
430317
476056
201876
501263
591545
631355
630007
483458
528264
181371
750202
201526
692034
518804
656755
587932
554831
579443
634954
502451
746485
492837
448457
307392
296643
603440
814841
771278
538006
716837
536308
488598
748201
710549
869218
769961
701871
610273
495318
510768
734378
459825
665174
864378
443048
354632
278579
521345
849705
526022
889962
210015
615305
578488
1025930
637662
642896
738261
933607
673704
873021
511308
843286
735087
545473
917528
552276
669660
861368
261934
471575
780776
562125
578965
301897
630480
623850
491844
465483
607190
950528
559994
525485
552302
687861
730796
496230
655585
721956
587607
876462
248525
639922
736338
784538
850202
747140
772034
263520
527030
985812
847705
247996
253860
672531
919162
635648
727926
504760
411497
400167
477303
492730
1065081
322287
237637
809973
609850
961131
399303
436927
823395
705476
859743
912588
783155
529856
579223
604735
766521
542016
745731
762410
686557
825390
726707
848862
655631
1028090
533286
416534
202774
451007
906025
360242
554140
247861
639016
765231
858156
511938
934715
834499
904633
895544
611213
514881
597709
893107
727506
739605
604833
549244
211626
672769
734999
451190
842237
702276
391602
455799
690458
639097
874115
688332
503845
338569
593740
680916
1059094
502034
583814
393980
682538
459809
526369
374574
380176
316566
826339
593762
716332
461348
793764
823084
885462
391628
487645
676451
429204
278741
505629
278377
476751
685706
382398
479115
561714
196736
298977
452644
962607
217718
746505
720693
716217
549062
414690
286344
824272
597219
505859
333695
257930
322587
550941
676678
499124
539453
674635
741137
894095
718814
460181
532977
679691
627051
324863
470161
454896
268394
389827
540864
537507
770266
458801
825965
382396
762323
376652
710572
416150
443376
586106
399866
588431
642796
323003
824883
764930
679069
641330
622772
747106
747197
899527
535715
587338
603478
512227
620478
868432
629487
1097706
929817
567825
372689
447276
714053
591067
541468
625249
709038
514694
407062
434781
831276
449215
413861
618488
267251
495985
684216
564500
861219
549365
406406
441474
741873
798718
500501
917780
812935
685434
652610
228658
559526
525059
636317
853823
425865
839852
676398
882508
547220
790831
890272
539451
668877
808059
656872
572778
883400
794757
609031
215714
776566
629180
920787
654631
691140
795664
652469
420808
619736
932130
718009
204753
617038
626338
528230
501332
701569
825670
560523
1040404
935329
678327
356613
280631
318146
489878
795539
537070
985974
757472
831012
689209
816028
667485
927566
681649
779382
880247
818864
445744
595638
211414
1047711
999760
627588
354926
1017107
289126
799747
821491
599827
961092
695222
206284
628921
1139632
356632
565443
15485063
13385744
11314308
9239852
7093787
5014373
5260315
3166393
1074474
1825551
1359135
496897
424345
230256
1029362
1032283
1134161
1129700
947600
610631
836663
955917
1029011
1048045
483613
302255
731684
703759
647489
560207
519966
438538
689284
553643
378492
1007617
614848
702165
382452
447724
269626
535428
655740
603633
310747
457821
211492
833881
511983
782956
455432
430176
486273
637269
495203
615312
601925
473316
407586
630972
388401
470990
689647
870045
571136
364276
833942
562628
526395
352550
547185
531825
276712
792432
596904
641373
361281
310415
381043
310524
609154
210595
305312
690194
448859
621413
701276
633560
575407
235472
577616
430992
233723
413990
378138
305901
279320
633051
237151
496874
244753
397813
659319
400049
681791
576073
529773
622537
340456
325053
400984
640019
211897
377978
699629
322515
677132
674804
494048
665881
330454
694787
235729
544969
608436
664522
674190
315374
735831
262348
657777
445255
443778
646149
490079
503323
422158
675174
239204
540815
405496
253167
489948
509157
298993
249471
582735
583650
210797
223528
348634
614052
543105
579187
691114
555972
365789
588760
297038
718351
597281
520110
415661
613316
412642
401034
444044
389789
627645
594059
458715
585362
737230
632586
478093
411839
693933
741128
507592
204296
552431
485113
607833
545314
314424
493445
527871
577399
363972
581441
553278
449998
463819
523945
440492
558535
510739
525751
421293
242380
509702
408256
540616
336781
440715
407145
235659
575394
573465
234838
564548
349061
400686
386918
385376
620317
423676
352147
213808
358636
234188
423582
475920
565325
571047
531394
389846
267929
398193
458220
445222
371524
555808
342011
384295
492409
505557
327806
444401
464153
432630
472845
520792
253815
519287
318865
441543
381951
546582
531705
586763
311517
465584
609061
403530
588544
359323
626705
421801
514781
532126
595831
432618
453158
323765
521342
269242
489075
390000
611764
520629
604365
452169
547175
547730
300217
481077
590347
445863
538532
288497
546030
365337
662767
600002
399677
502606
645883
712569
334950
385262
583168
723944
484886
463067
628656
227330
657028
654810
560731
431758
599172
493276
569172
293074
546347
603740
543212
516848
589015
513552
445698
487058
442867
234824
584482
282325
554075
533343
420678
511079
449214
585053
369535
276653
558389
462911
340985
327581
446832
191064
341000
443225
433786
213597
320385
557987
526342
208399
480644
237146
458696
315585
371558
274494
322207
244877
362567
421193
428544
480881
345006
370559
459068
496818
333259
499692
298224
282265
266575
487822
292474
376120
1660904
626394
612981
500293
549290
286292
479367
506177
428346
240788
505600
397502
213096
555486
528190
558282
559320
449383
433173
481132
445208
529592
537988
603699
658673
376521
306005
324948
251565
429756
248418
208860
345470
483384
344888
464836
358127
230287
462329
426326
581619
517567
324940
471222
280416
482013
502106
407002
259491
483973
618088
577447
476260
439873
493380
486903
370479
486770
291099
224098
412027
234437
420651
522635
324302
292797
555624
371912
542932
462165
431432
201343
507227
322392
508522
365730
240369
506062
203048
484251
444412
468322
456727
371813
229398
366948
395887
263645
419639
432825
343277
319537
397498
370674
452538
418257
404512
342580
408670
201196
502534
304933
330797
475095
556732
232498
520318
263805
505850
538886
591969
425245
360509
304153
444987
467054
232154
381361
213835
394956
380246
463458
498231
479850
340110
475944
463914
563391
573722
430586
349962
511470
516743
496519
300772
449227
524022
790426
300384
380058
337881
570097
618092
423419
259889
15105492
12982529
10901475
8799934
6696272
4585410
6084801
3955820
1916009
2836683
761449
1625673
1274354
1005767
828977
550399
876062
480343
710633
771024
737833
331824
1090816
600625
734676
495283
262091
486499
384631
274245
245261
536018
252524
593379
443444
622534
511867
434402
358488
420643
558083
603265
828973
495672
542091
216308
258721
380397
563794
490661
456471
402047
356268
455643
597548
408010
255596
381868
503286
573396
428648
523375
447628
432993
512664
536442
574384
523408
568571
411682
534279
467243
204764
202739
372059
295857
493053
432142
241204
291680
178990
329291
331016
557239
620270
636144
774835
716867
411631
341850
510740
656917
565772
270813
583018
259011
533865
273491
592755
445782
633922
368242
684584
570243
628249
416915
641847
525054
699785
484911
520022
189115
663994
194369
550573
772795
738258
719950
509489
568124
213192
392160
723884
563940
514942
546714
530865
303935
580463
454793
472762
512738
399025
388245
610608
588045
472147
231439
522839
421982
295950
370327
343729
540003
836040
350555
684902
803342
296541
595428
362288
652404
539569
761227
659848
535362
426098
331019
464206
489271
651352
373119
514690
442874
620534
466906
296376
201286
335431
546589
332834
296574
302370
452058
250530
235307
574788
572653
313840
464026
769962
262070
584770
372100
532820
351981
406824
663780
622164
671703
574518
814902
507992
644038
527542
658549
685370
452393
696051
362469
682722
350924
404413
290361
641605
207849
535817
623263
339140
771782
431520
555168
556746
264623
452896
478096
850157
635902
549363
697404
689999
431573
746286
446625
536625
686368
230758
363312
218152
577067
722797
639781
379054
412883
614645
238136
699454
426244
227523
401128
731242
359550
662586
673383
268817
542436
651945
454814
608558
303951
550009
513257
353327
572758
830019
454371
554265
582036
699000
675543
701941
860782
763723
411533
483115
626576
660483
595249
729613
552788
614808
694885
567896
637898
576346
483655
732425
724024
721337
571491
718268
630688
637240
591483
544598
578256
526649
797368
501972
505557
732988
710544
661379
443963
630728
849573
666102
638672
499678
197396
522579
767013
618850
315905
555111
695203
688083
619353
500143
743245
222530
455259
438265
469532
711566
438929
517610
669918
394889
625391
722061
782355
204808
686694
476222
670707
1010007
753377
271760
495489
901650
1124518
680222
617905
304800
269135
677286
347040
582501
504226
482330
753678
740045
433918
593385
454235
531976
379556
884991
356084
383116
420990
573866
452578
447534
558159
195069
362140
550645
465576
430070
560076
670181
425838
250699
499845
699866
221172
245484
582681
450360
338936
214390
445764
394755
433475
355776
237061
496060
342009
404864
384829
600793
569690
436183
390752
323545
372256
401038
393865
220806
710054
527363
397316
210306
443532
320542
272638
229161
370189
362837
406432
264142
444927
344813
413482
375458
342183
307427
504519
228074
355108
224441
302891
345632
295670
325723
231850
258219
235340
385935
185549
227682
241404
230462
231104
338405
214735
355253
350114
328289
222632
309096
393721
318007
344970
350213
209157
242823
307215
376946
382414
274263
233105
420604
268704
428784
258648
256911
294770
337859
232333
243299
244727
191294
248535
246178
252708
278457
201812
309739
300691
205005
304164
263653
202902
248620
236728
284757
271860
260472
294991
272715
292109
311491
297726
251591
274999
225065
242440
261397
222700
233064
231671
291757
243828
251037
208723
230108
250656
245506
247342
245153
242667
216421
250537
281170
296712
263903
289080
332837
237026
252289
285043
275510
304232
386430
262568
12734184
10661738
8638342
6552596
4426857
2347453
8799430
6677989
4600124
2510180
957677
222969
879363
1111917
809976
808548
712223
679969
564561
198719
580297
200078
619923
513920
661040
458133
259561
415295
522817
195046
438407
361492
321082
357775
336362
488771
426431
392953
305779
492706
190199
449467
308169
338588
464248
465626
454922
443832
276210
424641
372949
444008
439434
191739
442681
421671
333636
192488
284262
412608
420784
302255
404886
379953
213751
262029
404427
333753
395447
308986
393876
220660
246598
319680
260652
401948
275947
347271
468515
392824
361225
386110
339489
600797
555811
607144
624171
551805
570825
507060
624296
531837
310438
372421
617600
417884
466672
483099
455839
445636
318519
425658
423060
318223
339104
457053
451012
551788
227784
473419
225639
595965
307974
554313
263155
268537
539214
448295
199758
498975
282069
244159
320587
287477
441579
231303
237319
460492
413698
442421
391730
481330
428106
486849
573966
527794
231742
441397
413638
264194
279818
517169
238480
562455
226427
240673
306775
457068
414243
259941
237101
270170
470427
509318
276987
576669
540613
483065
293879
693874
521545
577599
545762
477668
516471
217422
602881
483524
240389
272490
519347
383637
177262
411407
473438
432039
198724
546256
364479
446531
601531
583154
537984
351169
429756
430949
552233
514218
389322
626590
493079
350526
516104
556771
749196
333837
584242
462061
633488
375700
443870
186483
507578
459943
522588
417568
617389
486614
331375
671672
503150
395121
396174
490880
520351
659129
540326
197852
695715
247507
569018
190206
557084
532562
245430
260016
363986
500248
483234
547567
421018
501954
385791
186076
517959
563192
506903
570152
362475
548913
437590
261309
244568
556446
452066
298256
534985
546818
201379
472763
340024
551463
504105
602314
464893
449952
431475
518373
546376
517956
326014
379890
569232
412227
392815
246918
274147
401599
409096
375351
500315
538728
353146
446478
376390
191569
444489
435499
205456
361097
415887
534148
234855
421693
566117
525870
404058
356780
729567
458882
292272
514329
269147
249095
273512
609532
1409107
1048755
503745
537466
347403
515463
481549
245738
415422
262235
197548
397922
354686
502809
445231
559159
212726
198862
252104
448151
331453
374891
263797
479936
472890
214291
484831
315080
517194
273341
236597
251575
431835
503991
364877
377050
365772
367817
246825
544855
242532
405719
375731
504978
552446
379271
424229
560308
411807
588185
538275
594663
437538
433470
548186
513888
554937
539803
367301
660161
595033
596620
449461
480782
240376
233614
544959
430838
523034
489327
674038
397620
457881
474824
406932
526973
221147
341185
562004
557328
419849
604266
477621
555540
191036
715051
729371
655145
584313
395777
449311
551199
455880
297115
576748
268735
553169
509685
596571
613827
657659
645173
510675
653366
225548
562963
713427
598667
553961
301294
454090
210432
555083
584299
285330
635906
500726
429517
331709
667688
220753
492471
194965
225759
370807
732248
382980
584265
596247
600847
476278
621056
464840
392049
334810
620782
412163
597938
501341
331728
678346
635917
692141
676762
738328
625158
477115
490066
246025
441200
527935
421671
442290
482154
518058
406472
656218
452616
303737
319845
557689
732425
705363
474084
573212
513832
519365
492563
603481
445532
409917
682522
316941
712321
585500
610995
465816
485959
519823
657239
613569
442358
490263
328321
436943
354261
436719
433735
416314
345369
585192
579268
365156
453957
544630
426383
503644
454294
515779
258358
501929
501714
438799
518289
332329
413832
358532
294024
255840
440520
539785
212629
538467
15353285
13228217
11155285
9049339
6922798
4820312
5071763
2951815
879475
1778069
1838206
1474782
1122447
1452618
856267
1983669
671565
405898
1995277
1405476
1693618
1931941
2032965
2102827
2012608
1473951
1857188
1048270
852810
335535
748469
291255
531030
460590
366831
290226
492741
577455
314684
165593
542822
282074
302802
393012
203615
554630
208710
476961
357585
513324
533724
514091
483776
419301
209399
335756
535186
374087
402003
546071
459440
387573
450458
446801
353739
343791
234837
611032
405175
411684
509905
220860
473316
471628
545965
636261
485117
308630
244714
608138
580711
688774
797817
603073
633721
542758
762018
369727
668833
515794
371082
557011
186773
270078
470539
270688
321002
525116
732769
766698
635400
674851
768160
722507
227080
553018
525270
585627
651471
725543
362758
341636
554068
726370
401239
363813
779214
734700
685174
621063
482941
689252
536232
386212
456373
382884
669204
705011
665788
688227
299898
567051
606632
591783
527537
430753
495966
564259
419916
345962
276577
514500
649294
465428
636332
374226
354749
693270
738638
744450
249726
553535
298594
237462
618820
740468
346864
186510
435225
658344
187231
275290
492347
574685
456525
455806
689149
504646
730443
734564
364940
459611
474800
488889
769022
706555
613712
779750
641921
246396
667066
531804
608603
604452
619693
353012
491094
562286
312697
366120
644294
619067
352139
612348
577692
650983
666115
845045
623308
523624
707914
335643
403650
706693
594099
619974
704149
475066
712505
307715
566861
506606
525989
468865
536053
257923
577075
329779
507969
487606
390939
618141
587472
517598
596243
609198
513508
713854
478460
657179
210321
640502
473746
767016
501479
568906
468857
561692
443714
458060
513036
357393
469144
600648
577841
476237
529417
579787
526254
754714
626021
614520
523086
233414
689711
636909
481066
283728
291047
624999
207349
977694
888424
387819
224261
463580
575840
218864
733046
635708
513241
700298
634285
419486
469742
788464
296690
594291
644654
482427
547620
530824
510489
734976
623960
586674
757637
733650
740147
559529
573818
803678
548636
670375
434540
547946
299649
398060
487251
536118
588386
617562
609038
486240
386658
631280
624124
813271
649648
488314
265675
300271
719369
562371
369282
452947
802068
759397
642442
429805
602603
461355
473159
505800
673906
380733
646899
575562
579098
511092
221313
608478
635249
219564
468667
461138
519006
248652
662284
402472
579466
321657
226334
700329
464896
555586
274326
642317
727493
522040
424469
551179
390913
443423
666388
518879
597878
548674
615250
206949
325703
610585
641242
335434
583239
405543
381119
683991
635528
681984
457872
767633
553498
642198
673150
555874
376996
358268
315793
202382
247931
253371
216214
487095
543505
826679
198283
361915
678233
336478
680323
474183
539248
585850
468107
230486
713009
536790
440500
555334
700999
590461
580863
470058
645780
533568
356247
695325
714623
390921
454030
428841
560457
637063
740827
528432
504793
607470
745145
421316
473412
549441
641976
542754
519443
607329
621148
427024
495019
457526
365597
622696
493526
631329
432991
421530
480349
384436
482740
329691
514391
729514
747907
588167
588769
681878
596888
499785
800027
790522
356173
738710
783120
399069
431618
576183
523404
519551
365917
552728
292237
567710
749708
648928
773274
499031
458965
507728
731645
490882
378726
644289
750498
555962
416624
552372
565999
607310
325461
605254
584063
296344
422150
206594
350255
483213
428945
658778
618975
604071
498330
493897
689553
588298
629075
691845
523022
735160
490166
514556
508047
605271
575822
539031
540464
207276
457223
394408
251106
14063695
11940255
9851172
7747104
5647958
3535026
5838620
3725109
1702139
2434167
354281
1263381
923863
490121
1156890
834326
888482
1023366
195623
1000071
758304
715485
802430
484716
524792
592258
374981
499973
287495
484838
380457
464711
511129
467280
581924
470234
211449
474740
459884
394491
215201
471067
559248
521568
509267
590962
422698
534356
436825
197286
497039
368667
467564
232350
271344
457448
217697
214607
511388
235720
472693
269957
450461
379437
223619
251700
182713
518906
409466
388352
238442
552338
414502
366788
249495
337662
469927
458631
523426
200765
386951
533473
370730
379927
418305
502406
494242
502039
497713
363682
474388
296235
214166
190123
474948
521368
230550
313587
626330
523181
612424
646649
421074
216890
437800
321601
422575
619478
397340
406937
300770
209762
379893
305963
564661
490499
230536
413319
535309
286288
210387
496619
505320
446700
189820
509498
212890
540476
220812
298803
257644
266584
354815
212383
236426
544159
467456
435118
371995
381873
510310
582692
648728
458229
581005
575242
465912
203050
396172
457472
456657
403482
661564
378183
555008
204824
610567
204009
350636
607387
418142
488083
218405
433848
762345
562937
811442
556044
439543
563936
620474
562108
204609
502844
620645
610039
728490
740377
745737
195604
444464
527093
621727
507031
474096
297008
695209
654865
441576
404168
426861
581667
257182
573996
526414
446289
641156
472928
507007
322301
334071
731535
537125
555470
650896
529940
201753
709894
386322
394644
368717
432677
680963
219091
591605
548978
370124
526563
332620
356428
314110
192502
665180
398080
385100
618476
2128345
1240004
821382
972619
215287
648154
316425
657091
616746
560161
350673
680640
695941
379928
620161
392551
445998
493283
522014
192955
532692
447384
380010
401755
425469
491937
512437
399956
442317
435706
300203
360425
473717
467616
445454
260197
324528
572189
281753
219000
544422
198650
388469
217490
228528
222680
311560
218908
231840
315068
210089
208426
207345
196042
326973
370996
352281
330943
461842
353567
397556
242704
237942
308160
478191
234533
349734
180814
444665
387652
351534
329815
215244
256514
216347
210036
420612
366386
372074
345410
258330
195870
269632
391432
196492
264289
414295
276065
243015
253464
232869
232943
262202
269506
261633
283028
230449
283984
198917
187843
267244
482884
399967
248034
247110
278967
218288
336280
270078
283951
239197
322733
302375
302769
314402
354999
260580
197878
376822
267094
240080
192105
232774
247009
351580
244052
198341
202213
273674
240991
337563
301389
317947
277939
216452
308914
390400
217497
222640
373105
184184
320747
285456
361663
377361
208321
339237
415089
399275
437938
223348
411663
205817
285496
278792
448642
394696
301063
338793
527362
355158
372327
230811
429842
257852
298269
467753
409389
390920
194931
254013
225132
309161
455162
284116
280595
205723
247882
299618
328149
300319
247445
216036
328553
256581
359443
347685
176665
331985
249956
231888
279106
263923
200548
196371
330133
238975
310297
304608
195644
315732
325315
346027
254949
379297
407454
226051
349160
226614
218922
183508
253108
515034
373476
307747
474226
336476
321074
291316
259725
374642
355883
289204
292889
207841
450974
258137
314533
412302
239216
501310
464807
230348
314049
223056
373234
317576
403217
352282
283231
301590
297324
250787
414738
479399
316144
244511
431504
334940
307184
220235
393340
387353
283863
344596
302416
379046
238301
387397
375412
408731
396510
372546
346203
267193
298883
296556
302727
211005
299502
205330
310063
199871
400691
310845
327037
369325
470726
382985
374243
199570
303111
13518064
11395507
9332947
7247222
5122510
3040503
5305413
3186028
3599907
1528373
1189347
808133
737090
582829
381691
236993
519183
510862
611980
548510
537355
311799
213165
467142
430146
470573
686136
193642
216417
314023
481652
223932
532372
240717
198654
350255
408035
232368
194595
345217
210611
227460
384220
404183
208028
408279
243249
249839
349936
367433
400037
308921
285071
407896
271202
251259
278394
438438
411166
234833
236970
288809
222979
253572
249550
244919
240316
324184
279254
342122
291152
369156
449738
230377
245722
327398
283342
298649
337749
666511
326858
404641
219746
200093
392139
381093
353519
290180
369003
235951
361965
354693
330869
220176
242190
247826
290852
395250
453854
275153
267344
275997
291018
209895
295258
297447
322339
273402
278306
312693
193542
244957
271580
298472
306263
329834
234041
385593
213386
254380
382992
216191
190310
208574
317543
231859
283646
253102
289972
248651
267859
557359
237435
226732
339670
259621
201854
253046
375663
223780
361772
249156
221639
253173
220162
203544
264578
387302
483109
383512
312071
304278
328029
385885
360901
282078
395084
324943
332232
310103
239075
289726
199702
264554
342440
222796
438486
294192
311835
306723
324134
209873
262764
293254
191769
326916
233684
315175
292153
262889
267208
246024
340895
224101
307830
327498
192097
283196
304014
329769
441052
295802
1763346
243830
317803
508511
195349
341384
226580
286113
286759
273747
338054
182243
338997
368404
379199
269280
402719
326877
286225
393124
286021
311850
187041
299711
301181
234459
376502
327418
288942
358514
331872
273983
244366
347764
292570
417502
230148
263170
274157
359957
318605
315564
240862
241196
235397
284875
387014
240261
295668
465881
203428
216301
320620
215051
205698
216009
260088
180807
331107
464851
480666
296253
412139
441164
392690
545301
266942
221040
217764
264885
316592
429715
524021
284572
426480
216159
201053
323626
230194
357811
370729
304170
265024
391746
549412
193574
225836
385862
381629
454693
561555
210596
278308
336320
288114
307921
446436
352348
235629
337677
559262
339241
218183
508296
259578
210243
177467
747991
581796
544789
453553
207560
418079
395258
365128
266436
515294
525556
480526
450664
198091
299551
621654
404151
520529
372936
465264
357782
442912
591858
507626
334243
537547
603532
636549
579634
622155
443109
446296
636664
559214
681382
604681
588132
539705
483169
232206
253803
397620
258669
293814
641096
451932
589990
598189
251511
662461
624218
256497
700566
362514
462252
490285
401789
471158
360826
462125
410067
222129
386871
476826
468611
582144
294430
303547
261806
304005
678909
592637
569461
526452
531555
497675
661827
482921
296652
494941
444296
425779
437525
207637
491591
364555
332931
204312
443637
205896
506067
402050
316918
386255
300137
366963
574119
617319
364845
492123
496260
406158
292976
369005
327920
354772
495438
468409
445858
457415
216966
552732
236841
446668
419154
418858
392649
452722
455505
561099
623571
480891
570249
576487
497396
536866
635183
451762
346880
598602
620504
320999
673230
681615
412243
470107
385681
485006
318303
675825
343430
517379
612112
545069
499587
633947
372930
482785
369566
377286
188507
555255
557085
611035
719522
603385
680982
595275
424742
494875
557162
584596
352628
657717
395971
229052
305734
575798
575630
722516
218024
505340
523937
634340
552078
491622
718929
620515
581511
617943
688858
516059
387322
568393
478399
583039
546353
695071
238216
439318
429992
621292
613418
337954
255001
564211
511805
383960
425034
515956
507111
288239
402536
266573
491677
541471
428315
577307
205865
12895223
10773884
8709005
6612826
4484985
2377408
6465373
4376212
2253850
255621
1242284
1195073
669253
692962
312609
316089
202606
195313
772532
444721
743976
945585
654664
482383
482670
212105
499826
453309
487244
691471
468585
628303
216461
510989
381819
562164
671847
314311
601509
324791
637250
629726
484138
575979
412590
506273
553729
509269
383168
525819
478727
202051
494222
502887
618115
689219
547942
684228
342339
695926
756853
459813
180857
357037
550360
610182
685344
469065
883047
262944
646417
406156
677875
572888
561169
227616
240603
699674
531059
238972
703010
411186
236346
199923
558852
525797
487136
263215
412999
593615
607880
412621
449412
586040
264003
455806
515850
456604
347997
322884
477960
421643
625153
459035
416029
515411
310573
211422
343823
368370
364548
236192
229224
407780
455039
364946
513846
273225
639260
580056
244331
245085
446497
451372
553318
515774
492584
489627
404180
505012
550083
443034
561373
572007
284543
242311
559748
501250
533780
474250
403359
394258
366970
478088
407675
507735
587429
433564
428374
413664
359319
423969
481416
458533
578981
443264
353861
569000
866642
431022
476662
221224
480268
499368
399106
420808
607288
364154
328080
373709
419653
185353
454140
413338
481196
576878
546029
656108
627515
468026
510872
462364
520269
625509
563500
422982
547713
471974
513787
565072
530525
484757
529696
559892
500843
511748
395471
235132
472680
316539
202915
440340
420459
523080
492345
523060
476496
506597
240021
564977
380569
440826
506107
362957
526634
285012
521090
432858
306137
487398
240900
283674
462558
448633
546953
392035
499137
435211
498456
432541
310645
536866
311180
500683
520893
181460
427440
466438
259377
482022
582077
554051
203374
492348
250469
223478
187090
484328
521134
237026
510100
565822
454824
609461
634638
549245
663550
576688
519196
610650
562724
575023
447075
514888
557699
605719
545564
388152
535845
560601
542409
489590
347303
316900
820479
643106
232958
688907
704597
730906
629142
229871
603067
381417
652606
812783
641825
634687
293396
415025
200906
366811
501611
466417
533111
450189
362953
640527
578209
380684
407936
214351
397048
367159
356939
312039
300365
470812
381327
323853
238694
355309
392763
369480
424813
354998
386772
429320
365430
450203
218111
350093
340587
192906
212257
242060
372687
228597
469235
223389
337024
427079
348994
310856
426976
396610
255858
332309
192491
225871
298974
231959
372764
466726
261872
373524
268920
267309
237975
219230
317901
388857
280099
188209
320656
257128
212928
222713
197432
254612
454549
224450
360455
296702
251136
412962
280708
391079
259344
387635
383847
196054
400999
296300
347352
226789
223271
313245
412588
318657
405349
444915
469581
235662
254356
266889
407030
419078
379427
287650
349740
247879
279293
257352
487000
219815
258054
483206
277694
381540
224803
471572
273438
229240
365234
218792
222528
391598
189811
218828
377752
319289
203347
448256
309258
444185
334498
556922
477127
299661
292124
256651
349843
290842
360244
412909
223375
456632
203519
247995
363655
340228
287845
469879
390115
193582
521441
372336
572001
214190
374684
576137
415851
353654
256065
378911
440904
324218
431560
491292
369873
324657
366227
259485
428452
262786
374174
388315
426019
368788
563635
375664
259459
421101
419642
361632
409290
340323
438707
386615
368745
309853
365468
561970
351441
369155
347480
252930
417833
308093
348710
406829
203697
353071
411371
170554
291783
563944
425941
404307
423519
394980
379261
415032
402049
325704
298176
438957
215772
258058
328019
290883
310340
194938
344314
194768
182990
212012
16071571
13947789
11860002
9758949
7634403
5539283
3437676
4665776
2541037
2131721
2236986
400354
1010728
664486
677123
499968
795292
211408
489080
834087
626666
497562
501202
436747
260636
251158
399100
286766
249915
337237
233672
349581
272978
358729
318771
388798
243835
405065
418137
240680
242207
278907
271625
277832
191065
318224
372040
339763
215548
467991
318622
267271
454277
361393
327639
270487
452144
483795
312649
470598
246628
444023
246466
434835
415465
454291
478005
557965
207534
394200
579399
241862
393812
414202
391261
354207
494154
349069
478395
392458
445549
361213
385147
214012
187619
366498
409018
218469
329224
376960
381671
328063
264619
312058
355404
323666
288908
286801
255195
225307
499302
262369
286797
273448
325416
273453
332378
213555
212830
320242
304897
388842
361191
303533
262080
358559
212641
218092
277163
278070
212869
324504
325269
524134
726693
333900
345145
749086
382279
297996
344783
244739
291250
260710
296288
291615
192618
428660
390325
395377
211211
349865
313836
384138
420136
442854
327370
362799
389000
471398
313593
444888
276827
267793
355090
400918
400435
467849
242428
349863
392338
415529
342904
291167
611642
436216
417741
443602
487538
438647
470207
207498
406079
440321
374583
289747
327657
612886
414703
293001
498651
248792
484975
397565
425858
407564
406383
187987
430971
399331
414060
442361
214710
273912
403646
425694
212512
475515
451402
353278
403119
473810
421522
509461
571794
535782
509571
439298
299248
616703
469987
363680
319231
521621
667342
322516
528046
377613
597781
388557
659659
311670
665379
535212
741141
327300
318858
669149
260321
240556
544574
702328
216887
606426
674748
634738
625542
331256
611532
208819
446848
656631
715529
431968
464269
738604
297345
417210
764125
705263
828108
558154
565349
818537
603636
724970
570115
295405
539116
578471
494313
740585
772610
705302
366765
760700
711892
403173
400971
693645
329472
563754
596864
623044
380212
375988
555802
799078
629677
904412
599124
569550
636072
536707
710509
201778
246242
695044
204350
716364
537478
692708
698172
467985
791734
215709
482856
329115
717009
336551
443801
711947
463934
324385
352230
287840
662181
453581
342769
669502
539131
225123
532332
506887
210341
457476
719879
514155
751797
756940
578437
439202
758635
498595
858052
709432
752715
594218
945367
582222
638349
771135
1004604
814634
994521
697476
611366
225162
760077
809242
686737
482083
702971
639451
742583
651597
936323
701762
637814
165097
270515
497699
595984
602408
588937
594912
742745
657955
603129
699704
802505
640858
510853
542444
662209
247779
691622
497654
474272
496877
456958
443397
429675
437629
558726
606711
260592
443172
611314
397654
635417
587186
562125
182266
636443
433344
445387
285881
640784
503993
479126
442197
575865
449535
407010
580074
625859
246018
240618
661446
754601
671950
575658
351591
679857
568962
290283
447766
526090
196118
405606
226993
556899
594014
252990
291069
480268
247143
539104
376847
655868
548940
622774
646405
248091
318771
594714
448517
492242
713728
262141
577672
269081
231906
685976
764125
496055
422875
340798
441721
254275
298899
428376
483222
599947
621882
180849
215791
747974
525732
350810
481943
396091
571082
177975
460407
555817
514434
502783
700868
764107
496386
640571
563552
716881
736072
499197
833511
626865
332376
536997
628134
703380
393422
245092
767413
342119
421148
613117
463874
332877
309692
470983
706807
230116
236774
182161
449356
670150
515479
594657
609286
700770
590044
675951
683148
352453
430190
339311
324717
491138
351482
321762
637443
195170
659756
455055
289380
226404
15056394
12927855
10863932
8776813
6649309
4559340
2487426
5300888
3167688
1090227
1380312
363224
1235292
989308
371355
426144
599938
241974
608112
732572
400806
219070
859739
781533
686236
492337
570049
449035
412909
552682
554763
618289
282618
726777
540656
667998
594945
250324
707620
603371
590788
582315
525186
622105
671135
346195
648609
537099
683373
731634
617850
396133
510355
451241
564150
569980
846663
449352
756889
593350
669872
496182
619981
860166
790163
310573
691183
764167
688000
373891
292160
598043
377762
283229
784273
611358
854070
482862
652337
426280
472602
646540
748488
482018
829154
611856
598210
715985
699654
864682
746801
593215
770214
642354
708612
427960
626537
696132
773406
715029
607520
778012
247432
810549
718977
573836
621049
540997
501315
342865
211032
656066
358528
681498
345345
651730
832381
210834
737481
403105
864562
519053
201252
596865
208424
498313
625633
347343
588335
438979
390575
484088
616003
236303
785887
449136
878279
545600
705328
500690
415561
217398
526827
674985
311488
419425
366549
415722
292628
253840
334423
318391
459978
506111
453668
537249
310487
383098
366096
466344
264202
187475
392780
282958
183108
231935
292591
353938
209159
209584
227612
204205
211953
247256
248733
259509
258808
232812
284978
281341
256802
214255
193855
205500
309493
197856
204558
264258
190222
266101
242819
196279
219152
195340
183107
194824
191956
210907
267165
267638
216074
195052
192161
205662
196496
199394
252520
271545
188072
263119
209547
200916
188649
200207
197167
303485
190356
190542
188429
228590
338487
251379
225655
200453
373095
401717
190415
283690
260551
271769
190150
205587
389774
242448
462262
411507
293151
325178
303885
193865
290254
280952
316133
236208
214618
213038
263634
258171
194319
354930
271670
306827
175673
211813
296104
427742
391184
241015
345772
278807
171315
328152
209487
225753
225122
233698
202315
202553
221426
295340
234948
265840
207578
199856
232132
221462
238545
279037
278504
326573
195617
197934
243874
243330
244844
190168
246204
214640
241903
309548
224783
280319
192708
280252
211856
314355
197911
195932
203816
222292
231485
269306
218172
218814
244084
202843
185926
213455
210896
210420
201464
236830
195236
181774
186966
213186
270643
272538
206666
202574
237481
216375
193809
207886
194935
231398
231276
180846
187348
186315
214177
225314
223657
190286
262270
214422
241054
224414
223471
209026
209214
225394
205111
187577
205827
253527
227814
211055
197029
200002
194477
178850
202275
186991
244890
200900
203722
250878
215263
212398
227499
343446
222887
190652
348463
207384
223038
223974
241672
295567
227414
287370
220012
188901
511479
189124
235547
201760
218877
224709
308129
295323
195480
220775
286259
222659
230951
224159
212043
232267
413163
197606
192748
265247
194988
210672
222821
189246
189014
204191
186731
193014
188272
328871
227913
189892
279414
452163
505522
196148
214364
355712
204133
195299
184584
220246
335162
181422
205985
281951
194885
311120
230793
193831
296716
192449
247293
220836
244571
259114
317110
191775
270223
210737
236280
289456
274697
345685
250990
348559
349690
215878
208644
206577
191705
194274
376847
371309
240617
384045
229911
214475
199167
184274
195135
193094
180299
202725
190420
193586
180558
178807
206164
396548
280171
245775
208235
369775
214159
305315
199802
220092
229323
202027
367836
199783
193830
185287
219195
215106
197211
207477
234300
209366
225135
198768
233979
230954
175882
246235
192823
205986
205009
345897
217868
211833
280162
248320
199980
186401
215499
215619
201475
198905
216833
178265
210937
238590
209970
16875003
14752447
12744475
10661729
8536390
6446423
4346329
2218767
3877303
1752263
689629
1198413
696557
597413
502567
419646
441738
354232
597764
602195
420080
257362
348882
262239
284856
206603
209610
348414
197748
359821
311648
341848
317431
262863
187811
341745
246390
312214
378977
428510
250180
310982
375967
298729
456932
423342
273744
360200
364347
381238
443935
340410
330552
442241
1183145
447198
389349
213312
390031
378429
186404
414056
392734
447973
229293
347292
222095
371868
197005
393203
386301
337449
361814
425326
313802
200031
218636
277859
283271
462530
347037
218991
304459
401581
474128
404038
365013
376570
428187
256467
338085
361427
341836
202467
269647
264495
318459
220683
400448
304631
277000
208157
414832
211354
231074
284883
314374
344265
224625
185290
241787
329562
240457
238757
221612
230364
193780
302317
237031
259090
348179
281690
390248
347114
274527
250058
276156
207985
222637
283956
264348
250698
260496
310621
250953
257623
284475
226706
318510
282417
349882
417226
462305
357928
336708
357801
354018
224319
207986
344372
272287
196866
210182
235286
299331
203532
285007
235178
246313
221967
300237
392929
205249
392461
318445
280016
207912
277285
379484
389872
391372
444734
367933
409485
292882
327542
370749
218500
400526
336412
482041
345124
309301
229141
406835
310013
247518
307868
349143
411064
219912
229280
274072
246582
174561
301440
231530
281962
239053
209377
228532
235803
232224
246229
380110
342868
202017
389162
247955
213753
221364
234444
438256
228604
316223
262350
311438
209860
242162
343694
324346
434386
286750
295572
301132
309628
421717
258852
303962
250221
233799
195425
268895
219153
196822
234171
217224
236695
320963
278307
402060
318312
255128
251241
399133
556254
277259
406562
210393
206987
400706
572194
592950
300936
444774
370021
477086
325899
358610
349125
244894
397963
457602
349243
286283
313716
323885
322624
259973
305324
240684
294773
298341
241033
204541
297441
271383
227240
350969
298334
290326
314240
197891
322633
283890
230982
209643
198339
208754
230147
222848
219406
238685
218092
214149
218948
200837
200554
215680
197253
246732
322001
212088
279956
293296
267711
259514
276097
372956
249769
379381
248120
325731
265326
325713
452288
368455
233072
370449
407409
237287
199661
266195
314777
306389
259890
229673
213251
288877
302211
379037
249260
286818
236843
426190
262953
290735
294044
370878
332826
364021
389558
326219
298206
334782
318191
267330
365724
302407
218516
282037
356185
351274
361012
329710
240332
191329
278538
199416
215565
314403
333635
354501
281480
422254
361463
263048
245863
240307
278613
500997
222148
223549
266981
295395
449144
463164
343385
330919
325257
451817
269578
430330
384051
422902
570599
329466
313457
309806
469901
297062
338816
444837
368827
341944
370257
349767
563028
413402
319660
340147
382928
324871
307967
452498
283931
229348
325818
346185
289689
239001
390603
269772
273658
207358
309437
183919
237554
203839
322102
349704
303694
279235
218552
242629
251484
251313
256116
271091
353241
326697
322994
313173
281505
326639
401936
221965
266309
222923
199512
213369
208966
308803
350313
308400
538793
401589
252683
522004
246156
249437
289406
303606
235722
286325
205145
225218
216710
219278
421725
247056
424454
489882
403686
313969
480495
533422
347073
366134
298714
220728
324555
375296
257543
248370
440500
188041
196125
360780
230992
307281
183737
278165
376527
198583
231819
428214
482177
441602
371617
470181
363069
541243
563446
500092
349008
439642
387326
391709
305328
526951
301071
399416
430949
199774
524326
246749
543667
457761
13405245
11309558
9248927
7150120
5007573
2924273
5455725
3403602
1278820
2129327
1752069
1112204
332655
744821
495995
201502
631474
532938
383583
354508
1348052
1373643
261921
806028
292570
626648
341842
504405
414356
415180
253016
341025
349195
291597
405726
435571
537008
246866
336989
348688
429661
327630
296198
315820
205409
380244
188720
216538
174278
297293
212529
259812
367275
215201
473605
419738
432261
433773
360725
492411
380061
402706
427115
261622
409013
512225
385897
303585
362613
197689
259448
294365
396734
313983
310410
377965
391826
219520
338507
325136
639202
309775
274287
319186
204223
479665
457894
201748
316962
234053
349190
469495
186619
335457
228406
271149
331816
364155
245359
251554
206425
252418
323819
213966
289695
218592
300394
180692
338568
414126
335590
348004
321287
302478
321341
415659
346361
428034
272032
233535
342896
402425
307458
272214
218968
288818
313846
300494
214662
343516
217884
261333
345849
424455
343125
176102
394726
211028
245961
316285
204731
245187
335940
290918
237137
337525
330603
355907
475166
328978
511724
204763
378460
663601
190455
235805
372189
246659
323713
305548
373548
472186
390770
209247
294886
218629
334502
285683
494951
214419
201379
208203
424214
209387
499077
235742
280985
623461
411237
512932
293113
315788
217555
214905
254659
388820
260347
411881
348335
213128
198767
224361
206805
322986
218108
269167
300650
449231
207122
301445
459592
280228
299099
502858
393276
420976
334469
322239
359724
317025
212344
437991
221719
328630
376697
290826
499258
402531
490386
310769
375636
211130
492778
352185
335739
297064
350324
310682
239824
332478
216365
270015
450737
381815
409686
375810
301699
459569
322444
395925
222900
264478
380915
334329
219025
267024
338654
226405
513829
192088
310982
355610
338282
380796
208563
333420
330051
275002
223619
495160
388904
347115
363494
357999
295109
495879
294963
382006
476266
280273
233582
388086
416971
387141
226438
352656
186811
392762
222769
486897
206909
396928
346073
229042
356982
292554
277565
356024
446787
190926
390274
368134
235588
206949
196827
201041
293171
245228
372782
303271
329888
229240
375156
336010
227078
556892
239410
459878
207761
489700
284713
329823
354475
189889
337149
356189
371348
450931
324747
202784
329336
210462
291002
217516
264907
182914
345895
197020
343740
578090
481582
626429
446594
439238
484362
241273
213989
230057
240023
203601
251524
370233
289566
244107
226028
381253
350405
389723
327611
379099
317978
457915
231180
258958
333531
391873
215836
313032
247252
319837
260523
217871
197988
335736
275499
362736
327176
307644
326440
236780
189002
235823
205148
261237
262444
343387
243429
311719
304692
228213
352614
452613
222775
423470
310743
271390
369603
470450
357297
273515
211950
208852
465433
253737
484058
205725
186024
236648
258307
294805
424574
461247
394545
349474
523429
350619
295240
471247
375926
394898
465691
327090
644899
232865
565808
204547
300418
380796
252004
320759
292238
218794
232221
173963
243584
195402
217891
182159
282942
219412
233452
312253
229280
217388
214862
233223
227360
260471
221170
217132
206891
234214
245541
212188
266763
243766
294130
209082
308848
229899
222095
268486
201167
191062
204250
227839
224051
229284
428563
224529
222607
210064
421904
216808
247354
427187
198960
343656
256623
354176
329637
331813
210108
223077
238039
192210
206847
203289
213580
222057
273131
268540
219307
229040
212194
232748
332767
225924
327735
207542
250228
210430
254662
279483
239915
283760
822102
930684
256656
400383
330806
274431
267200
449244
399242
218415
437504
233294
17759447
15666205
13616659
11538827
9417883
7329002
5225232
3102155
3551120
1429026
1629995
1757723
1483759
649911
230892
1048528
252041
257760
386743
351044
336704
379814
378405
193932
302996
202174
242412
322577
211254
377864
239997
237054
364163
299535
429792
204028
318345
392671
185474
212225
195686
214994
308002
226152
413588
292275
411435
359759
256180
469811
192968
332232
326810
271550
386191
258069
261442
333531
293599
230140
291654
279438
346787
206060
206512
225049
238740
260197
434545
362408
288160
237461
251430
276485
219260
341510
271429
367836
362005
308599
394658
351405
293784
429911
410648
470332
384430
265206
471857
484236
276472
355471
498466
413127
368311
445195
417394
457917
235917
413035
351285
244311
444261
315428
343269
261379
408836
496407
535091
538247
475692
378340
353697
394044
254147
365241
409968
381093
376834
383025
255146
506979
397110
262431
397112
333297
480244
337301
343398
237914
348710
315239
382010
306632
323426
451003
314705
229450
212737
178299
336972
241670
254691
330765
210921
198247
219725
352484
361207
413862
336307
335647
236802
301872
233614
250437
193036
221694
275264
368301
474798
456404
371862
211120
347158
297395
387596
345394
236417
199783
193328
180315
172260
279896
272145
492558
233079
203306
219805
428211
294708
435557
347061
366601
362695
260518
267663
358207
297834
219309
247269
283968
262058
488058
188165
231565
258247
221296
199583
219483
205034
245631
209449
221652
423503
308332
281864
364861
274438
391376
429703
459122
249827
209182
589137
222106
248503
320572
325230
471415
282976
217734
323006
257032
278169
301619
239708
369957
251141
221945
333096
233776
404058
299681
443137
225742
465669
483435
342659
363756
420897
434507
344420
336695
191547
335158
574168
313195
355866
317623
344410
305631
345076
455920
369145
377855
239670
329857
417152
392931
226125
208585
188098
228213
274561
229374
208295
198714
265291
187595
238955
214324
236765
249833
233420
211425
236997
243439
206597
197381
225625
220075
199335
213365
240308
213729
318905
927762
202614
230227
242634
265358
233081
258286
219681
293478
228301
242958
360619
211436
322912
310911
277940
230462
213493
204692
499585
354035
222495
253828
280702
326699
381105
293391
219338
471353
203565
291550
396249
373648
388966
392022
235667
273755
382186
321768
365516
386004
215074
496806
418091
439395
219554
300047
254492
314224
187342
387507
217569
228974
274336
268105
426189
460102
195483
224347
394439
332835
365700
416258
588871
194546
421937
464030
441885
380056
395027
382979
535553
600498
626711
522041
513659
520011
512758
191301
350788
504163
487799
356305
458804
447413
192332
479645
493535
202798
269792
213358
490871
263560
460903
364704
530847
391303
475070
526586
358047
322436
587723
433079
425180
521042
505733
627361
249444
635183
380255
536799
358938
199555
458031
401137
553861
434166
471941
597320
214358
529631
496703
451230
388033
275370
295885
453757
355762
199699
399609
599645
472675
362029
358814
575487
560255
613963
324418
312877
625078
191542
471659
519563
354675
503373
436245
426844
279553
294835
457279
231557
297355
369864
627617
306764
241871
395312
420249
527061
426766
228726
337047
209129
316721
320036
411144
401138
461194
180609
198595
399185
596081
396131
443464
411017
1133547
625461
409876
230817
559045
332326
393193
358389
317638
371198
309973
240587
268397
254440
346844
326059
283410
326653
286626
422977
496823
204977
328910
350866
404105
421161
379918
429591
328906
578783
259288
224534
449534
228261
387717
265951
306641
210349
326546
370182
222762
401565
350238
334202
298243
452696
312788
15996022
13869946
11793508
9707152
7588577
5489771
6954491
4899184
2806489
4465093
2338258
2022116
202612
792099
832611
576460
621403
430040
705245
458241
490088
341882
492259
388862
245335
234181
360659
226575
238855
277863
300908
245435
345218
215024
210965
225645
342248
207840
228186
220140
242378
191666
228801
182472
220434
188902
286583
259389
450947
214882
285640
277846
362600
414417
384276
268610
335536
289968
341799
405656
336775
367942
361802
335663
582919
329635
305235
387080
332106
253625
384282
183576
295478
414687
307265
303692
407502
285465
363048
335913
408336
230838
389885
362736
359601
308728
568120
350499
455224
533888
394082
266581
549380
540046
412282
417013
370176
265956
594186
207138
633363
338757
286328
397183
644667
590906
399730
586642
489842
485444
480795
537773
509918
690602
202010
428175
488901
694156
571389
550240
314796
525829
433844
566960
528227
552292
215270
497516
283422
469146
537325
253460
374500
334316
448695
587302
355552
932955
725940
282617
568532
479007
257194
403012
427953
342044
735309
516448
520675
377882
216244
757401
288592
489672
828275
408918
734168
562598
568403
505665
521691
749914
507136
494364
671567
201219
377638
447477
663482
346152
429693
401488
519897
331967
580208
396073
406719
452111
369819
227554
738315
266439
523189
675200
672102
793039
494806
767059
418166
445835
471726
474846
618919
234630
649353
209703
757111
471937
579750
622489
337161
333311
311609
453810
767074
710137
483763
499402
255688
338297
509087
679370
436176
568672
642990
475507
236304
214969
406120
379047
391864
229441
241383
445134
189218
243437
377371
435379
688213
223095
440891
569798
411711
593611
533109
578940
410837
580882
464074
189956
356788
193556
502410
287404
285734
500630
366234
324281
697658
407741
366324
485201
539370
675087
448269
330562
551302
373159
442673
365557
200914
472333
263593
319842
424467
532069
415066
461203
252250
460542
212707
353364
473416
472168
480181
240161
348742
356353
499601
514168
503940
452200
231178
387803
452209
443576
696846
360419
326523
443995
497266
410566
340271
676558
460735
511942
686133
577219
772836
397339
208731
561642
491953
225332
214900
435909
513511
270105
428076
426209
430692
228526
595642
777242
583718
556317
397446
353262
602904
593719
220902
234867
379677
235889
705531
290666
184597
673380
608406
232906
511241
331897
423950
310524
362706
401163
292411
210816
281024
322941
460626
398881
361093
523147
312893
305462
386192
386687
429195
297989
572641
531776
455873
550630
353827
331072
278666
356839
303723
480345
355357
438937
357818
269428
305193
259554
215162
438151
459145
471272
277841
514964
246205
401963
393332
558906
459054
567799
380391
347658
369215
373090
333285
325282
518493
423864
403762
347266
504138
361754
227599
212408
259249
410011
394622
369867
219048
312812
551555
237508
187894
219036
235305
387081
262991
426450
251226
592327
231518
411107
455207
256128
464762
400442
351823
176006
334405
239799
525393
448914
410264
255190
289666
429810
366777
207891
267778
245143
1794990
715965
227382
957175
408746
509241
300073
211495
216451
476830
321375
347076
523020
227404
380539
327776
223960
187153
373875
368908
490969
296231
353562
190483
218664
443928
325379
358105
333671
409214
338901
360090
252086
388810
427942
276340
230660
223783
267897
456417
309359
251434
309242
208907
402367
624934
355849
454386
606655
259197
278144
253118
518875
675208
330697
447404
441360
310902
495742
447293
539987
372403
523108
577007
640043
280506
225605
553557
339158
292244
543228
388456
511445
471906
232464
654625
196741
683812
471131
388877
411949
13193232
11063777
9021403
6986702
4871064
2816151
5209245
3094011
1043974
2955949
874569
1016414
877149
590457
488943
656164
241673
455931
491292
586057
942492
399551
969229
417001
319249
600490
262197
387796
411556
412288
385505
196147
473671
501264
471712
554562
396530
330234
378387
417941
484599
431816
326219
188408
372207
466355
542161
516072
311229
383749
277718
452281
341543
316123
368244
282227
315969
427317
257111
428406
296483
286646
563858
471343
470015
359660
435271
433596
395038
212740
585592
299010
510904
534588
517591
506445
499237
582241
233958
334234
209663
250204
414162
458353
370749
198539
497159
355234
407417
181394
371513
581118
311705
481959
380821
180721
293100
527169
543707
194709
491235
280192
427874
526435
534740
229557
498687
469810
488663
300097
323978
452011
298522
225979
462471
365727
452621
201470
425851
544286
525570
556705
689890
243836
318814
339710
336691
362668
387968
526609
439211
380268
642280
659644
486197
307045
497301
205067
464833
479948
254754
422648
460434
396823
464814
374199
409412
466366
239660
417611
494813
493541
241955
510338
413798
487134
428065
301599
191655
263001
419041
235722
456817
459697
416630
366292
313259
496766
454008
603300
392219
475269
678273
302581
279903
499261
326146
351345
284321
397410
217052
218985
397953
231028
365041
198908
369736
373703
436457
369637
374707
301889
422361
435826
353804
207002
191232
399877
466883
416496
343546
452308
201990
311238
290530
285517
297156
221818
374421
251197
203741
247131
191915
286362
313523
217477
302753
276089
212471
216829
214144
221393
224720
318777
287652
331617
260155
244423
228363
199961
221028
203176
256413
193588
194855
188592
191148
203563
217733
187057
181137
216569
196552
191211
193000
185963
183542
183857
192297
200408
211737
180357
192216
203759
189778
190032
191631
183564
196088
187998
179854
186982
185368
177635
200640
201783
213035
195824
207346
192419
