0.00000
0.00000
0.00000
0.00000
0.00000
0.00000
0.00000
0.00000
0.00000
0.00000
0.00000
0.00000
0.00000
0.00000
0.00000
0.00000
0.00000
0.00000
0.00000
0.00000
0.00000
0.00000
0.00000
0.00000
0.00000
0.00000
0.00000
0.00000
0.00000
0.00000
0.00000
0.00000
0.00000
0.10001
0.00000
0.00000
0.00000
0.00000
0.00000
0.00000
0.00000
0.00000
0.00000
0.00000
0.00000
0.00000
0.00000
0.00000
0.00000
0.00000
0.00000
0.00000
0.00000
0.00000
0.00000
0.00000
0.00000
0.00000
0.00000
0.00000
0.00000
0.00000
0.00000
0.00000
0.00000
0.00000
0.00000
0.00000
0.00000
0.00000
0.00000
0.00000
0.00000
0.00000
0.10000
0.00000
0.00000
0.00000
0.00000
0.00000
0.00000
0.00000
0.00000
0.00000
0.00000
0.00000
0.00000
0.00000
0.00000
0.00000
0.00000
0.00000
0.00000
0.00000
0.00000
0.00000
0.00000
0.00000
0.00000
0.00000
0.00000
0.00000
0.00000
0.00000
0.00000
0.00000
0.00000
0.00000
0.00000
0.00000
0.00000
0.00000
0.00000
0.00000
0.00000
0.10000
0.00000
0.00000
0.00000
0.00000
0.00000
0.00000
0.00000
0.00000
0.00000
0.00000
0.00000
0.00000
0.00000
0.00000
0.00000
0.00000
0.00000
0.00000
0.00000
0.00000
0.00000
0.00000
0.00000
0.00000
0.00000
0.00000
0.00000
0.00000
0.00000
0.00000
0.00000
0.00000
0.00000
0.00000
0.00000
0.00000
0.00000
0.00000
0.00000
0.10006
0.00000
0.00000
0.00000
0.00000
0.00000
0.00000
0.00000
0.00000
0.00000
0.00000
0.00000
0.00000
0.00000
0.00000
0.00000
0.00000
0.00000
0.00000
0.00000
0.00000
0.00000
0.00000
0.00000
0.00000
0.00000
0.00000
0.00000
0.00000
0.00000
0.00000
0.00000
0.00000
0.00000
0.00000
0.00000
0.00000
0.00000
0.00000
0.00000
0.00000
0.10000
0.00000
0.00000
0.00000
0.00000
0.00000
0.00000
0.00000
0.00000
0.00000
0.00000
0.00000
0.00000
0.00000
0.00000
0.00000
0.00000
0.00000
0.00000
0.00000
0.00000
0.00000
0.00000
0.00000
0.00000
0.00000
0.00000
0.00000
0.00000
0.00000
0.00000
0.00000
0.00000
0.00000
0.00000
0.00000
0.00000
0.10003
0.00000
0.00000
0.00000
0.00000
0.00000
0.00000
0.00000
0.00000
0.00000
0.00000
0.00000
0.00000
0.00000
0.00000
0.00000
0.00000
0.00000
0.00000
0.00000
0.00000
0.00000
0.00000
0.00000
0.00000
0.00000
0.00000
0.00000
0.00000
0.00000
0.00000
0.00000
0.00000
0.00000
0.00000
0.00000
0.00000
0.00000
0.00000
0.00000
0.00000
0.09998
0.00000
0.00000
0.00000
0.00000
0.00000
0.00000
0.00000
0.00000
0.00000
0.00000
0.00000
0.00000
0.00000
0.00000
0.00000
0.00000
0.00000
0.00000
0.00000
0.00000
0.00000
0.00000
0.00000
0.00000
0.00000
0.00000
0.00000
0.00000
0.00000
0.00000
0.00000
0.00000
0.00000
0.00000
0.00000
0.00000
0.00000
0.00000
0.00000
0.10000
0.00000
0.00000
0.00000
0.00000
0.00000
0.00000
0.00000
0.00000
0.00000
0.00000
0.00000
0.00000
0.00000
0.00000
0.00000
0.00000
0.00000
0.00000
0.00000
0.00000
0.00000
0.00000
0.00000
0.00000
0.00000
0.00000
0.00000
0.00000
0.00000
0.00000
0.00000
0.00000
0.00000
0.00000
0.00000
0.00000
0.00000
0.00000
0.00000
0.09997
0.00000
0.00000
0.00000
0.00000
0.00000
0.00000
2.69648
2.71416
2.88856
2.89817
3.10084
2.80092
2.90458
2.99392
2.89956
3.01120
1.19619
0.00000
0.00000
0.00000
0.00000
0.00000
0.00000
0.10005
0.00000
4.29924
3.40148
3.40007
3.39957
3.30020
3.19846
3.50105
4.21055
3.69037
3.19942
0.00000
0.00000
0.00000
0.00000
0.00000
0.00000
0.00000
0.00000
2.59998
2.71007
3.39887
3.58564
3.60062
3.50761
3.69203
3.70698
3.69327
4.60128
3.39795
3.60098
3.50026
1.00004
0.00000
0.00000
0.00000
0.00000
0.00000
0.00000
0.00000
0.00000
0.00000
0.00000
0.00000
0.00000
0.00000
2.09964
3.61495
3.58642
3.70076
3.59967
3.59976
3.09874
3.59946
4.80040
3.61364
3.78665
3.50855
3.69096
3.59977
3.79855
3.60030
3.60219
3.40767
3.71521
5.61926
3.69372
3.31201
3.20197
2.19244
2.50043
2.20056
2.19990
1.39962
0.00000
0.00000
0.00000
0.00000
0.00000
0.00000
0.00000
0.00000
0.00000
0.00000
0.00000
0.00000
0.00000
0.00000
0.00000
0.00000
0.00000
0.00000
0.00000
0.00000
0.10000
0.00000
0.00000
0.00000
0.00000
0.00000
0.00000
0.00000
0.00000
0.00000
0.00000
0.00000
0.00000
0.00000
0.00000
0.00000
0.00000
0.00000
0.00000
0.00000
0.00000
0.89923
3.00192
2.91121
2.99104
3.00362
2.70087
3.00269
2.88917
3.20181
3.00098
1.19913
0.00000
0.00000
0.00000
0.00000
0.00000
0.00000
0.00000
0.00000
0.00000
0.00000
0.00000
0.00000
0.00000
0.09998
0.00000
0.00000
0.00000
0.00000
0.00000
0.00000
0.00000
0.00000
0.00000
0.00000
0.00000
0.00000
0.00000
0.00000
0.00000
0.00000
0.00000
2.19894
3.09957
3.70017
4.49777
4.10044
3.71479
3.58750
3.69839
3.70251
3.69872
3.71569
3.49513
2.30025
0.79790
0.10001
0.00000
0.00000
0.00000
0.00000
0.00000
0.00000
0.00000
0.00000
0.00000
0.00000
0.00000
0.00000
0.00000
0.00000
1.29957
3.01055
3.28887
3.01157
3.08892
2.90585
2.99948
4.00766
3.08769
2.80006
0.00000
0.00000
0.00000
0.00000
0.00000
0.00000
0.00000
0.00000
0.00000
0.00000
0.00000
0.00000
0.00000
0.00000
0.00000
0.00000
0.00000
0.10001
0.00000
0.00000
0.00000
2.81279
3.08843
3.19768
3.01179
3.08747
3.10053
2.91212
2.98779
2.59937
2.91343
0.09953
0.00000
0.00000
0.00000
0.00000
0.00000
0.00000
0.00000
0.00000
0.00000
0.00000
0.00000
0.00000
0.00000
0.00000
0.00000
0.00000
0.00000
0.00000
0.00000
0.09995
0.00000
0.00000
0.00000
0.00000
0.00000
0.00000
0.00000
0.00000
0.00000
0.00000
0.00000
0.00000
0.00000
0.00000
0.00000
0.00000
0.40078
2.89297
3.00362
2.69712
2.71155
2.88753
2.89960
2.80044
2.90144
2.99814
3.79972
0.69990
0.00000
0.00000
0.00000
0.00000
0.00000
0.00000
0.09994
0.00000
0.00000
0.00000
0.00000
0.00000
0.00000
0.00000
0.00000
0.00000
0.00000
0.00000
0.00000
0.00000
0.00000
0.00000
1.20337
2.99038
3.10643
3.10555
3.28731
3.70011
3.80017
3.29990
3.79987
3.60914
3.79944
3.39395
3.79721
2.89981
2.39975
0.00000
0.00000
0.00000
0.00000
0.00000
0.00000
0.00000
0.00000
0.00000
0.00000
0.00000
0.00000
0.00000
0.00000
0.00000
0.00000
0.00000
0.00000
0.00000
0.00000
0.00000
0.00000
0.00000
0.00000
0.00000
0.00000
0.00000
0.00000
0.00000
0.00000
0.00000
0.00000
0.10003
0.00000
0.00000
0.00000
0.00000
0.00000
0.00000
0.00000
0.00000
0.00000
0.00000
0.00000
0.00000
0.00000
0.00000
0.00000
0.00000
0.00000
0.00000
0.00000
0.00000
0.00000
0.00000
0.00000
0.00000
0.00000
0.00000
0.00000
0.00000
0.00000
0.00000
0.00000
0.00000
0.00000
0.00000
0.00000
0.00000
0.00000
0.00000
0.00000
0.10003
0.00000
0.00000
0.00000
0.00000
0.00000
0.00000
0.00000
0.00000
0.90258
3.98739
2.89930
3.00557
3.09509
3.01191
2.98813
2.90554
2.90386
3.00115
0.69729
0.00000
0.00000
0.00000
0.00000
2.51157
2.90077
2.99898
3.29318
3.09204
3.71036
3.70051
3.78850
3.89483
4.50784
3.79922
3.40650
3.69344
2.71045
1.79325
0.00000
0.00000
0.10000
0.00000
0.00000
0.00000
0.00000
0.00000
0.00000
0.00000
0.00000
0.00000
1.50624
2.98719
3.00098
2.99964
2.81141
3.58461
3.60292
3.69821
3.50056
4.59826
3.50068
3.79898
3.59998
3.80026
4.00103
3.59917
3.61441
3.59468
3.69184
3.99981
4.00432
3.19615
2.89915
3.91953
3.78124
3.60055
3.51190
3.58768
3.50030
3.51552
0.69677
0.00000
0.00000
0.00000
0.00000
0.00000
0.10004
0.00000
0.00000
0.00000
0.00000
0.00000
1.10445
2.79435
2.99322
2.91153
2.98990
2.69745
2.80064
2.69965
2.70065
2.80096
2.59839
0.00000
0.00000
0.00000
0.00000
0.00000
0.00000
0.00000
0.00000
0.00000
0.00000
0.00000
0.00000
0.00000
0.00000
0.00000
0.00000
0.00000
0.00000
0.00000
0.09995
0.00000
0.00000
0.00000
0.00000
0.00000
0.00000
0.00000
0.00000
0.00000
0.00000
0.00000
0.00000
0.00000
0.00000
0.00000
0.00000
0.00000
0.00000
0.00000
0.00000
0.00000
0.00000
0.00000
0.00000
0.00000
0.00000
0.00000
0.00000
0.00000
0.00000
0.00000
0.00000
0.00000
0.00000
0.00000
0.00000
0.00000
0.00000
0.00000
0.00000
0.10001
0.00000
0.00000
0.00000
0.00000
0.00000
0.00000
0.00000
0.00000
0.00000
0.00000
0.00000
0.00000
0.00000
0.00000
0.00000
0.00000
0.00000
0.00000
0.00000
0.00000
0.00000
0.00000
0.00000
0.00000
0.00000
0.00000
0.00000
0.00000
0.00000
0.00000
0.00000
0.00000
0.00000
0.00000
0.00000
0.00000
0.00000
0.00000
0.10000
0.00000
0.00000
0.00000
0.00000
0.00000
0.00000
0.00000
0.00000
0.00000
0.00000
0.00000
0.00000
0.00000
0.00000
0.00000
0.00000
0.00000
0.00000
0.00000
0.00000
0.00000
0.00000
1.90718
2.78886
2.70034
3.69948
2.79999
2.71141
2.68686
2.80136
2.80006
2.80118
2.79977
0.69979
0.00000
0.00000
0.00000
0.00000
0.00000
0.00000
0.00000
0.00000
0.00000
0.00000
0.00000
0.00000
0.00000
0.09998
0.00000
0.00000
0.00000
0.00000
0.00000
0.00000
0.00000
0.00000
0.00000
0.00000
0.00000
0.00000
0.00000
0.00000
0.00000
0.00000
0.00000
0.00000
0.00000
0.00000
0.00000
0.00000
0.00000
0.00000
0.00000
0.00000
0.00000
0.00000
0.00000
0.00000
0.00000
0.00000
0.00000
0.00000
0.00000
0.00000
0.00000
0.00000
0.00000
0.09997
0.00000
0.00000
0.00000
0.00000
0.00000
0.00000
0.00000
0.00000
0.00000
0.00000
0.00000
0.00000
0.00000
0.00000
0.00000
0.00000
0.00000
0.00000
0.00000
0.00000
0.00000
1.00194
2.99661
2.90618
3.00234
3.18749
3.10827
2.99165
3.00045
2.79998
2.80007
1.39999
0.00000
0.00000
0.00000
0.00000
0.00000
0.00000
0.00000
0.00000
0.00000
0.00000
0.00000
0.00000
0.00000
0.00000
0.00000
0.00000
0.00000
0.00000
0.00000
0.00000
0.00000
0.99926
3.10085
2.80581
2.69417
3.10839
3.08922
3.81392
3.49073
3.69843
3.79976
3.71443
3.58465
3.90463
2.99795
3.70398
3.70133
3.80938
3.59645
3.69734
3.50710
3.58539
4.49540
2.70234
0.00000
0.00000
0.00000
0.10001
0.00000
0.00000
0.00000
0.00000
1.10018
3.50007
3.40408
3.39727
3.59651
3.80005
3.70217
3.80116
3.69820
3.79982
3.59902
3.60152
3.40038
2.91104
0.29874
0.00000
0.00000
0.00000
0.09993
0.00000
0.00000
0.00000
0.00000
0.00000
0.00000
0.00000
0.00000
0.00000
0.00000
0.00000
0.59967
3.70123
2.60068
2.60505
3.39302
3.69850
3.81747
3.78359
3.70010
3.80005
3.79595
3.60168
3.60268
3.49955
2.90085
0.09993
0.00000
0.00000
0.00000
0.00000
0.00000
0.29998
2.90042
1.89845
3.00144
3.89960
2.70309
2.80078
2.79643
2.69981
2.81146
2.69879
1.79308
0.00000
0.00000
0.00000
0.00000
0.00000
0.00000
0.00000
0.00000
0.00000
0.00000
0.00000
0.00000
0.00000
0.00000
0.00000
0.00000
0.00000
0.00000
0.00000
0.00000
0.00000
0.00000
0.00000
0.00000
0.00000
0.00000
0.00000
0.00000
0.00000
0.00000
0.00000
0.00000
0.30113
2.78890
2.80888
2.69132
2.80821
2.80184
2.79072
2.80908
2.90244
2.79257
2.79542
1.80033
0.40002
2.81194
2.79697
2.79103
2.59982
2.60038
2.70001
3.59988
2.79862
2.40048
2.60036
1.89970
0.00000
0.00000
0.00000
0.00000
0.09994
0.00000
2.50260
2.99538
2.81017
2.89618
2.99367
2.89922
2.91272
2.98815
2.19926
2.40615
2.39278
0.00000
0.00000
0.00000
0.00000
0.00000
0.00000
0.00000
0.00000
0.00000
0.00000
0.00000
0.00000
0.00000
0.00000
0.00000
0.00000
0.00000
0.10000
0.00000
0.00000
0.00000
0.00000
0.00000
0.00000
0.00000
0.00000
0.00000
0.00000
0.00000
0.00000
0.00000
0.00000
0.00000
0.00000
0.00000
0.00000
1.69946
3.00960
2.79129
3.00053
2.80031
2.79960
2.91179
2.89825
4.78168
3.81079
3.69061
3.79834
3.10867
2.99168
3.00136
2.99995
3.19958
0.89995
0.00000
0.00000
0.00000
0.00000
0.00000
0.00000
0.10004
2.10016
2.89902
2.90011
3.10021
3.00179
3.20375
3.19324
3.11502
3.08673
1.79923
0.00000
0.00000
0.00000
0.00000
0.00000
0.00000
0.00000
0.00000
0.00000
0.00000
0.00000
0.00000
0.09996
0.00000
0.00000
0.00000
0.00000
0.00000
0.00000
0.00000
0.00000
0.00000
0.00000
0.00000
0.00000
0.00000
0.00000
0.00000
0.00000
0.00000
0.00000
0.00000
0.00000
0.00000
0.00000
0.00000
0.00000
0.00000
0.00000
1.59945
3.01323
4.09509
2.99546
3.10906
3.29901
2.98735
3.10021
2.40019
2.59829
0.50019
0.10003
0.00000
0.00000
0.00000
0.00000
0.00000
0.00000
0.00000
0.00000
0.00000
0.00000
0.00000
0.00000
0.00000
0.00000
0.00000
0.00000
0.00000
0.00000
0.00000
0.00000
0.00000
0.00000
0.00000
0.00000
0.00000
0.00000
0.00000
0.00000
0.00000
0.00000
0.00000
0.00000
0.00000
0.00000
0.00000
0.00000
0.00000
0.00000
0.00000
0.09998
0.00000
0.00000
0.00000
0.00000
0.00000
0.00000
0.00000
0.00000
0.00000
0.00000
0.00000
0.00000
0.00000
0.00000
0.00000
0.00000
0.00000
0.00000
0.00000
0.00000
0.00000
0.00000
0.00000
0.00000
0.00000
0.00000
0.00000
0.00000
0.00000
0.00000
0.00000
0.00000
0.00000
0.00000
0.00000
0.00000
0.00000
0.00000
0.00000
0.00000
0.09996
0.00000
0.00000
2.50159
3.29666
3.21411
3.19047
2.99610
2.99973
3.09975
3.30052
3.10252
0.69922
0.00000
0.00000
0.00000
0.00000
0.00000
0.00000
0.00000
0.00000
0.00000
0.00000
0.00000
0.00000
0.00000
0.00000
0.00000
0.00000
0.00000
0.00000
0.00000
0.00000
0.00000
0.00000
0.00000
0.00000
0.00000
0.00000
0.00000
0.00000
0.00000
0.00000
0.00000
0.00000
0.00000
0.00000
0.00000
0.00000
0.00000
0.00000
0.00000
0.00000
0.00000
0.00000
0.89926
3.51123
3.39223
3.41202
4.38276
3.49975
3.30876
3.49082
2.59939
0.00000
0.00000
0.00000
0.00000
0.00000
0.00000
0.50007
3.19769
3.20275
3.31571
3.28465
3.30276
3.19668
3.30042
3.19993
1.49910
0.00000
0.00000
0.00000
0.00000
0.00000
0.00000
0.00000
0.00000
0.00000
0.00000
0.00000
0.00000
0.00000
0.00000
0.00000
0.00000
0.00000
0.49988
3.40999
3.58931
3.19837
3.50199
3.39848
3.89769
3.50401
3.41287
3.18794
3.20021
3.49829
2.90257
2.79846
2.90051
2.90174
2.89828
2.89997
1.09968
0.00000
0.00000
0.00000
0.00000
0.00000
0.00000
0.00000
0.00000
0.00000
0.00000
0.00000
0.00000
0.00000
0.00000
0.00000
2.50189
2.91255
2.98719
2.89943
2.90999
3.08880
2.70123
2.90095
2.90037
2.80001
1.49828
0.00000
0.00000
0.00000
0.00000
0.00000
0.00000
0.00000
0.00000
0.00000
0.00000
0.00000
0.00000
0.00000
0.00000
0.00000
0.00000
0.00000
0.00000
0.00000
0.00000
0.00000
0.00000
0.00000
0.00000
0.00000
0.00000
0.00000
0.00000
0.00000
0.00000
0.00000
0.00000
0.00000
0.00000
0.00000
0.00000
0.10004
0.00000
2.10322
2.59946
2.70045
2.71101
2.78855
2.99936
3.00091
2.81082
2.98941
2.99995
2.69759
0.00000
0.00000
0.00000
0.00000
0.00000
0.00000
0.00000
0.00000
0.00000
0.00000
0.00000
0.00000
0.00000
0.00000
0.00000
0.00000
0.00000
0.00000
0.00000
0.00000
0.00000
0.00000
0.00000
0.00000
0.00000
0.00000
0.00000
0.00000
0.00000
0.09995
0.00000
0.00000
0.00000
0.00000
0.00000
0.00000
0.00000
0.00000
0.00000
0.00000
0.00000
0.00000
0.00000
0.00000
0.00000
0.00000
0.00000
0.00000
2.69679
3.30196
3.31389
3.28823
3.59803
3.69994
3.71697
3.58271
4.80020
3.61038
3.79368
3.89638
3.30775
1.19709
0.00000
0.00000
0.00000
0.00000
0.00000
0.00000
0.00000
0.00000
0.09997
2.70014
3.40867
3.19295
3.19958
3.20652
3.19345
3.20087
3.20969
3.09027
0.00000
0.10003
0.00000
0.00000
0.00000
0.00000
0.00000
0.00000
0.00000
0.00000
0.00000
0.00000
0.00000
0.00000
0.00000
0.00000
0.00000
0.00000
0.00000
2.80293
2.79586
2.90494
2.99443
3.11055
2.99046
2.91397
3.79072
2.90507
3.18444
3.31581
2.98867
2.79997
2.89970
3.20069
3.69786
3.70353
3.49783
3.70178
3.49862
3.69836
3.91490
3.78717
3.35632
0.31337
0.00000
0.00000
0.00000
0.00000
0.00000
0.00000
0.00000
0.00000
0.00000
0.00000
0.00000
0.00000
0.00000
0.00000
0.00000
0.00000
0.00000
2.09858
3.20444
3.19629
3.10124
3.10541
2.99399
3.09989
3.09761
3.20379
1.79861
0.00000
0.00000
0.00000
0.00000
0.00000
0.00000
0.00000
0.00000
0.00000
0.00000
0.00000
0.00000
0.00000
0.00000
0.00000
0.00000
0.00000
0.00000
0.00000
0.00000
0.00000
0.00000
0.00000
0.10003
2.69916
2.90711
2.90389
3.08857
2.79999
3.00943
3.00183
3.09753
2.79917
2.09311
0.00000
0.00000
0.00000
0.00000
0.00000
0.00000
0.00000
0.00000
0.00000
0.00000
0.00000
0.00000
0.00000
0.00000
0.00000
0.00000
0.00000
0.00000
1.00360
2.80193
2.98646
3.80015
2.99986
3.80111
3.70885
3.88826
3.80247
3.69971
3.69829
3.61369
3.70142
2.88805
2.60172
1.49935
0.00000
0.00000
0.00000
0.00000
0.00000
0.00000
0.00000
0.00000
0.00000
0.00000
0.00000
0.00000
0.00000
0.00000
0.00000
0.00000
0.00000
0.00000
0.00000
0.00000
0.00000
0.00000
0.00000
0.00000
0.00000
0.10000
0.00000
0.00000
0.00000
0.00000
0.00000
0.00000
0.00000
0.00000
2.70251
2.80455
2.89509
2.99801
2.79881
3.71291
3.00263
2.79632
3.00239
2.89610
1.29577
2.31227
2.88544
3.00891
2.89275
2.99981
3.10009
2.99933
3.00043
2.90024
3.10930
0.59792
0.00000
0.00000
0.00000
0.00000
0.00000
0.00000
0.00000
0.79929
3.71240
2.19327
3.60017
1.00350
1.19547
1.20045
1.29989
0.99988
1.90014
0.29993
0.40012
0.80034
2.20753
2.19225
2.00011
2.30033
1.69972
0.99990
1.09995
1.80033
2.09927
2.19999
1.80026
2.40931
1.99207
2.00023
2.40004
2.80088
3.69973
2.79961
2.79971
2.80091
2.89947
0.59981
0.00000
0.00000
0.00000
0.00000
0.00000
0.00000
0.00000
0.10002
0.00000
0.00000
0.00000
0.00000
0.00000
0.00000
0.00000
0.00000
0.00000
0.00000
0.00000
0.00000
0.00000
0.00000
0.00000
0.00000
0.00000
0.00000
0.00000
0.00000
0.00000
0.00000
0.00000
0.00000
0.00000
0.00000
0.00000
0.00000
0.00000
0.00000
0.00000
0.00000
0.00000
0.00000
0.00000
0.00000
0.00000
0.09999
0.00000
0.00000
0.00000
0.00000
0.00000
0.00000
0.00000
0.00000
0.00000
0.00000
0.00000
0.00000
0.00000
0.00000
2.30931
2.98720
3.01340
3.08645
3.09886
3.20622
3.09828
3.00969
3.08667
2.19881
0.00000
0.00000
0.00000
0.00000
0.00000
0.00000
0.00000
0.00000
0.00000
0.00000
0.00000
0.00000
0.00000
0.00000
0.00000
0.00000
0.00000
0.00000
0.00000
0.00000
0.00000
0.00000
0.00000
0.00000
0.00000
0.00000
0.00000
0.00000
0.00000
0.00000
0.00000
0.00000
0.00000
0.10000
0.00000
0.00000
0.00000
0.00000
0.00000
0.00000
0.00000
0.00000
0.00000
0.00000
0.00000
0.00000
0.00000
0.00000
0.00000
0.00000
0.00000
0.00000
0.00000
0.00000
0.00000
0.00000
0.00000
0.00000
0.00000
0.00000
0.00000
0.00000
0.00000
0.00000
0.00000
0.00000
0.00000
0.00000
0.00000
0.00000
0.00000
0.00000
0.00000
0.00000
0.09999
0.00000
0.00000
0.00000
0.00000
0.00000
0.00000
0.00000
0.00000
0.00000
0.00000
0.00000
0.00000
0.00000
0.00000
0.00000
0.00000
0.00000
0.00000
0.00000
0.00000
0.00000
0.00000
0.00000
0.00000
0.00000
0.00000
0.00000
0.00000
0.00000
0.00000
0.00000
0.00000
0.00000
0.00000
0.00000
0.00000
0.00000
0.00000
0.00000
0.10000
0.00000
0.00000
0.00000
0.00000
0.00000
0.00000
0.00000
0.00000
0.00000
0.00000
0.00000
2.20697
3.08998
3.09929
4.19970
3.10080
2.50025
3.79871
3.81603
3.68409
3.70103
3.60079
3.70771
3.19264
3.10839
3.19293
2.19751
0.10004
0.00000
0.00000
0.00000
0.00000
0.00000
0.00000
0.00000
0.00000
0.00000
0.00000
0.00000
0.00000
0.00000
0.00000
0.00000
0.00000
0.00000
0.00000
0.00000
0.00000
0.00000
0.00000
0.00000
0.00000
0.00000
0.00000
0.00000
0.00000
0.00000
0.00000
0.00000
0.00000
0.00000
0.00000
0.00000
0.00000
0.00000
0.00000
0.00000
0.09996
0.00000
0.60126
2.99954
2.99906
2.99396
2.91362
2.98630
3.00033
3.89995
2.89940
3.00053
1.99938
0.00000
0.00000
0.00000
0.00000
0.00000
0.00000
0.00000
1.59901
3.10825
2.90352
2.88799
3.10991
3.09201
2.99934
3.00059
2.91167
3.08775
0.39991
0.00000
0.00000
0.00000
0.00000
0.00000
0.00000
0.00000
0.00000
0.00000
0.00000
0.00000
0.00000
0.00000
0.10001
0.00000
0.00000
0.00000
0.00000
0.00000
0.00000
0.00000
0.00000
0.00000
0.00000
0.00000
0.00000
0.00000
0.00000
0.00000
0.00000
0.00000
0.00000
0.00000
0.00000
0.00000
0.00000
0.00000
0.00000
0.00000
0.00000
0.00000
0.00000
0.00000
0.00000
0.00000
0.00000
0.00000
0.00000
0.00000
0.00000
0.00000
0.00000
0.00000
0.10006
0.00000
0.00000
0.00000
0.00000
0.00000
0.00000
0.00000
2.50899
2.98815
2.89992
3.00676
3.00085
2.89246
3.00723
3.09324
3.29622
3.00135
0.00000
0.00000
0.00000
0.00000
0.00000
0.00000
0.10005
0.00000
0.00000
0.00000
2.61074
3.08628
3.20695
3.09412
3.20057
2.99984
3.10592
2.89485
1.59914
2.90217
0.99968
0.00000
0.00000
0.00000
0.00000
0.00000
0.00000
0.00000
0.00000
0.00000
0.00000
0.00000
0.10003
0.00000
0.00000
0.00000
0.00000
0.00000
0.00000
0.00000
0.00000
0.00000
0.00000
0.00000
0.00000
0.00000
0.59999
2.91133
2.89803
3.29063
3.80549
3.69340
3.69979
3.71571
4.27559
4.21126
3.79487
3.60141
3.41351
3.78224
1.00008
0.00000
0.00000
0.00000
0.00000
0.00000
0.00000
0.00000
0.00000
0.00000
0.00000
0.00000
0.00000
0.00000
0.00000
0.00000
0.00000
0.00000
0.00000
2.19751
2.80142
2.90413
2.90061
3.00654
3.09395
2.90687
3.00186
2.89518
3.00307
1.49313
0.00000
0.00000
0.00000
0.00000
0.00000
0.00000
0.00000
0.00000
0.00000
2.90472
2.99567
2.91211
2.78804
2.99971
3.90020
2.90031
2.80071
2.89883
2.90964
0.29897
0.00000
0.00000
0.69988
3.09916
3.01223
2.78983
2.91041
2.88853
2.99980
3.00078
3.01300
3.28572
1.59970
0.00000
0.00000
0.00000
0.00000
0.00000
0.00000
0.00000
0.00000
0.00000
0.00000
0.00000
0.00000
0.00000
0.00000
0.00000
0.00000
0.00000
0.00000
0.00000
0.00000
0.00000
0.00000
0.00000
0.00000
0.00000
0.09998
0.00000
0.00000
0.00000
0.00000
0.00000
0.00000
0.00000
0.00000
0.00000
0.00000
0.00000
0.00000
0.00000
0.00000
0.00000
0.00000
0.00000
0.00000
0.00000
0.00000
0.00000
0.00000
0.00000
0.00000
0.00000
0.00000
0.00000
0.00000
0.00000
0.00000
0.00000
0.00000
0.00000
0.00000
0.00000
0.00000
0.00000
0.00000
0.00000
0.00000
0.10001
0.00000
0.00000
0.00000
0.00000
0.00000
0.00000
0.00000
0.00000
0.00000
0.00000
0.00000
0.00000
0.00000
0.00000
0.00000
0.00000
0.00000
0.00000
0.00000
0.00000
0.00000
0.00000
0.00000
0.00000
0.00000
0.00000
0.00000
0.00000
0.00000
0.29975
2.21011
2.79633
2.89131
2.89840
2.90087
2.90109
3.09834
2.80683
3.69302
2.90548
1.49665
0.00000
0.00000
0.00000
0.00000
0.00000
0.00000
0.00000
0.00000
0.09994
0.00000
0.00000
0.00000
0.00000
0.00000
0.00000
0.00000
0.00000
1.30458
2.69257
2.69582
2.70116
2.71072
2.80082
2.79130
2.69871
2.79761
3.49894
3.80048
3.81298
3.38881
2.90014
2.80002
2.90055
2.81036
2.80267
2.88656
0.79966
0.00000
0.00000
2.88917
3.21066
2.80078
2.90629
2.89367
2.89904
3.01006
2.99034
3.10768
2.90098
0.49859
0.00000
1.30480
3.28769
3.10666
2.99438
3.29924
3.11259
2.99121
3.00760
3.09991
2.19149
1.00336
2.69969
2.69253
2.81260
3.78351
2.79863
2.79969
2.80062
2.80050
2.90674
2.79254
1.40024
0.00000
2.10638
2.80454
2.90049
2.88640
2.80849
2.80427
2.89972
2.88694
2.79959
2.90694
2.39286
0.00000
0.00000
0.00000
0.00000
0.00000
0.00000
0.00000
0.00000
0.00000
0.00000
0.00000
0.00000
0.00000
0.00000
0.00000
0.10000
0.00000
0.00000
0.00000
0.00000
0.00000
0.00000
0.00000
0.00000
0.00000
0.00000
0.00000
0.00000
0.00000
0.00000
0.00000
0.00000
0.00000
0.00000
0.00000
2.10018
2.90390
2.89627
2.89930
2.80040
2.89973
3.79948
2.71158
2.68948
2.70018
2.19924
0.10002
0.00000
0.00000
1.10424
2.90128
2.68822
2.69927
2.70168
2.71139
2.68676
2.60109
2.69940
2.69891
2.70361
0.79895
0.00000
0.00000
2.00522
2.69329
2.60797
2.70284
2.78817
2.79993
2.60223
2.89780
2.90742
4.70946
3.58207
3.20326
3.30957
3.68629
3.71613
3.68681
3.70360
3.79350
3.61171
3.49578
3.60473
3.58898
1.59990
0.00000
0.00000
0.00000
0.00000
0.00000
0.00000
0.00000
0.00000
0.00000
0.00000
0.00000
0.00000
0.00000
0.00000
0.00000
0.00000
0.00000
0.00000
0.00000
0.00000
0.00000
0.00000
0.00000
0.00000
0.00000
0.00000
0.00000
0.00000
0.00000
0.09999
0.00000
0.00000
0.00000
0.00000
0.00000
0.00000
0.00000
0.00000
0.00000
0.00000
0.00000
0.00000
0.00000
0.00000
0.00000
0.00000
0.00000
0.00000
0.00000
0.00000
0.00000
0.00000
0.00000
0.00000
0.00000
0.00000
0.00000
0.00000
0.00000
0.00000
0.00000
0.00000
0.00000
0.00000
0.00000
0.00000
0.00000
0.00000
0.00000
0.10004
0.00000
0.00000
0.00000
0.00000
0.00000
0.00000
0.00000
0.00000
0.00000
0.00000
0.00000
0.00000
0.00000
0.00000
0.00000
0.00000
0.00000
0.00000
0.00000
0.00000
0.00000
0.00000
0.00000
0.00000
0.00000
0.00000
0.00000
0.00000
0.00000
0.00000
0.00000
0.00000
0.00000
0.00000
0.00000
0.00000
0.00000
0.00000
0.00000
0.10001
0.00000
0.00000
0.00000
0.00000
0.00000
0.00000
0.00000
0.00000
0.00000
0.00000
0.00000
0.00000
0.00000
0.00000
0.00000
0.00000
0.00000
0.00000
0.00000
0.00000
0.00000
0.00000
0.00000
0.00000
0.00000
0.00000
0.00000
0.00000
0.00000
0.00000
0.00000
0.00000
0.00000
0.00000
0.00000
0.00000
0.00000
0.00000
0.00000
0.10002
0.00000
0.00000
0.00000
0.00000
0.00000
0.00000
0.00000
0.00000
0.00000
0.00000
0.00000
0.00000
0.00000
0.00000
0.00000
0.00000
0.00000
0.00000
0.00000
0.00000
0.00000
2.50866
3.37248
4.13214
3.78551
3.61397
3.68741
3.61125
3.68597
3.70314
3.59932
3.61339
4.98205
3.69977
3.60018
3.70951
2.60174
1.99382
2.10039
2.99854
2.90058
3.60164
3.59882
3.69840
3.80697
3.90836
3.79820
3.58822
2.70036
3.89932
0.19994
0.00000
0.00000
0.00000
0.00000
0.00000
0.00000
0.00000
0.00000
0.00000
0.00000
0.00000
0.00000
0.00000
0.00000
0.00000
0.00000
0.00000
0.00000
0.00000
0.00000
0.00000
0.10002
1.89806
2.90920
2.99177
2.91261
2.89822
2.98883
2.91244
3.10001
2.98836
2.90610
2.99154
3.00225
2.89989
2.80029
3.00315
2.89580
2.91355
2.80134
2.88693
2.89879
2.69913
0.00000
0.00000
0.00000
0.00000
0.00000
0.00000
0.00000
0.09996
0.00000
0.00000
0.00000
0.00000
0.00000
0.00000
0.00000
0.00000
0.00000
1.79910
3.01127
2.88948
4.00050
3.00017
2.79733
2.90544
2.69724
2.70004
2.90811
1.39603
0.00000
0.00000
0.00000
0.00000
0.00000
0.00000
0.60240
2.98781
2.80018
2.90712
2.89194
2.81372
2.99715
2.79807
2.89127
3.01413
3.08545
0.39993
0.00000
0.00000
0.00000
0.69929
2.80234
2.89992
2.89977
1.99927
2.20081
3.19957
3.19915
4.20387
3.00801
3.09065
0.40000
0.00000
0.00000
0.00000
0.00000
0.59970
3.00776
3.09233
3.00326
3.10303
3.09405
3.31434
2.98653
3.00083
2.89993
1.19979
0.00000
0.00000
0.00000
0.00000
0.00000
0.00000
0.00000
0.00000
0.00000
0.00000
0.00000
0.00000
0.00000
0.00000
0.00000
0.00000
0.00000
0.10002
0.00000
0.00000
0.00000
0.00000
0.00000
0.00000
0.00000
0.00000
0.00000
0.00000
0.00000
0.00000
0.00000
0.00000
0.00000
0.00000
0.00000
0.00000
0.00000
0.00000
0.00000
0.00000
0.00000
0.00000
0.00000
0.00000
0.00000
0.00000
0.00000
0.00000
0.00000
0.00000
0.00000
0.00000
0.00000
0.00000
0.00000
0.00000
0.00000
0.00000
0.10000
0.00000
0.00000
2.79817
2.90016
3.20059
2.79936
2.90653
2.79235
2.90933
3.00507
2.99296
2.79340
0.80033
0.00000
0.00000
0.00000
0.10003
0.00000
0.00000
0.00000
0.00000
0.00000
0.00000
0.00000
0.00000
0.00000
0.00000
0.00000
0.00000
0.00000
0.00000
0.00000
0.00000
0.00000
0.00000
0.00000
0.00000
0.00000
0.00000
0.00000
0.00000
0.00000
0.00000
0.00000
0.00000
0.00000
0.00000
0.00000
0.00000
0.00000
0.00000
0.00000
0.00000
0.00000
0.00000
0.00000
0.10000
0.00000
0.00000
0.00000
0.00000
0.00000
0.00000
0.00000
0.00000
0.00000
0.00000
0.00000
0.00000
0.00000
1.80549
2.99056
3.89972
2.90595
2.89358
2.80009
2.90769
2.80644
2.88577
3.00009
0.79988
0.00000
0.00000
0.00000
0.00000
0.00000
0.00000
0.00000
0.00000
0.00000
0.00000
0.00000
1.40439
2.89116
2.90022
2.89954
2.89925
3.00903
3.19118
3.09943
3.01094
3.08958
0.00000
0.00000
0.00000
0.00000
0.00000
0.09996
0.60151
3.09273
2.79903
3.00084
3.10005
2.90007
4.09968
2.19873
1.90098
2.80774
2.80489
0.49761
0.00000
0.00000
0.00000
0.00000
0.00000
0.00000
0.00000
0.00000
0.00000
0.00000
0.00000
0.00000
0.00000
0.00000
0.00000
0.00000
0.00000
0.00000
0.00000
0.00000
0.00000
0.00000
0.00000
0.00000
0.09998
0.00000
0.00000
0.00000
0.00000
0.00000
0.00000
0.00000
0.00000
0.00000
0.00000
0.00000
0.00000
0.00000
0.00000
0.00000
0.00000
0.00000
0.00000
0.80352
2.89172
2.90472
2.80042
2.89775
2.79217
3.00582
2.80180
2.79281
2.90115
2.79970
0.69984
0.00000
0.00000
0.00000
0.00000
0.00000
0.00000
0.00000
0.00000
0.00000
0.00000
0.00000
0.00000
0.00000
0.00000
0.00000
0.00000
0.00000
0.00000
0.00000
0.00000
0.00000
0.00000
0.00000
0.00000
0.00000
0.00000
0.00000
0.00000
0.00000
0.00000
0.00000
0.00000
0.00000
0.00000
0.00000
0.10000
1.49941
2.91051
2.79887
2.69580
3.90811
3.78670
3.91483
3.96935
4.61680
3.81541
3.78558
3.69979
3.71130
3.79592
3.89285
3.50014
3.89994
3.69956
3.79894
3.90031
3.70071
4.69870
3.69879
3.60102
3.40987
2.29381
1.19985
0.00000
0.00000
0.00000
0.00000
0.00000
0.00000
0.00000
0.00000
0.00000
0.00000
0.00000
0.00000
0.00000
0.00000
0.00000
0.00000
0.00000
0.00000
0.00000
0.00000
0.00000
0.00000
0.10003
0.00000
0.00000
0.00000
0.00000
0.00000
0.00000
0.00000
0.00000
0.00000
0.00000
0.50174
1.99210
3.00224
3.00900
2.99500
2.90582
2.98770
3.09965
3.09970
3.00056
2.99953
0.00000
0.00000
0.00000
0.00000
0.00000
0.80017
2.80013
2.89904
2.80030
2.79870
2.70801
2.79549
2.80962
2.90083
2.89480
2.99277
0.79977
0.00000
0.00000
0.00000
0.00000
0.00000
0.00000
0.00000
0.00000
0.00000
0.00000
0.00000
0.00000
0.00000
0.00000
0.00000
0.00000
0.00000
0.00000
0.00000
0.00000
0.00000
0.00000
0.00000
0.00000
0.00000
0.00000
0.10003
0.00000
0.00000
0.00000
0.00000
0.00000
0.00000
0.00000
0.00000
0.00000
0.00000
0.00000
0.00000
0.00000
0.00000
0.00000
0.00000
0.00000
0.00000
0.00000
0.00000
0.00000
0.00000
0.00000
0.00000
0.00000
0.00000
0.00000
0.00000
0.00000
0.00000
0.00000
0.00000
0.00000
0.00000
0.00000
0.00000
0.00000
0.00000
0.00000
0.00000
0.09997
0.00000
0.00000
0.70205
3.98624
2.70034
2.60015
2.89979
2.70057
2.69898
2.70004
2.70038
2.69936
2.59966
0.80002
0.00000
0.00000
0.00000
0.00000
0.00000
0.00000
0.00000
0.00000
0.00000
0.00000
0.00000
0.00000
0.00000
0.00000
0.00000
0.00000
0.00000
0.00000
0.00000
0.00000
0.00000
0.00000
0.00000
0.00000
0.00000
0.00000
0.00000
0.00000
0.00000
0.00000
0.00000
0.00000
0.00000
0.09997
0.00000
0.00000
0.00000
0.00000
0.00000
0.00000
0.00000
0.00000
0.00000
0.00000
0.00000
0.00000
0.00000
0.00000
0.00000
0.00000
0.00000
0.00000
0.00000
0.00000
0.00000
0.00000
0.00000
0.00000
0.00000
0.00000
1.20382
3.09908
2.98983
3.09801
3.20648
2.80882
3.18174
3.70172
3.81310
3.68956
3.71332
4.06303
4.32101
3.00125
3.10008
3.10124
0.50004
0.00000
0.00000
0.00000
0.09995
0.00000
0.00000
0.00000
0.00000
0.00000
0.00000
0.00000
0.00000
0.00000
0.00000
0.00000
0.00000
0.00000
0.00000
0.00000
0.00000
0.00000
0.00000
0.00000
0.00000
0.00000
0.00000
0.00000
0.00000
0.00000
0.00000
0.00000
0.00000
0.00000
0.00000
0.00000
0.00000
0.00000
0.00000
0.00000
0.00000
0.00000
0.00000
0.00000
0.10002
0.00000
0.00000
0.00000
0.00000
0.00000
0.00000
0.00000
0.00000
0.00000
0.00000
0.00000
0.00000
0.00000
0.00000
0.00000
0.00000
0.00000
0.00000
0.00000
0.00000
0.00000
0.00000
0.00000
0.00000
0.00000
0.00000
0.00000
0.00000
0.00000
0.00000
0.00000
0.00000
0.00000
0.00000
0.00000
0.00000
0.00000
0.00000
0.00000
0.09998
0.00000
0.00000
0.00000
0.00000
0.00000
0.00000
0.00000
0.00000
0.00000
0.00000
0.00000
0.00000
0.00000
0.00000
0.00000
0.00000
0.00000
0.00000
0.00000
0.00000
0.00000
0.00000
0.00000
0.00000
0.00000
0.00000
0.00000
0.00000
0.00000
0.00000
0.00000
0.00000
0.00000
0.00000
0.00000
0.00000
0.00000
0.00000
0.00000
0.00000
0.09997
0.00000
0.00000
0.00000
0.00000
0.00000
0.00000
0.00000
0.00000
0.00000
0.00000
0.00000
0.00000
0.00000
0.00000
0.00000
0.00000
0.00000
0.00000
0.00000
0.00000
0.00000
0.00000
0.00000
0.00000
0.00000
0.00000
0.00000
0.00000
0.00000
0.00000
0.00000
0.00000
0.00000
0.00000
0.00000
0.00000
0.00000
0.00000
0.00000
0.00000
0.10000
0.00000
0.00000
0.00000
0.00000
0.00000
0.00000
0.00000
0.00000
0.00000
0.00000
0.00000
0.00000
0.00000
0.00000
0.00000
0.00000
0.00000
0.00000
0.00000
0.00000
0.00000
0.00000
0.00000
0.00000
0.00000
0.00000
2.99645
3.11022
3.09257
3.01399
2.98593
1.19975
2.70012
2.60740
2.59236
2.70074
1.89907
0.00000
0.00000
0.00000
0.00000
0.00000
0.00000
0.00000
0.00000
0.00000
0.00000
0.00000
0.00000
0.00000
0.00000
0.00000
0.00000
0.00000
0.69957
2.80095
3.79777
3.80076
3.79840
3.90299
3.89811
4.69849
3.80062
3.69934
3.80228
3.80021
3.40071
1.69954
0.00000
0.00000
0.00000
0.00000
0.00000
0.00000
0.00000
0.20007
2.89991
2.89992
2.80173
2.79760
3.00058
2.80880
3.00127
2.98873
2.91111
2.98879
0.70002
0.00000
0.00000
0.00000
0.00000
0.00000
0.00000
0.00000
0.00000
0.00000
0.00000
0.00000
0.00000
0.00000
0.00000
0.19991
2.90004
2.79953
2.90023
2.71001
3.78468
2.80021
2.90079
2.80040
2.89902
2.91138
0.49812
0.00000
0.00000
0.00000
0.49970
2.90152
3.69891
3.79891
3.90199
3.80027
3.80912
3.39028
3.91361
3.59127
3.89809
4.69852
3.99990
3.40110
3.50006
3.60566
3.89353
3.89992
3.10899
2.80123
0.69748
0.00000
0.00000
0.00000
0.00000
0.00000
0.00000
0.00000
0.00000
0.00000
0.00000
0.00000
0.00000
0.00000
0.00000
0.00000
0.09994
0.00000
0.00000
0.00000
0.00000
0.00000
0.00000
0.00000
0.00000
0.00000
0.00000
0.00000
0.00000
0.00000
0.00000
0.00000
0.00000
0.00000
0.00000
0.00000
0.29973
2.70120
2.90870
2.69231
2.69964
2.70657
2.59374
2.69966
2.69927
2.81102
2.89738
1.89463
0.00000
0.00000
0.00000
0.40109
2.89279
3.69950
4.19753
4.50201
3.71228
3.68919
3.79735
3.70146
3.71582
3.78446
3.51394
2.49788
1.19629
0.00000
0.00000
0.00000
0.00000
0.00000
0.00000
0.10005
0.00000
0.00000
0.00000
0.00000
0.00000
0.00000
0.00000
0.00000
0.00000
0.00000
0.00000
0.00000
0.00000
0.00000
0.00000
0.00000
0.00000
0.00000
0.00000
0.00000
0.00000
0.00000
0.00000
0.00000
0.00000
0.00000
0.00000
0.00000
0.00000
0.00000
0.00000
0.00000
0.00000
0.00000
0.00000
0.00000
0.00000
0.00000
0.00000
0.10001
0.00000
0.00000
0.00000
0.00000
0.00000
0.00000
0.00000
0.00000
0.00000
0.00000
0.00000
0.00000
0.00000
0.00000
0.00000
0.00000
0.00000
0.00000
0.00000
0.00000
0.00000
0.00000
2.09915
2.90897
2.79379
2.89814
2.79972
1.40528
2.19137
2.70060
2.80838
2.79164
3.89884
1.09982
0.00000
0.00000
0.00000
0.00000
0.00000
0.00000
0.00000
0.00000
0.00000
0.00000
2.70872
2.80270
2.79832
2.78902
2.90196
2.89861
2.90046
2.91022
2.80140
2.80186
1.89015
0.00000
0.00000
0.00000
0.00000
0.00000
0.00000
0.00000
0.00000
0.00000
0.00000
0.00000
0.00000
0.00000
0.00000
0.00000
0.00000
0.00000
0.00000
0.00000
0.00000
0.00000
0.99966
2.80034
2.70029
2.70014
2.80029
2.70882
2.69151
2.80516
2.69502
2.81003
2.69006
1.99892
0.00000
0.00000
0.00000
0.00000
0.00000
0.00000
0.00000
0.00000
0.00000
0.00000
0.00000
0.00000
0.00000
0.00000
0.00000
0.00000
0.00000
0.00000
0.00000
0.20056
2.79094
2.59978
2.71052
3.78582
2.70060
2.60669
2.70535
2.78708
2.69982
3.69947
3.69861
2.90615
2.89507
2.60000
2.91083
2.78852
2.80580
2.90356
3.09627
0.79839
0.00000
0.00000
0.00000
0.00000
0.00000
0.00000
0.00000
0.00000
0.00000
0.00000
0.00000
0.00000
0.00000
0.00000
0.00000
0.00000
0.00000
1.69922
2.70539
2.79516
2.81069
3.20130
3.68381
4.70841
3.79908
3.10859
3.29908
3.58482
3.69909
4.02033
3.79573
1.79410
0.00000
0.00000
0.00000
0.00000
0.00000
0.00000
0.00000
0.00000
0.00000
0.00000
0.00000
0.00000
0.00000
0.00000
0.00000
0.00000
0.00000
0.10001
0.00000
0.00000
0.00000
0.00000
0.00000
0.00000
0.00000
0.00000
0.00000
0.00000
0.00000
0.00000
0.00000
0.00000
0.00000
0.00000
0.00000
0.00000
0.00000
0.00000
0.00000
0.00000
0.00000
0.00000
0.00000
0.00000
0.00000
0.00000
0.00000
0.00000
0.00000
0.00000
0.00000
0.00000
0.00000
0.00000
0.00000
0.00000
0.10000
0.00000
2.59882
3.20964
3.09096
3.10903
3.19080
3.09907
3.10907
3.09213
3.21325
0.29874
0.00000
0.00000
0.00000
0.00000
0.00000
0.00000
0.00000
0.00000
0.00000
0.00000
0.00000
0.00000
0.00000
0.00000
0.00000
0.00000
0.00000
0.00000
0.00000
0.00000
0.00000
0.00000
0.00000
0.00000
0.00000
0.00000
0.00000
0.00000
0.00000
0.00000
0.09991
0.00000
0.00000
0.00000
0.00000
1.00012
3.39943
4.51881
3.39927
3.38727
3.50928
3.39013
3.50111
2.59972
0.00000
0.00000
0.00000
0.00000
3.20439
3.19527
3.21267
3.28785
3.10134
3.21167
3.19265
3.19326
2.60051
0.00000
0.00000
0.00000
0.00000
0.00000
0.00000
0.00000
0.00000
0.00000
0.00000
0.00000
0.00000
2.09921
3.30065
3.20043
3.20538
3.39513
3.39704
4.41216
3.29215
2.59977
0.00000
0.00000
0.00000
0.00000
0.00000
0.00000
0.00000
0.00000
0.00000
0.00000
0.00000
0.00000
0.00000
0.00000
0.00000
0.00000
0.00000
0.00000
0.00000
0.00000
0.00000
0.00000
0.09998
0.00000
0.00000
0.00000
0.00000
0.00000
0.00000
0.00000
0.00000
0.00000
0.00000
0.00000
0.00000
0.00000
0.00000
0.00000
0.00000
0.00000
0.00000
0.00000
0.00000
0.00000
0.00000
0.00000
0.00000
0.00000
0.00000
0.00000
0.00000
0.00000
0.00000
0.00000
0.00000
0.00000
0.00000
0.00000
0.00000
0.00000
0.00000
0.00000
0.00000
0.09997
0.00000
0.00000
0.00000
0.00000
0.00000
0.00000
0.00000
0.00000
0.00000
0.00000
0.00000
0.00000
0.00000
0.00000
0.00000
0.00000
0.00000
0.00000
0.00000
0.00000
0.00000
0.00000
0.00000
0.00000
0.00000
0.00000
0.00000
0.00000
0.00000
0.00000
0.00000
0.00000
1.89995
3.19973
3.40129
3.69817
3.70722
3.80419
3.68852
3.80153
3.60249
3.79707
3.41637
3.49603
2.98959
0.79972
0.00000
0.00000
0.00000
0.00000
0.00000
1.60009
3.79947
2.70982
2.69598
2.69413
2.80121
2.90032
3.40892
3.59927
3.59035
3.80254
3.69777
3.89984
3.79998
3.60082
3.79684
3.88447
4.32660
3.39937
2.89971
2.20774
1.89066
0.00000
3.21114
3.09512
3.40222
3.78970
3.69822
3.70076
3.80078
3.50467
3.90522
3.59097
3.89789
3.80103
3.70138
4.69921
3.41303
3.68496
3.90086
3.29965
2.81264
2.69369
0.49884
0.00000
0.00000
0.00000
0.00000
0.00000
0.00000
0.00000
0.00000
0.00000
0.10005
0.00000
0.00000
0.00000
0.00000
0.00000
0.00000
0.00000
0.00000
0.00000
0.00000
2.50506
2.80394
2.79112
2.91049
2.88911
2.89884
2.89928
2.70197
2.80014
2.69990
1.79920
0.00000
0.00000
0.00000
0.00000
0.00000
0.00000
0.00000
0.00000
0.00000
0.00000
0.00000
0.00000
0.00000
0.00000
0.00000
0.00000
0.00000
0.00000
0.00000
0.00000
0.00000
0.00000
0.00000
0.00000
0.00000
0.10003
0.00000
0.00000
0.00000
0.00000
0.00000
0.00000
0.00000
0.00000
0.00000
0.00000
0.00000
0.00000
0.00000
0.00000
0.40127
2.70119
2.68889
2.70013
2.49916
2.51167
2.58896
2.50050
2.99381
3.30394
2.80174
2.59901
0.00000
0.00000
0.20005
0.00000
0.00000
0.00000
0.00000
0.00000
0.00000
0.00000
0.00000
0.00000
0.00000
0.00000
0.00000
0.00000
0.00000
0.00000
0.00000
0.00000
0.00000
0.00000
0.00000
0.00000
0.00000
0.00000
2.10848
2.79422
2.69427
3.11199
3.78411
3.71535
3.69877
3.78576
3.71480
3.78580
3.71255
3.20172
2.78890
2.71099
2.19113
0.00000
0.00000
0.00000
0.00000
0.00000
0.00000
0.00000
0.00000
0.00000
0.00000
0.00000
0.00000
0.00000
0.00000
0.00000
0.00000
0.00000
0.00000
0.00000
0.00000
0.00000
0.00000
0.00000
0.00000
0.00000
0.10000
0.00000
0.00000
0.00000
0.00000
0.00000
0.00000
0.00000
0.00000
0.00000
0.00000
0.00000
0.00000
0.00000
0.00000
0.00000
0.00000
0.00000
0.00000
0.00000
0.00000
0.00000
0.00000
0.00000
0.00000
0.00000
0.00000
0.00000
0.00000
0.00000
0.00000
0.00000
0.00000
0.00000
0.00000
0.00000
2.39865
3.89984
2.69981
2.79985
2.80060
2.80025
3.09871
3.70066
3.70062
3.81205
3.68870
3.50236
2.71087
3.28419
3.71524
3.68490
3.70083
3.50231
3.59596
3.90002
2.80871
2.69238
2.70904
2.78969
0.00000
0.00000
0.00000
0.00000
0.00000
0.00000
0.00000
0.00000
0.10003
0.00000
0.00000
0.00000
2.79789
2.80374
2.90838
2.99030
2.90603
2.89212
3.10025
2.80026
2.90887
2.79044
2.10049
2.89929
3.10031
3.00765
2.80587
2.88652
2.80759
2.80311
2.90189
2.68642
2.30035
0.00000
0.00000
0.00000
0.10002
0.00000
0.00000
0.00000
0.00000
0.00000
0.00000
0.00000
0.30002
2.80061
2.80264
2.70237
2.60596
2.29009
1.60013
2.70241
3.79603
3.71213
3.78773
3.70755
3.70537
2.90424
2.89696
2.80170
2.79835
2.78913
1.39981
0.00000
0.00000
0.00000
0.00000
0.00000
0.00000
0.00000
0.00000
0.00000
0.00000
0.00000
0.00000
0.00000
0.00000
0.00000
0.00000
0.00000
0.00000
0.00000
0.00000
0.00000
0.00000
0.00000
0.00000
0.00000
0.00000
0.00000
0.00000
0.00000
0.00000
0.00000
0.10000
0.00000
0.00000
0.00000
0.00000
0.00000
0.00000
0.00000
0.00000
0.00000
0.00000
0.00000
0.00000
0.00000
0.00000
0.00000
0.00000
0.00000
2.10014
2.99999
2.79976
2.70022
3.79859
2.90109
2.69973
2.70054
2.80012
3.29731
3.71431
3.00435
2.89664
2.98902
2.80099
2.69982
2.70009
2.79879
2.91397
2.08988
0.00000
0.00000
0.00000
0.00000
0.09996
0.00000
0.00000
0.00000
0.00000
0.00000
0.00000
0.00000
0.00000
0.00000
0.00000
0.00000
0.00000
0.00000
0.00000
0.00000
0.00000
0.00000
0.00000
0.00000
0.00000
0.00000
0.00000
0.00000
0.00000
0.00000
0.00000
0.00000
0.00000
0.00000
0.00000
0.00000
0.00000
0.00000
0.00000
0.00000
0.00000
0.00000
0.00000
0.00000
0.09999
0.00000
0.00000
0.00000
0.00000
0.00000
0.00000
0.00000
0.00000
0.00000
0.00000
0.00000
0.00000
0.00000
0.00000
0.00000
0.00000
0.00000
0.00000
0.00000
0.00000
0.00000
1.50422
2.79200
2.80944
2.89000
2.80021
2.90517
2.89486
2.80391
2.70231
3.78928
2.70935
0.00000
0.00000
0.00000
1.50291
2.79325
2.80538
2.79499
2.80918
2.79164
2.80500
2.79415
2.71113
2.79897
2.79665
3.19328
2.50058
3.29804
3.39898
3.40712
3.49433
3.40031
3.39906
3.81414
3.29946
4.38516
3.40035
3.39918
3.39998
3.40494
3.50843
0.39843
0.00000
0.00000
0.00000
0.00000
0.09999
0.00000
0.00000
0.00000
0.00000
0.00000
3.10631
3.70103
3.58895
3.70067
3.59999
3.61198
3.78757
3.60083
4.69981
3.60040
1.90029
1.99993
1.80034
2.10006
2.19948
1.49939
0.00000
0.00000
0.00000
0.00000
0.00000
0.00000
0.00000
0.00000
0.00000
0.00000
0.00000
0.00000
0.00000
1.90719
3.08894
3.29794
3.20154
3.31069
3.29334
3.30588
3.29021
3.30328
3.49646
3.20003
4.19996
3.21086
3.18889
3.20447
3.29551
2.69946
1.90068
0.00000
0.00000
0.00000
0.00000
0.00000
0.00000
0.00000
0.00000
0.00000
0.00000
0.00000
0.00000
0.00000
0.00000
0.00000
0.00000
0.00000
0.00000
0.00000
0.00000
0.00000
0.00000
0.00000
0.00000
0.00000
0.00000
0.89992
2.99958
3.71466
3.78430
3.70060
3.70665
3.69225
3.70157
3.80099
3.69879
3.69898
4.39981
2.30113
1.19952
0.00000
0.00000
0.00000
0.00000
0.00000
0.00000
0.00000
0.00000
2.70020
3.50041
3.50075
3.29772
3.40209
3.40003
3.49956
3.40438
1.19819
0.00000
0.00000
0.00000
0.00000
0.00000
0.00000
0.00000
0.00000
0.00000
0.00000
0.00000
0.00000
2.90738
3.29226
3.39953
3.39863
3.40425
3.41086
3.59651
3.39519
2.70720
3.38366
3.60119
4.71652
3.88665
3.61708
3.68289
3.69967
3.60021
3.59953
3.49915
3.59976
3.70194
4.49820
3.40105
3.40075
3.49960
3.40393
3.59524
3.70209
2.40738
2.29211
0.00000
0.00000
0.00000
0.00000
0.00000
0.00000
0.00000
0.00000
0.00000
0.00000
0.00000
0.00000
0.00000
0.00000
0.00000
0.00000
0.00000
0.00000
2.69928
2.80803
2.79186
2.70080
2.50881
2.59078
2.40009
2.59920
2.49961
2.60843
2.69182
2.69895
2.91049
2.80249
2.98835
3.79961
3.69862
3.80048
3.79850
3.71197
4.78886
4.01372
3.38771
3.81118
2.98942
1.70063
0.00000
0.00000
0.00000
0.00000
0.00000
0.00000
0.00000
0.00000
0.00000
0.00000
0.00000
0.00000
1.00022
2.91085
2.78818
2.80060
2.90282
2.80070
2.79691
2.91005
2.79157
2.70771
2.79805
0.29924
0.00000
0.00000
0.00000
0.00000
0.00000
0.00000
0.00000
0.00000
0.00000
0.00000
0.00000
0.10005
0.00000
0.00000
0.00000
0.00000
0.00000
0.00000
0.00000
0.00000
0.00000
0.00000
0.00000
0.00000
0.00000
0.00000
0.00000
0.00000
0.00000
0.00000
0.00000
0.00000
0.00000
0.00000
0.00000
0.00000
0.00000
0.00000
0.00000
0.00000
0.00000
0.00000
0.00000
0.00000
0.00000
0.00000
0.00000
0.00000
0.00000
0.00000
0.00000
0.10003
0.00000
0.00000
0.00000
0.00000
0.00000
0.00000
0.00000
0.00000
0.00000
0.00000
0.00000
0.00000
0.00000
0.00000
0.00000
0.00000
2.70990
3.09075
2.99675
3.01294
3.08759
3.11592
3.18458
2.89927
1.69985
2.20062
1.79960
0.00000
0.00000
0.00000
0.00000
0.00000
0.09996
0.00000
3.99445
4.00361
3.70147
3.79729
3.70413
3.79811
3.70084
3.69883
3.80185
3.69843
3.80076
3.49968
3.49910
3.89976
3.80224
3.69911
4.79944
3.70524
3.59450
3.80027
3.59878
3.50324
2.39933
2.00051
2.49970
0.00000
0.00000
0.00000
0.00000
0.00000
0.00000
0.00000
0.00000
0.00000
2.19935
3.10021
3.20675
3.09257
3.09942
3.20211
3.10008
3.10005
3.30051
0.89973
0.00000
0.00000
0.00000
0.00000
0.00000
0.00000
0.00000
0.00000
0.00000
0.09994
0.00000
0.00000
0.00000
0.00000
3.29309
3.29625
3.30026
3.31405
3.19948
4.38083
3.21490
2.09046
2.20015
1.40009
0.00000
0.00000
0.00000
0.00000
0.00000
0.00000
0.00000
0.00000
0.00000
0.00000
0.00000
0.00000
0.00000
0.00000
0.00000
0.00000
0.00000
0.00000
0.00000
0.19994
3.00191
3.10774
2.99864
3.10585
2.88774
2.89968
2.90096
2.90566
2.90054
2.19486
0.00000
0.00000
0.00000
0.00000
0.00000
0.00000
0.00000
0.00000
0.00000
0.00000
0.00000
0.00000
0.00000
0.00000
0.00000
0.09999
0.00000
0.00000
0.00000
0.00000
0.00000
0.00000
0.00000
0.00000
0.00000
0.00000
0.00000
0.00000
0.00000
0.00000
0.00000
0.50156
3.18906
3.10000
3.01173
3.10142
2.98745
2.89984
3.00647
2.99537
2.80984
1.59332
0.00000
0.00000
0.00000
0.00000
0.00000
0.00000
0.00000
0.00000
0.09995
0.00000
0.00000
0.00000
0.00000
0.00000
0.00000
0.00000
0.00000
0.00000
0.00000
0.00000
0.00000
0.00000
0.00000
0.00000
0.00000
0.00000
0.00000
0.00000
0.00000
0.00000
0.00000
0.00000
0.00000
0.00000
0.00000
0.00000
0.00000
0.00000
0.00000
0.00000
0.00000
0.00000
0.00000
0.00000
0.29988
3.00361
2.99646
4.29975
2.99940
3.11506
2.98661
2.90050
3.10838
2.99163
2.39962
0.00000
0.80003
2.90877
3.09046
3.10095
3.10991
2.89004
3.00152
3.59521
3.70050
3.70194
3.60237
3.69622
3.80121
3.40130
3.00005
4.00739
1.19752
0.00000
0.00000
0.00000
0.00000
0.00000
0.00000
0.00000
0.00000
0.00000
0.00000
3.19900
3.11409
2.98604
3.09924
3.10984
3.09102
3.21157
3.20260
1.99196
1.49910
0.00000
0.00000
0.00000
1.59783
3.00251
3.00093
3.60024
3.69907
3.60078
3.69929
3.60396
3.50581
5.19410
3.69167
3.70064
4.30218
3.70109
3.69971
3.80011
3.70493
3.29539
3.29937
3.20742
3.30151
3.29100
3.39994
3.39983
3.80334
3.89758
3.60375
4.79187
3.69916
3.91388
3.80541
3.58910
3.59630
2.79960
2.89988
2.80136
3.01225
2.88691
2.79977
2.80749
2.79659
0.99960
0.69922
0.00000
0.00000
0.00000
0.00000
0.10008
0.00000
0.00000
0.00000
0.00000
0.00000
0.00000
0.00000
0.00000
0.00000
0.00000
0.00000
0.00000
0.00000
0.00000
0.00000
0.00000
0.00000
0.00000
0.00000
0.00000
0.00000
0.10038
2.89658
3.00485
2.79736
3.08949
2.99939
3.01086
2.99981
2.89034
3.00453
2.99494
0.49997
0.00000
0.00000
0.00000
0.00000
0.00000
0.00000
0.20076
2.80142
3.80019
2.98626
2.80109
2.70052
2.89805
2.80125
2.81217
2.90003
2.79917
1.39435
0.00000
0.00000
0.00000
0.00000
0.00000
0.00000
0.00000
0.09995
0.00000
0.00000
0.00000
0.00000
0.00000
0.00000
0.00000
0.00000
0.00000
0.00000
2.78908
3.00347
3.01044
2.78603
3.00447
2.89663
2.99973
2.89910
2.90097
2.81020
0.99615
0.00000
0.00000
0.00000
0.00000
0.00000
0.00000
0.00000
0.00000
0.10002
1.59971
2.79989
3.11112
3.79350
3.79259
3.80030
4.81192
3.79143
3.80002
3.71435
3.70144
3.78272
3.61062
2.69255
0.49995
0.00000
0.00000
0.00000
0.00000
0.00000
0.00000
0.00000
0.00000
0.00000
0.00000
0.00000
1.00272
2.99334
2.99676
2.90029
2.89971
2.90061
3.70050
3.70919
3.60636
3.69109
3.29312
4.59985
3.60312
2.79805
2.80665
2.80403
1.79281
0.00000
0.00000
0.00000
0.00000
0.00000
0.00000
0.00000
0.00000
0.00000
0.00000
0.00000
1.40210
2.99937
3.10495
3.10367
3.08806
2.99989
2.99787
2.80192
2.90752
2.99482
0.89891
0.00000
0.00000
0.00000
0.00000
0.00000
0.00000
0.00000
0.00000
0.00000
0.00000
0.00000
0.10000
0.00000
0.00000
0.00000
0.00000
0.00000
0.00000
0.00000
0.00000
0.00000
0.00000
0.00000
0.00000
0.00000
0.00000
0.00000
0.00000
0.00000
0.00000
0.00000
0.00000
0.00000
0.00000
0.00000
0.89946
2.79996
3.00191
2.80380
2.79385
3.00515
2.89487
2.90098
2.90032
2.80909
1.89288
0.00000
0.00000
0.00000
0.00000
0.00000
0.00000
0.00000
0.00000
0.00000
0.00000
0.00000
0.00000
0.00000
0.00000
0.00000
0.00000
0.00000
0.00000
0.00000
2.60893
4.09490
2.90221
2.79137
2.90222
2.89809
2.79879
2.89999
2.80138
2.89887
1.20002
3.10291
3.21172
3.39010
3.30404
3.30560
3.28544
3.30003
3.11079
1.79360
0.00000
1.20022
3.00070
3.00690
2.99204
3.00119
2.89789
2.91232
2.98659
4.10235
2.89993
1.89951
0.00000
0.00000
0.00000
0.00000
0.00000
0.00000
0.00000
0.00000
0.00000
0.00000
0.00000
0.00000
0.00000
0.00000
0.00000
0.00000
0.00000
0.00000
1.39977
3.19896
3.10829
3.09274
2.59864
1.60835
2.88665
2.90336
2.91037
2.78727
2.89970
0.69977
0.00000
0.00000
0.00000
0.00000
0.00000
0.00000
0.00000
0.00000
0.00000
0.00000
0.00000
0.99981
2.89982
2.89979
2.80987
2.80319
2.89772
3.38685
3.81145
3.68999
3.79955
3.71717
4.57835
3.61471
2.88946
3.89941
3.69973
3.80421
3.39566
2.69963
2.80065
2.69929
2.80055
2.79975
2.79935
2.29898
0.00000
0.00000
0.00000
0.00000
0.00000
0.00000
0.00000
0.00000
0.00000
0.00000
0.00000
0.00000
0.00000
0.00000
0.10003
0.00000
0.00000
0.00000
0.00000
0.00000
0.40121
2.89075
2.80258
2.79739
2.81153
2.88834
2.80969
2.80326
2.79581
3.28889
3.70146
4.69707
3.21514
2.58888
2.70925
2.79905
2.89133
2.80466
3.09474
3.69988
3.60116
2.69865
2.70609
2.39440
1.10012
2.70002
2.90062
3.01059
2.99407
1.49723
0.00000
0.00000
0.00000
1.49926
2.90572
2.90813
2.98733
2.69942
2.79982
2.60016
2.69975
3.71479
2.88857
2.79990
0.10000
0.00000
0.00000
0.00000
0.00000
0.00000
0.00000
0.00000
0.10003
0.00000
0.00000
0.00000
0.00000
0.00000
0.00000
0.00000
0.00000
0.00000
0.00000
0.00000
0.00000
0.00000
0.00000
0.00000
0.00000
0.00000
0.00000
0.00000
0.00000
0.00000
0.00000
2.49869
2.80135
2.81070
2.68941
2.69950
2.70277
2.69724
2.70015
2.69992
2.60031
2.40031
0.00000
0.00000
0.00000
0.00000
0.00000
0.00000
0.00000
0.00000
0.00000
0.00000
0.09993
0.00000
0.00000
0.00000
0.00000
0.00000
0.00000
0.00000
0.00000
0.00000
0.00000
0.00000
0.00000
0.00000
0.00000
0.00000
0.00000
0.00000
0.00000
0.00000
0.00000
0.00000
0.00000
0.00000
0.00000
0.00000
0.00000
0.00000
0.00000
0.00000
0.00000
0.00000
0.00000
0.00000
0.00000
0.00000
0.00000
0.00000
0.00000
0.00000
0.00000
0.10001
0.00000
0.00000
0.00000
0.00000
0.00000
0.00000
0.00000
0.00000
0.00000
0.00000
0.00000
0.00000
0.00000
0.00000
0.00000
0.00000
0.00000
0.00000
0.00000
0.00000
0.00000
0.00000
0.00000
0.00000
0.00000
0.00000
0.00000
0.00000
0.00000
0.00000
2.89927
2.70826
2.88990
2.70004
2.80029
2.80251
2.90664
2.69172
2.80059
2.89954
3.20052
2.49952
2.79963
2.60324
2.79725
3.79925
3.70651
3.70441
3.78851
3.71264
3.68851
3.81608
3.68214
3.50895
2.59437
0.90041
1.30402
2.29263
2.69989
2.10012
2.20011
2.41092
2.09898
1.99165
1.09987
2.39105
1.50569
1.10004
1.19997
1.19978
1.19993
1.30015
1.09998
1.10028
1.19998
1.50034
2.19995
2.79965
2.80020
2.99980
2.70024
2.70030
1.99940
0.00000
0.00000
0.00000
0.00000
0.00000
0.00000
0.00000
0.00000
0.00000
0.00000
0.00000
2.79835
2.90107
2.79947
2.80048
2.89943
2.79770
2.89739
3.90662
2.69884
2.80188
3.19949
2.70076
2.69930
2.59761
2.71038
2.89135
2.79927
2.71039
2.80022
2.88974
2.79979
0.29984
0.00000
0.00000
0.00000
0.00000
0.00000
0.00000
0.00000
0.00000
0.00000
0.00000
0.00000
0.00000
0.00000
0.00000
0.00000
0.00000
0.00000
0.10002
0.00000
0.00000
0.00000
0.00000
0.00000
0.00000
0.00000
0.00000
0.00000
0.00000
0.00000
0.00000
0.00000
0.00000
0.00000
0.00000
0.00000
0.00000
0.00000
0.00000
0.00000
0.09993
0.00000
0.00000
0.00000
0.00000
0.00000
0.00000
0.00000
0.00000
0.00000
0.00000
2.50113
2.89738
2.80023
2.89931
2.90902
2.89077
2.79950
3.00040
2.90995
2.90025
2.09202
0.00000
0.00000
0.00000
0.00000
0.00000
0.00000
0.00000
0.00000
0.00000
0.00000
0.00000
0.00000
0.00000
0.00000
0.00000
0.00000
0.00000
0.00000
0.00000
0.00000
0.00000
0.00000
0.00000
0.00000
0.00000
0.00000
0.00000
0.00000
0.00000
0.10001
0.00000
0.00000
0.00000
0.00000
2.40015
2.90688
2.79803
3.88908
2.70180
2.69944
2.91095
2.99792
3.09104
2.80107
1.79844
0.00000
0.00000
0.00000
0.00000
0.00000
2.40277
3.49899
3.49707
3.40120
3.50522
3.40965
3.48464
3.51204
3.50090
3.40065
0.29874
0.00000
0.00000
0.00000
0.00000
0.00000
0.00000
0.00000
0.00000
0.00000
0.00000
0.00000
0.00000
0.00000
3.21159
3.08743
3.19962
4.10011
2.90025
2.99969
2.99963
3.10722
2.90354
2.19220
0.00000
0.00000
0.00000
0.00000
1.90093
3.09774
2.99939
2.91169
2.98763
2.80081
2.91031
2.88919
2.99936
3.00165
0.39999
0.00000
0.00000
0.00000
0.00000
0.00000
0.00000
0.00000
0.00000
0.00000
0.00000
0.00000
0.00000
0.00000
0.00000
0.00000
0.00000
0.00000
0.00000
0.00000
0.00000
0.00000
0.00000
2.70729
2.99134
3.00024
3.59845
3.69999
3.69804
3.80161
4.90892
3.89343
3.69989
3.60132
3.69956
3.01065
1.59386
0.00000
0.00000
0.00000
0.00000
0.00000
0.09994
0.00000
0.00000
0.00000
0.00000
0.00000
0.00000
0.00000
0.00000
0.00000
0.00000
0.00000
0.00000
0.00000
0.00000
0.00000
0.00000
0.00000
0.00000
0.00000
0.00000
0.00000
0.00000
0.00000
0.00000
0.00000
0.00000
0.00000
0.00000
0.00000
0.00000
0.00000
0.00000
0.00000
0.00000
0.00000
0.00000
0.00000
0.00000
0.10001
0.00000
0.00000
0.00000
0.00000
0.00000
0.00000
0.00000
0.00000
0.00000
0.00000
0.00000
0.00000
0.00000
0.00000
0.00000
0.00000
0.00000
0.00000
0.00000
0.00000
0.00000
0.00000
0.00000
0.00000
0.00000
0.00000
0.00000
0.00000
0.00000
0.00000
0.00000
0.00000
0.00000
0.00000
0.00000
0.00000
0.00000
0.00000
0.10006
0.00000
0.00000
0.00000
0.00000
0.00000
0.00000
0.00000
0.00000
0.00000
0.00000
0.00000
0.00000
0.00000
0.00000
0.00000
0.00000
0.00000
2.29819
2.10014
2.51268
2.89516
3.09118
2.99932
2.91108
2.90166
2.98649
2.90074
2.39846
0.00000
0.00000
0.00000
0.00000
0.00000
0.00000
0.00000
0.00000
0.00000
0.00000
0.00000
0.00000
0.00000
0.00000
0.00000
0.00000
0.00000
0.00000
0.00000
0.00000
0.00000
0.00000
0.00000
0.10002
0.00000
0.00000
0.00000
0.00000
0.00000
0.00000
0.00000
0.00000
0.00000
0.00000
0.00000
0.00000
0.00000
0.00000
0.00000
0.00000
0.00000
0.00000
0.00000
0.00000
0.00000
0.00000
0.00000
0.00000
0.00000
0.00000
0.89949
2.80471
2.99545
2.79970
2.81269
2.99715
2.89209
2.99766
3.80206
2.99875
2.71120
0.00000
0.00000
0.00000
0.00000
0.00000
0.00000
0.00000
0.00000
0.00000
0.00000
0.10003
0.00000
0.00000
0.00000
0.00000
0.00000
0.00000
0.00000
0.00000
0.00000
0.00000
0.00000
0.00000
0.00000
0.00000
0.00000
0.00000
0.00000
0.00000
0.00000
0.00000
0.00000
0.00000
0.00000
0.00000
0.00000
0.00000
0.00000
0.00000
0.00000
0.00000
1.39946
3.31424
3.28540
3.31069
3.19034
3.20827
3.09169
3.21320
3.68662
3.79912
3.09942
2.70592
3.09332
2.90059
2.99970
2.91122
2.88828
2.70048
0.00000
0.00000
0.00000
0.00000
0.00000
0.00000
0.00000
0.00000
0.00000
0.00000
0.00000
0.00000
0.00000
0.00000
0.00000
0.00000
0.00000
0.00000
0.00000
0.00000
0.00000
0.00000
0.00000
0.00000
0.00000
0.10003
1.99872
3.30104
3.31151
3.28709
4.29951
3.30250
3.19927
3.60032
3.80819
3.69075
3.21036
2.89252
2.79997
2.79877
3.00043
3.00003
2.89918
0.99979
0.00000
0.00000
0.00000
0.00000
0.00000
0.00000
0.00000
0.00000
0.00000
0.00000
0.00000
0.00000
0.00000
0.00000
0.00000
0.00000
0.00000
0.00000
2.70939
2.78788
2.90101
2.89920
2.90513
2.79697
2.91106
2.89533
3.29183
3.70612
4.69158
3.51279
2.88910
3.00058
3.00016
3.00030
3.00033
3.00290
2.90830
2.89350
2.69532
2.80031
2.89938
2.89942
3.00085
2.91040
3.00064
2.88997
2.09933
0.00000
0.00000
0.00000
0.00000
0.00000
0.00000
0.00000
0.00000
0.00000
0.00000
0.00000
0.00000
0.00000
0.00000
0.00000
0.00000
0.00000
0.00000
0.00000
0.00000
0.10007
0.00000
0.00000
0.00000
0.00000
0.00000
0.00000
0.00000
0.00000
0.00000
0.00000
0.00000
0.00000
0.00000
0.00000
0.00000
0.00000
0.00000
0.00000
0.00000
0.00000
0.00000
0.00000
0.00000
0.00000
0.00000
0.00000
0.00000
0.00000
0.00000
0.00000
0.00000
0.00000
0.00000
0.00000
0.00000
0.00000
0.00000
0.00000
0.00000
0.09999
0.00000
0.00000
0.00000
0.00000
0.00000
0.00000
0.00000
0.00000
0.00000
0.00000
0.00000
0.90325
2.99044
2.89826
2.90906
3.09573
2.99499
3.41487
4.79964
3.79914
3.80093
3.69875
3.49180
3.59384
2.90065
2.80807
2.79066
3.30044
2.90098
2.59948
2.91381
2.89969
3.49557
3.78605
3.70070
3.50493
3.80557
3.70594
4.78141
3.09890
2.50226
2.59799
2.50234
2.19671
0.00000
0.00000
0.00000
0.00000
0.00000
0.00000
0.00000
0.00000
0.00000
0.00000
0.00000
0.00000
1.19932
2.90030
2.89975
2.89952
2.81214
2.89454
2.69425
2.80026
2.79857
2.90076
2.80751
0.39892
2.70054
2.70048
2.80984
2.89737
2.69254
2.60596
2.70573
2.88622
2.70578
2.69375
2.60111
0.00000
0.00000
0.00000
0.00000
0.00000
0.00000
0.00000
0.00000
0.00000
0.00000
0.00000
0.00000
0.00000
2.80851
3.88844
2.79954
2.80466
2.90453
2.89058
2.89998
2.80032
2.89959
2.80032
1.89881
0.00000
0.00000
0.00000
0.00000
0.00000
0.00000
0.00000
0.00000
0.09995
0.00000
0.00000
0.00000
0.00000
0.00000
0.00000
0.00000
0.00000
0.00000
0.00000
0.00000
0.00000
0.00000
0.00000
0.00000
0.00000
0.00000
0.00000
0.00000
2.69877
2.90024
2.99965
2.80898
2.99877
2.80239
2.88718
2.91550
2.88833
2.89731
1.70023
1.70804
2.98687
2.91359
3.09297
2.89290
2.89837
3.00236
2.91279
4.08194
2.90023
1.89917
0.00000
0.00000
0.00000
0.00000
0.00000
2.91100
2.58934
2.90162
2.80526
2.79455
2.90022
3.01103
2.88819
2.90037
2.91344
1.89051
0.00000
0.00000
0.00000
0.00000
0.00000
0.00000
0.00000
0.00000
0.00000
0.00000
2.90729
2.69836
2.69942
2.60041
2.70245
2.69736
2.79914
2.79584
2.80930
2.89033
2.79954
0.19996
0.00000
0.00000
0.00000
0.00000
0.00000
0.00000
0.00000
0.00000
0.00000
0.00000
0.00000
0.00000
0.00000
0.00000
0.00000
0.00000
0.00000
0.00000
0.00000
0.00000
0.00000
0.00000
0.00000
1.20442
2.88820
2.89987
2.99911
3.69772
2.90242
2.80052
2.69935
3.00057
2.89983
2.79900
0.00000
0.00000
0.00000
0.99976
2.80805
2.80233
3.28876
3.90117
3.70692
3.69297
3.69946
3.80813
3.89151
3.79803
3.70040
3.50642
3.50790
0.79681
0.00000
0.00000
0.00000
0.00000
0.00000
0.00000
0.00000
0.90271
3.88611
2.71331
2.68737
2.80779
3.29587
3.79305
3.81339
3.69873
3.58918
3.61230
3.69986
2.79500
2.70450
2.69034
2.80131
2.39901
0.00000
2.40439
2.70342
2.80101
2.89120
2.49935
2.80100
2.60560
3.89017
2.70028
2.70045
2.09983
0.00000
0.00000
0.00000
0.00000
0.00000
0.10005
0.00000
0.00000
0.00000
0.00000
0.00000
0.00000
0.00000
0.00000
0.00000
0.00000
1.80662
2.88813
2.80026
3.70144
3.81019
3.68994
3.71634
3.68397
3.81391
3.68678
3.79693
3.39886
3.80158
2.69953
2.70071
2.60869
2.59239
3.61509
2.68824
2.61146
2.48978
2.70052
2.60840
2.69058
2.80365
0.49916
0.00000
0.00000
0.00000
0.00000
0.00000
0.00000
0.00000
0.00000
0.00000
0.00000
0.00000
0.00000
0.00000
0.00000
0.00000
2.90819
2.99938
2.99143
3.01253
2.89924
2.88757
3.70961
3.70248
3.68769
3.70060
3.70127
3.81220
3.89249
4.17045
4.53821
3.88981
3.61687
3.49270
3.49015
3.89882
3.90878
3.69363
3.80423
3.10540
2.79957
3.10498
2.89952
2.90045
2.88693
0.79966
0.00000
0.00000
0.00000
0.00000
0.00000
0.00000
0.00000
1.39923
2.90068
2.80821
3.09102
2.91392
2.99678
3.09638
3.30445
4.88048
3.80150
3.59980
3.60258
3.80974
3.70426
3.78300
3.80027
3.70020
3.70012
3.29953
3.80286
3.59689
2.79901
1.20016
0.00000
0.00000
0.00000
0.00000
0.00000
0.00000
0.00000
0.00000
0.00000
0.00000
0.00000
0.60214
3.10066
2.98863
3.80082
4.61945
3.60051
3.79311
3.79048
3.81432
3.78540
3.79964
3.59956
3.49669
3.50364
0.00000
0.00000
0.00000
0.00000
0.00000
0.00000
0.00000
0.10006
0.00000
0.00000
0.00000
0.00000
0.00000
0.00000
0.00000
0.00000
0.00000
0.00000
0.00000
0.00000
0.00000
0.00000
0.00000
0.00000
0.00000
0.00000
0.00000
0.00000
0.00000
0.00000
0.00000
0.00000
0.00000
0.00000
0.00000
0.00000
0.00000
0.00000
1.80668
2.79050
3.70565
3.69492
3.80384
3.69618
3.70058
4.69844
3.81744
3.78331
3.59938
3.40910
2.59362
1.20001
0.00000
0.00000
0.00000
0.00000
0.00000
0.00000
0.00000
0.30016
2.89985
2.91168
2.79375
2.79439
2.80032
2.80063
2.80207
2.79504
2.90195
2.80016
1.89918
0.00000
0.00000
0.00000
0.00000
0.79965
2.70121
3.19847
3.71760
3.79278
3.68879
4.70481
3.89673
3.69940
3.60043
3.50032
3.91771
3.39828
2.68947
0.00000
0.00000
0.00000
0.70002
2.90002
2.79871
2.90072
2.81301
2.79716
2.88986
2.91356
2.88682
2.80135
2.80785
1.39482
0.00000
0.00000
0.00000
0.00000
0.00000
0.00000
0.00000
0.00000
0.00000
0.00000
0.00000
0.00000
0.00000
0.00000
0.00000
0.00000
0.00000
0.00000
0.00000
0.00000
0.00000
0.00000
0.00000
2.70570
2.70447
2.68830
2.71396
2.68727
2.69970
3.79870
2.60305
2.49855
2.50215
2.69664
0.69992
0.00000
0.00000
0.00000
0.00000
0.00000
0.00000
0.00000
0.00000
0.00000
0.00000
0.00000
0.00000
0.00000
0.00000
0.09998
0.00000
2.69872
2.80217
2.79886
2.79961
2.79981
2.79958
2.89927
2.80900
2.79202
2.90404
2.19638
0.00000
0.00000
0.00000
0.00000
0.00000
0.00000
0.00000
0.00000
0.10005
0.00000
0.00000
0.00000
0.00000
0.00000
0.00000
0.00000
0.00000
0.00000
1.99863
2.80084
2.80761
2.80350
2.88708
2.80078
2.80022
3.01220
2.90022
2.99907
3.78674
2.89862
3.80168
2.70055
2.80605
2.89318
3.01208
2.98764
3.00053
3.01002
0.69736
0.00000
0.00000
0.00000
0.00000
0.00000
0.00000
0.00000
0.00000
0.00000
0.00000
0.00000
0.00000
0.00000
0.00000
0.00000
0.00000
0.00000
0.00000
0.00000
0.00000
2.70008
3.00072
3.00407
3.19834
3.10590
2.99901
2.89268
2.90028
2.60742
2.49209
0.00000
0.00000
0.00000
0.00000
0.00000
0.00000
0.00000
0.00000
0.00000
0.00000
0.00000
0.89964
2.80054
3.11173
2.79745
2.89191
2.89900
2.79971
2.90103
2.81068
2.99622
3.78870
0.50026
0.00000
0.00000
0.10000
0.00000
0.00000
0.00000
1.59884
2.80054
2.90029
2.79858
3.00913
2.79316
2.90002
2.81114
2.78902
2.69881
2.80151
0.00000
0.00000
0.10002
0.00000
0.00000
0.00000
0.00000
0.00000
0.00000
0.00000
0.00000
0.00000
0.00000
0.00000
0.00000
0.00000
0.00000
0.00000
0.00000
0.00000
0.00000
0.00000
0.00000
0.00000
0.00000
0.00000
0.00000
0.00000
0.00000
0.00000
0.00000
0.00000
0.00000
0.00000
0.00000
0.00000
0.00000
0.00000
0.00000
0.00000
0.00000
0.00000
0.10001
0.00000
0.00000
0.00000
0.00000
0.00000
0.00000
0.00000
0.00000
0.00000
0.00000
0.00000
0.00000
0.00000
0.00000
0.00000
0.00000
0.00000
0.00000
2.79787
2.70073
2.79991
2.81158
2.68969
2.81147
2.78832
2.71206
2.68799
2.90104
1.39910
0.00000
0.00000
0.00000
2.99916
3.10072
3.11104
3.18726
3.20080
4.11288
2.99111
2.99972
3.09956
1.60001
2.10605
2.90126
2.89333
2.99586
2.90155
2.90655
3.09242
2.91314
3.08663
2.79988
1.29949
0.00000
0.00000
0.00000
0.00000
0.00000
0.00000
0.00000
0.00000
0.00000
0.00000
0.00000
0.00000
2.79830
3.41376
3.38748
3.41163
3.29501
4.41195
3.68686
3.50262
3.49416
3.40974
0.19944
0.00000
0.00000
0.00000
0.00000
0.00000
0.00000
0.19983
3.10154
2.59999
2.59890
3.00075
2.90041
3.00277
2.80735
2.98921
2.90050
2.80000
1.09948
0.00000
0.00000
0.00000
0.00000
0.00000
0.00000
0.00000
0.00000
0.00000
0.00000
0.00000
0.00000
0.00000
0.00000
0.00000
0.00000
0.00000
0.00000
0.00000
0.00000
0.00000
0.00000
0.00000
0.00000
0.00000
0.00000
0.00000
0.00000
0.00000
0.00000
0.00000
0.00000
0.00000
0.00000
0.00000
0.00000
0.00000
0.00000
0.10000
0.00000
0.00000
0.00000
0.00000
0.00000
0.00000
0.00000
0.00000
0.00000
0.00000
0.00000
0.00000
0.00000
0.00000
0.00000
0.00000
0.00000
0.00000
0.00000
0.00000
0.00000
0.00000
0.00000
2.39782
2.91511
2.88939
2.89677
2.91204
2.89966
2.90030
2.89504
2.79391
3.00878
1.99330
0.00000
0.00000
0.00000
0.00000
1.50071
2.89837
2.80747
3.79130
2.90063
2.79996
2.69912
2.80033
2.80058
3.00044
2.89937
0.20003
0.00000
0.00000
0.00000
0.00000
0.00000
0.00000
0.00000
0.00000
0.00000
0.00000
0.00000
0.00000
0.00000
0.00000
0.00000
0.00000
0.00000
0.00000
0.00000
0.00000
0.00000
0.00000
0.00000
0.00000
0.00000
0.00000
0.00000
0.00000
0.00000
0.00000
0.00000
0.00000
0.00000
0.00000
0.00000
0.00000
0.00000
0.00000
0.00000
0.00000
0.00000
0.00000
0.00000
0.00000
0.29974
2.90108
2.79997
2.80773
2.79229
2.80367
2.79691
2.79928
2.70055
2.90843
2.69524
0.99843
0.00000
0.00000
1.10455
2.98841
2.99952
2.89991
2.80717
2.99285
2.90924
2.79606
2.79533
2.89881
2.29920
0.00000
0.00000
0.00000
0.00000
0.00000
0.00000
0.00000
0.00000
0.00000
0.00000
0.00000
0.00000
0.00000
0.10002
0.00000
0.00000
0.00000
0.00000
0.00000
0.00000
0.00000
0.00000
1.50528
3.79141
3.71157
3.68682
3.70808
3.70321
3.68578
3.69694
3.50817
2.80543
3.69475
3.80814
3.38463
1.09989
0.00000
0.00000
0.80073
3.19702
3.20792
3.29055
3.49683
3.80690
4.17016
4.33354
3.79585
3.59953
3.70063
3.59968
3.89932
2.80078
0.59990
0.00000
0.00000
0.00000
0.10001
1.80569
3.59233
3.69690
3.71461
3.69121
3.69136
3.69972
3.70175
3.71467
3.68447
4.49936
2.00059
2.10514
0.69813
0.00000
0.00000
0.00000
0.00000
0.00000
0.00000
0.00000
0.00000
0.00000
0.00000
0.00000
0.00000
0.00000
0.00000
0.00000
0.00000
0.00000
0.00000
0.00000
0.09996
0.00000
0.00000
0.00000
0.00000
0.00000
0.00000
0.00000
0.00000
0.00000
2.89943
3.09953
3.20061
3.20021
3.10806
3.29347
3.09843
3.20009
3.10991
0.09966
0.00000
0.00000
0.00000
0.00000
0.00000
0.00000
0.00000
0.00000
0.00000
0.00000
0.00000
0.00000
0.00000
0.00000
1.79908
3.60079
3.60364
3.70851
2.79095
3.59887
3.79954
3.59940
3.70183
3.81694
5.17413
3.70947
3.80156
3.99041
3.40016
3.50001
3.39951
3.20026
3.21135
3.88651
2.69986
2.79881
2.71140
2.79443
3.00557
3.30054
3.68770
3.69545
3.70227
3.51221
3.28756
2.70126
2.70980
3.79112
2.69650
2.79999
0.09998
0.00000
0.00000
0.00000
0.00000
0.00000
0.00000
0.00000
0.00000
0.00000
0.00000
0.00000
0.00000
2.09857
2.91085
3.19728
2.89263
3.10036
2.90602
3.00490
3.08899
3.49848
3.70050
3.70000
2.80884
2.69193
2.59970
2.70249
2.59761
2.10366
2.50730
2.80044
0.79582
0.00000
0.00000
0.00000
0.00000
0.00000
0.00000
0.00000
0.00000
0.00000
0.00000
0.00000
0.00000
0.00000
0.00000
0.00000
0.00000
0.00000
0.00000
0.00000
0.00000
0.00000
0.00000
0.00000
2.49771
3.00179
3.01306
2.88709
3.11361
4.18164
2.90051
2.90127
2.99748
2.90414
0.30047
3.19274
3.29880
3.20510
3.09515
3.39933
3.30135
3.19950
3.30080
3.19934
3.30320
1.59766
0.00000
0.00000
0.00000
0.09995
2.70080
3.01107
2.99720
2.89283
2.89980
2.99947
3.01100
2.88782
4.00214
2.39929
0.00000
0.00000
0.00000
0.00000
0.00000
0.00000
2.29880
2.70064
2.70019
2.90190
3.00098
3.19442
3.70766
3.80158
3.60764
3.78228
3.61877
3.68368
3.79922
3.00144
3.00477
1.49686
0.00000
0.00000
0.00000
0.00000
0.00000
0.00000
0.00000
0.00000
0.00000
0.00000
0.00000
0.00000
0.00000
0.00000
0.00000
0.00000
0.00000
0.00000
0.00000
0.00000
0.00000
0.00000
0.00000
0.10001
0.00000
0.00000
0.00000
0.00000
0.00000
0.00000
0.00000
0.00000
0.00000
0.00000
0.00000
0.00000
1.09869
3.00244
3.10762
2.79220
2.70063
2.80031
3.89820
3.00048
2.91440
2.98586
1.49979
0.00000
0.00000
0.00000
0.00000
1.00007
2.91064
3.08857
3.00674
3.09445
3.00294
2.91004
3.78390
3.69904
3.79932
3.60102
3.70464
3.99441
3.30975
3.29051
3.31490
0.29848
0.00000
0.00000
0.00000
0.00000
0.00000
0.00000
0.00000
0.00000
0.00000
0.00000
0.00000
0.00000
0.00000
0.00000
0.00000
0.00000
0.00000
0.00000
0.00000
0.00000
0.00000
0.00000
0.00000
0.00000
0.00000
0.00000
0.00000
0.00000
0.00000
0.00000
0.00000
2.39935
3.10580
3.09605
3.21203
4.19506
2.89952
3.19071
3.70728
3.69336
3.69957
3.70736
3.59325
2.89881
3.00064
2.90042
2.91368
2.78741
2.90407
2.89521
2.69659
2.91247
2.79398
2.69815
2.69959
2.69993
2.90349
2.29549
0.00000
0.00000
0.00000
0.00000
0.00000
0.00000
0.00000
0.00000
0.00000
0.00000
0.00000
0.00000
0.00000
0.00000
0.00000
0.00000
1.90210
3.01227
4.08370
3.10146
3.20213
3.29709
3.69960
3.71309
3.38908
3.70017
3.71638
3.49080
2.99349
3.00810
3.09221
2.69971
0.00000
0.00000
0.00000
0.00000
0.00000
0.00000
0.00000
0.00000
0.00000
1.70000
2.80680
2.99281
2.91111
3.08815
2.90054
2.91356
3.19641
3.79506
4.80387
3.68732
3.60072
2.90048
2.69970
2.59983
2.80662
2.70089
2.69320
0.69960
0.00000
0.00000
0.00000
0.00000
0.00000
0.00000
0.00000
0.00000
0.00000
0.00000
0.00000
0.00000
0.00000
0.00000
0.00000
0.00000
0.00000
0.00000
0.00000
0.00000
0.00000
0.00000
0.00000
0.70142
2.79217
2.70194
2.60811
2.79053
2.81285
2.69763
2.70179
2.70113
2.68747
2.71065
2.48887
0.00000
0.00000
0.00000
0.00000
0.00000
0.00000
0.00000
0.00000
0.10005
0.00000
0.00000
0.00000
0.00000
0.00000
0.00000
0.00000
0.00000
0.00000
0.00000
0.00000
0.00000
0.00000
0.00000
0.00000
0.00000
0.00000
0.00000
0.00000
2.29859
2.91156
2.79458
2.79543
2.91033
2.90014
2.80281
2.88691
2.89995
3.89965
2.39979
0.00000
0.00000
0.00000
0.00000
0.00000
0.00000
0.00000
0.00000
0.00000
0.00000
0.00000
0.10005
0.00000
0.00000
0.00000
0.00000
0.00000
0.00000
0.00000
0.00000
0.00000
0.00000
0.00000
0.00000
0.00000
0.00000
0.00000
0.00000
0.00000
0.00000
0.10035
2.79083
2.89969
3.01211
2.79581
2.89172
2.79985
2.90462
2.79803
2.79708
2.80071
1.29980
0.00000
0.00000
0.10001
0.00000
0.00000
0.00000
0.00000
0.00000
0.00000
0.00000
0.00000
0.00000
0.00000
0.00000
0.00000
0.00000
0.00000
2.09918
3.70065
3.71057
3.80374
3.78337
3.80382
3.80768
3.79043
3.70675
3.80965
4.77791
3.51691
2.19063
0.00000
0.00000
0.00000
0.00000
0.00000
0.00000
0.00000
0.00000
0.00000
0.00000
0.00000
0.00000
0.00000
0.00000
0.00000
0.00000
0.00000
0.00000
0.00000
2.19936
2.79796
2.90164
2.80016
2.80851
2.79104
2.90917
2.79174
2.91185
2.80146
2.68822
0.00000
0.00000
0.00000
0.00000
0.00000
0.00000
0.00000
0.00000
0.00000
0.00000
0.00000
0.00000
0.00000
0.10000
0.00000
0.00000
0.00000
0.00000
0.00000
0.00000
0.00000
0.00000
0.00000
0.00000
0.00000
0.00000
0.00000
0.00000
0.00000
0.00000
0.00000
0.00000
0.00000
0.00000
0.00000
0.39984
2.80274
2.69759
2.80097
2.70354
2.79625
2.70637
2.80590
2.80041
2.58823
2.69871
2.71126
0.09962
0.00000
0.09994
0.00000
0.00000
0.00000
0.00000
0.00000
0.00000
0.00000
0.00000
0.00000
0.00000
0.00000
0.00000
0.00000
0.00000
0.00000
0.00000
0.00000
0.00000
0.00000
0.00000
0.00000
0.00000
0.00000
0.00000
0.00000
0.00000
0.00000
0.00000
0.00000
0.00000
0.00000
0.00000
0.00000
0.00000
0.00000
0.00000
0.00000
0.00000
0.10003
0.00000
0.00000
0.00000
0.00000
0.00000
0.00000
0.00000
0.00000
0.00000
0.00000
0.00000
0.00000
0.00000
0.00000
0.00000
0.00000
0.00000
0.00000
0.00000
0.00000
0.00000
0.00000
0.00000
0.00000
0.00000
0.00000
0.00000
0.00000
0.00000
0.00000
0.00000
0.00000
2.39830
2.79966
2.80005
2.70066
2.80009
2.60027
3.89973
2.70108
2.89890
2.80274
2.19691
0.00000
0.00000
0.00000
0.00000
0.00000
0.10004
0.00000
0.00000
0.00000
0.00000
0.00000
0.00000
0.00000
0.00000
0.00000
0.00000
0.00000
0.00000
0.00000
0.00000
0.00000
0.00000
0.00000
0.00000
0.00000
0.00000
0.00000
0.00000
0.00000
0.00000
0.00000
0.00000
0.00000
0.69979
2.99930
2.80009
2.81037
2.78882
2.90135
2.80086
2.89977
2.81189
2.78703
2.70005
0.00000
0.00000
0.00000
0.00000
0.00000
0.00000
0.00000
0.00000
0.00000
0.00000
0.00000
0.00000
0.00000
0.00000
0.00000
0.00000
0.00000
0.00000
0.00000
0.00000
2.39823
2.79957
3.69898
3.70343
3.59789
3.69846
3.70248
4.28509
4.11534
3.70090
3.81703
3.58347
3.60003
3.69999
3.50691
3.40059
3.30055
2.69403
2.99993
3.60019
3.60506
3.89371
4.00083
4.99637
4.01934
3.68456
3.59955
3.39896
3.40181
3.30026
3.39883
3.81340
3.28694
1.50093
0.10000
0.00000
0.00000
0.00000
0.00000
0.00000
0.00000
0.00000
1.30587
2.79542
2.79172
2.90900
2.89193
3.00634
2.89430
3.09836
3.71593
3.78362
3.80114
3.59980
2.80052
2.70360
2.80862
2.68707
3.09255
3.72399
1.69267
0.00000
0.00000
0.00000
0.00000
0.00000
0.00000
0.00000
0.00000
0.00000
0.00000
0.00000
0.00000
0.00000
0.00000
0.00000
0.00000
0.10000
0.39968
2.81430
2.88810
2.70342
2.70668
2.58944
2.70050
2.79944
2.70060
2.70889
2.59074
1.59995
0.00000
0.00000
0.00000
0.00000
0.00000
0.00000
0.00000
0.00000
0.00000
0.00000
0.00000
0.00000
0.00000
1.89985
3.20711
3.20469
3.19054
3.20322
3.19494
3.20067
3.19794
3.20165
2.99974
3.20098
0.69966
0.00000
0.00000
0.00000
0.00000
0.00000
0.00000
0.00000
0.00000
0.00000
0.00000
0.00000
0.00000
0.00000
0.69976
2.69804
2.81187
3.58701
2.50105
2.59988
2.50993
2.58791
2.70132
2.69881
3.01474
2.28875
0.00000
0.09996
0.00000
0.00000
0.00000
0.00000
0.00000
0.00000
0.00000
0.00000
0.00000
0.00000
0.00000
0.00000
0.00000
0.00000
0.00000
0.60227
2.88797
3.00123
3.00048
2.90204
3.79745
3.79828
3.70167
3.69910
3.81721
3.78229
3.70086
3.61584
2.58908
2.69982
2.50010
0.00000
0.00000
0.00000
2.39937
2.99933
2.59881
2.70176
3.01290
3.08746
2.90624
2.89799
2.89511
2.80064
2.29887
0.00000
0.00000
0.00000
0.00000
0.00000
0.00000
0.00000
0.00000
0.00000
0.00000
0.00000
0.00000
0.00000
0.00000
0.00000
0.00000
0.00000
0.00000
0.00000
0.00000
0.00000
0.00000
0.00000
0.00000
0.00000
0.00000
0.00000
0.00000
0.00000
2.10758
3.09336
3.19597
2.91055
2.98760
2.89986
3.10161
2.89909
2.90776
2.79213
0.79981
0.00000
0.00000
0.00000
0.00000
0.00000
0.00000
0.00000
0.00000
0.00000
0.00000
0.00000
0.00000
0.00000
0.00000
0.00000
0.00000
0.00000
0.00000
0.00000
0.00000
0.00000
0.00000
0.00000
0.00000
0.00000
1.90543
2.79117
2.80035
2.91382
2.89632
2.88960
2.81365
2.78712
2.79963
2.70051
2.39915
0.00000
0.00000
0.00000
0.00000
0.00000
0.00000
0.00000
0.00000
0.00000
0.00000
0.00000
0.00000
0.00000
0.00000
0.00000
0.00000
0.00000
0.00000
0.10003
0.00000
0.00000
0.00000
0.00000
0.00000
0.00000
0.00000
0.00000
0.00000
0.00000
0.00000
0.00000
0.00000
0.00000
0.00000
0.00000
0.00000
0.00000
0.00000
0.00000
0.00000
0.00000
0.00000
0.00000
0.00000
0.00000
0.00000
0.00000
0.00000
0.00000
0.00000
0.00000
0.00000
0.00000
0.00000
0.00000
0.00000
0.00000
0.00000
0.09998
0.00000
0.00000
0.00000
0.00000
0.00000
0.00000
0.00000
0.00000
0.00000
0.00000
0.00000
0.39967
3.10127
4.10575
2.99645
2.99876
3.10043
3.09967
2.99901
2.91160
2.79736
2.29307
0.00000
0.00000
0.00000
0.69958
3.00079
3.10119
3.81128
3.78861
3.70805
3.79183
3.69941
3.71545
3.68428
3.69931
3.60033
3.69955
2.20055
0.00000
0.00000
0.00000
0.00000
0.00000
0.00000
0.00000
0.00000
0.00000
0.00000
2.59775
4.20240
2.89903
3.70066
3.69799
3.81545
3.68676
3.80010
3.80116
3.71627
3.59876
3.39267
2.20460
0.69703
0.10001
0.00000
0.00000
0.00000
0.00000
0.00000
0.00000
0.00000
0.00000
0.00000
0.00000
0.00000
0.00000
0.00000
0.00000
0.00000
0.00000
0.00000
0.00000
0.00000
0.00000
0.00000
0.00000
0.00000
0.00000
0.00000
0.00000
1.40465
2.88965
3.00067
2.80249
2.79626
2.90075
3.00143
2.79866
3.00516
2.99445
2.70027
0.00000
0.00000
0.00000
0.00000
0.00000
0.00000
0.00000
0.00000
0.00000
0.50126
2.70253
3.69330
2.79937
2.59610
2.60006
2.60009
2.70492
2.79767
2.80125
2.59575
2.39961
0.00000
0.00000
0.00000
0.00000
0.00000
0.00000
0.00000
0.00000
0.00000
0.00000
0.00000
0.00000
1.10360
2.78963
2.90026
2.69854
2.80144
2.70003
2.70196
2.79988
2.69914
2.89897
2.99891
1.49975
0.00000
0.00000
0.00000
0.00000
0.00000
0.00000
0.00000
0.00000
0.00000
0.00000
0.00000
0.00000
0.00000
0.00000
0.00000
0.00000
0.00000
0.00000
0.00000
0.00000
0.00000
0.00000
0.00000
0.00000
0.00000
2.80723
2.79162
2.90143
2.99859
2.89965
3.00061
2.91235
3.09830
3.10094
2.28969
0.00000
0.00000
0.00000
0.00000
0.00000
0.00000
0.30112
3.18713
4.50947
2.99331
3.79799
3.82018
3.69072
3.79619
3.79568
3.69995
3.69999
3.61279
3.60108
2.58964
0.00000
0.00000
0.00000
0.00000
0.00000
0.39967
2.90220
2.90011
2.89891
3.01191
2.78939
2.89970
2.90666
2.89460
2.91311
2.99834
0.79655
0.00000
0.00000
0.00000
0.00000
0.00000
0.00000
0.00000
0.00000
0.00000
0.00000
0.00000
0.00000
0.00000
0.00000
0.09997
0.00000
0.00000
0.00000
0.00000
0.00000
0.00000
0.00000
0.00000
0.00000
0.00000
0.00000
0.00000
0.00000
0.00000
0.00000
0.00000
0.00000
0.00000
0.00000
0.00000
0.00000
0.00000
0.00000
0.00000
0.00000
0.00000
0.00000
0.00000
0.00000
0.00000
0.00000
0.00000
0.00000
0.00000
0.00000
0.00000
0.00000
0.00000
0.09999
0.00000
0.00000
0.00000
0.00000
0.00000
0.00000
0.00000
0.00000
0.00000
0.00000
0.00000
0.00000
0.00000
0.00000
0.00000
0.00000
0.00000
0.00000
0.00000
0.00000
0.00000
0.00000
0.00000
0.00000
0.00000
0.00000
0.00000
0.00000
0.00000
0.00000
0.00000
0.00000
0.00000
0.00000
0.00000
0.00000
0.00000
0.00000
0.09999
0.00000
0.00000
0.00000
0.00000
0.00000
0.00000
0.00000
0.00000
0.00000
0.00000
0.00000
0.00000
0.00000
0.00000
0.00000
0.00000
0.00000
0.00000
0.00000
0.00000
0.00000
0.00000
0.00000
0.00000
0.00000
0.00000
0.00000
0.00000
0.00000
0.00000
0.00000
0.00000
0.00000
0.00000
0.00000
0.00000
0.00000
0.00000
0.10001
0.00000
0.00000
0.00000
0.00000
0.00000
0.00000
0.00000
0.00000
0.00000
0.00000
0.00000
0.00000
0.00000
0.00000
0.00000
0.00000
0.00000
0.00000
0.00000
0.00000
0.00000
0.00000
0.00000
0.00000
0.00000
0.00000
0.00000
0.00000
0.00000
0.00000
0.00000
0.00000
0.00000
0.00000
0.00000
0.00000
0.00000
0.00000
0.09997
0.00000
0.00000
0.00000
0.00000
0.00000
0.00000
0.00000
0.00000
0.00000
0.00000
0.00000
0.00000
0.00000
0.00000
0.00000
0.00000
0.00000
0.00000
0.00000
0.00000
0.00000
0.00000
0.00000
0.00000
0.00000
0.00000
0.00000
0.00000
0.00000
0.00000
0.00000
0.00000
0.00000
0.00000
0.00000
0.00000
0.00000
0.00000
0.10000
0.00000
0.00000
0.00000
0.00000
0.00000
0.00000
0.00000
0.00000
0.00000
0.00000
0.00000
0.00000
0.00000
0.00000
0.00000
0.00000
0.00000
0.00000
0.00000
0.00000
0.00000
0.00000
0.00000
0.00000
0.00000
0.00000
0.00000
0.00000
0.00000
0.00000
0.00000
0.00000
0.00000
0.00000
0.00000
0.00000
0.00000
0.00000
0.00000
0.10000
0.00000
0.00000
0.00000
0.00000
0.00000
0.00000
0.00000
0.00000
0.00000
0.00000
0.00000
0.00000
0.00000
0.00000
0.00000
0.00000
0.00000
0.00000
0.00000
2.09918
3.79012
3.00838
2.81162
2.88814
2.79971
2.81160
2.78882
2.70048
2.79891
2.59969
0.00000
0.00000
0.00000
0.00000
0.00000
0.00000
0.00000
0.00000
0.00000
0.00000
0.00000
0.00000
0.00000
0.00000
0.00000
0.00000
0.00000
0.00000
0.00000
0.00000
0.00000
0.00000
0.10003
0.00000
0.00000
0.00000
0.00000
0.00000
0.00000
0.00000
0.00000
0.00000
0.00000
0.00000
0.00000
0.00000
0.00000
0.00000
0.00000
0.00000
0.00000
0.00000
0.00000
0.00000
0.00000
0.00000
0.00000
0.00000
0.00000
0.00000
0.00000
2.70788
2.79165
2.89938
2.71263
2.89240
2.79348
2.80111
2.80718
2.89555
3.00711
0.99632
0.00000
0.00000
0.00000
0.00000
0.00000
0.00000
0.00000
0.00000
0.00000
0.00000
0.00000
0.00000
0.00000
0.00000
0.00000
0.00000
0.00000
0.00000
0.00000
0.00000
0.00000
0.00000
0.00000
0.00000
0.00000
0.00000
0.00000
0.10001
0.00000
0.00000
0.00000
0.00000
0.00000
0.00000
0.00000
0.00000
0.00000
0.00000
0.00000
0.00000
0.00000
0.00000
0.00000
0.00000
0.00000
0.00000
0.00000
0.00000
0.00000
0.00000
0.00000
0.00000
0.00000
0.00000
0.00000
0.00000
0.00000
0.00000
0.00000
0.00000
0.00000
0.00000
0.00000
0.00000
0.00000
0.00000
0.10002
1.00356
2.88948
3.01254
2.88779
2.99992
3.70152
3.79709
3.71550
4.16969
4.31373
3.59914
3.90171
3.69936
3.70997
3.90882
3.78278
3.70150
3.50130
3.60001
3.89681
1.89943
0.00000
0.00000
0.00000
0.00000
0.00000
0.00000
0.00000
0.00000
0.00000
0.00000
0.00000
0.00000
0.00000
0.00000
0.10001
0.00000
0.00000
0.00000
0.00000
0.00000
0.00000
0.00000
0.00000
0.00000
0.00000
0.00000
0.00000
0.00000
0.00000
0.00000
0.00000
0.00000
0.00000
0.00000
0.00000
0.00000
0.00000
0.00000
0.00000
0.00000
0.00000
0.00000
0.00000
0.00000
0.00000
0.00000
0.00000
0.00000
0.00000
0.00000
0.00000
0.00000
0.00000
0.10001
0.00000
0.00000
0.00000
0.00000
0.00000
0.00000
0.00000
0.00000
0.00000
0.00000
0.00000
0.00000
0.00000
0.00000
0.00000
0.00000
0.00000
0.00000
0.00000
0.00000
0.00000
0.00000
0.00000
2.89891
3.20031
3.21463
3.28545
3.20006
3.79953
3.71373
3.78642
4.79801
3.81610
3.69513
3.98812
3.80103
3.30077
0.79988
0.00000
0.00000
0.00000
0.00000
0.00000
2.10871
2.88718
2.91388
3.89771
3.88374
3.69842
3.80180
3.69989
3.79962
3.70825
3.70651
3.48662
3.81095
1.69487
0.00000
0.00000
0.00000
0.00000
0.00000
0.00000
0.00000
0.00000
0.00000
0.00000
0.00000
0.00000
0.00000
0.09998
0.00000
0.00000
0.00000
0.00000
0.00000
0.00000
0.00000
0.00000
0.00000
0.00000
0.00000
0.00000
0.00000
0.00000
0.00000
0.00000
0.00000
0.00000
0.00000
0.00000
0.00000
0.00000
0.00000
0.00000
0.00000
0.00000
2.99834
3.11607
3.08552
4.19919
1.20028
3.40005
3.40537
3.29431
3.31003
1.99312
0.00000
0.00000
0.00000
0.00000
0.00000
0.00000
0.99960
3.10054
3.00926
3.18942
3.69950
3.70056
3.80091
3.69971
3.70002
3.70097
3.69983
3.49889
3.89918
2.81219
0.19918
0.00000
0.00000
0.00000
0.00000
0.00000
1.29948
3.20259
3.20018
4.31217
3.09617
3.09457
3.09870
3.01105
3.18888
2.09967
0.00000
0.00000
0.00000
0.00000
0.00000
0.00000
0.00000
0.00000
0.00000
0.00000
0.00000
0.00000
0.00000
0.00000
0.00000
0.00000
0.00000
0.00000
0.00000
0.00000
0.00000
0.00000
0.00000
0.10003
0.00000
0.00000
0.00000
0.00000
0.00000
0.00000
0.00000
0.00000
0.00000
0.00000
0.00000
0.00000
0.00000
0.00000
0.00000
0.00000
0.00000
0.00000
0.00000
0.00000
0.00000
0.00000
0.00000
0.00000
0.00000
0.00000
0.00000
0.00000
0.00000
0.00000
0.00000
0.00000
0.00000
0.00000
0.00000
0.00000
0.00000
0.00000
0.00000
0.00000
0.00000
0.10000
3.39840
3.40077
3.39934
3.40029
3.41109
3.48952
3.39991
3.40064
0.49980
0.00000
0.00000
0.00000
0.00000
0.00000
0.00000
0.00000
0.00000
0.00000
0.00000
0.00000
0.00000
0.00000
0.00000
0.00000
0.00000
0.00000
0.10000
0.00000
0.00000
0.00000
0.00000
0.00000
0.00000
0.00000
1.20324
3.10215
3.40213
3.10003
3.08742
3.10975
3.30348
3.19679
3.18960
1.79948
0.00000
0.00000
0.00000
0.00000
0.00000
0.00000
0.09994
0.00000
0.00000
0.00000
0.00000
0.00000
0.00000
3.20034
3.30537
4.19882
3.09548
1.19985
2.70045
2.90055
2.69974
2.99873
2.80596
0.49898
0.00000
0.00000
0.00000
0.00000
0.00000
0.09992
2.90219
2.99935
2.79877
3.00106
2.79911
3.00982
2.89175
3.00614
2.99337
2.79913
0.70018
0.00000
0.00000
0.00000
0.00000
0.00000
0.00000
0.00000
0.00000
0.00000
0.00000
0.00000
0.00000
0.00000
0.00000
0.00000
0.00000
0.00000
0.00000
0.00000
0.00000
0.00000
0.00000
0.00000
0.00000
0.00000
0.00000
0.00000
0.00000
0.00000
0.00000
0.00000
0.00000
0.10000
0.00000
0.00000
0.00000
0.00000
0.00000
0.00000
0.00000
0.00000
0.00000
0.00000
0.00000
0.00000
0.00000
0.00000
0.00000
0.00000
0.00000
0.00000
0.00000
0.00000
0.00000
0.00000
0.00000
0.00000
0.00000
0.00000
0.00000
0.00000
0.30047
2.99871
3.10653
2.88918
2.79994
2.90843
3.49667
3.80964
3.78425
3.71659
4.33085
4.55121
3.90107
3.69743
3.71542
3.69566
3.59066
3.80153
3.79940
3.70025
3.91680
3.78294
3.61324
3.70369
3.59237
4.07959
4.31010
3.10053
2.90136
1.99954
2.00020
1.99999
2.09995
2.00007
2.10020
1.99979
2.39931
0.00000
0.00000
0.00000
0.00000
0.00000
0.10006
0.00000
0.00000
0.00000
0.00000
0.00000
0.00000
0.00000
0.00000
0.00000
0.00000
1.90484
3.50678
3.79791
3.78538
3.79879
3.69991
3.69925
3.70059
4.81558
3.68789
3.70095
3.51504
3.18455
0.00000
0.00000
0.00000
0.00000
0.00000
0.00000
0.00000
0.00000
0.00000
0.00000
0.00000
0.10001
0.00000
0.00000
0.00000
0.00000
0.00000
0.00000
0.00000
0.00000
0.00000
0.00000
0.00000
0.00000
0.00000
0.00000
0.00000
0.00000
0.00000
0.00000
0.00000
0.00000
0.00000
0.00000
0.00000
0.00000
0.00000
0.00000
0.00000
0.00000
0.00000
0.00000
0.00000
0.00000
0.00000
0.00000
0.00000
0.00000
0.00000
0.00000
0.10000
0.00000
0.00000
0.00000
0.00000
0.00000
0.00000
0.00000
0.00000
0.00000
