1316969375
528846
335309
906442
429766
162800
220864
243216
211860
164672
2026600
221912
1878470
421440
372269
220778
213020
195679
241169
574896
372556
938994
206690
240090
192152
218855
366572
298293
648258
604630
921479
806353
268992
281794
216049
459908
195224
213300
201447
225842
704887
332240
358351
221430
235236
198698
1192496
866822
633399
1019368
371011
321867
370572
278250
312863
362338
443976
1712003
301405
530088
315039
218803
235693
401243
435372
751826
639820
277698
452037
229151
333994
615237
494618
604080
1395326
276985
261213
639662
8468338
6338350
4332237
2284668
8606457
6468013
4463226
2403406
3532169
1402933
5176941
3038981
994336
1147732
1854557
6121062
3990255
1932300
8017071
5874606
3875890
1819494
2991658
868037
831355
335174
319574
440008
284684
981687
586157
401112
259152
216041
293518
473569
1029938
258914
354048
306699
3465416
1325736
748863
606617
824262
733457
396688
243559
387966
245427
1190948
851507
617914
262274
348455
241868
421730
359128
372722
3281063
1164754
3571683
1462141
267910
442924
228183
323310
867165
293944
290167
337475
217480
274398
337381
254591
441796
465938
491860
742739
506431
573290
361520
270351
1505944
1508602
1438684
536804
514967
349537
203258
1817631
448174
1862640
160451
270223
470816
188201
382330
245660
943659
385496
489891
233191
271631
308387
215266
333232
2260474
388548
563940
265486
438866
208382
273694
317357
2791088
646802
569952
291879
308856
254176
534441
397429
333988
633876
356420
340512
219334
272767
1060504
718212
235085
800035
1103292
298188
235640
465418
645195
255705
238630
517593
269678
249914
268432
873136
352325
235168
379347
196936
475522
1102636
1754262
341764
346154
366063
708093
232029
263995
1629385
545409
262517
202449
688846
612152
261911
317102
598466
259795
918065
436556
359369
283344
490809
1598041
282259
293481
302274
739079
310857
396937
2108095
415240
751547
864718
320548
266989
488556
414416
232509
246398
3227826
1106360
1196263
249284
224084
313448
215991
517908
846710
2238773
628360
197148
249507
251476
501100
297574
287451
1402203
875209
229823
201108
252310
265222
218279
742622
286762
1539248
262002
245053
303417
191649
782396
406551
283094
266508
1013084
674269
531920
245993
1314249
335460
240896
295513
474111
1068854
685418
305167
369743
196399
621676
387012
463152
503963
1502316
227498
771979
1759466
230286
524312
594577
1630761
242994
249073
261613
459131
397319
828559
632225
207444
317167
677696
624415
512687
330995
315794
1876056
254109
710924
299310
969722
417778
2467932
360903
203370
581674
677160
649504
1712723
1302620
414479
496402
1222227
465124
14791562
12680344
10699349
8658517
6543411
4518650
2462443
17090904
14975410
12946068
10894354
8779335
6711359
4622561
2497225
16019556
13890582
11890139
9850229
7738604
5695725
3637489
1524504
15463904
13338000
11304990
9254938
7131509
5153085
3122310
1014888
7099380
4989874
2973159
940944
3313088
1169694
373125
315557
995325
496481
272984
420030
190221
170711
207307
251366
210131
244374
259851
316293
186895
487797
320389
365699
255941
398121
263991
229215
353415
629535
387673
249782
223648
215859
247403
1476875
2756794
633927
2149818
212841
275538
229997
235301
3710256
1584919
1282043
1377490
317527
308507
224799
423133
515996
1044830
456954
237708
314801
293484
1614517
415142
940924
616350
312756
311138
319559
236292
1027962
320181
475583
307887
233836
296594
228055
4224995
2101290
947975
358858
277938
219390
238658
255215
278372
2707759
614547
1173014
289683
303026
230948
272021
2304789
1636956
786681
399885
270283
235591
577415
4035208
1884832
550998
446385
278430
2168652
464569
814581
1139073
393938
503156
891869
366932
305472
1205623
312379
299475
885682
536383
568996
544290
1196889
193006
265576
450223
270597
999838
1055145
296952
195260
225353
1377586
939766
530653
1043470
276290
287669
288670
1214441
271938
392709
864831
1000553
264929
328580
413060
251660
257187
1107776
559386
620281
420477
1624724
422424
283474
1734044
1278440
398376
514069
535953
461949
301333
1326777
272187
340084
473626
1060326
1146735
359881
1083122
508567
522541
380496
220695
579626
2279892
1399901
1134576
3787485
1651884
968153
354294
2018261
440149
790482
264319
201844
643092
252465
1402361
256511
220427
238283
2438844
308024
265028
1718226
1013746
253325
428798
646298
215260
249371
482856
399911
260812
327008
266175
601436
229293
292442
281495
398458
330099
620035
502601
272069
384170
294159
291991
327359
691737
291647
580946
677269
454474
345424
1036929
347477
648825
389112
281141
316241
223252
898610
492193
1009273
1182594
382283
278171
296731
310828
329011
2643396
523786
1601048
1039176
653803
163255
279520
234538
384036
442486
771427
12719640
10616663
8575761
6536235
4427669
2437752
8118431
5997421
3942842
1864476
18665966
16525877
14459695
12369798
10239919
8209962
6138536
3994401
2005395
4077439
1958729
2017643
924523
1787554
830903
1267780
278021
325889
371712
252008
193245
230614
803859
875510
1019074
364402
347254
362419
249121
201477
206772
2972360
853002
608264
299245
208622
324458
215588
448816
312441
326323
205567
1275084
1214593
940735
354339
222138
252838
272360
173043
172086
165947
568876
382013
189269
162745
180152
703653
489394
796519
427704
221452
235220
271141
1900900
773914
537141
453942
3366395
1231466
842744
549137
1066386
213057
345357
251352
192577
182080
402716
617545
421673
345449
305851
252522
216656
1382513
1271377
260678
652806
1203095
1404854
250382
419858
323072
279232
461613
235757
962287
364196
1597395
1345730
893990
416655
265273
245452
181257
247066
1175247
532922
1179326
292697
323313
269881
244834
217325
292000
193155
438723
282150
259792
214325
232663
191684
297323
334589
347020
336523
192806
729289
1522084
538594
429660
412960
233239
213741
264628
254770
282523
392771
208273
1323842
1280259
190912
206139
180855
303164
457140
410283
336400
1803447
505261
849691
874029
616035
330310
294466
242372
186021
200055
3433236
1319640
757731
210895
197727
209749
182967
500107
605474
612366
608292
224032
240107
184779
220844
326863
374109
824697
368602
324436
241283
216695
203928
195834
282094
444488
433083
164940
207375
247086
457844
709357
198959
277479
284016
260673
158533
379086
178890
520664
450084
221391
1462534
405996
460008
326830
290346
297772
210187
270523
173943
227974
1132313
211378
330076
171185
181316
182465
924647
197021
973595
1021853
228636
221630
186528
207069
337407
899805
163055
178886
306612
211624
1234263
174271
599990
307879
376946
503251
254176
1246985
170932
184446
428527
377730
184580
207113
997162
635839
826029
768240
210830
266571
199661
266250
298307
208723
263773
436870
483614
1225092
550430
275491
306790
372644
265707
1038689
696259
655083
568163
275402
193495
237020
192853
654456
469213
428198
548556
319033
2589935
443139
198897
9966770
7831495
5821220
3803582
1678866
12014576
9887811
7826345
5721689
3572534
1535303
15482564
13354127
11302105
9224311
7095493
5099223
3019908
869319
4188124
2070954
2952381
799391
408528
1578230
193616
252295
216276
194493
288254
312841
283258
435782
381059
279401
350074
274658
240216
516299
398989
210337
217223
522045
570976
305729
411244
224099
208112
1138879
372021
368333
491283
673049
432790
248592
186179
244041
474040
435691
555425
372506
703324
622312
240601
516135
219095
354194
198693
546389
305904
195306
305005
490528
259537
200199
233123
266931
683869
1660949
1070346
1687494
220992
219064
218266
210271
197566
577788
786850
786498
422285
1581227
196504
238582
435758
297738
869243
595930
239670
261116
860591
352487
576835
919149
364155
223243
233480
304563
400019
732669
305818
376874
283332
200443
203603
256392
456040
331753
654570
854464
1290971
234600
401588
198499
262317
356127
189183
312456
1280963
199413
1155257
513979
324535
188307
220706
194367
230267
364038
235330
304643
317681
242482
322787
229323
471894
286114
306650
269133
337356
346809
232156
663651
307829
265010
279143
206510
198603
218839
329084
1146910
565174
275936
198969
186839
211145
305205
317143
272753
2176195
2816939
692726
246143
454024
251362
298167
297222
259729
270551
1414780
1709859
1144194
725054
332446
250011
213703
633398
521970
394611
476618
813099
409508
254896
1767797
230470
288667
276502
276089
505842
311829
223979
241526
326163
495471
192401
299245
329383
212811
960070
547433
279894
529226
1310067
217229
256890
340952
236389
1031319
419042
273479
256220
1141375
233926
449248
367073
411742
385458
282552
218974
256717
1644881
1853828
374219
371129
200346
251892
187584
259119
577543
203506
382526
281353
226100
234212
210617
276930
310314
347976
364978
224218
194528
1124301
415849
220280
822563
325595
290927
192033
218895
199582
2861685
728185
2085193
864585
201518
210358
172427
223626
441275
199416
211977
5888883
3766691
1823548
981266
260752
523054
209860
239929
208268
218886
262655
2075576
557407
492515
812845
303877
225452
242708
365136
489421
580678
11218169
9104233
7141735
5121614
3000569
1029350
13268029
11152816
9132120
7073069
4948656
2921137
849487
8363300
6243447
4265234
2265391
15022266
12881687
10850575
8814920
6728808
4670336
2537226
2227986
776193
229732
247687
979272
607405
2138236
487269
172449
251940
192432
240573
2089569
1169577
1020585
400356
456928
200642
302347
199084
353012
457438
253914
3252617
1108272
794068
434774
478430
219923
230775
208078
1268334
1538806
1010455
1090653
462037
251614
205454
245784
224572
486055
462100
2582284
470540
946610
1239409
441835
425453
221377
171059
202575
243683
1112518
865605
199556
178612
204217
196281
409739
1163933
289936
621298
1251001
189943
200462
196124
414507
1096455
624665
219188
192147
206454
188219
950807
580327
326703
267902
261177
365446
294954
339558
281530
309311
1353677
469709
264089
456312
257516
212567
209402
209280
4861739
2714223
713016
432629
222108
231898
215701
203582
514474
831297
2359721
239429
1553098
412575
243943
507622
480009
848548
525845
229995
401200
719335
211828
248412
521833
635809
1888650
339088
293870
542792
570858
858890
283444
590862
975946
278140
242461
584924
490466
271103
581281
528107
249211
635358
353446
333972
352040
454599
248619
201521
275349
3365323
1244560
216627
303784
325089
372500
327404
296242
593904
595019
511355
420017
1984175
312988
281936
251187
388936
400639
837625
1389840
289749
1240825
1614077
792649
412257
337349
310567
324148
282870
518735
543177
460628
592010
1940050
379179
212987
791078
507779
344190
736229
469206
357134
800257
847129
270520
312993
278851
288129
290871
382011
440460
438161
746955
354228
319115
325251
304234
433364
381223
505889
715971
455977
1848854
316397
416097
476359
312039
272615
336785
301712
421555
876383
279272
374408
344058
294517
1097381
647024
336458
413257
1222671
323459
325256
431122
796582
338560
263878
366734
462766
275501
470328
333925
843798
467408
328971
264745
688884
860511
307446
909390
546454
193472
230871
294890
292170
562462
297315
3152773
1021092
932857
339166
297563
499938
383363
445970
287066
1313878
4918408
2780590
714354
397437
268760
425018
279762
10186939
8059246
6088433
4054024
1898600
11046735
8855062
6788868
4688680
2578538
10600333
8461532
6443263
4359220
2297833
13867480
11743014
9690138
7573752
5417077
3275484
1196791
7438746
5296506
3240489
1102603
11216908
9094657
7074097
4993303
2836445
711660
1195445
343628
229075
820618
237705
276807
235324
777910
861291
259566
333294
240776
264442
242547
226134
440242
240715
572984
415561
279374
299291
218832
209023
252270
312641
192630
215473
1350800
1192677
513523
317821
316743
509757
308880
197038
759400
375156
212297
395630
272337
328103
1196073
278408
307755
368414
976403
1721982
302798
231345
210056
230565
1626615
280182
289678
323151
383152
282809
1544292
702596
463930
897899
914433
295631
278097
277209
276225
526798
278433
1024298
337426
291666
335192
328337
314959
311014
291540
726061
1595227
382113
274945
311738
502123
312407
567626
324371
325123
333783
326818
307345
348129
665359
591250
437271
284499
331457
1273122
805200
508831
321024
416203
227503
409280
306839
295372
358573
1058345
825471
279761
471358
363107
362773
264334
327672
415873
564170
852551
1282817
908482
288453
310587
269810
374324
285415
847843
367251
241130
333459
977640
302134
361150
318798
289954
299795
1454768
437505
393049
256364
1032956
246133
396498
276073
244668
216349
263318
1190059
272736
390519
242001
243897
260274
978081
407729
422567
336849
467307
399848
237148
226045
235296
352217
937818
713026
582847
276994
216846
185916
224340
361723
671726
248974
655714
469919
3191003
1068960
423326
514570
350160
292069
327438
1302300
255266
282774
366783
632763
253522
242636
349238
296029
1065253
441703
285308
471664
705690
239935
250655
202429
207593
632656
310557
351494
306603
297980
230222
243997
253887
272426
815038
1655981
246749
325987
245040
233075
783952
605238
290303
306779
284659
282860
400939
246499
334910
259600
1908143
536213
246419
249065
230618
1252960
707228
299667
915144
263974
249396
276061
285725
350075
247376
1248298
250287
264073
216584
495820
951919
262187
224731
243297
1047100
769325
506478
264650
337358
257640
1227246
435268
415400
423660
333611
273637
838290
8817479
6674400
4649211
2582908
524396
7849328
5706423
3640004
1597320
8634546
6496150
4470374
2420698
3616726
1487849
2643141
494114
1144328
1041611
1411565
1956814
3290472
1123212
572126
724614
298511
259909
269585
568879
1093157
288258
275505
480125
286861
628463
281636
356960
435128
384928
1088064
368376
874941
586665
476731
365921
364303
277233
278577
945949
222264
359664
484748
417627
266157
294425
291713
393684
1103055
779720
605910
445887
230286
209582
183150
507383
194188
211829
229553
262948
233916
1371109
347604
268751
489626
258953
256909
334210
3422919
1284983
1608718
333076
236069
219136
230096
286018
1329010
410410
588792
1195808
240853
505969
389154
253197
430909
244596
1205175
218826
204667
762300
207834
245021
253732
330047
417707
1227697
828726
674468
376409
381712
194229
292042
782134
387946
861030
270078
303786
255146
1079003
1056695
267037
572420
541279
315821
285000
259863
874691
1129939
309659
939791
313041
310093
229807
265832
452342
239376
505270
552109
451302
395073
224429
234576
247798
307994
257735
784338
678402
507296
334048
202122
388152
593891
200590
477822
218461
4303728
2193130
2655364
527736
645339
269193
218656
363316
175335
479079
949285
680192
435980
339850
216318
198121
208026
456541
640533
332165
246750
853724
299940
228426
357805
618843
350071
262673
399914
4444113
2322389
1680325
343689
424058
326409
217383
230894
235197
535039
966464
847955
841467
413846
274508
193406
389459
575447
474022
346349
252620
231755
1016176
2141628
567889
502849
408164
277418
320221
228119
272764
515999
919182
503386
237858
222089
239183
335421
330303
830926
205413
190407
217819
666252
556394
416157
178782
218353
1009372
937240
338939
742009
968382
260562
220386
210533
245111
303445
423421
607746
529810
213987
486438
984980
218727
308430
237456
217280
999337
259678
204066
292976
411810
307088
361805
415093
649273
335937
829246
446313
400253
288041
310096
282032
1378509
694833
259259
927057
279348
250254
230822
297775
390827
207463
315639
207550
308116
436605
399069
296420
208253
240581
1125051
375633
14847766
12708790
10713797
8685722
6567721
4562983
2540289
5330687
3218563
1226362
948591
10625781
8492025
6461506
4433904
2314194
8817432
6724950
4730631
2687198
593710
3691645
1529988
3479045
1330108
2000333
1744923
1963906
1631416
814698
796684
363774
303452
271155
631178
439615
720585
1024034
2562793
438940
527280
548015
364934
264549
351344
346794
1593150
277898
294902
881625
387993
295145
1323620
264293
472248
1025665
677700
510116
314644
276663
369061
217592
392777
353071
321388
349261
325472
231712
263013
297826
708870
466170
232221
204710
203942
465489
435890
277629
368613
368559
460767
932846
243400
317585
396746
381676
244786
233835
231044
277184
928511
1634749
871255
239586
206555
374049
555650
386781
568831
569233
469262
206507
231316
392098
230859
299204
219830
320325
234346
2791144
652754
218050
228814
207804
218618
1186229
885706
226090
662484
570471
327748
232439
236430
324021
236500
1484041
468689
202037
305084
396238
306206
237405
447640
391037
1632297
315223
252868
678527
300156
336731
351068
257838
1052364
609985
955357
1810801
354915
317254
295095
307115
255994
299868
1318912
336536
396042
258232
1205179
759706
663651
397815
1123718
665407
224474
196724
272532
243026
757083
257584
205693
252201
185067
871701
5099964
2972720
932633
948323
206153
216108
341452
480682
361842
602679
762915
792695
264684
241031
521641
446517
192290
244359
1434738
320996
1873810
964817
192492
195621
304768
215267
191545
216464
874399
737011
3060820
950452
294485
196065
160218
196093
519306
191682
188005
259603
532438
264354
207475
208158
217115
265135
1542113
328549
291291
1243867
922023
238874
485352
438214
172121
198672
258337
176636
213225
222593
994535
1612068
246753
203749
541331
672869
211051
282344
442069
252496
267474
406584
268262
265266
584043
239822
458938
342559
221391
284285
243949
594314
816690
649700
818313
1746224
225222
260116
245556
396731
323581
698301
338632
267699
241511
1103813
327510
278671
207021
302199
181226
653469
708040
1117859
1104693
354106
207863
235556
232274
283335
483094
408470
385254
499889
233831
223648
12514285
10380971
8357130
6322949
4207675
2228419
18262844
16168679
14126106
12066887
9927040
7867872
5856347
3702151
1679525
4320062
2186592
7953219
5843280
3874573
1886460
2534555
413522
5234115
3111816
1140684
1852005
2920408
776323
1030537
742662
820722
389436
316525
1277439
273929
316399
418239
538393
362574
380099
354438
267879
826998
1108559
474301
2103303
627270
226307
282511
685528
633571
297922
502585
358817
1541320
2004869
1325081
293951
241772
373823
337390
1294680
960128
715605
356241
649873
371785
337770
311559
359361
833123
351389
441428
339860
368764
272886
314751
662548
322007
934331
245845
243452
209675
1563809
339654
275909
230915
564784
2580084
454656
1719108
386343
348156
382863
1058022
1151602
603000
819154
318684
335331
234690
621248
775538
1981255
2197721
286719
236559
282274
387351
1655508
1180035
2327556
209154
341521
324605
559644
273221
1822062
1680784
374875
264716
338530
2584422
451375
981205
2217616
546102
533492
2035390
838747
304439
979853
1334111
883858
320041
2484199
368095
243947
276292
435231
2200216
628984
905252
1105646
372964
316441
409287
1238003
242513
417575
726786
278617
351054
1019580
417868
874512
1435289
310387
304770
1422630
448917
1205643
432992
1473716
1802268
939459
457361
1075031
933084
315449
2604614
485316
300960
238644
308970
682656
635960
326489
1483837
548941
451168
273248
345874
331029
404057
434698
634608
327188
854839
433718
573893
801343
603462
260536
1873962
1336924
713087
384256
453764
2917528
769974
1173584
1989466
2011590
2110855
1956789
334749
2299506
1263881
3910509
1791021
2466322
355062
975928
320373
524329
285116
1556518
505723
1890309
1403089
355219
844553
1824138
391033
888570
696937
268406
287037
262865
884806
489230
399945
858218
599218
244744
546729
434658
909443
401425
3401311
1260670
379268
321798
340641
303759
1797866
936108
2291391
1144815
807095
314526
241693
264161
226640
839044
1772000
1184634
1345331
354448
279480
1037115
1169219
308269
716164
363731
282508
363258
284262
899658
1788832
1168595
1304686
1105128
316045
455409
976907
1837722
642672
2875113
714848
917118
3966330
1821051
573578
32610175
30464343
28407881
26302012
24173716
44503253
42355336
40340613
38241549
36086655
34097684
32050518
29916566
27893388
25846223
23689339
21589357
19546721
17457102
15358499
13265855
11188311
9089304
7005815
4884891
2807702
6774839
4655288
2601570
530226
13604416
11492032
9454114
7423274
5293749
3246130
1151072
345003
1100922
1374125
1864809
1400497
313253
302917
319296
243423
4841251
2695927
625741
705778
242281
291796
304456
932756
3563279
1411850
707748
308890
239536
959088
322106
246552
440037
448984
1158365
243536
397783
294434
513075
328122
333885
960217
1042169
1118882
589433
634891
626082
401435
295572
452414
279561
232250
540094
604048
388470
1327821
304794
628278
560667
316084
407973
1327635
2538330
428605
368826
401412
349120
426425
354421
929326
592783
482578
819915
263353
377779
1134483
1075832
369442
425204
927595
464847
244290
1527256
887981
802128
1261313
1340312
217390
526357
1244978
270696
1176089
470085
445082
1709338
658576
202053
217873
382292
685939
930717
2345697
234926
261361
249340
2016864
1192518
182850
827238
1396556
378290
1168955
1098092
207994
347756
489734
317687
290034
202621
1249125
249948
398059
400363
215452
743524
528281
384739
217577
196336
999160
501912
283035
431739
634217
606015
445045
805615
777158
561914
817719
312797
299597
658989
1597260
805062
872032
1833697
1583684
276056
283787
1103452
602049
382479
266001
488290
231111
1119805
419787
469710
310157
807859
814193
320744
456624
677032
319971
316672
1128999
1280620
377220
339413
371551
687602
1305480
1210223
976181
284369
563276
502230
336690
422465
668426
598753
360834
317748
362354
341584
320720
1679290
3041765
900272
568709
374801
299047
323680
319485
5527248
3411605
1437871
1051989
293998
337481
284984
263135
845775
586104
504756
236667
555439
402060
238026
208962
263585
335623
280889
346621
796554
1042422
208623
195072
1620278
562922
532404
219283
516466
629851
2700210
573520
1541160
760183
335351
423542
934797
1178102
347766
449894
874710
554542
305035
217486
415251
651196
422715
710088
919390
298618
277437
324134
699873
10426755
8290577
6277423
4250629
2116388
9718538
7609035
5557941
3506133
1380395
8594595
6492454
4428640
2411593
6886914
4786351
2815377
769017
4950353
2836565
769400
3214023
1075569
4603277
2466923
394016
2118044
1029856
449370
682599
507881
245752
197626
293601
187370
1368881
597558
323800
325181
415352
1767847
492443
373637
575375
1037257
372636
267265
1131809
1044192
444283
336493
231392
250320
1338928
987474
575619
543176
303369
280876
677832
1398657
182378
256434
1188581
202947
274947
295843
301049
1233762
239463
294134
352005
731064
1554000
353017
403417
226882
924211
2461604
323937
306307
391852
771773
1795411
589082
520215
378408
471281
549593
248987
492170
401526
642731
621309
233153
929982
1036681
300417
309660
247272
265803
417474
228456
268643
348083
1041281
287042
199231
219514
650662
239381
310454
289691
260348
387782
1203214
252167
312677
1134278
336397
365646
229677
213703
430221
347447
431081
359742
632581
242892
238088
239106
299091
374483
351245
927260
231355
185223
855251
550535
266549
243206
219835
200399
185628
281806
2564863
418912
484494
216839
241511
199543
242872
624676
902667
824207
207851
1242315
720313
237276
903323
373364
916978
228535
263888
253841
1078333
402038
367697
929593
1355202
1309350
308270
187551
264632
736891
1103283
2375556
257823
1287499
449639
174358
208211
310258
187731
446499
692603
666473
682988
202683
283695
212229
303585
223314
1681251
320989
1234675
1276169
541058
294704
298432
509126
969811
232117
217830
511987
617574
775178
203747
209502
255285
992665
673868
385698
778247
182962
313558
217921
217838
203172
197440
807073
3022074
883330
270872
235077
211704
174007
559336
1256918
1350477
234730
612631
192602
167756
270885
187870
290984
305723
499335
338618
489251
198026
214159
485239
218306
194745
164320
1271879
852604
303891
1330768
637651
222187
169941
242894
186399
193807
1124084
612242
271135
1594566
194636
219826
172027
213270
1321795
535991
699904
231908
433984
220861
208614
205493
930820
1131824
642767
321603
2220453
598482
320584
328290
284088
1513744
318153
207984
258162
246583
186693
218201
1599732
241971
9780951
7677092
5671569
3629868
1521953
10462744
8318326
6366769
4300506
2158329
12564516
10443163
8440108
6375342
4228181
2151516
10173317
8057824
6027852
4015600
3586562
1462497
230931
465307
554354
2043855
3217528
1100918
277987
728674
290417
313102
309030
281993
322607
301516
630846
410175
239846
949752
644771
561528
289389
341565
335104
359745
400154
760000
407269
403295
289490
310182
317285
348762
769268
540391
334469
554655
1701791
335418
294279
681270
495097
290925
275546
250320
1486381
1056009
828847
389244
450443
260285
358068
264055
386972
2208599
775472
486969
632567
301268
321145
378509
558808
738084
402683
671891
898402
374685
297660
434046
554729
346118
264026
405981
1040567
1141935
618248
346892
388673
296314
250485
312256
1774881
980247
441579
1998975
748086
347374
292483
395406
429661
728682
450767
233651
271816
245763
249081
680049
514869
312216
298601
389108
570596
237719
415004
883197
256460
368494
322006
373321
888890
344435
335047
241814
336678
1370148
330791
290483
351689
493946
488304
349806
275692
365235
516835
481956
649351
312067
315483
401327
292976
540652
1312159
306206
516918
402084
283912
297589
300966
507026
345662
690426
553595
1280280
319145
277152
295251
544534
270749
444772
259592
1079278
1052533
463886
539108
307466
302745
312059
270967
723375
308602
452354
428390
309069
307304
253427
371049
504590
357492
318768
536596
1272958
306199
472776
403647
768338
1408478
294236
553451
645597
286087
427318
395213
264397
248380
1175128
367537
357263
873534
367756
241700
226289
280135
631142
1161838
650961
1049245
843173
315575
283545
222720
390160
515023
1463870
566160
1198340
385618
308406
363182
231488
216353
241129
249223
810739
688491
619936
288557
183476
205461
224097
358786
1317965
277771
190639
1276928
312772
248904
234732
273026
348988
385648
681135
1895519
1047688
1143841
192294
431420
533069
381527
248580
209424
208518
372935
1060154
580889
325979
489690
377743
215032
241464
203594
722769
242093
604204
672492
259621
185583
218562
194756
309691
621673
4247016
2128414
1323361
259046
208380
267975
269305
13496140
11367237
9374444
7304783
5239296
3159192
1124779
4732327
2594078
576468
3475454
1346341
2633987
541654
1916326
1505601
609299
1202307
1448613
769266
562850
336902
381975
389440
2672388
531363
2697376
579993
325305
262188
250574
245021
251157
350093
646647
310732
245148
614605
303403
294043
236853
282829
245580
274876
593357
294931
396260
229411
277105
248942
293336
597282
356271
227436
252817
382245
247676
280228
304065
345347
521893
651967
309376
519107
398054
370646
330479
368371
408765
405752
360868
280337
247435
406217
514262
246727
268292
308513
307820
315240
1027865
421309
799682
306945
388356
329133
328105
553920
572802
423352
1088396
377406
329985
314305
545345
541024
491209
419093
407668
510132
337952
302161
1211247
787061
232832
266746
261492
261485
1519051
395602
402235
899072
379606
300661
281717
281372
961702
677494
265872
256988
361837
335154
279704
287379
903702
1007476
288668
259073
270519
335939
358720
956263
353812
1057297
496126
446050
335060
342625
243478
311923
280986
1070951
903063
954661
267387
393625
364037
244044
579156
5727195
3601456
1603646
1424882
369230
299269
318099
423130
717723
1787998
2606350
505359
308629
345748
387820
319022
493314
1490036
439983
332089
282330
230272
304989
322576
1198697
538313
297281
318622
459530
241052
764247
330913
238153
351788
994902
246051
241342
285040
253530
427429
271484
380302
222709
947644
302089
238315
242845
310641
702176
378622
475231
453418
649284
242526
296449
250071
426151
803451
273180
272125
257484
292799
905858
262720
236985
262204
384678
634757
269779
426329
385076
345156
644029
1168314
220017
217233
950865
490696
262592
303568
217837
207329
644273
872370
472104
565899
483959
222055
238173
242613
481419
422981
596892
1509824
185625
247602
211481
277858
526737
490942
214608
347139
286287
1594868
1616908
828978
465327
343805
366868
324048
215959
360162
605721
406503
554012
322344
332307
1166914
300119
245695
409550
418340
729869
1155118
298098
389552
923229
485953
486567
300817
260296
197017
349279
210248
349582
264170
314915
324889
407340
359058
988881
280199
433555
8523307
6389868
4345475
2231701
6626916
4479798
2463824
9122150
6991680
4946017
2851452
690146
10264710
8128857
6087975
4031500
1969768
8308330
6165709
4147492
2128046
857024
4932427
2777489
732517
551331
294524
280864
359159
1270792
541774
324538
415401
243156
462936
227557
218883
1005813
287178
308613
314609
265912
239488
157652
1203804
300486
245766
482522
419617
263032
441606
340147
334718
272872
250630
1975343
1124224
511764
265896
260817
312288
528588
332858
260704
268140
433382
632542
1019586
335252
593842
242626
358228
325578
323536
327033
345614
1286419
515197
570982
1046593
313299
330585
333541
487952
465657
268922
397628
4355423
2202442
436996
424958
268349
352455
309865
297362
356368
2188126
3664259
1536142
788224
371131
353097
376439
608827
549008
548647
4131179
1993243
3733286
1624828
1173088
461569
364902
282628
281577
463041
461794
1906063
2372998
1653476
1110243
325685
365100
746148
406330
619100
533365
880893
1754819
3270345
1125113
491355
458854
412653
323008
354132
331156
3709496
1585721
917919
1702340
484115
323695
266638
401898
443078
1316134
1779297
780015
1171573
437655
325113
340839
406893
540629
510057
2664155
520557
1074804
1057196
421920
432780
234808
284461
360822
2059207
2558938
441704
393298
351877
333537
265277
728515
1149566
1053663
1137997
530058
418716
257539
327819
514473
421330
285563
295029
293671
823032
1767909
731772
230794
421848
320349
328003
237893
1136357
389163
447442
291986
249394
369672
219037
251519
231962
237091
1026930
812965
427040
281847
329826
334280
334749
772123
787006
294712
240133
831179
350701
287133
260688
225345
257872
1002597
401335
280814
777607
305982
294348
284652
272240
479103
644936
326048
427281
262439
240581
398120
301874
657440
441556
284835
1511513
657849
526941
464775
324780
297919
1286284
588510
556939
363267
1749949
446604
360596
277953
368626
730473
1127540
1600371
491772
275549
2023555
672912
330781
561744
339411
222757
1923691
1809630
1708055
1127342
570657
517856
555222
312451
700075
1807706
430335
720975
246719
520593
261603
249088
216204
728471
285831
580490
1262151
683566
295074
191535
342334
31222964
29095381
27076335
25007824
22872740
20890130
18878810
16744285
14697755
12644068
10523211
8465487
6395412
4273019
2172852
15286909
13167963
11155599
9092878
6959884
4913096
2837561
704443
11816437
9681171
7663546
5581303
3429005
1377222
2511903
378732
4901195
2758194
758408
3128152
984618
568002
480221
694019
905594
321044
315694
330474
521119
538067
314917
246893
239650
274704
206211
229383
385066
269659
401185
203345
246168
199978
267217
695960
640294
1114391
618774
266308
284985
295705
297509
367738
388543
589983
5821389
3739228
1711031
1269547
288526
350186
495877
249351
285046
310030
5062269
2947701
932433
726549
396566
278158
297742
266719
400774
660496
326370
1249153
2449284
1882276
294583
325776
262851
497167
267003
364590
4787545
2631210
574751
460745
395493
272776
421806
323450
1433490
696683
602974
604419
324646
981186
275865
201214
250313
1062424
392817
587893
290132
245028
645629
592962
443221
435045
277792
314170
314718
750813
371672
874394
337383
330225
310212
323009
497765
593273
1050081
453300
1336042
993402
267535
954326
262759
446236
313495
233743
318200
1047602
354787
1031652
467362
418135
309569
256828
336071
354363
824839
554636
522688
980422
248613
425050
641334
499665
417811
514002
613521
1424784
1744669
390738
428344
432313
372352
329777
253755
1186566
332093
476358
481773
437190
421176
383428
1139565
350058
427494
278310
327242
270470
1862782
1027829
323216
242787
423068
475477
442103
289302
255478
340310
847652
758463
411149
637847
470457
1177002
286859
241808
255956
518837
545032
588092
479727
1205892
463278
615926
2344030
289874
485162
457257
229507
291290
464303
1508588
1022278
2448074
306084
2000821
1215291
816836
500844
441191
405061
649890
1004568
1603786
1059406
721550
258994
288204
287053
620987
326008
314597
446697
526893
2883572
737620
557226
305952
257269
251504
246441
358016
1319438
345690
499742
334677
390497
306917
354669
505599
438315
700164
603452
296668
264701
216125
413184
329204
375533
299012
314002
439393
802650
293131
510838
1880347
345081
346673
396677
265900
314462
2010597
701740
302495
324102
1056511
372182
273944
214799
19133872
17001414
14952087
12882785
10749474
8728422
6670909
4537563
2485013
7096245
4980647
3006003
980034
2171592
4896157
2785294
769356
2985414
869056
955589
512384
697314
3622484
1505485
230005
378120
253363
715768
349270
230195
210219
270430
1097700
242806
424896
305733
351716
317323
331852
326108
689438
751543
480047
508440
335899
531300
359028
315469
1122465
856431
330084
337968
304178
1326938
862596
398648
539375
547115
534161
917933
607876
796255
415675
392245
523544
395427
389252
338634
510791
639039
1459661
2914982
771843
407612
359051
464635
402842
586146
1984463
309397
298054
291382
1564165
980972
304144
397678
654214
1607435
347619
295404
400291
589700
322216
422695
246893
360295
359764
1369400
510666
1027533
721276
431499
282754
323289
253234
1183961
299998
1752025
629664
504707
304100
290669
306076
375047
409120
1005260
261716
292044
406528
307759
320022
709042
395369
1156016
673661
551482
182442
215606
237906
264475
524649
301568
417756
741075
1386007
1817652
2099684
380899
298060
459563
267601
292716
267429
1105168
188670
622431
272521
975971
252667
241300
195334
207908
1057686
272674
275591
590498
839213
501262
282832
2675823
545905
197923
370644
345679
209815
201189
198160
231830
2801039
666212
1061636
333887
295429
223388
316196
208505
1173262
422728
368077
349875
250913
198034
465770
321542
406858
228700
1298041
286727
294329
528924
1083491
1167290
354594
294364
1182863
560324
285890
501241
261588
300248
1376439
537939
215201
297044
368442
341017
325207
320713
305916
219771
629466
242065
335206
241416
211317
299286
535558
509068
313488
324940
372355
234302
1753450
303562
265155
414046
311624
298893
237881
328817
447571
354993
310614
2302557
3081440
930180
310890
248955
391720
260026
274203
917137
999226
1065956
591488
450369
368093
344754
328795
562880
1175239
467338
1375333
268534
318540
319702
643019
230472
396512
690185
273038
974765
332706
480690
370098
327750
283318
1108487
480240
329650
651235
316362
340118
380504
308155
417341
365772
482703
328283
597875
273326
306778
480628
263179
362357
241938
498492
417109
285363
581847
298216
428504
340609
15022653
12895364
10879444
8821302
6695254
4714345
2664292
4629285
2519135
588548
7576238
5434047
3443734
1412623
1490911
1828494
4778726
2653736
629444
1962873
1839990
566005
1854346
1171969
578214
898017
324041
277122
325267
303267
350135
298137
710729
402844
351327
516325
468932
295794
284278
444939
402422
306796
326552
436940
277227
1046962
845660
424885
319541
292869
674940
338154
455766
491918
850579
404681
304784
308975
947535
2123152
1506443
408855
795689
615387
227744
256043
475113
481081
1095381
1098146
340022
1130012
268765
396193
253198
232679
286281
260290
242753
589448
742999
835534
256761
224644
264641
295498
271396
1305401
292534
336303
1398540
221482
292295
740590
598914
927666
2094337
2345099
735361
251458
468459
469484
569447
504070
446552
1803676
694964
671359
885422
273354
281384
249221
284665
1464089
2390756
247573
273766
274790
222775
1097865
1091574
762971
624841
284476
1150007
241716
302376
299012
248794
303732
315588
876812
198115
630358
800803
205749
190530
236148
605992
1543096
276650
958929
703430
307891
299279
289437
280212
1150334
297350
334455
369788
256692
198098
576890
471965
724808
1944686
2010358
605425
284003
509683
516449
654220
322568
406505
1124073
836777
310379
1055581
833589
810987
321021
201364
1019301
277635
947473
980143
223413
266941
255850
194398
1117838
519939
1280856
494511
177550
184062
201088
604579
272483
2029302
1626048
427208
173789
171810
230033
346347
1006830
1652489
1130852
604803
296527
359677
564141
860674
2768591
618580
300344
301965
354979
686770
1034901
1824158
756705
293264
275799
454216
2799078
650258
1697123
722541
262756
241625
2319279
3138060
1021363
502160
301090
849112
361330
253302
569379
503160
213898
361417
1634803
535515
1207776
748711
421979
489611
1477734
271907
351652
516936
1062937
684705
1441106
279659
263690
251878
1253905
341490
990231
339464
332908
326785
303410
1853687
288148
558917
275691
299120
377844
472304
1066851
832474
476843
497489
647422
316353
284018
1430810
273444
310832
969923
351438
859375
592870
293020
251589
1647385
272141
1253109
687581
291882
292300
1256014
1792538
27559709
25444389
23428243
21366732
19237373
17237249
15172055
13064017
11046885
8964954
6827381
4829143
2761492
7848324
5729923
3679552
1615900
11141233
8995506
6975262
4913284
2769589
718421
1821580
882759
2494844
358522
5127506
2988965
964927
2696338
554080
3153871
1016346
2795205
649368
929233
734339
2892008
750164
1817775
1193923
2413188
293844
1013298
411070
1126623
246070
225748
349732
214398
1773473
661058
291982
207150
202672
236735
275241
1532357
1232063
777860
282083
224894
240942
392663
435642
281010
259320
451046
1037965
1316909
866783
449963
202178
363735
342838
270865
751573
1074370
386416
332805
292087
344641
369464
1079817
375273
348880
1288055
483709
262401
270123
1622095
1647878
990287
526656
536779
1214479
256317
972696
722895
990252
579935
296124
454303
1251387
1084532
710159
479509
400651
364312
496953
982478
563252
572434
1006489
544806
429862
1253511
277192
248078
730134
280017
421011
295881
700557
348817
527281
365817
1317455
1865158
3928553
1768397
195961
260709
368659
1592717
711319
1777062
320494
377446
401640
291529
485936
520990
1059404
553354
379781
376071
267233
264182
257410
926624
615198
951478
489723
391297
380647
292140
1575659
301215
442470
931861
327352
308814
317423
1184882
963003
646938
487678
356769
1323323
355587
306758
296023
922209
466564
433082
847936
481425
260102
214064
456820
365046
1012402
509377
624975
332661
339663
316861
387506
850492
1436615
1748201
311002
313262
1317826
1059085
337291
1310173
1351619
467041
321306
430600
423753
887050
478352
457365
365964
515773
306930
355425
421423
353117
320948
757506
508605
297960
289966
496613
399807
843906
400376
448573
837557
341202
280396
1195513
376402
322014
341769
511045
326817
333359
525127
628873
1165575
2830661
715883
304667
287976
256131
887601
592117
3499150
1360135
223219
271805
1372179
352099
273398
858240
230693
275016
1096323
320209
902144
569241
341278
1057947
286412
273258
765856
341549
878139
287678
412972
379262
457708
391434
1476846
837443
608847
605632
424199
1445538
1226613
1184205
2832335
714085
453845
661898
640591
16413417
14278246
12251797
10184536
8067750
6001412
3914125
1761321
2678610
565442
16935081
14813850
12795232
10758897
8691364
6546893
4542396
2472812
4147245
2040201
7591402
5476246
3484531
1428630
6773056
4645629
2648233
603796
5165146
3020741
974550
3856047
1710247
1116306
317140
311270
909970
469771
531422
356354
324510
364161
1447758
350266
437219
821325
322028
420145
311954
330048
435329
1290444
502827
763031
377199
327203
347740
412903
324986
497818
485425
527482
1233432
325792
449853
460969
383779
310787
1146043
1241133
1100818
970838
482983
384886
343257
247181
328528
410241
438885
1060025
1546864
555935
255253
454304
605224
482871
506959
396031
478107
866436
377642
512462
350745
343656
332691
1560788
413475
463112
516636
616575
301667
300126
322765
686501
590594
2298492
941008
334458
2715913
562052
337273
432239
257986
377553
264217
267307
233437
366304
476697
404631
1455506
1079095
207622
302821
1095845
725117
357440
328891
230297
349996
657363
559792
989981
5211366
3085505
1101633
314907
284524
309837
399760
317413
301890
193721
1701524
1097808
1881112
1107994
824473
349739
356002
267689
441302
563432
830522
1769382
560644
805990
308293
352276
386945
1417518
762154
265900
316993
1391111
1346315
1092885
446393
374186
329538
304157
335879
368404
3954779
1825983
955365
530263
246905
225331
234204
492808
773545
829202
1246234
988756
216221
333523
1179544
386716
377614
253236
218472
1109723
365297
291868
1247055
285228
366011
281135
295863
334652
345362
1756196
974743
329710
219251
296720
598215
334442
1721910
893285
450853
295860
317290
295168
295456
1608731
467498
404262
366250
260408
191486
972528
507697
413596
1712853
523873
212437
279896
807115
471712
288929
461814
309934
1254028
328643
1118753
453467
337822
482960
315740
493007
723595
3349750
1224477
315220
335203
560221
571555
420931
327701
306612
626096
1147467
883645
1399916
303402
332536
314983
1243891
348563
620068
342765
379184
1978862
357874
419962
650320
413019
405578
296858
321166
341711
2153186
1383649
1018402
517915
323460
278128
1489180
602421
524760
347517
330653
457678
1220563
291606
430789
332841
992218
15197485
13053930
11035902
9018195
6899870
4858771
2797834
14101887
11961974
9976335
7912422
5765594
3779807
1780635
8601657
6457981
4444308
2385853
10332682
8213023
6213792
4147401
1997115
17122674
14950959
12977985
10940118
8788252
6690698
4616912
2479094
6205185
4086437
2069887
6391249
4253929
2296780
5754290
3625885
1578917
294630
485187
1234800
525624
343172
320730
258585
297153
336105
314116
1201505
585344
374629
410203
317832
1522290
1084864
599674
288495
545370
418206
226653
286384
248264
276780
238783
542790
4754008
2632833
704210
213635
339581
481173
578461
377787
407534
946630
591032
1429636
621370
653455
260880
559294
440700
329301
272486
296555
453047
339983
561586
536955
2391204
251082
288702
286563
604793
406477
609894
393707
1144449
214763
268499
1020776
487268
423040
697527
249422
225187
274902
764415
326751
812267
3191211
1055616
1052348
2030431
905528
582285
374165
298035
308721
356456
710963
663450
1842673
398568
264246
202186
299818
607271
307463
591438
621568
2202750
3303254
1159418
306376
478578
373231
327232
1271171
323285
315810
1225505
1052631
280052
275308
1690015
366373
300055
321569
525362
412738
483544
1458036
2443664
308978
643547
343829
284531
330225
1325900
359834
2133841
1100895
604619
326919
342458
690274
331490
545843
309842
1275062
1245989
327412
342735
419326
689848
474953
382768
285269
275239
235538
1143943
1179847
2048313
901512
297889
323646
355517
619538
515815
340840
627192
405063
495608
934254
329667
453775
331746
383777
939966
2525210
407188
711030
586966
668555
650415
491903
336523
375129
1230195
2496783
362587
794409
265555
287653
322875
564994
2953462
819168
397795
1467291
850137
598257
1079108
661250
316782
275979
315291
277446
1195799
1866383
2375227
1694307
340317
302069
1260149
1000807
309833
422329
337906
417556
1230762
1096656
930617
459454
449742
261263
285147
334181
1436750
2633035
515067
739312
264038
278976
276140
274654
356988
662959
499231
1804931
688946
427934
245112
298936
1033195
268735
323668
289204
226415
197962
3877891
1758112
311266
519792
250081
269247
997739
987200
1143135
374299
527522
600034
709211
910506
18597030
16489663
14462981
12424510
10307597
8315038
6301981
4172424
2138742
11207114
9097048
7142137
5114884
3001246
934698
15671289
13539305
11503180
9458554
7318244
5254568
3182184
1045708
10993177
8854632
6861947
4793389
2676679
624529
6705750
4595284
2588808
547878
3016709
904837
1309642
929706
2617936
478142
821411
308751
437476
243613
255068
294558
229881
1778046
1945111
608011
305343
373491
328126
276351
271503
759264
920262
728434
574176
321035
302872
337302
302700
460237
316537
285059
330114
613358
294931
376221
597968
370634
257894
656217
224978
446185
364735
716535
505400
353288
315002
232153
323161
445942
685525
377024
319117
920776
297795
412094
259216
344337
327351
281846
271413
1137703
1066676
283522
307343
443186
308964
515271
445441
514171
371268
328255
433966
357874
374637
473787
889901
370963
245302
338584
369627
379365
877066
1732090
3743801
1597161
276212
330841
517735
390808
333117
322731
259160
300870
486077
2054673
1966379
827341
268338
235445
278827
425712
848524
337527
284716
261737
1600565
770019
374997
470806
389689
344961
276139
299330
413249
518066
927572
656270
1131718
992104
277881
284191
452860
444574
308223
286250
450500
700107
591311
424233
423850
230922
254832
266622
275579
1191514
497263
314703
249837
310850
260121
242923
271797
258470
420686
282740
382009
300390
215477
421649
887193
486316
453201
401879
401527
1240171
308677
269403
285905
292655
786191
1403985
342513
256750
299464
533174
709221
548140
318313
332869
432084
327098
368288
537522
344758
335070
540748
1306412
328765
294771
463253
1439884
747092
312410
329731
338498
1104232
526546
317368
422949
294665
430187
388139
307748
509224
1089657
391505
328475
330381
272626
345471
1127755
334828
328104
287515
1595107
443602
299605
336772
259884
430991
239042
305631
410805
375950
302234
2135569
720620
327897
2132187
414333
357805
296802
307436
267128
780061
443052
4157030
2044112
2987033
881524
264554
493377
509999
317535
302794
318696
804517
1478476
411290
798831
1627861
471380
252950
492308
653201
429055
482762
268619
335618
1581707
893746
574434
613948
505815
20965172
18819787
16835622
14807104
12683804
10694402
8626593
6478124
4418756
2331399
11713242
9574642
8698641
8313020
6170136
4122627
6580299
4446549
2421876
5788029
3676388
1664855
1174871
6803097
4658113
2657699
622531
452580
299965
319067
333396
350835
809913
1227684
1168996
627385
604096
598080
369456
408366
420265
289191
250140
276648
340017
922601
343670
289964
285929
476597
264076
310283
262340
296480
246869
364804
280027
291432
909388
952235
734520
314257
287520
274095
301042
433300
987642
385323
419538
957565
284041
327147
894581
324299
715795
291794
315016
313213
436902
690749
386411
367959
357660
300537
1916066
1082376
806673
315917
398798
261776
290199
625606
348520
328699
627329
477879
423269
900291
497179
337570
573212
396103
350786
402310
1021730
444960
791903
374017
322398
326151
340163
711076
331477
342323
3184333
985234
1056455
809851
604673
367349
382338
307016
333334
1007027
1620226
1318932
910541
436937
369565
304772
329603
348444
497029
274943
744032
3349790
1232575
362283
332809
366356
419578
647833
526423
346951
535591
354020
635537
405206
367028
346558
335642
1267027
1236918
711204
435642
796398
1613087
360234
349072
606496
586796
450877
449645
1043512
339277
311969
324959
338361
909274
411269
378041
331220
850696
331906
566750
343450
340088
306820
334688
1427727
320634
462895
2017334
345167
323563
321549
332691
2643809
499847
406292
329406
2085870
315420
220745
423639
308529
347684
477844
294631
486477
271927
320825
387788
354856
374057
238331
270063
270477
1030928
891859
1221749
914603
280152
289999
677377
481621
2147327
602098
228304
274674
287892
636164
343774
268915
840995
1310973
522822
250352
272912
542553
309253
380242
606075
1356011
1284167
1560584
304781
235231
318840
370072
414957
1397240
1498524
1775691
377920
307865
548465
453255
314749
272576
267956
302954
4185298
2058580
936419
675652
296377
305065
238536
282653
1393803
661559
342679
1409732
395421
210366
252744
274529
288306
561806
849745
721364
860466
305041
306446
327323
525555
380891
702818
477472
298414
343734
930068
529853
502048
335600
464703
294783
274540
226281
470647
589773
12965950
10833630
8817064
6761338
4634838
2630175
12843206
10723914
8722659
6667790
4535228
2531561
6814764
4687512
2708593
657491
4672134
2547298
532847
3924580
1790254
1654829
6041433
3910394
1903463
7462936
5331499
3319905
1251556
1368850
415662
728557
409402
220359
287427
479418
484403
830638
1883092
1486550
1402720
607217
396973
367592
305792
269822
215696
291346
697827
1004195
600936
397905
269074
302135
346059
416897
454740
594311
266127
274411
1143314
1415959
263776
299426
452287
799017
1583152
246827
317602
395196
801226
504192
273201
303768
224735
242479
221575
1336445
601564
265321
227841
1257054
597423
440398
377888
232354
1079886
277758
230794
476895
595329
265587
275186
1280914
223649
304222
244904
269552
251365
818573
273138
312329
1121082
971707
570323
616725
232761
567088
409915
284761
246387
285459
415751
297034
345153
176203
323596
815180
173496
266148
251005
269585
251483
278636
199170
1137317
290339
591394
555898
1480860
951832
413928
255015
2829398
693926
299606
357711
221878
239302
219509
1600646
1094074
800779
883063
366372
312379
242830
295047
389418
550450
663010
1547110
232112
295328
325588
429937
491222
473178
405007
410951
238858
242776
509590
248590
444400
553652
440795
331466
324740
507213
591569
355064
295801
346148
261647
285293
363660
1093365
815796
405111
292746
285640
309691
621150
688715
427583
731742
608703
286921
1123765
304744
241894
588563
350001
496601
548092
737644
239882
226823
391434
566295
246329
349046
245053
1170839
1769749
396916
1187851
293424
367761
222608
209635
254509
869859
245688
303542
387016
319303
601428
289462
451258
314469
352298
541617
370504
258777
280968
1068437
1256688
407227
299463
397147
616550
541043
584647
579375
462344
340427
322467
2395565
1877867
1062732
247129
258424
223445
334785
687549
332350
1171624
470171
1884653
294691
259958
343966
221432
569173
284475
344640
5593988
3479624
1437036
433439
367459
230770
292510
328347
290966
326759
6061420
3936982
1934483
540066
257653
282273
276995
272320
516236
550696
892908
708069
775545
1225719
993999
312777
480129
455825
460474
266915
310948
235932
4949873
2839772
771785
24620302
22502825
20553679
18573237
16453967
14417561
12337428
10267741
8192168
6081041
4032004
1973276
26984947
24859957
22890056
20860850
18739232
16791820
14813951
12678376
10619785
8524910
6424889
4359513
2190300
1951913
957602
1700565
1027454
270179
241712
282972
219106
279042
392127
603265
1798057
1484674
256322
255477
240927
268228
477868
492690
1915509
344480
236842
661068
394917
514896
313189
352211
344077
740907
257668
323297
243973
261599
235443
326382
294310
278066
346310
584328
453306
664008
469637
956827
236023
255916
345325
498350
300399
369879
2218654
226024
1478311
830349
470818
374400
360131
335804
323931
923515
261817
302287
961927
595241
251449
280615
271537
530145
1296667
549326
332974
1186752
651110
319627
251988
291393
430061
363754
322694
358068
222330
319792
856761
466024
697722
503235
1224060
518661
319138
241961
245149
253710
313275
960095
452898
272107
518762
346420
332242
445537
610374
424241
295645
540941
856707
269618
293927
389393
354145
578871
303603
253800
279319
324791
3843439
1734171
1833022
928880
356225
329138
252972
272458
383667
1095505
501527
1780655
343650
213495
316825
333536
1739435
657744
371178
284393
215129
228778
506409
509765
399536
680167
1455024
301188
273038
278419
384797
1065530
861022
325106
277246
306963
1228693
601128
307312
369721
299129
352910
1731317
264482
1022437
773817
236138
341791
281343
298448
237049
270299
1182078
781010
2070296
227388
293586
284803
218628
291431
373550
965440
706336
477740
303396
270170
207910
529769
276307
387379
329828
527015
428775
1071312
308288
652856
419298
351980
300931
376738
277228
1046148
2790719
641750
295053
262310
295796
275770
293371
409161
439548
282093
2775726
645795
1374222
279683
288336
456086
253560
300634
300939
276811
408884
943016
369606
326743
276153
246440
265332
254474
288190
311566
464217
886000
603840
334748
312926
278081
326770
469118
192886
403155
1340099
681540
345374
1728051
909126
486103
403565
278241
262985
304667
329514
782162
829629
1000384
468653
269483
280900
325506
517558
450312
787149
805780
375283
257898
252903
507417
295552
483460
314098
379940
7852807
5741291
3727000
1672572
15218788
13118937
11144381
9109334
7004686
4950897
2913913
796852
6924152
4809025
2829759
789566
6060949
3943373
1984884
7042001
4903664
2852010
768469
2695385
567085
2037138
1943416
672779
2340267
4123311
1999921
4236453
2105037
255719
289834
209680
187035
370744
350016
542181
887794
1471343
321355
320830
340135
301921
571896
978184
418999
286678
315634
263618
1091255
684403
375682
417839
318952
537067
694237
686618
338704
314550
2025818
657964
348373
315510
571414
454886
266342
633833
409666
235790
630378
334647
522491
254817
241271
262694
283108
917742
1063011
498385
1008784
681401
276393
307531
470359
430009
424351
205218
289437
299009
323397
324356
295556
414571
259261
267877
758537
543215
994492
807768
293777
254127
263718
509512
647815
607102
270775
427977
1512752
1244923
597017
332868
375607
392687
300107
292718
346722
359309
613101
830770
1932739
422684
326096
337744
336444
442479
932939
763483
430813
494545
265923
302539
454005
346284
285342
371641
5433259
3320453
1273322
659264
572156
428580
349624
315434
545200
1614897
863205
2256520
1839348
303585
389671
251393
1308426
1099517
299637
358178
2878431
760322
312675
412754
1942479
900865
478224
768558
503738
682438
542804
423881
579877
1447481
244233
524736
386728
1991381
5056740
2916760
930567
1122576
254357
318173
325706
4862292
2725470
658955
1510698
306832
338831
325866
527152
741723
1576635
2169139
1024416
285226
304380
799320
680629
313570
782134
923154
293575
266029
274643
667540
505821
894485
581713
289544
308487
974199
413517
429357
268672
374437
825224
313219
610190
515667
389341
592368
1723134
879033
309544
291027
614705
304083
326162
304466
300770
6304117
4179028
2124988
1271847
616515
394228
408907
1095430
724853
2432782
293420
1966432
455082
275789
281064
878199
709609
468576
1280358
358670
483060
243055
359164
638676
3277196
1147667
2642461
516650
3184850
1050145
343878
531706
617633
291241
903713
406480
348251
632050
639993
502416
1465701
291013
268796
396413
251939
320097
347624
313801
1124852
1131870
504454
380291
301819
455161
241602
987621
1261841
655289
593944
11914915
9777014
7745640
5655318
3504554
1445517
9415066
7275906
5274648
3232433
1093399
11655973
9534759
7487494
5404606
3281665
959118
1506063
8468051
6359597
4315455
2223880
12164302
10035959
8007740
5939638
3835872
1826854
3329951
1212887
6516632
4408051
2394364
7481842
5369473
3358167
1279936
557993
1921958
685094
3207865
1068718
1491906
181793
197494
241425
194694
1161676
595689
797772
290699
220055
218805
638852
466109
711150
228685
183437
262065
335073
425817
309936
316690
349252
189548
251517
233626
265194
3808158
1663359
683885
308604
258820
898248
412397
1014334
1395339
263313
250188
1716768
506911
467083
276782
434029
596424
351935
433237
264567
328429
1273695
306020
661007
1048554
1282218
294123
901330
592567
467228
294685
281577
254514
865012
1723466
2068570
1154154
414309
228711
320791
647943
351125
418942
1847272
376723
398852
344931
379752
600594
586665
270824
273099
1169646
952380
3274440
1128684
3284365
1144369
688636
379611
1332558
766893
333572
731399
1303259
1091733
969502
347663
589181
585821
393738
694510
846900
933602
363839
793793
430032
616908
840311
1854012
1537668
616710
1938412
2454503
331853
477703
792399
239647
263122
720103
923692
324302
280819
273464
221040
331855
677669
298012
301366
428249
996363
195690
228142
497996
1057707
313517
370132
444174
1353298
265889
362967
523717
978504
1109620
264468
206584
609731
1122408
402654
402258
220227
246244
1599836
521784
928672
996140
298610
390776
208414
307886
6037530
3904075
1940274
473441
1268595
333088
1828735
304535
1008491
457639
230529
397669
366003
490150
896727
388921
226324
630007
333060
708305
895933
1524799
835037
290152
200252
486518
199016
637952
1589329
1787017
844889
255042
436535
249883
794228
1467884
696412
590868
283470
432561
523258
274917
202440
382804
321807
1288596
654569
576875
412630
251769
261385
264100
1237019
3912146
1795526
747450
272734
304443
527959
428699
231478
213027
281139
678676
386580
359807
1814306
1858711
548670
1280848
1241605
528558
1942957
401667
261253
254312
310728
960636
266556
371288
777831
241272
273054
309935
359414
1962892
364253
10432839
8299194
6255385
4170590
2047892
27641492
25502311
23454989
21361641
19224335
17132666
15050614
12906365
10790739
8711706
6615567
4546288
2410919
6670634
4560503
2524614
487562
24916246
22798766
20814542
18758478
16689599
14649136
12627859
10512258
8469090
6427554
4384740
2253402
4094616
1974364
2805225
685280
2709030
594579
1328380
276585
265399
367599
250766
285241
538542
1673994
2455837
342551
395741
361592
271401
273810
251956
483517
239741
914677
415471
352442
376720
301688
273759
348848
438971
356919
236530
283122
954729
498189
1035785
687879
289404
239526
224211
346397
483370
398749
295289
881185
739937
630543
366481
270942
310485
367381
308058
274079
3728237
1575991
721138
467451
234100
295938
294898
644182
596993
346228
583479
656553
883851
345275
245196
299706
293976
258369
344969
1103607
275353
546690
491962
1331526
338099
214815
256919
259365
313294
562710
333118
444121
875915
413220
260845
269731
416669
278669
1684042
415590
319857
451704
607078
266176
359896
301911
313562
824851
807769
1111180
489993
235315
410815
290172
285117
1681117
1355638
416984
405100
319692
453816
257256
284921
270924
1350373
341131
337856
279225
1286202
1337712
518168
274007
932814
1235796
278774
276331
223611
277666
368992
337797
792295
966867
425092
227435
325089
653570
313338
353651
330520
1663466
1706979
316653
317040
371267
342216
445358
317089
343048
567267
1174590
1714257
266380
273861
274869
414980
320222
297559
356944
1275754
498474
324190
387383
774574
405434
253864
237835
776837
1336244
658756
505445
434645
482741
1395105
1065384
1865230
1722860
352202
585065
270035
218525
234857
283368
280956
3567898
1456764
396940
1447395
1006402
296647
295314
428287
518793
839642
682149
3273749
1156173
747216
383645
438401
309271
280599
393753
540268
342372
1243138
886966
582204
614268
419530
299321
373993
247085
537565
2056113
1973856
633880
345044
218505
250802
231063
585574
419241
3675489
1562592
687438
449604
239009
237972
249248
237404
382823
3808146
1676369
1126789
290003
333867
294523
207926
252305
264141
2641319
499718
513262
405444
244557
249112
281454
339420
483905
880826
723234
419610
935364
346869
9656786
7516991
5466541
3411652
1267288
15854301
13728277
11705955
9658368
7511971
5501031
3460093
1332600
5510890
3373476
1365277
8934069
6795837
4815619
2795638
654248
5923412
3783897
1747529
2858486
718991
1049976
1271287
1844446
985607
239999
464093
2153758
667841
448441
554913
1093250
848061
365548
286087
302524
274324
371380
784559
229779
269828
546171
255184
424287
462448
763722
579677
315234
306695
348764
520628
927043
440152
264750
259970
1198507
592399
457679
334250
338384
330022
268475
1130733
957195
985174
456435
324627
264011
266090
304284
345080
485394
814340
728265
824710
296125
345851
349441
625366
256819
361210
301523
336312
733910
649376
1151654
325686
345737
368390
247696
319290
591420
380633
778322
462079
372183
293633
331387
403254
530200
811070
1594145
2102878
2010560
357958
503826
393990
508541
526542
333207
335661
4244788
2124250
2557145
465278
283466
327956
333676
346125
1304513
216172
341464
656544
329862
310609
428282
1548923
1376359
339973
347701
653284
788001
727685
2417286
301333
387653
1756865
464651
350624
405444
329512
591216
1593502
360074
549334
432216
386172
446554
334211
310510
262114
1189747
355178
370427
299460
353507
1397777
332993
267155
268389
304947
1152602
440824
362850
364699
286349
318135
995838
1198569
874658
446196
362459
296474
287473
311560
314923
285914
2544614
429028
622614
1429012
561893
576950
310842
414614
490489
1675028
3301445
1172423
1119458
438195
392563
278274
266593
331425
5104215
2967579
929516
1028199
283583
291509
307742
788237
2649414
512481
868004
345663
1058460
305278
780904
485338
1958232
203178
370981
1699399
493648
312463
439270
506838
483394
1801546
1354604
401465
2121601
1432053
454883
418653
534792
354877
251723
731757
1314298
982712
794116
492806
324496
392167
305177
1342734
869411
362440
683839
369298
343606
319637
284800
308817
335880
2177298
233431
1188086
559717
308546
312622
323977
743751
441233
837432
556629
1436651
1955493
587562
331922
354054
378717
759370
1290211
595324
402735
322323
1015349
625069
370786
413312
840861
1723624
365765
330553
630395
843752
394952
709895
1836768
2454714
349717
1018482
538839
371137
10778215
8667862
6682301
4600599
2461324
7855871
5712869
3674709
1622991
2791402
660966
10368695
8233917
6230755
4190457
2061345
11708170
9562661
7544002
5476089
3336632
1292432
4033056
1893162
3797018
1658812
3811976
1679225
1173849
422357
230715
271566
2604540
474141
749456
444504
344519
555790
696581
305920
326792
654825
316235
334435
272138
320421
313517
422594
1158424
352507
677420
563568
462496
304564
333630
526800
317211
419987
374304
341829
1403313
206201
989534
244627
364998
432103
361320
221952
192779
219350
669347
2181367
1670955
248464
289229
232836
292054
270689
451902
933489
902887
363279
523149
247940
277113
428684
522185
306881
467558
1326021
260757
1141676
256972
433798
305677
406927
246295
372432
346600
1055616
360951
884470
667851
266908
488218
286630
237180
302059
276349
935898
747465
1462133
962721
325876
658192
677817
452296
520620
217080
1547514
365751
1021156
349046
327849
505629
352735
312187
404577
1150365
458890
573008
878417
895083
280356
304678
282973
651228
3130121
1008924
559208
375227
249432
1239252
740169
340691
242867
1005166
763653
352586
213020
250562
280958
309483
237087
318315
418458
375082
513661
254888
296050
291129
418831
332952
740039
324359
262418
252130
748912
723910
327467
451725
312251
717913
266626
309518
327149
296130
373260
395566
333873
286144
816892
529120
619007
940621
1359465
277650
273297
296088
269957
379192
342796
301742
1772086
1939726
1138247
318812
375927
341904
473112
354769
347762
1279883
336811
1155392
330039
341483
341689
268281
276406
301366
315839
648852
2098675
2227440
954233
453693
331212
861065
570146
579737
816278
396872
3182740
1039798
546131
302415
321430
356655
284210
348525
342362
553617
730776
809687
304698
293944
291393
312968
616025
973919
390702
471484
2004702
781286
449813
693278
473843
637033
288584
319845
1687632
1586231
2929879
787068
1304555
241460
327039
322708
483651
278242
411240
1039927
1216052
330386
348921
322470
341175
376689
1107307
498668
685258
301347
268837
266722
240569
247558
269454
282148
830709
486285
1077877
329344
296859
560241
419558
374214
405336
414662
260525
264731
1104744
797493
14168714
12023223
10028161
7972687
5836031
3789835
1755323
2319220
6402775
4286391
2241905
411066
1427085
815303
803842
482121
2321988
3628155
1508454
843841
499943
1916762
3163238
1041274
414175
223886
726208
273320
384522
245528
685175
460938
253521
212414
240114
230918
198946
319784
347172
506941
876042
299845
248953
270631
301511
259535
292367
555234
301122
354718
683245
414616
223016
297289
272931
1072757
671186
323817
741155
1125609
377716
340317
304258
397509
1244969
422910
350858
304351
731742
778675
777118
606594
417711
702616
834259
429725
337072
540814
913413
534469
280188
1649796
488424
283034
514580
433172
279678
730314
2958979
821508
765862
281381
371364
324778
282827
253292
389027
2082830
3237381
1111089
717452
380568
271574
318567
408746
598310
962910
451395
502314
294440
1539349
545960
359473
672519
292852
483770
332136
330665
1583030
1420302
2110466
647410
365307
335587
338466
317250
226004
695309
1136656
1168374
313175
445578
751214
337512
319592
734679
490338
306186
439462
308767
327701
3118476
997401
489977
597598
349215
363036
359677
302377
334093
544411
2597666
487001
706610
329517
376412
304792
282854
510636
283252
1083010
297053
390203
447794
366879
395877
454324
317867
620139
511957
462659
358366
253947
354550
1999829
460848
348365
249827
235212
653545
1175806
460159
342794
308485
389222
2245385
1357270
256042
549183
1094573
388920
432735
246092
340537
294514
1225332
545050
372986
387101
594655
610602
277206
242932
236254
534124
1136638
1254460
489502
271999
272032
402259
932376
471254
407648
433734
453287
1242980
271100
258470
414122
1062609
1061489
231550
289966
274162
259617
1657547
678521
338115
341337
1528386
1409800
251985
569357
522549
340339
455710
287884
292053
434957
264561
1341950
335746
320102
333752
243069
293839
282208
546915
3387546
1268763
2104032
682719
249289
261991
269862
244467
373568
875940
1098525
376185
1524158
815977
609279
594403
268298
488694
1780468
538092
292942
1355239
799203
596695
508848
352033
262807
346046
764049
377177
331175
830259
655404
270396
358095
386454
332186
479393
1164489
478526
224735
1221839
853872
573694
20334337
18203164
16174627
14129576
12001217
9979429
7926652
5800302
3755943
1696196
14595392
12465988
10438827
8400527
6320485
4223911
2178739
6033411
3888371
1898745
9756204
7643976
5641258
3589257
1510722
1685788
1953832
3017604
864860
604287
396981
2247640
1060280
263073
305947
368730
237304
269069
617703
321172
259912
442935
935979
592718
343738
284796
265493
263365
780149
651159
304329
464044
478961
253162
271266
461274
306693
477452
836786
362446
288280
263189
268892
439308
312985
290648
288507
606912
315679
282169
316056
259691
469555
854271
242028
256229
240436
239623
860280
624461
357119
352830
476283
362217
226842
287595
471211
371876
390821
304040
352369
1704201
1363914
2147889
915615
440382
309932
302137
428174
353194
871795
680436
294817
324229
1234650
338713
546790
300305
437582
323766
261320
1370804
712485
296264
411914
805496
659622
274804
292350
754710
659321
463709
909951
620111
238356
304820
1116156
309306
780887
302416
315294
385017
313803
321230
604265
655348
290471
311659
369824
269318
350242
290606
307420
1049580
416827
275138
477476
344395
324957
347600
415875
315218
337874
881114
756271
332435
303236
424282
1093336
335893
332003
322646
285112
358540
695608
670246
327246
467444
506468
478077
337474
324064
370349
528252
551915
461610
313341
328702
1124092
840829
525077
413260
352706
403460
388213
283825
474698
368359
326302
967628
330378
333309
304890
335025
758572
307984
374386
349207
325465
1597860
788417
734255
659615
401506
340589
328756
310509
333972
1519674
405042
857902
1403787
317667
339439
606137
587976
545661
308601
5320146
3174820
1189223
1104985
452139
510076
441265
452016
375025
713342
710928
426299
358271
616470
316197
397725
2146967
498402
740965
927047
366329
335015
326679
1483055
1231807
411463
314058
345151
406779
317524
413381
763136
1365396
1442581
272954
271101
235378
223321
373218
342898
802279
293125
430849
499834
365477
399473
397224
286668
293613
1283543
316587
503928
309228
834225
342576
259477
279406
310576
284837
1437815
428688
1776771
745331
237019
265975
606849
310331
308032
376505
520154
706584
1104051
400608
417657
300520
273204
10313497
8161802
6112333
4054471
1919003
13361942
11213666
9153262
7154102
5009104
2996882
932090
8826269
6680538
4623284
2549958
8529422
6383043
4331767
2239179
2000696
6810487
4671877
2617487
534692
5830157
3689929
1678532
4389827
2249561
2748718
595848
850769
292835
463453
450531
836607
529877
287996
280637
242667
526810
288416
270689
389751
374324
574989
233345
311255
362890
339351
307124
200397
4178587
2048776
1117228
291878
304718
311898
209762
225248
205077
481868
234918
1950114
843003
256941
206020
520156
588645
277661
409532
323876
1287762
1003062
406318
641254
436541
347514
337114
327068
207348
222557
797136
2501564
382866
550559
236945
247875
227170
265411
224189
309148
334069
269320
327138
203120
188474
202846
193126
477011
502515
761016
270477
275227
213734
841741
444491
468352
217169
529276
1053717
330841
277996
204512
1163227
920467
412119
269988
276473
343609
1585199
219224
602821
612316
471173
632424
316363
268199
302809
890749
998671
550285
253659
352964
350925
1576310
339334
582397
621441
515654
630470
501420
525411
322216
499450
1133688
530294
404212
393662
360630
250883
779859
535902
378172
513372
404372
1196574
273225
259878
565730
261825
219127
631328
323005
1298347
281042
271270
383549
403539
422477
383705
1113715
312841
209442
330846
540008
268701
364053
305787
479071
637930
265628
431834
497658
279646
283755
421019
340080
415053
912443
512700
262005
1614281
299349
380475
334050
456265
528915
542479
330226
274363
394688
769137
377129
534824
1191834
395679
292210
372548
360018
851645
603184
400697
255765
279955
634456
583118
808147
871115
300568
436961
316889
305963
283425
321177
977981
550792
243053
195864
267158
259406
443722
257504
347357
725320
750947
2053341
593923
443511
387880
385825
362774
247822
186360
336699
4746135
2635259
655134
577033
402968
430580
283643
258141
294768
1076336
968079
1761034
422551
210390
239656
259958
261921
572556
1156929
1055534
1703298
371365
217736
258435
307964
311224
856297
1149133
226833
262190
1058143
307531
294627
311987
327794
261048
203790
219627
263739
737304
449388
284788
255933
882546
254491
467888
460473
10933493
8801840
6781916
4792519
2667452
6599506
4473570
2503144
14571096
12416036
10448167
8426364
6291131
4263666
2246357
20662725
18532753
16513743
14417581
12276181
10204460
8124315
5974519
3884803
1848118
2536448
389129
3603747
1458896
2621589
485391
544519
1221585
1888387
703556
219648
255815
191758
506561
1145290
650120
194059
249549
279292
1011956
540103
436382
330190
430515
254877
274310
310157
595671
836708
518277
1286222
1099823
238878
378699
384915
357497
227655
442372
622396
385948
1104690
258810
224880
196518
222358
687835
267486
1068918
729151
282744
235426
276922
257333
485328
526308
849699
354512
353481
249724
351009
400084
342178
329679
237416
351791
366378
800317
272619
282344
292547
347921
334938
241295
256002
349741
1175610
549115
525255
818209
224282
249878
232894
433669
297211
504553
388450
382697
316770
250105
372760
374022
352592
293812
277370
536992
356144
434131
829495
610135
257126
273763
283898
296261
1801278
703030
2559718
438725
284323
249059
367569
842385
624145
521217
607313
1504534
1064441
821961
1377488
697609
1501036
930771
671308
835996
1146084
542900
313935
303023
934138
775694
1224614
1145145
369119
294895
1365520
988228
715463
653838
408328
231396
226431
208696
785051
243019
1087741
329863
389685
207052
243954
390765
416362
1073648
591866
362395
241997
218103
660864
337660
404326
839398
1285038
315893
247500
314404
254050
381040
249117
319874
1361620
238550
1129459
203850
252974
404817
505169
1055490
231898
1218644
543801
387719
422526
380452
341532
1524556
904024
892731
564639
345786
309945
418807
275713
329476
2791951
672160
541893
355881
288792
338930
526921
3719890
1939136
2688851
565707
547872
297327
322925
237373
282437
721033
616078
1205250
349191
323861
573462
292695
463546
722526
273994
625529
521235
1561967
520397
288910
490421
398333
811656
905880
254222
188986
255760
305179
369517
848673
406388
1351639
812504
225538
261774
601014
1050774
289972
362361
292281
937409
492568
951460
953710
258191
272456
311379
339811
420839
224214
1161116
269152
208718
264846
300465
741801
240988
1064233
784113
336696
309854
279536
275999
365432
478661
9784720
7672293
5634124
3574895
1414033
15916781
13808457
11795318
9721287
7602389
5520038
3455196
1336491
1089628
9448982
7325770
5300357
3222192
1081745
16834770
14694177
12686674
10618897
8486290
6468202
4371686
2235622
9460705
7331327
5284686
3183104
1041730
2811771
681454
851367
963911
449026
812559
364626
188479
252901
955829
3691284
1572486
239247
278265
268188
190186
411182
576153
327383
1146029
793202
241657
233264
286683
874284
287533
504021
675264
708310
298432
308821
312925
947206
695693
657255
364074
589051
261628
327769
285925
363733
730335
1283797
610728
310639
328647
303479
340304
1149451
353893
1995451
1019042
325106
322163
369074
490269
1002868
1662970
1245550
791097
248653
241364
728072
244973
316644
1862811
580342
560763
277512
253590
968120
436243
269848
271236
1476965
379977
316746
1271597
523723
1546076
233854
259083
249244
302865
1504923
1150877
1311745
686053
277789
319007
1086469
1317259
371188
1851318
584005
292912
460862
1233489
2889537
757086
1008951
459995
297350
322567
1019552
1997516
470711
449443
1720870
247691
548590
990544
1292240
255489
440614
1040394
280888
1082545
386646
401064
341345
394508
500966
257253
1649789
566160
346195
609413
589978
363564
228274
241406
472071
755821
416251
767930
485866
550952
1198720
242900
191799
295319
275606
371240
272917
252766
247297
937662
440199
417794
566485
709006
596242
309385
290110
711690
337181
329146
838035
689292
278044
329874
277902
347123
611426
293233
413211
347129
738683
207769
513675
1049245
244796
367308
336669
1173603
240826
579115
465281
992961
746096
289042
310995
1300679
300083
596454
324754
670826
596393
208950
423452
487347
297615
278726
321380
482201
281052
756590
335970
548544
633201
567543
443962
251807
327698
351482
542302
374511
265282
311617
303935
888909
451322
302163
1067928
630437
383819
288937
272485
1554325
1182515
314442
278923
342915
292036
392488
312337
6009652
3882510
1874784
986443
303030
376610
364966
280330
1699329
493313
1020554
461103
492302
254775
288938
1525550
368570
1238733
483907
399235
251697
252896
1496248
782444
227134
1129661
258319
311042
340125
16372841
14228964
12203236
10172981
8066696
6008025
3936004
1818783
13244168
11121600
9119431
7015055
4889313
2853267
789975
19535744
17412883
15374128
13283222
11149576
9074937
7042910
4913214
2859480
792798
16003240
13874230
11925365
9878814
7757174
5705098
3615293
1485708
5447561
3322388
1366520
7381080
5260292
3263728
1235432
3124590
1006375
2757991
641175
1534732
224630
380426
1204808
874251
1004607
746487
251229
242272
407384
1335162
783623
297868
243169
1382001
873212
411856
555027
443187
255560
1929799
609141
264746
371492
390954
313079
343370
408515
242319
852220
553884
221980
884542
406025
231682
219506
512700
669009
671763
435626
418741
241757
246952
336791
1060494
554843
336541
264954
634916
255084
251091
266950
388510
377696
432975
255312
1034604
586616
400714
218087
225649
196164
238085
490006
266483
429015
469482
1961119
1462677
265405
285849
233428
255370
349818
324610
311058
476755
1236226
258584
363083
333618
459483
374940
257816
268333
200903
276537
545927
1660486
717457
446717
345950
254379
373750
242647
403455
304801
255097
4138977
2027096
353127
820434
555221
305558
415563
286379
290074
243349
1052085
659631
1079003
616530
293707
223007
285323
346047
453567
843059
373064
369752
336919
331240
284575
404605
295639
436069
289714
448024
1096832
527803
413813
388364
365117
353570
242605
292991
322764
297750
577660
739859
332043
303382
326270
316633
539532
367247
936660
853213
276735
423472
365961
274931
309552
523862
427500
371115
289169
476154
292058
515611
393941
412956
457237
373583
322919
1168353
435193
341123
431981
865237
379634
290846
303228
440128
660898
1651671
217144
239884
444382
246218
1434633
858691
240135
602105
444168
249998
843631
283711
329384
1613234
431408
287930
270311
233146
260351
275217
469834
1289747
685342
726480
409976
468228
552982
511061
327507
336734
345508
3385937
1283178
1325479
2018495
388887
250325
248664
260297
535419
934954
2399280
272744
525911
272052
288607
370782
579619
222777
332269
1317465
277315
645250
1116200
413369
268007
306337
310231
309198
1006475
654617
569758
1061087
601986
280330
214131
234212
209709
490843
488535
275177
260977
1557162
1232839
7384315
5243010
3265888
1248919
7644142
5521596
3504881
1458024
4515855
2396231
409379
7853099
5708146
3652848
1607133
3976557
1839059
3489502
1353454
3140172
1007571
653888
996366
299781
286865
305093
303855
716363
293096
1070239
813841
343884
298224
284970
309388
298352
684112
385183
728861
1167221
840592
400446
287569
607332
298364
437368
371657
277852
268600
697118
5068533
2956418
955262
567913
350372
267648
326492
311450
748582
393181
430589
364761
291140
1211041
922923
282405
627966
404278
568176
455454
326818
318232
1098319
616011
415482
339481
326376
338514
336007
304432
348622
329602
347991
455844
352873
331097
298316
479478
337619
850439
1702596
391196
322048
1269637
369848
237711
433864
356155
341088
331324
308930
439443
1288232
2545761
423334
313587
243537
242548
452060
371650
346969
547684
447478
945174
224721
244142
280950
301530
351676
261210
184866
1832551
3475994
1362774
368352
296536
409344
269423
321472
582513
1605415
873929
485547
361684
272408
275578
241937
214789
659556
2109742
3253078
1131567
278988
288416
244242
263813
269183
1201032
1201235
2520118
382984
252309
726604
600124
366582
336022
1367636
374482
1104599
279502
738080
447957
466278
328903
210359
1789294
2116377
1380620
1441807
597876
279199
225012
224298
855826
375531
231880
321887
1579856
491615
269373
290251
493218
1477872
296101
275210
234208
244990
259809
296898
451228
274731
299007
1370506
264719
594541
275178
1047338
282409
221849
269121
272724
314695
852048
443010
226075
318820
300305
542017
1314860
247479
366373
226044
227199
1599887
891329
595874
1436700
543764
266789
282489
271526
777618
699343
662872
468239
337518
847049
438187
660191
292466
236696
293880
269735
797643
1134475
390566
1784167
1258567
227947
621455
584875
481147
575835
1515213
1660305
1020110
689367
251437
298185
388869
235428
253289
384439
280986
614486
556321
1386937
2397698
276665
310870
370635
360724
623076
299082
261619
655698
1040193
304577
395507
364720
268298
359477
1302147
485232
686559
224916
430318
348937
433546
316037
282400
236083
251488
816722
260295
533689
305582
215021
220572
549375
257944
294055
227542
9226127
7115489
5060348
3016669
6309851
4166897
2129412
10640356
8519005
6490965
4496356
2360862
2922895
804272
4285759
2156068
5916555
3772345
1708958
3644533
1501667
4743911
2602853
561678
812474
1100259
215387
268403
222571
249973
917327
487429
2104092
528969
347290
234908
196464
418377
302055
1418389
2174130
2650625
529505
550128
279504
600788
484747
326843
267691
215652
276505
2642697
526099
1216918
218169
439296
348527
275164
208777
597512
1041428
972352
1648968
386433
219688
234341
225257
322634
410202
1431948
210796
240610
797292
1629258
561903
292661
224722
325679
329008
251336
223053
426880
1474816
239093
268814
215504
644260
1072726
195960
475587
302532
285732
1058033
1220290
435917
1602427
518690
270814
212029
302606
226928
391310
328226
366551
273970
838759
242879
285309
456149
567823
1089031
684791
275886
246878
280070
226718
625138
268964
360351
262744
344438
524458
746403
265160
214494
660947
293336
267851
1801859
915975
459850
359834
292189
228980
1182118
988896
242411
281030
664159
475089
289424
243447
264115
237663
674297
1891118
333910
1222441
940699
420500
375383
478489
252125
266062
1467204
400665
267433
939087
378417
273217
246977
204847
431917
548229
1686719
1244286
1077072
211995
290348
422566
326782
271448
320370
208071
1031374
1701877
1189855
658145
201303
244100
192349
226838
279492
1553778
1582354
279937
316640
223827
205187
282969
473430
2223674
678393
3039802
907281
291588
268845
378342
235670
257976
257052
237885
326054
2538288
411787
596709
480488
260573
221639
323405
229494
338106
590092
753269
303346
267913
276192
1041020
563980
215796
218674
229300
359691
262805
234698
380239
1183337
250810
277967
474136
1335124
469939
251562
446346
369994
268875
367674
1136677
248435
496900
461390
326217
246368
280127
236791
348015
704586
284801
976397
1127041
447667
295485
211350
222673
829753
296000
227074
788679
1477563
1268858
1022663
426475
291837
293625
388002
264391
209575
4910368
2772017
746124
309556
349310
215957
215868
623634
611013
290892
371354
1339681
578974
288534
291309
271975
213745
245875
234126
244968
665999
759647
266847
309012
1298908
218325
358293
389216
9069502
6933170
4873197
2812287
671208
9012118
6876067
4819681
2752683
613851
6925434
4779852
2727860
679636
5441015
3274657
1229426
2584647
456809
3903833
1783873
1447404
915146
933997
1522890
660365
765792
473897
287060
356506
366137
257313
259529
259809
1240810
535507
561068
766147
258381
232806
287149
316067
535526
1027505
738740
361111
487038
262725
407190
567346
448656
293567
249553
337818
1163422
1634384
335253
288717
427548
360575
337521
327294
267417
1087399
1008021
966480
256620
418996
289667
308005
459550
334185
354645
299322
534340
1957012
303467
775418
444355
452952
468311
668705
513819
361521
496352
662431
402184
397734
388659
356294
309824
472340
517377
868119
1066405
228407
242419
241715
694435
241048
916674
1645936
883808
257390
498877
522221
428942
332889
314525
358566
1318166
278042
342995
264459
245485
247566
1525668
376296
454077
428000
319708
257916
239246
261527
269287
513088
737883
851286
1428688
314934
240814
392677
260336
228653
320540
202803
254337
428768
796292
301830
315745
251576
212708
270950
209885
219268
553331
3701995
1585825
359376
311049
207109
245121
268593
418795
402135
610987
1131391
1210786
370485
226780
256411
379729
246203
289987
293790
252330
2518390
389886
306856
270316
239889
223693
220082
208636
220883
271098
431194
876355
426340
209642
247184
260764
253324
346166
267562
592515
278675
313439
258873
916957
234509
383118
484909
325129
350184
442278
279854
383712
542856
680897
399894
175438
307388
726357
380343
317918
487028
410256
286422
375754
1983887
220866
440226
268033
283091
354046
962363
557293
220731
269531
388440
537371
512220
281003
323579
324885
315312
398168
1219321
357317
398553
515634
1280570
255115
284135
409595
617635
241926
251949
249353
268389
759166
243545
315862
700522
984671
287191
264821
270507
281343
430011
861761
1750279
273813
399300
196682
414806
240688
400938
361906
353837
1099332
936100
901080
415522
394651
266673
319692
342725
359238
380570
391641
1569877
331141
271005
266513
421104
369786
392631
896129
328749
307105
273730
361792
342001
339198
845783
1588563
293171
314596
998264
558088
11174031
9037725
7053847
4988687
2846227
6014643
3902273
1887470
16105959
13989366
11998734
9985459
7848592
5819902
3764602
1645383
18916309
16775674
14719281
12641565
10575117
8529859
6397831
4334009
2253689
9561685
7438716
5404204
3358182
1249699
8363830
6224706
4218269
2149709
7965999
5860656
3849712
1805550
3219702
1080695
272925
2889368
774496
744833
994065
548363
474706
758196
230805
259472
301640
540058
1127453
396463
859202
289558
236038
248717
480037
1048763
631436
1065412
247812
246807
247061
246587
429038
260013
391637
465853
562636
759697
243967
203397
310614
281906
357916
320867
688860
240760
236600
1087408
1231166
253413
212750
256019
214222
604308
1162352
614292
419672
647781
246528
264576
235246
518426
248204
455693
675663
230323
1199074
875002
405766
281702
429799
220099
234586
246539
236073
2543602
418939
958473
233506
273703
218404
267905
249164
261564
250931
265690
1880050
2154225
830544
243114
269327
274860
276186
270592
319349
1475687
336094
1229471
245386
206153
214293
327046
251236
279417
615640
737840
251032
1079367
302663
308268
284279
229011
188104
236145
378378
385061
267419
222654
202847
240370
221357
504550
266962
1213698
259135
327712
265988
601476
383249
322983
1947702
340865
821191
282741
360093
357214
466458
321530
606400
597697
287935
323489
1144145
813771
281754
383443
244577
1242375
308530
335358
300655
705872
1610900
397722
315829
1711148
836533
364966
556533
254977
329828
805418
320956
478417
332753
459069
779742
1412413
310272
277859
309917
1233462
595740
380416
501443
274702
275393
889884
1441107
524947
3533923
1416231
254522
432212
318259
256614
578192
581023
749922
1087980
2660468
554029
1428440
637200
402524
306657
599828
807518
522176
843629
647338
565346
379745
492944
261799
335502
352953
1096052
662721
1197490
543786
329848
340503
295508
251539
1271486
300699
313809
346053
337064
379586
814079
288234
330511
502244
627448
458052
264282
244306
280124
481765
1545997
278987
281791
448442
300746
257876
277576
598550
717162
552426
239806
241196
771823
1567233
368646
368787
245361
493013
665256
246712
372818
459130
372297
418446
333938
1147768
759482
292946
387918
341245
11719159
9594857
7574067
5543995
3411568
1386728
9471846
7354549
5330246
3317713
1310746
7027493
4907688
2929895
955499
3486879
1354587
5682889
3558989
1516562
2438747
306726
1410045
1307827
876567
984454
314174
455725
634058
344056
280771
266833
251587
401704
884402
287610
1453876
270129
246876
259898
315401
601373
456106
324581
317827
317459
234674
1113591
257288
325784
417977
237034
308978
361568
1078160
258483
402398
1298353
494116
284926
365626
309188
319745
802661
708518
474559
413538
304245
282217
1335166
318289
509415
479065
455643
376517
383643
392938
330901
405092
258198
230756
382659
300463
237424
323320
297460
1408634
379545
407141
280134
411742
340870
309072
349546
524381
576625
483834
263366
272945
352650
1055152
407126
276431
379247
306999
276654
373456
290143
385607
334949
759006
627268
300054
306968
246999
410452
596173
341134
284844
241460
312690
325849
274986
632153
380541
512231
1657374
330973
269415
508746
374202
529560
449018
1789777
805754
1158766
763783
294628
228022
387776
371515
261976
272074
299836
503659
542526
1045735
366153
286164
298528
470500
250649
374229
4306062
2169959
233264
784379
484354
287112
299411
346993
264977
1728060
1043835
809733
325247
389954
500879
387827
278332
294114
3692589
1577087
1088245
829239
266486
254491
308405
283592
349087
1891928
1823569
742663
299786
277801
336358
283470
306350
388997
976127
1060218
976985
277019
321614
287991
225641
228218
245178
239178
2518514
391452
818830
264081
222945
601601
451629
347219
2323141
2991267
879954
214446
417596
268862
305940
237561
574910
4504722
2393243
401181
314831
293834
411544
240402
488201
380002
938799
513725
1001331
421243
269735
297984
225122
813590
605530
326842
790708
706408
239215
285152
220200
277112
255780
232387
324118
280357
272230
1279392
300013
298901
440582
316005
744978
747812
278223
238506
268377
410132
403958
290700
243622
230381
329488
244391
1009773
671341
437132
362673
260840
252442
249734
216362
660116
279900
299597
224504
274619
241147
214459
222481
810541
594558
451271
253686
525595
370253
256025
230075
702899
597299
270069
281299
263492
286427
373760
279216
11028389
8900862
6931764
4872309
2753453
696679
6629190
4507563
2480763
457133
7175758
5050333
3015956
943997
3367889
1236449
5451547
3316056
1320546
5079854
2952816
954053
2804981
695153
2093562
1897584
357041
297853
410711
275912
259246
362394
1114216
1324755
244065
272828
297740
263130
300826
1068521
825300
280450
336873
513495
1324427
365538
348686
299784
410126
249554
1264210
294500
440207
278098
342563
287041
299335
1178734
812242
442687
449089
199399
240165
1548409
507504
324085
536332
410292
263987
254444
229475
250573
271319
526195
3121986
983562
1447980
1805762
1090388
691581
409116
475976
358055
425854
1202980
1558640
1038496
300375
341568
318727
1856829
801534
1101352
1012493
385497
240547
343748
277149
1638187
545717
828248
1180201
271182
292531
270066
634719
578492
779527
1561550
1824036
2787838
651219
234314
272200
258076
232741
293212
564713
1128826
792986
263833
407151
356480
220350
208403
352899
3740018
1612493
908879
467281
235504
225387
199198
482225
4049423
1908380
814438
401067
242845
298928
924446
954570
377913
1058152
450273
209702
309986
710897
456793
349952
490804
588225
250197
306756
1693873
1007596
337647
288781
461142
318103
2196593
847927
1153214
785851
602146
324863
384916
1499664
1094835
301346
395228
560939
255084
279279
990643
993212
1911141
1783813
1780548
343831
452117
714137
609875
453789
288106
446723
592915
474601
956725
694789
236540
217223
966403
1146913
625043
951390
277412
375611
215088
1299412
350960
432266
1779608
1806211
341671
1794744
2387576
274892
389166
395136
244104
806975
400013
355733
329245
419371
410643
392838
567500
841100
2768705
643267
302574
412517
415019
9766474
7635964
5607467
3607416
1465914
240359
908009
1733191
1938564
4114001
1991181
1977349
1038254
650504
376793
551407
1101544
393628
341799
416410
305840
280101
254796
355982
1012424
3818196
1684246
1904665
594862
357774
250866
1962200
2730258
609702
3154221
1034953
321962
236287
212530
1195945
543980
246920
957274
264940
194160
213400
192565
665029
216849
736739
286211
261024
214020
186518
677320
459685
289767
693589
1235287
277818
276498
566719
620871
222763
3604106
1462530
32138175
30000315
27945954
25874686
23799826
21653808
19544022
17445578
15305274
13196738
11096603
8952599
6843299
13741852
11607987
9537700
7476716
5343808
3285612
1213077
10803153
8661965
6602969
4523260
2379487
3775969
1634041
14130929
11981155
9955660
7887654
5745608
3673637
1575212
15644307
13496533
11410033
9296321
7156670
9045437
6903550
4825452
2748176
609183
3617516
1480051
9680494
7542590
5494754
3429630
1288471
3092202
949584
5007104
2888141
825238
1653997
2969200
831551
7598178
5468881
3433316
1385513
2599679
487195
3450259
1334072
2304950
884948
483372
223750
3259342
1112960
1688179
226341
293423
272649
381162
964912
487199
559209
376257
242213
558221
1179171
1755782
282954
708015
438887
236296
367259
403069
464255
356131
578192
1856930
471010
285251
262595
568395
1065731
279299
1144594
709319
506770
437379
383338
442913
1156542
442186
614074
673928
415505
342940
369773
325575
1210810
650036
1048032
836211
420050
271458
284268
299315
1704304
478664
362265
303865
381114
316619
294485
384831
1053263
435537
594888
828743
406147
373639
307710
347662
1024589
4076317
1961618
1918138
395675
324581
252943
287494
267221
1167345
277098
878460
1857436
359279
287003
568894
1200194
337062
533903
386598
223883
307095
311960
669966
406776
891704
317758
324437
382899
869224
211260
615111
611581
457238
530843
226390
1438862
2117909
2343229
670808
494625
292603
411140
353462
1905679
1856190
283106
1380723
767175
545307
211707
816210
595846
1376583
434737
964610
307841
250178
499885
490502
584856
570930
1667944
1559863
480380
227124
313061
1164292
1448718
448397
373300
1144533
1534563
484818
284649
594603
345763
745680
1067298
268918
858476
288803
323477
257185
413450
319661
332027
1985254
2831450
691569
704931
364214
341752
2310943
3278506
1152354
1435601
404621
334058
4552987
2410769
386451
881883
448033
226575
424256
387493
2794942
684478
824713
230562
1108648
800994
306531
449095
1689194
369111
912616
901019
652785
222962
1352173
248407
321907
847747
765223
302225
239119
259736
3239470
1108363
911530
455860
285983
1180742
754590
922292
747971
447152
346636
228026
299484
234824
3123418
1027891
2413528
295356
10423859
8292955
6252903
4172475
2023558
16179490
14060538
12073048
10080589
7952622
5846415
7308524
5176733
3143858
1049405
8539306
6413641
4404312
2360933
14180319
12066586
10054213
8048877
5921561
3871186
1816101
1037899
5073849
2942430
950439
2310567
3015178
924829
4759578
2636596
702235
2248627
4253744
2144754
688862
1160747
761298
727928
492217
362509
349621
350435
278578
752934
1348393
1358563
469239
292806
283938
352443
799081
502981
379303
1335549
2341363
588132
2098037
464583
267625
418132
307498
414295
249614
261133
1536994
547490
323502
277170
580717
442295
288926
263940
368810
382363
1817926
400291
307760
1606026
854626
630171
288319
304646
244423
293162
316224
1083987
632766
342209
393134
283872
249235
392719
395113
369198
231900
223321
1179667
742396
530457
310822
217051
377071
282679
276102
417397
1067047
644020
591399
400415
280078
705747
458562
226382
350407
271043
667277
1624045
1843871
1289657
572229
309671
259600
279014
299380
327149
357767
637619
300232
1347763
963884
291981
294519
314350
317552
346103
275597
967359
398712
542288
245119
407749
231311
249844
222860
252813
275347
655024
1227480
298143
507069
341833
300363
283524
424405
498658
331873
310992
1122938
1052115
1152409
902583
502114
423810
291748
308242
312803
757863
309985
437607
1319065
348163
501335
1283518
314589
314663
801627
317625
1271608
863866
1380179
643981
458370
360734
353108
291752
478739
522229
365157
1165684
400352
2299423
1286283
285011
545682
308902
390987
309957
1409709
705180
718830
604593
356662
334201
367618
319077
630899
1035259
1601057
2085610
780092
1061746
685026
345744
302225
460309
335732
327380
1262048
496073
348714
468556
491957
329858
309329
308143
534810
955777
354417
388493
344303
1107119
538560
426651
431275
358109
483636
841230
405305
482025
364626
937090
330310
294807
337490
349807
555329
518164
465124
570430
3096217
952653
331994
508377
377335
268999
324965
262457
331364
463390
977058
3936565
1804258
1185472
377006
330329
435795
488046
651922
430676
4167304
2015019
2567705
442480
341245
328139
308671
261377
215305
687182
233575
521566
2541155
396201
9060400
6916711
4931904
2872292
727620
18362806
16237569
14224241
12227996
10109683
8060087
6028887
3892003
1816695
5067121
2947286
916917
4987118
2868679
831758
9858793
7716690
5710296
3642125
1512350
9952412
7830912
5858010
3801916
1687068
14089695
11951482
9951705
7954468
5839819
3801524
1748215
8230551
6110254
4094960
2033891
6184621
4040979
2012851
4260824
2128729
472568
352509
289757
254957
963002
316066
281949
393878
657478
319908
273915
288575
303635
511980
770200
611557
374504
1950272
267069
576772
402389
498805
329632
345403
1474968
2576657
463009
333694
304724
342217
305340
314218
267502
350662
509683
802834
1198101
277288
241316
292481
303644
583142
957934
586552
320020
282624
1201343
643094
531850
512712
1159770
430647
318368
291004
259691
328583
343585
589099
480050
345198
322008
309665
306151
788331
404643
411009
262269
358250
1425610
1109783
752631
286399
329525
266031
261614
280935
1077152
970085
427512
552230
355617
271703
751187
524142
341152
542212
510797
341381
376631
548293
861049
481078
304451
338916
340811
746321
325767
297352
608117
315520
331968
269845
362345
337757
320819
303900
318585
482437
291862
324601
364167
539349
317359
309457
350962
298604
299694
1247017
421673
819662
417058
327873
278066
305641
419010
322587
447492
428889
2131112
362164
1359690
760804
451774
302744
343096
374793
328699
1244897
364166
274650
1016474
1954824
890165
274434
320560
343543
602143
874751
644457
337354
303760
278868
1131202
371916
285195
683721
1687891
213470
352039
544038
371795
288844
411738
1074235
320818
364409
1191447
432660
294863
249473
276582
306975
356439
318794
404782
214271
275198
311696
442397
750732
462420
357149
262812
344886
549238
457851
612976
335834
310850
349157
1283024
293628
269107
699864
610867
310042
353836
404934
1124591
615067
446232
433331
329028
319549
1500351
775373
513362
385160
365929
248577
513087
240139
1592020
1326843
297722
455491
315029
266129
234940
698058
327973
258785
320988
564941
699394
206181
733185
311436
1276110
329803
390254
302286
357497
1040600
230277
956620
332830
325430
299490
265972
308266
391386
320101
303265
1572832
2389154
275807
558797
9602933
7486853
5426809
3382641
1305386
5519030
3389986
1361554
10221734
8088651
6055778
4050203
1913532
1415422
560879
440191
1871088
3621114
1484706
1102917
3215648
1086478
2692167
555063
1306800
2130569
822574
806347
946398
798037
428312
286837
270983
289313
1209463
305728
459362
897277
879643
316983
281262
352659
356402
525868
286423
449575
1552771
522213
333586
480889
737403
412069
409057
409045
314435
583949
666465
1012805
1357773
282381
334719
321261
321199
377457
410836
1175884
774165
306110
306208
351476
788124
518710
483360
484689
349579
307760
413214
560252
1118411
597524
323888
360344
331946
320491
355788
1162707
852261
264546
968946
267574
455157
592993
403349
406253
434298
327957
580117
1922564
2150382
259792
312161
295681
326114
295036
392398
282653
1791054
1102078
842061
272825
509021
561851
399493
409163
1060870
926915
257273
322032
386851
361549
528079
490938
342850
502388
1048914
1169420
418947
868836
341066
519456
328815
288313
354524
266777
305318
2906548
758797
427657
353016
274679
287840
324849
349072
544135
300672
722418
299387
522803
348767
372755
572974
315089
549490
1194200
303465
305224
306782
282099
469381
517040
540141
1503846
867517
279241
307145
454638
