876209144
300768
213494
214983
212541
208582
197524
188632
195923
242883
242352
213401
201182
253095
190075
201384
199983
227981
187221
213067
230465
246682
186888
186685
189130
213128
229010
200105
192772
212668
173896
228727
198558
198247
206333
195773
196569
214684
192768
156378
216374
246910
203304
194944
244197
223312
169442
184873
187927
221828
317545
186949
190145
186812
158854
192656
4426294
2360560
242852
3091875
967473
193352
186873
233458
200827
181586
567966
177856
216882
6455200
4336750
2262471
1402176
211553
224566
218875
171558
181283
180748
179141
179438
201669
209450
195605
197868
175908
183962
182164
189686
185866
213938
200156
169366
228219
165377
219277
221474
241589
209525
247866
269879
214139
223307
213010
218413
201053
227602
207102
243837
211530
190718
201105
201447
204347
203987
223067
211693
200654
193977
195753
180607
207859
200776
196211
197383
190573
199748
220832
199440
204342
194990
203691
204657
211338
193229
221598
204980
203099
205552
200987
210921
204626
205791
215858
203408
195571
213028
212885
200511
196102
214202
199018
208645
205396
202177
201439
203095
205807
214290
205115
199087
205450
197059
206415
199207
217481
201316
204911
204330
202852
202480
205389
209892
208182
213426
200589
218884
204441
202617
215375
208781
200711
202973
199361
211889
194507
210495
199975
217859
202765
229974
203737
203282
202506
218655
203489
218517
196819
214661
210156
186269
201569
197440
219797
195770
227243
200357
222078
209709
200172
198551
180838
204103
194059
213029
206966
212104
202030
205029
206172
213657
204835
198931
191781
210627
212277
212969
205178
224009
220137
212915
199487
200786
193977
211682
192445
227586
210208
204339
186819
223381
195567
209115
262869
211135
206984
223113
200369
199187
211027
205158
199941
233342
196867
223799
246960
245817
253157
230154
205520
236402
192150
189175
220657
194644
188589
173154
199211
244896
287581
191019
192673
229494
203899
197757
196037
189813
188918
214139
230162
207049
205546
186873
195191
196564
222225
184141
177806
251723
195796
204806
216869
244378
207090
200129
218871
201065
220045
171850
202929
210405
175479
169012
223593
192948
214252
222533
179512
191521
189138
245224
233087
224776
182787
205796
203695
247129
200204
205168
201922
198395
231712
214485
222795
213200
212658
268575
191408
194651
194577
186519
223377
202001
234504
220706
205487
206307
185556
211592
207870
207031
223790
203785
243717
221723
187983
245309
242696
199855
208180
256813
267802
225550
195449
186740
217897
206557
205951
200043
199701
221387
208896
197204
248600
229467
266160
221257
212045
208722
247653
256246
240621
228391
235941
205229
250732
199046
229027
240360
327898
198550
201876
197771
192626
199660
205558
195410
212076
226185
215744
218155
237158
218129
220733
200528
234214
221948
189701
243794
218991
220812
261368
214596
244734
220481
211944
229245
212895
221192
213150
224643
218201
252202
269452
186039
226522
253023
200161
215005
186179
208159
177925
218646
206888
217871
186090
165061
204398
186639
211780
194701
201201
200270
168416
218053
195407
187561
196891
196241
208460
196187
217192
185729
197138
194549
209939
237149
209629
221882
205137
205525
211889
223110
247144
259557
184642
227273
206417
199898
199020
223384
211681
200406
252537
194818
231889
238683
194190
246203
203557
193501
202332
173689
194324
209810
253000
221310
199534
190969
212323
198463
214861
197847
218795
170727
194312
187006
183009
172569
177688
190976
201701
221961
166766
238666
204734
230136
244577
267214
206424
166061
244433
225412
174483
230005
215892
235870
197370
171479
250308
303488
227214
204047
266515
230812
177214
197810
192846
173936
194748
180981
193528
199540
199815
209007
202733
201195
222050
240485
213800
282045
225819
202061
193812
239186
286119
240587
217966
198538
250318
213484
219783
220918
227859
246845
272985
255312
254936
192024
254717
205309
266691
262939
191143
194002
208270
194126
190351
234285
200132
201782
218525
224787
206734
202113
187059
172969
178772
173516
227161
202188
235082
179949
210056
213320
217494
167529
188194
202087
208699
197198
229146
228135
193435
210269
176459
211325
180734
214722
202251
216034
208627
199239
222857
238413
193339
194733
155724
242341
211193
213479
5672390
3555338
2050942
412853
230213
179783
176430
205308
155993
201995
204705
191138
203760
186952
193857
176320
217835
200707
194982
196401
207171
206859
210222
204930
201476
195866
243405
234329
187348
255074
269928
249376
283120
273571
259896
259190
255418
245580
229465
231951
240603
225915
239326
220543
220351
200206
218387
230558
189818
205198
233524
240673
197516
246441
204374
182984
183450
179766
187328
230563
200696
233817
235866
224824
240729
219924
209989
205831
212476
215235
179697
204058
173234
236675
232321
243660
258280
216562
219514
215405
230216
214105
229485
244552
195026
227979
204731
183033
219108
203702
223181
225677
214258
242420
189802
208843
235394
226713
235557
189987
219711
220637
231880
240082
192642
242582
204742
194375
238380
208996
247006
208168
226984
197736
230316
217964
226618
214704
218133
211917
194830
214539
207489
203452
208892
216845
218183
196245
209176
208162
214244
219972
214545
227665
217754
210996
224033
213076
223941
217597
204501
214474
200337
210198
221876
200657
214335
187159
190273
207527
228801
201606
209028
214874
210233
216317
208534
204964
213329
204728
217163
197947
210361
204623
212468
206149
217702
216018
206873
197417
226568
205270
213953
213314
216737
201989
215148
198393
195700
208855
197479
239987
217238
199422
201224
216815
199038
202839
219983
204363
210029
213439
223621
241096
277240
224019
228334
250250
213212
218778
217043
235981
230394
256835
283640
218978
206781
168298
202628
203149
288618
200037
160603
176094
207298
190912
184821
191370
174390
241506
204342
196814
194602
183647
212328
205824
202102
170466
195489
186141
206510
179988
212753
199724
186009
203525
215985
192201
223990
204317
210141
210506
210522
224711
212735
200298
220645
234029
216000
204638
200516
205791
200677
201679
194761
216414
225953
221929
179616
190223
169329
221747
223092
210342
193867
208145
204436
189306
220209
189275
212899
213471
210304
212284
211177
204424
250981
228305
211626
246175
221426
190994
205925
211567
210769
234588
242472
226998
209328
213546
203178
215991
198474
211418
213086
216924
205052
194947
197078
227611
214239
203799
198111
214318
209450
209081
217395
187113
195707
214581
196718
207306
208841
202186
189140
217892
213002
194707
209461
216028
222792
193392
216667
198716
213605
202675
214537
206860
201718
213933
196584
208765
202895
207730
226135
213306
225884
193894
211189
195238
203545
214300
220930
201806
199376
206373
205011
206897
181830
211867
196711
199629
213341
216534
221829
217255
217341
186394
184763
191134
222077
206083
206127
222789
214960
212490
218110
187566
194087
196337
209232
191814
205491
209729
226217
224411
209738
202236
206995
216257
214574
213563
192371
196225
188581
210029
217927
191715
202044
209063
231411
212175
197846
197459
206449
203151
193302
227345
206976
205224
196829
197622
184185
208939
226050
209746
214471
227428
200508
202205
185152
191973
214631
212797
205049
208416
209156
206169
209797
199345
210320
194365
194408
211346
196617
201882
212207
210274
190589
207213
212941
214324
213389
203875
211984
191512
182017
216256
216513
233674
184603
213498
177901
196073
197108
205012
203498
197888
217265
210524
194739
201407
187059
207826
229893
211005
182949
220867
192392
190791
177734
213450
195924
201369
217047
214802
206137
212899
196340
207351
204516
213344
213747
205851
226562
215609
200957
197769
198775
215672
196953
200837
207668
208236
191593
194439
204424
209369
213697
221153
210683
218094
208645
198645
211866
201848
215786
183414
213167
194992
194455
183695
206220
200855
206191
215159
259512
180384
201673
193990
189827
212453
226228
228103
207780
232811
201787
183497
201570
211024
224689
231867
242102
200673
200492
192340
210892
208348
201704
216132
209050
201897
203239
216863
209178
197641
216067
232954
198685
201869
209833
201195
196281
187837
212658
201925
205450
268554
180517
224205
180807
181239
210293
200352
184574
201877
185442
183453
7008083
4890499
2825610
752259
193683
203381
231257
197533
223027
266438
221905
260493
246412
227197
221128
221044
212521
282715
204762
201545
191454
210109
197724
293052
219798
210689
308581
274383
234927
224731
220500
244783
223164
227662
212707
200261
208300
238871
236549
240960
232657
260151
238188
213777
251069
293576
253696
233077
229636
229587
207340
219719
203447
242137
251494
194715
237398
223443
232926
228160
210746
217291
250693
207989
205861
221582
218595
219499
214323
249321
201440
223237
214875
226334
214274
221865
245834
234858
222301
214186
212904
219663
214086
204917
205523
209058
207662
244264
209128
206709
192235
226188
207079
204128
209532
205988
202022
198563
236285
223809
198075
209289
201567
205734
204042
228442
228728
208408
210289
212438
199251
211657
212560
230573
221466
195918
204110
204584
251288
193008
206817
232867
205774
209846
205238
224608
204729
262992
200899
277174
248459
237737
215003
254818
204392
206766
246503
216771
242086
230409
229021
177588
203814
173422
166696
168002
176185
223878
221896
197013
183123
206670
225523
199892
212029
211424
176079
179541
212518
193665
201601
207638
182306
171685
182598
175542
180856
172282
167805
186912
175885
199181
221409
204283
200884
195852
228898
205387
195283
205963
207101
207720
204967
209299
261581
224061
203614
229868
216006
193798
209962
185374
216155
216473
240280
202268
224376
212788
203065
195842
237315
215181
269070
206717
241158
212773
201822
161198
194491
212942
219930
262241
250092
224198
241448
205675
178827
198337
221562
203644
207370
228813
247560
207125
276017
205834
208348
211235
267768
235999
222042
185641
228792
213904
190701
204545
193433
195262
197971
202815
171555
189183
209611
201214
211266
214179
216162
198152
221210
231248
205041
210610
235980
203996
221448
202569
220836
240902
212658
169008
204203
222634
212509
201370
191133
200341
209745
225369
226989
221062
219936
210534
206222
196422
195983
189518
192655
204991
207633
241364
204780
202864
238863
219933
212277
206255
186265
224512
206775
235798
235945
245561
249527
226981
236731
204532
201873
220715
249550
234121
218253
236555
217490
208603
238138
227165
225044
231651
213535
189168
234481
192118
236361
240938
201906
201176
201191
197742
205513
207283
203058
225394
236765
226628
209120
220451
228265
192230
238982
236983
212003
183095
204435
207936
211642
229010
232621
212568
193012
163501
226825
192845
190126
220342
213665
196592
183080
194961
244407
199046
202996
248433
179339
229418
220269
240844
211670
207642
223908
223615
236348
271118
189917
214882
251239
193412
217712
202258
222765
237369
195858
208347
208252
171877
206920
198686
194281
214384
171084
214653
203433
195429
203297
218566
160474
203694
184407
218701
200609
210954
172616
193002
197141
177334
199545
221872
209364
208821
202339
220997
210988
213624
217302
222725
236636
219625
211262
195982
211442
210910
206601
225906
222355
211594
218632
221063
189933
194413
232694
202384
207119
204496
203587
208835
217781
215370
199021
214372
209499
203576
215181
215898
212529
206084
210695
196680
199590
194752
209776
212974
207972
208698
220502
222478
219730
199262
224696
205220
202284
220411
198242
228261
205753
193855
198698
198948
224054
209831
210459
212276
201925
239531
211552
194385
222307
216239
210522
188033
222753
210781
207830
202958
189352
232653
206593
209340
216104
214687
239231
193683
213231
202702
224097
198667
185999
215310
224291
213255
207872
192068
205806
220014
196359
197581
207613
218699
206120
229554
223041
209881
213939
221459
205923
212310
206504
204644
209815
194860
195491
178944
198690
202280
202742
189798
192381
207633
204892
209615
206210
212659
203488
213825
205192
195681
216702
212036
220712
205381
214697
214248
216776
224729
215326
197672
194967
237811
212673
203795
223343
206997
199514
203049
204889
254494
198834
202936
225924
217098
210053
178810
198986
257445
229374
230629
203578
183385
252458
241426
200720
5159398
3086506
970074
1000232
184117
167018
210842
282713
190250
182160
282324
197320
211922
206169
204636
188297
287379
205203
203434
196293
211597
205781
197209
217232
186551
206926
192611
194460
194617
187447
181470
167152
167243
220056
223086
192728
200674
215666
186773
198160
173082
210306
197009
210197
180320
194349
170986
188920
173805
190250
199708
182487
198163
194761
171001
175366
183895
180695
188084
187503
205601
203903
193164
206870
189569
185244
185402
182009
196612
191158
191322
202241
204641
201378
210819
209976
210504
196586
191618
180957
206437
194854
200779
217050
202936
198782
184297
177043
207517
200344
173162
209510
204178
175110
170989
181363
184024
171641
206500
170300
197297
206492
200059
212738
192519
218620
201485
227178
188095
194936
189997
204861
202697
224358
191904
201218
194482
217750
211778
193610
213655
225373
210451
197067
197849
284055
225223
200343
201984
198856
217939
206422
226192
189017
226621
255729
221149
207695
227842
237709
209658
294355
212019
233286
212869
198311
217280
204822
227476
202123
209964
202122
214786
231620
209588
271242
213145
211725
222206
217093
221671
180804
214632
206203
218599
178502
213093
261066
248184
241745
239256
240931
226869
197881
245312
183651
217189
214291
177360
165643
236747
197994
200772
210846
230747
208152
197080
207176
262250
277568
217385
214748
221846
190105
250110
229460
235366
224260
263396
267310
208070
220265
258956
229300
200460
217087
262558
272223
286933
202531
210103
227086
189363
191757
240365
213292
241903
229524
216063
210268
280114
211014
277564
237994
226481
190644
178783
201718
204557
218777
181119
172630
209999
249010
296897
235557
219197
178732
224183
247511
197132
196147
222074
251225
190248
192600
167943
177504
211346
210754
251698
192246
215833
219409
215872
199286
244022
196526
241135
196370
206196
216401
247135
193325
242785
205436
239737
231151
231119
207875
240161
262071
230078
264042
232629
156206
200971
235891
221942
251691
317600
247713
245056
215773
182861
224298
202717
194567
215099
208747
187981
201806
210868
232479
196160
256464
229466
241006
244644
241606
221429
229067
234837
187129
178163
238533
280795
281860
222957
229819
210190
201811
238598
229532
203876
219140
193875
198101
212996
200578
212682
219348
220134
194475
176950
192707
216080
191111
198852
198739
218274
202668
207033
198325
207525
217725
223327
253707
203937
222456
197830
239438
193969
215450
195568
196632
229892
217494
209963
197499
206556
206171
211542
205023
196348
246713
199108
201894
203153
199886
227467
184375
229972
303674
225579
222751
231115
208104
197775
203789
218787
222487
207909
222426
228082
195313
215056
206543
258564
227942
219983
214738
198547
218966
194600
202672
225628
224423
205019
202432
225934
201130
178962
204244
217671
180288
213574
222540
203493
190044
219374
216723
226275
204050
200307
224103
213967
213251
209239
226894
214910
209215
197643
206208
219311
1842376
227931
222842
187720
165275
229968
187224
205342
188484
199135
181010
224322
206390
235538
210047
223720
206790
203243
211951
203699
189128
255032
210268
188752
190633
211813
214808
203824
224968
201026
228246
195619
264118
206721
253643
185374
273968
210482
234311
262023
230681
201379
237975
202717
221053
191687
231149
217240
217057
205526
223649
269538
225401
217957
248357
206896
177312
198441
223356
227891
221485
224764
189889
202165
216563
189245
213737
194185
189430
164660
224635
165720
214658
187609
221983
260020
219292
197942
211667
185611
273233
225537
191955
208716
232647
208135
224195
179490
183935
207946
231560
220057
251469
186340
242747
257637
193658
217361
184811
207774
203980
209905
240937
280760
255765
289821
279655
291680
264161
214093
214608
256699
244885
255303
274878
219953
305429
194904
254268
273101
206314
251700
211429
215930
209295
180823
180907
176493
202658
210548
223835
198928
213735
187958
218637
207595
253012
215050
207813
212396
219676
216676
214756
222427
7110383
4990489
2944512
880402
327322
201224
206633
219425
210164
207832
216372
201044
230295
198698
214998
217819
220669
212004
206252
189894
223449
202665
212857
206047
200721
202271
217144
200629
201233
217065
210746
215523
201327
214353
204382
202678
200814
215859
218692
221049
211506
226096
207274
221315
203425
213230
197735
217391
216071
203078
200619
240839
212381
225703
202279
211485
202372
211295
214038
197869
183874
205527
204249
231565
199137
219830
198466
212389
259522
219129
233307
209573
220824
212411
206362
205816
227629
201682
207004
199167
215290
195266
210181
201150
211625
213057
235154
197185
194237
211630
199540
216582
214592
203702
217459
222639
207582
209379
199769
204808
207078
206688
214758
217154
194291
206110
216335
204237
204471
206237
205498
203477
204374
184667
209263
187160
207819
206526
205471
205795
206316
202503
201718
206485
210296
208005
222294
194371
217398
203363
209084
202162
219344
197424
214833
210846
197589
192700
196709
206827
208312
206544
207795
195421
201197
214864
214138
201003
199682
197922
221300
196556
200635
214673
192835
216839
212045
232782
194399
197816
219837
194234
209020
210460
218634
196113
204180
211644
211351
198799
214441
205071
182007
184890
185177
191705
204218
198091
203670
198014
204431
236132
196828
201058
207763
187059
208994
205585
226710
209751
214743
195863
192204
185681
221164
206356
207398
245159
205364
220233
212948
210178
205925
222655
205772
212849
194478
192462
188445
190267
187192
204438
203286
224255
227190
177212
193097
213018
180060
203610
207803
200665
211363
196847
198222
211529
209511
204947
221879
218810
200718
188366
205455
215627
190220
204369
210789
222311
197949
200516
197226
198748
196888
208604
229896
201803
214462
208481
186668
213342
219904
203597
203536
205356
194009
203166
217027
198792
207415
253155
203420
246585
222414
209156
211494
212482
213220
224189
219065
216144
197166
209493
203227
203261
195041
217846
218682
186258
200554
208959
216604
207277
192297
238561
212396
185364
244702
177182
178826
189446
195814
191153
204693
190546
179739
190304
203115
172832
170100
179653
202510
170843
192624
199500
193681
164933
192631
191408
188342
187787
178775
165866
200080
183132
186740
162435
180070
200134
191007
184548
198324
261919
188543
172918
182905
177355
173523
174879
165672
185554
174178
181602
170342
165195
195428
191726
185768
187000
190892
201462
186153
196981
189851
196747
224916
216794
219591
248598
399971
183237
196795
224724
186973
201507
234804
199643
197752
191564
197365
176275
205177
295500
193340
207010
210537
218498
178352
195497
289154
226879
247724
194446
227462
224697
165734
225476
203633
201400
193908
238992
220996
208827
228597
230182
204325
210877
199664
178354
205347
213332
222190
219705
179390
191707
194089
192385
228134
196091
192741
202225
230710
246724
205339
205705
181510
182441
194300
191097
186134
185552
195526
183391
193919
180045
191591
196084
200842
207691
201852
202569
209396
168557
191515
200237
192815
193033
185226
177062
201930
200192
190826
229405
192673
170494
202001
214404
227991
225224
219080
235025
183511
234459
177272
202548
214252
218490
249129
218643
210311
210775
234433
213108
213890
206535
229080
233244
207532
198569
208645
216578
209643
203772
212242
218387
216784
206594
221445
218465
269389
197480
200551
208205
251645
168826
215322
205409
192596
192374
246121
178348
198849
188446
227705
206636
214991
228581
223277
202712
249341
211425
203609
218978
199660
223919
202884
200232
177337
202221
181385
217539
199010
204823
192349
214101
166043
206824
195959
192769
173026
182159
189070
204469
175261
196778
202734
180913
202939
200413
209619
244166
186109
204831
236100
289826
169277
221233
198681
265320
229378
215649
181143
273817
214984
257854
190727
238757
242050
236815
190526
242314
228540
205734
263835
266050
192573
190834
233806
246622
249768
241323
210009
259012
232595
231314
221963
227827
230057
260132
6343444
4867856
2744223
1255396
502292
260239
206263
210289
209425
196057
195477
194865
188597
252344
206696
251498
200522
234949
209634
194612
274174
218483
228267
195319
234126
217080
230428
231925
223629
230047
231783
263560
230251
220410
227104
236307
197255
204905
206958
210859
278226
209886
196916
221464
243191
209906
242482
192431
194966
237749
204090
207282
202414
200571
221448
245338
219971
216799
232357
225683
241462
223784
234077
211025
225598
193508
214339
233548
215344
231412
226336
223106
202197
241371
199115
189175
217367
222217
213608
201008
216900
199017
203714
211499
234158
241603
230797
232282
220739
208631
234097
193031
210194
233402
233611
225245
222915
230228
214288
213865
201592
206757
236948
203341
201583
232511
213572
233721
226051
220288
237619
194119
219012
212063
192029
196591
191404
208058
204881
208926
199184
188140
223228
208380
219652
230631
238991
194161
220778
212639
216745
230398
200179
200903
223768
215037
205384
210137
209464
211232
229927
224677
206756
213861
216282
224073
225178
213536
210931
221758
219844
207557
219262
259148
199004
214355
217090
209904
207969
212982
203221
202582
216311
217831
235921
210990
338883
210274
206411
205522
215995
216818
203791
237889
243387
209970
246218
230600
218689
213714
255171
187895
187313
287562
205039
193306
246370
217430
230231
231604
241542
210229
211595
199577
204754
203740
230738
215361
215369
214045
203718
192000
187791
221619
217218
213298
238409
236763
211840
230107
214884
216889
209582
203714
187509
231749
236821
224917
231282
211369
202734
240549
193598
211701
211459
226760
203472
223056
219378
212137
210105
227048
253471
212229
200632
212837
208850
203234
200440
214280
200016
213567
207822
191029
190523
184970
203851
210984
200452
215360
203163
195198
197535
210520
220353
203438
223884
194047
228379
182514
182594
218728
219709
226884
176123
202116
172291
198848
196801
207387
192179
166805
213461
195506
182316
193265
182187
182994
230610
205092
231611
228790
169820
175892
196150
200329
232859
189122
188902
190326
221565
194464
196811
193538
237308
202559
250990
246942
257177
208207
252238
216626
209168
215976
213191
232448
223288
208987
270185
207255
225329
202839
257573
243201
217351
221115
210938
205814
230190
194722
213803
211275
227858
219505
214697
224427
235380
223003
207673
222078
209426
216880
210598
205862
224833
204361
211969
210968
207869
203912
198435
212906
221627
219067
202749
203804
216904
212474
212998
193756
210072
234463
202846
206498
217973
197046
218321
202165
205344
206589
229393
202488
209601
206872
212263
214736
214983
227463
224498
214263
234127
174391
215374
217456
163892
201573
178520
183990
186979
179903
199352
204039
181167
209483
205268
203973
211603
190887
222388
228318
219233
221520
213851
207621
219433
213814
242340
214916
227525
204397
210013
193249
208416
215310
203263
220479
209897
210158
212848
215275
219557
215455
209534
213136
202787
209755
210876
221468
215706
207594
206874
218367
216457
207567
216167
212840
213582
199550
203221
213706
201690
205045
208975
215788
213323
210603
208159
211988
219936
202251
234755
217093
210405
207588
200025
207353
208869
212052
204155
221111
205144
212521
208253
219707
206844
212652
210035
217213
208971
210438
204550
209348
204483
217110
219053
219333
206112
211893
214875
219908
215596
222362
207386
218161
206762
210526
211191
204558
216243
221368
211096
218299
224473
204613
212901
205661
211319
211045
202445
213388
220256
213325
214642
207253
214164
205268
214315
229094
203837
214274
220487
218392
209528
211112
195694
213208
201201
211274
207111
219432
213976
219866
216873
223132
211591
228962
207361
214538
212969
227407
206316
222749
223024
218629
207739
224977
200217
209148
192659
223525
193749
221424
240946
202812
212551
208358
227582
228710
201222
224824
221236
200792
202540
206276
199870
214409
201984
221822
206325
215227
207668
236540
211408
229307
214153
236047
192856
220235
203942
202285
7030361
4911522
2873070
750244
242957
202964
295526
204125
206614
258268
212921
209382
231251
230994
242713
249497
241733
216290
226371
236298
249745
213610
208050
225587
241966
208328
195331
240175
209180
223601
199713
199630
224875
204968
209774
206413
190343
198596
212740
194566
230335
208817
206274
192463
207553
186894
198436
201895
191681
190609
196545
202740
201019
213866
205692
214862
211261
217506
197990
201044
216245
212099
193097
209934
203364
210861
197844
213507
206529
205023
190952
214359
210165
204211
195517
186559
203817
199168
212753
199209
227734
213634
207778
213463
204390
217211
217872
220842
214938
223277
226887
217512
205298
227178
222153
220446
209377
237611
229254
237045
226042
206708
216121
233863
240221
209042
194526
226610
196475
187459
209731
242794
222597
203808
206950
210487
215903
203237
221291
209321
214103
201308
206740
206579
202978
206559
214161
202955
211751
208024
215893
203194
208935
206299
199182
214433
216492
213267
221733
228994
221363
231361
216723
225778
237969
227685
232576
251422
242650
240453
250917
249627
257768
230809
241164
231858
240207
237480
219151
224360
238622
243799
248290
241029
259583
245460
255231
277125
199931
252282
219326
269598
216918
209678
213578
261070
251939
254056
244573
201765
254795
212308
203633
254840
219907
226007
259585
208996
225647
234659
211876
235840
214152
238717
225874
224765
225745
226796
233116
214867
201751
220111
248839
249674
239256
210861
234575
242558
208194
249427
206224
211039
210082
203145
204248
199748
260550
248064
233466
202226
206500
203971
212954
203433
197019
206935
210999
210281
246615
196888
203455
205384
194452
210480
208424
201678
201760
216270
197928
199993
201566
207774
220165
208984
198949
214489
237437
212170
204317
217273
210583
206686
215631
200180
222870
209747
205808
219981
208377
208302
202241
213216
215136
206048
214654
206953
193322
222219
195022
211644
222859
195905
200164
210645
212423
212150
216070
201520
213024
202826
198710
207366
211197
215359
209812
198867
215434
228628
215666
212079
210023
203291
202532
225316
200760
210583
212279
219885
210750
211078
204274
201379
217829
205275
212396
184914
212231
181616
205749
226381
215360
216808
210254
214946
204980
198062
195087
217206
219403
209517
212858
215999
220690
237955
206146
210210
196513
213241
217915
221264
221475
211826
206828
217059
208611
220641
234075
217865
232346
215266
218277
205946
246621
239476
218168
201370
203950
211731
201813
211689
238220
203179
259822
223892
312478
218034
204206
205593
219310
216177
218631
224577
221928
233850
207036
311174
222161
208725
224357
220572
199187
234306
192640
223408
206598
226020
322741
330220
273973
221941
252772
240653
222214
272874
193025
203757
187707
231191
220820
222956
209066
220774
206289
208288
214393
216712
238166
196368
219560
194938
201719
195776
209363
195767
238067
213277
198747
197612
212917
209915
204578
199774
201827
208677
194958
209695
203411
199739
224368
207546
213459
211483
212442
206518
230185
214245
207685
202773
218842
208163
208052
223348
207690
209783
211709
200672
230446
204309
204511
203925
213414
199502
202943
210053
234510
229525
211323
212339
212227
214891
201302
206372
204474
219276
207838
195802
217647
215578
218375
215364
215555
200249
214876
200609
203508
190760
208334
218199
222393
204620
220225
211223
215084
197636
217129
206312
235417
221962
204656
210405
217289
228612
209612
198979
206383
203446
274793
229946
197482
210538
197333
197696
255924
202197
208636
204750
205720
209034
217501
221102
200201
212378
198288
203275
200377
201212
251760
178194
256383
226888
227096
200182
220507
235508
216427
237251
218915
208951
228373
223647
250878
244177
213653
235639
217899
224084
203505
208904
217840
199417
224490
208377
204288
206167
205143
219222
201560
203036
210937
197706
217619
217123
207520
203767
207323
213447
290234
246776
231178
214030
272615
260144
238523
253576
264112
280547
214418
221290
206087
7114765
4997867
2935092
863614
345207
327823
252392
202976
249689
250044
228666
239478
197641
210295
190381
196906
220735
230155
185470
180091
217676
169837
214247
209484
231687
213725
194253
259536
228011
202100
214784
209392
211385
198262
239576
238435
216029
172167
250004
210463
231995
178527
223051
227539
234546
210625
215665
233074
185805
208810
226160
208259
191995
200210
219184
222295
197680
205212
220447
215498
235809
199287
235894
213459
205575
213601
218489
211369
210239
209971
197514
203086
215353
220115
218742
216097
211493
202880
213652
200226
202585
201085
209241
202042
206990
192672
209852
197813
219694
244774
231521
217319
218703
204394
206793
201928
203560
218688
211302
200359
200381
209667
216744
209039
219669
210432
204702
214969
208283
206046
1183162
203521
210046
206925
201778
205792
208015
207622
206892
218135
212035
217566
207937
199789
216555
199295
220724
211123
196374
223106
207975
212036
209819
207294
214894
210758
221367
215068
209875
204471
204077
197421
207619
207743
200217
213942
197263
209016
208565
213515
212587
218253
197846
219407
202213
210667
198536
215018
215529
195981
217287
209924
202405
217639
218819
208853
200458
201394
209027
211381
205776
214312
208297
210061
221645
197477
219620
214911
207963
212049
220595
195311
215791
206070
210791
223385
209671
199872
217655
209867
200821
200413
215262
214630
204365
208958
214147
218113
207003
214736
208162
210714
206386
218605
216136
210849
196823
218444
233201
214523
219179
207966
218114
210022
216049
221815
204056
205740
221269
214017
219107
210650
219256
228464
220213
215973
208523
193954
196939
196264
192769
214657
214991
226133
208537
210048
212538
207069
231237
218580
223655
231812
221702
212600
228202
230048
218877
233102
210275
215049
236049
214147
220127
218824
231424
221546
226291
216647
226630
222706
231266
224660
217979
218860
230201
238867
228080
204970
207299
213789
225495
233733
227988
213436
225438
207724
208308
234445
232301
231288
238185
194707
233900
207211
211499
238124
237433
237515
234035
225912
222255
236921
201458
236513
223185
228767
204382
222529
195381
229117
221047
209648
206260
212940
206123
201332
217435
239841
223929
241401
190182
207567
208199
224872
250119
226144
232646
237605
262796
245285
272772
248853
221399
210352
227862
269958
216030
268001
227175
271998
223681
235627
230017
257204
211113
188937
197061
197466
215934
183125
201374
234123
190813
199930
247387
226432
239299
224561
241078
224402
201294
198652
195177
186307
196732
186395
187895
208815
230101
235017
227081
220907
209758
232259
195560
200646
211656
218762
230767
200689
229624
224461
203310
215458
239058
244549
217519
229840
200500
207531
201464
167420
238202
196075
230241
225758
253562
190945
206881
253169
227902
222646
163984
180970
187207
168655
189163
192051
188158
229030
222728
195538
239003
262078
222190
219316
223829
265011
218147
249251
233522
228054
192574
189299
239574
175485
229988
255614
195596
187508
228364
244374
178936
171046
209235
204919
231281
168506
209942
241305
219038
218018
213268
165739
211661
233223
286546
222630
214269
210212
238628
197942
214122
234268
271645
241925
237249
236665
224282
280231
233372
254863
243733
214414
230434
234140
222958
210053
285749
205148
223210
201800
270976
247954
223081
236586
191225
288184
213348
239710
235227
231560
261553
233406
253071
209966
261304
199929
197332
201104
229698
231242
233443
249677
204618
257953
224859
206946
215764
209046
209186
222557
248767
230212
254262
274677
229403
231497
243101
217162
216534
219157
204132
203417
255463
251424
216203
212335
225263
208627
231953
213087
196077
250643
209530
248333
240783
228393
200375
200360
237712
239934
256599
215001
273429
268632
230156
226379
243474
219202
229238
268634
221129
255242
231988
227423
231793
237913
233706
211070
246554
235742
244840
217456
215144
213185
207495
223981
285511
226701
214240
210745
221940
221225
225392
214678
224820
225495
206849
207527
6358482
4229340
2178564
667025
190596
316573
207245
224248
201544
198955
215837
199452
210578
216270
200139
225239
197142
215658
213503
222282
218935
193246
208078
222566
203378
189151
249719
205099
205301
190708
204638
203252
227110
206211
205530
229163
204301
203102
201607
213714
208637
243806
253466
268223
195442
222382
200151
206500
283856
196127
262772
277758
263168
209789
261907
248399
277342
282774
250032
218149
213110
223214
206182
248980
288724
256435
276473
220096
303977
268830
219497
278179
233609
222221
266709
267375
273622
266206
188576
183889
262811
238014
208370
272174
207891
274445
243905
238015
201469
223414
245650
203449
198860
198472
191827
186432
217285
225065
215792
207644
243868
184914
212876
234405
222604
249982
196290
183627
198019
189290
204263
186320
202284
214559
224402
226393
190314
206002
198741
236493
237520
213735
189860
261952
256476
218464
240764
246568
205974
227936
191316
209168
225581
225295
213140
218288
204961
210341
219066
198605
194900
244716
208609
185250
203978
223089
217385
209890
199125
198532
200122
195137
208985
202454
198994
195886
209372
203290
185422
190490
203677
201669
211689
196036
220039
214194
201896
196732
209377
627185
221737
201346
200587
202261
196500
205876
215728
332456
197533
214238
229174
237076
195371
260939
206887
187889
194877
205074
209432
209643
217855
194261
214003
237366
198814
229574
202919
218258
193560
186701
215313
204276
220124
221159
186970
205234
227143
227873
194280
203140
221769
216882
225015
216767
229305
200799
206380
227349
199848
204538
212574
221180
207625
203768
212676
221988
211950
212559
206977
218343
204531
201719
208444
198803
203304
208688
208872
217754
218791
198037
200959
205569
213359
209531
203192
233379
215454
200898
202566
200239
199759
214365
207722
210873
206484
218172
192906
204758
207156
203177
199090
202528
209908
199907
202973
202335
210176
211378
215410
198849
203473
212203
196146
217760
203382
208029
213904
220872
212215
207139
192782
212375
204823
209363
208113
212740
219417
208476
189312
206290
208763
201940
203883
214237
205527
209064
219501
206372
202153
224067
203859
207732
208236
198990
211724
205082
201917
208241
214036
205655
213620
204240
201564
212959
208333
207734
206330
213037
207169
211198
206717
214280
207250
210777
200101
200889
215181
191085
206863
200654
210923
205065
212482
203937
196131
208845
220736
195328
199006
223240
227429
195265
220166
213983
219050
214309
225411
223563
223001
197947
363808
191294
222181
195838
190947
269725
215514
208329
267423
223224
270747
267013
249504
194301
204925
203561
173819
189237
184735
190805
182923
183604
189018
177479
240212
241516
233185
234342
215094
223062
230524
213158
230351
172392
220748
247199
252033
246208
252525
252097
204319
198120
206960
264320
250905
212334
195519
248391
244455
206229
251732
223534
222965
183982
224886
197470
193198
172996
274236
274966
233435
294864
271347
211201
253017
253916
200696
286863
277550
243647
208833
268891
282008
254571
290525
250804
290676
262118
237270
253205
278054
233833
230981
272508
274463
271761
276366
232503
255391
221571
260261
279913
270796
204170
240024
261459
266889
206099
251897
264249
267155
236906
194057
233248
180961
187755
233347
228160
244545
298769
275003
274246
260550
205968
185355
183351
200916
176762
182222
185023
170475
293389
239586
273869
209424
207798
325486
201913
200593
213830
180995
193018
184160
185203
188727
182704
186435
172272
216592
184934
175101
181772
177738
166504
165686
181872
182361
166105
182835
170853
175205
160507
189873
214542
158280
195991
177542
182870
190610
200685
233443
217498
216157
224231
231596
202867
214820
208350
212317
200406
206869
207348
221088
198778
219588
218466
213505
203439
217128
203479
247811
199146
209227
211509
203914
200272
268864
227813
199620
224939
198308
204020
207758
205300
216721
212110
200469
202095
203648
206713
200641
194465
192274
210770
211964
210088
204678
217316
208417
5146429
4484272
2366734
792121
193493
199686
200938
223223
198912
213157
194920
214216
200891
209586
198140
204638
214886
210828
211197
202705
201513
191758
207560
208105
207929
208482
203663
201702
202925
202449
202439
219558
215783
208549
204304
193346
203591
204960
207911
203269
213288
211335
198746
196940
200182
215473
215582
214716
214338
210246
201958
199084
199436
194964
216112
216022
216955
212785
209767
202598
216944
205957
196736
200325
197187
218307
215407
208478
200596
207114
194850
196606
217665
212360
220729
210131
204265
203609
217144
203792
201260
228567
208857
195401
230265
183763
206604
183992
196414
229346
207380
214560
224952
218533
240115
222203
231377
349222
241708
204407
212052
206212
339216
213868
224554
240008
238551
253931
204355
344003
320870
290131
298653
278591
197557
226297
176832
245459
225773
259018
193869
289707
266828
240680
322993
289817
338286
244520
186799
327854
332432
338266
304086
223182
330393
269943
229597
276437
175493
250530
194806
206621
236255
290374
190956
258164
302064
274538
212126
233614
192369
345738
214721
222958
194998
260805
263553
236385
256011
206174
268540
200763
218361
215884
189419
262657
214712
256155
274118
325721
274941
288280
297230
331607
198056
221120
295601
327138
221934
319417
199209
249286
289404
219971
380805
210146
208640
263251
192977
210780
226163
306620
234342
230086
237172
198430
232128
232273
229983
290908
198255
272292
246132
312029
197454
211705
223375
337830
244207
321665
226950
211367
320822
225901
278652
287169
338781
198749
205904
214069
202576
196191
190397
214926
272594
218640
192671
225596
289303
214352
219792
216330
207104
235514
225462
226572
289182
230563
213283
223773
224288
229199
294751
209560
227510
239329
213492
237470
205017
205717
237785
212621
203699
238483
204279
210924
191597
209261
224417
232209
185967
236393
218322
232036
245898
217165
213718
225606
194490
189446
203016
233887
207253
202683
205799
192325
223535
198299
217815
199034
201727
203343
214771
233362
244095
188707
219007
209273
197182
200712
211899
199136
200825
200589
194039
206114
228347
192415
199371
214406
223830
202266
219395
204667
207299
198390
198284
202572
214187
198976
208565
216003
212137
198647
206551
293093
199191
221472
195335
230083
227740
208845
207219
196324
216187
219417
210915
249446
209842
192909
214583
210279
216194
194083
193949
198955
191352
206536
201894
195853
201570
210771
181999
218504
209841
159111
160924
188608
170153
204202
232342
225222
228824
313003
198320
182720
189266
202210
224628
177408
223127
189273
230601
210343
197524
209956
251920
237027
245505
239227
202416
209416
228929
234294
207706
239442
203927
194430
182848
245245
249196
178092
307841
297431
176948
197766
191239
215428
186163
196419
243380
236730
235910
192988
256361
215326
202599
226482
216008
199240
237096
228966
207912
230750
231622
211823
221644
181211
224449
257569
236011
250021
188422
244336
235205
248407
245637
246737
283113
232642
257938
256165
302016
169574
281719
274291
214147
279997
230423
260912
199770
252467
216037
200332
210262
212582
211565
264596
226379
211133
201614
212037
204451
220392
203817
205811
208817
274287
211937
206737
214626
201781
204066
217697
224262
218395
233554
208550
233799
210981
233656
199074
243290
220328
190677
235699
192224
239755
222031
236810
255919
282809
274394
291161
205431
194572
317638
202039
223136
249154
426027
306885
310206
360257
301134
193966
269993
286838
332786
334343
229351
283393
310890
298018
333329
273212
207038
205257
198486
210926
214518
200922
225458
208066
225414
300517
242118
336056
313010
335002
261323
249751
206234
200189
281105
263273
212008
318924
212291
278889
205854
198372
281271
273216
185888
366984
385834
213875
331145
368660
254249
272475
198148
453033
417823
220050
299881
438838
372893
256709
216735
361963
442023
331584
301694
281251
344662
269102
421441
324866
355526
314497
282954
312575
319429
329783
314607
322013
6468684
4395129
2269303
658849
304680
344047
274716
216161
400239
242403
347008
318195
257318
226613
271997
231064
213797
346302
317808
333535
168125
319775
257223
334334
306260
222096
213405
196293
247826
239255
412155
315574
346823
283945
308175
315123
249821
217277
250141
214646
302798
255160
212152
235348
214200
380706
209758
367749
184541
205887
311493
170424
303436
300748
308477
307882
213712
303224
250697
298880
341528
336218
333155
297920
206967
324550
246732
265137
246965
303436
277555
293773
196380
336644
294010
274041
326856
297809
270266
289187
200972
188421
306912
328896
248254
201853
236655
219214
208889
280126
302895
255579
220958
247028
209889
231237
195782
260198
305519
288943
270351
239272
268235
295982
202881
248422
279907
210973
291758
182682
303845
345464
292448
264720
217270
241001
266515
261760
243989
202215
178444
232881
221644
258026
307328
215265
320830
281980
303375
291803
281524
236609
313961
318261
253455
210005
240767
234083
317400
289609
289101
327538
236233
244945
285869
222133
250355
243347
227544
231576
233385
212908
274976
234969
273800
236620
166925
251397
268465
333918
272979
175555
194213
244763
194406
257282
215400
236029
234798
244294
211007
245428
269938
171043
295176
284675
296734
275675
320020
230232
227485
385424
180188
295708
201606
175771
343689
351506
383830
336304
282592
244202
280724
259868
259654
224843
262232
276333
351736
313282
185293
260875
355537
365940
434770
201224
299625
371035
350677
356071
296632
182547
162346
265437
298245
337696
341273
185075
195637
193240
279750
335728
223480
311556
360163
335207
317760
363761
355714
278638
268553
340969
295223
153900
330931
258578
308980
358108
286520
345858
284177
367920
324122
383681
187191
333500
316276
259447
339082
306027
428384
347654
256917
179914
242163
216904
188752
290573
247948
355038
248508
409008
386259
201149
336965
395748
194688
357801
380225
349951
322549
319456
360236
386499
191724
388184
295533
306625
240431
227260
297917
318880
270674
249008
278650
313369
312843
370190
188889
218594
300811
348295
273552
387591
200668
214249
206489
308284
385606
170721
351086
338320
171130
326953
300786
268011
322141
248139
217629
291452
228109
291168
286885
346161
326113
177324
225597
197917
231949
245812
285585
327017
256141
284810
168774
199325
242103
307003
244245
198414
188643
210861
260530
204735
190617
290115
232659
199172
233680
263797
251919
247270
294769
268772
222526
280467
360120
223672
196613
262616
265779
324196
217312
211220
279341
319566
337657
304677
216201
247444
244492
217288
302449
386908
335521
363107
364647
331510
338277
250026
236442
286715
277653
416236
303557
338178
206903
245011
382526
217497
281929
221743
233498
388184
374334
202545
313985
199105
222883
251036
228087
212420
206547
205089
245418
210634
195425
183591
164810
211061
172211
172624
257465
202920
237614
205358
203189
255767
204629
208991
210108
196669
209598
188879
215346
240887
211744
260358
212240
259059
227590
243581
243302
229211
230466
232847
198446
218974
170687
215379
185900
212060
225943
204392
202153
236760
206925
189602
251367
189154
185592
183558
222972
211299
173320
176406
203208
216773
223466
235431
226625
226725
191026
183673
218310
195651
223890
207659
218972
216575
236981
164648
226279
165082
236383
166801
235719
221566
235705
226179
230765
228250
213694
218456
225896
235106
179606
216822
218352
169518
216080
213410
220334
174895
175118
219899
223774
175329
225790
173053
175280
229412
179695
248492
246577
215996
229204
235494
251331
199187
200884
212284
172452
241947
208635
218145
236858
238718
197228
242506
219955
225225
192554
197349
233396
241336
221037
230067
205337
216162
240354
226684
236222
203147
235757
205927
214424
227910
203494
207046
207654
230024
221959
234542
251622
213995
211790
209604
252967
217830
234476
237585
230902
216407
245437
218825
251822
199056
225611
215251
228557
211714
226793
224884
249921
204892
221896
232145
234956
234712
7092411
4971988
2937543
863271
348431
217613
237604
228362
212477
208930
254697
209820
205721
216928
169867
214568
184187
203659
192529
203904
256541
187742
232924
235447
206872
206936
239393
219213
206569
226735
173714
175106
178648
226176
228045
228763
189911
222916
242128
278342
191823
215550
259844
250044
252839
241994
255095
208542
246822
248390
253644
253816
205416
277814
255344
264000
250338
211476
257703
209536
246027
247162
250426
208932
217867
243811
260680
192821
260030
238293
189993
223559
254014
243200
212842
198160
211298
207925
212538
236191
203545
237977
207788
192960
207388
193488
186730
257123
244673
235206
217015
279953
233692
228934
192913
221709
183155
239055
196406
190709
187052
207549
200768
197638
234323
217863
208520
212860
200372
205216
204712
205026
208698
219089
231701
208759
198898
257403
197410
207323
193504
236572
203788
210761
199095
208881
209283
219771
223098
245888
221111
205286
204795
200675
205088
207034
219099
201255
212502
194356
211688
211120
209832
209325
217516
202008
217253
194665
240115
193153
254492
211919
206738
212962
211941
217127
212913
193639
250564
298675
196882
362002
208418
263765
302232
200342
215701
189602
203587
218800
231752
221739
192494
233540
248762
231934
242331
206768
217023
215530
185815
212509
210421
200077
211320
198576
227117
183459
185821
223678
237982
191242
227887
293073
240490
208351
208869
234087
255008
180931
255716
184191
247779
230737
228657
246872
226585
305976
236492
305320
230405
303404
263999
238869
218966
166884
189945
251274
166105
293969
245451
310738
256744
252203
253822
247470
277154
274595
248029
212227
223217
249876
254965
255555
209804
271048
239136
255968
195642
229525
246756
288700
248849
300392
244848
258372
256646
231635
278982
275683
238916
196792
208224
250250
224719
299927
267154
215507
279983
281149
253872
211605
264390
278212
237103
258541
207624
258831
243155
223775
241405
258639
259319
265729
202505
243690
253167
264513
260810
254478
238349
231050
246453
246032
209868
255693
201360
244638
226140
245392
259678
248483
202000
249070
263924
217988
285142
246901
297405
266655
224630
202771
313768
279035
274135
322561
279633
265041
270723
247756
246356
276064
192326
194941
292431
250055
263543
225465
320329
264820
214252
255172
226631
235962
260605
251939
190007
238605
231773
242645
299709
233076
230424
210854
213332
214226
255937
254651
225974
215831
225256
241884
280685
182095
177722
179859
218050
193022
237942
270180
224847
217450
199374
221254
218968
281482
220778
243472
215008
233977
195506
179804
244542
285750
231972
257681
173149
204485
258006
197555
292379
307241
310420
308455
223168
221236
201409
242547
186621
240849
237341
240375
206159
179665
181190
293319
191404
208206
168691
210312
301591
226456
203059
203423
186457
188393
250131
196209
191901
250495
195566
255173
303608
201817
197614
178118
205570
221024
254003
233581
254013
258088
192340
235706
186282
282119
189373
193422
214909
206607
235651
256097
245136
282834
271802
299774
267848
217486
245572
203409
205536
246172
251264
248920
242058
172543
175923
180853
194738
224846
207997
197917
235216
239400
216828
164001
202282
238472
225587
235522
221419
187361
220341
301691
272926
210820
252720
226589
311790
232121
166674
250398
247800
207579
244329
281160
237377
207402
268553
245585
295610
232429
229144
190797
238989
225169
227408
270605
202956
162454
215055
237188
183080
210949
223490
274953
220708
261809
187011
229898
172982
214772
184945
224572
217313
212974
206372
211844
238745
197575
241871
204291
213533
237440
233166
243757
209371
209767
210500
208337
218558
197252
225903
219074
224920
206909
224762
214921
225238
209841
219037
234129
228000
211771
240169
202029
222044
229217
211229
224350
228494
271220
216031
191171
227025
198822
230521
246333
237781
218284
233208
237978
260908
228030
210473
242401
216893
245696
275038
191010
253511
238138
209085
207693
259283
181991
173133
235164
211912
232315
6648579
4529529
2495079
455317
232140
351829
220702
226617
275981
244540
241114
195006
218448
202849
208751
243716
262266
252487
263683
290884
246954
249869
224070
296387
253983
213449
287197
296491
289925
174110
258249
229749
301216
241358
175865
214349
256481
219950
239951
302839
211882
167786
215578
234746
288616
238312
221404
221703
236082
227073
198825
267072
225156
192253
220187
213869
210748
196814
210987
191796
271792
203883
210471
208036
225800
208674
225766
211999
225023
241218
221520
206521
206454
219900
264956
275733
215989
223684
217517
274136
229999
195974
213357
210276
206364
187341
248191
276117
279366
281661
224291
209973
295973
221692
230586
260498
283279
254742
245880
273281
247469
226221
208038
219805
245621
243158
237059
210576
223067
207383
249013
211818
232206
205083
216282
263610
186397
214710
197114
231365
165816
249193
167898
209907
204847
210955
204011
218435
196518
227710
234037
218985
220528
193641
207657
185896
217417
237700
255777
223369
210915
216526
231732
230091
234184
227487
241691
190260
208482
166279
235075
183721
215628
205657
227661
219767
200321
233266
218313
221174
237596
267212
250849
318397
206776
200185
216339
237682
226898
220937
213868
199534
257667
213269
249250
216001
197862
222890
169135
245663
349884
166095
253908
219137
173104
215618
173190
273956
184269
239774
232314
200047
220213
212094
214535
236772
213267
204793
219812
206321
202955
294505
164638
267018
161580
186613
205979
185498
184674
200220
253813
194110
251790
253079
214345
227327
213113
193317
285851
234539
179825
246044
243313
259540
264771
237264
194758
211688
206978
200521
260722
229587
270695
244136
288941
195728
231109
174864
241203
211893
207839
253810
202422
236975
311499
244392
264980
263797
239527
225860
275911
224785
241602
272110
247171
279801
281119
251266
227835
290664
200041
285394
245894
279901
285960
257824
290938
282098
298430
245429
216334
215537
236076
291521
303439
295796
219622
251575
286672
313315
307840
207215
347928
223018
206651
216943
221655
221326
252268
307414
225593
235198
202222
256998
297332
224286
207017
207766
288562
191325
192415
205837
207716
252595
255846
203508
270018
202116
246991
249498
244109
238132
208320
246433
252902
198622
202372
247728
267997
255325
252248
253795
256922
209369
242436
208112
256156
253213
254428
253008
253891
244919
196736
254139
189758
199692
206164
267348
209506
214733
265542
251469
233927
267558
207882
273649
242321
303257
221810
208155
200407
262571
215469
302469
245388
205251
219048
282395
260646
222363
230523
226867
227386
202395
270656
254637
237852
212116
255554
228074
228603
216426
198947
196580
216657
234239
194935
229304
212658
200384
223057
276301
191561
290570
182749
223561
269342
258730
155762
248274
199438
250148
227325
228381
256610
225748
245317
253579
244835
336580
283086
207512
267976
236210
242380
245323
313085
270869
234296
229406
203515
232285
279409
296431
321606
212602
259481
239054
317247
278063
230975
285251
326683
282062
295125
307588
185716
179417
173524
218294
287229
273208
224687
263556
231579
248615
261835
267404
216741
238607
223371
223958
218996
256042
298462
269924
304297
173411
200334
266220
211147
272596
258379
339167
235177
374421
296392
192283
264405
209595
322219
210071
344463
235008
337486
242433
247570
200398
195844
182018
268374
216322
207082
212295
293457
258555
211749
235492
207252
178905
293679
248232
274029
241843
236828
261972
265241
260538
215182
215832
236344
260452
239875
202086
165817
285200
210684
286039
301133
192213
246445
346859
295989
246749
198071
294899
266352
227833
298555
202990
198088
250225
229946
281161
304869
282322
203491
213182
231169
250746
195545
351875
205889
222804
269512
223263
308015
297850
174157
162681
165691
148476
243465
297135
304050
239306
217539
245887
228022
166467
270007
308503
250250
209970
217055
201050
202945
223879
364154
182386
261233
205111
199598
201019
243008
204671
178292
242853
183080
184907
7127203
5008987
2948356
823559
158129
248835
273443
253166
223872
222807
194549
231729
148079
210573
227014
235446
201464
215359
223271
217309
255592
272895
229488
206835
185438
269794
242177
226631
222455
246744
225184
216360
219821
235992
222075
236061
233937
191650
220681
239086
176464
195756
177222
248465
225083
165608
251873
211008
180903
215893
233858
205095
264658
176925
250485
196891
208099
211492
191859
248880
201198
222769
322062
181159
227199
271884
281578
275441
212170
210903
230162
205293
199626
199717
233872
177008
195917
198011
272727
203470
210034
197162
200495
203361
190716
203583
174193
171433
168938
187268
177442
229094
186934
176684
186291
201969
174638
201508
172097
210296
170428
167513
157680
202695
234341
190185
202206
198520
167326
181532
176086
198993
197248
212021
191188
185462
178551
178387
220743
185235
166625
167851
185434
192173
197398
183605
207838
263756
179824
277305
185267
250045
183252
263276
205694
201935
202103
175797
206100
202154
213352
193597
178723
265533
205493
215696
198581
195642
203834
191618
223043
205928
269194
199233
212911
192410
205571
205455
287411
197631
201167
209144
192725
213872
207995
310995
231612
195233
201629
221186
213041
206629
212207
206810
203114
198346
199485
206915
191963
203273
208902
222469
204706
193060
195546
195973
210905
211067
205646
206275
202946
204122
202822
223758
198425
196330
203438
210812
201675
204603
197206
211247
193439
197218
189932
226737
198295
215313
198794
199450
181684
201227
193587
201410
190651
183920
196371
186507
306364
198804
178703
211709
244294
234416
167991
232168
244456
264208
224554
266448
244863
249373
219843
233304
202221
211366
255958
239035
236604
280096
192905
205300
228662
251315
254884
238201
230221
233954
185205
194930
219328
207727
177448
215970
228821
181891
238596
172385
222411
227632
171482
224336
208068
214118
178979
193082
220665
202372
210603
377295
170759
236462
225087
223152
222481
241631
258957
229940
214955
242873
209191
212234
199742
200285
241269
289192
193891
243300
232880
197772
233818
201771
191362
206983
211625
197621
205536
188725
246804
212670
237935
314671
223756
225272
215513
223153
153906
242236
231720
225354
254941
291284
230882
217242
258782
220714
286166
272471
228223
199810
179255
184509
230762
200102
219380
248516
240421
220948
215277
207156
245061
235804
223821
230511
209388
264597
185579
179725
181349
191834
233445
221334
259511
307455
227012
219431
207461
192841
188230
311226
260673
207508
202688
207889
205974
272231
195524
255281
195251
220803
203814
297805
268500
294341
265958
193113
187462
181110
196621
200145
268445
201826
338671
197169
192594
191087
179581
275071
186037
187103
223328
190693
181092
202334
269444
223477
218285
200003
224279
216754
195288
247312
235907
250337
194256
218649
265297
209395
211435
195258
210602
198882
211087
221776
198407
187680
210745
214226
198044
240714
184209
186685
203461
193371
199132
217504
246544
205405
203632
222691
253526
241546
187068
240856
267402
200665
237764
214027
212892
205329
256820
198497
287247
198321
209927
156249
248491
154132
203607
254154
219513
202488
176071
276391
247543
217848
207815
188917
193638
279345
213873
215584
202383
193363
211621
192030
189855
255946
192428
258243
201221
255780
194693
191455
214572
253389
198633
231528
211299
198299
251953
206461
262719
280750
197300
201971
186186
201283
296530
293036
196484
205943
190333
283160
249750
253886
249716
276413
220257
272037
245871
269550
253039
243170
207196
209309
224987
211052
211903
180081
277029
191729
187603
252792
223719
276357
218055
229036
246565
231256
203174
185855
180014
207240
249656
235440
215012
207769
201308
211277
206555
196311
203936
212374
224083
205752
190387
178187
171981
194137
192605
208659
186545
241905
215039
201567
190356
186943
187264
201194
187585
180399
192482
208131
187752
228411
187075
208813
269716
238358
220902
236576
194099
193376
234525
218960
243933
6107935
4041047
1921180
1045419
230202
212038
204776
222233
213965
204289
214767
205317
218563
186829
202695
250971
219670
221116
215855
205305
228992
217601
195551
207801
215933
201346
233261
217850
166484
186024
217798
216001
187510
167324
241313
229351
216595
204469
219389
176287
208770
196474
177032
220902
242630
206830
214755
207216
234854
189859
210070
212359
228376
241459
215572
186299
238915
188267
197224
205077
192326
209835
233801
225497
193039
213519
225845
209125
214882
202662
194089
201298
196747
216214
196832
224718
225938
208405
216680
220175
205197
198250
203554
198299
198511
223288
212274
210732
218839
208819
205559
203618
198320
223292
202199
207117
204629
213691
188450
212737
204801
219450
208423
247590
226008
243121
220625
260799
207793
199700
235847
223385
233130
230132
209235
239680
203014
216609
201814
208812
229734
204135
217203
190599
203076
203738
218099
203522
220255
201401
233519
207183
197064
204646
226153
215994
205243
208150
215725
213050
207138
223952
194391
207370
205142
224091
198424
217495
200132
210206
195023
211026
221751
205106
214085
206965
197824
227343
208117
209931
202035
213822
207813
206375
212703
200935
198566
203216
199729
219773
208374
201732
276155
204068
285044
209348
215616
207545
237321
237060
237879
222626
267305
258479
245035
256735
261907
207737
198782
242714
224044
232212
247801
208961
222100
226340
230731
206601
217650
234971
202457
220399
219271
232843
239732
217430
194334
233515
234292
214026
207980
209310
190503
218233
268515
228375
267019
215974
277533
227533
209006
222765
197636
266177
213493
273914
236320
197595
216752
213054
213477
210172
260493
227339
304044
247221
238920
232724
214546
211712
391611
186281
193220
229333
237702
188932
237500
251278
209942
240043
238111
234511
351639
272310
247999
196166
242829
234323
230185
210103
210099
228301
225773
241280
238119
239807
221586
210015
310320
273235
242086
226629
254421
184374
204316
278765
227313
221062
278682
226321
275044
168789
320533
238317
290943
219493
240373
309784
313109
252298
275122
268456
214823
219072
260280
330459
358114
217328
399698
209263
179300
275896
189043
269004
194700
326945
294386
278884
247062
272497
355386
264904
323701
224080
220555
340710
237201
233134
274397
220642
235885
282496
268979
231587
269702
264256
349314
287262
275156
341998
241830
222307
298124
325921
365285
270780
262890
213874
249686
175712
339445
248165
226152
228018
348984
190833
248474
245255
214419
226349
230152
297692
301775
327102
351720
296206
299307
283674
283690
180440
283920
314044
302917
243035
322305
224933
240335
225413
370972
256737
242204
191541
311351
340206
199613
301146
262406
257094
210045
219298
207895
368886
217351
276822
199059
306540
323214
353047
398361
318665
402796
237056
365134
259426
340696
220465
226059
233484
282316
262068
275473
209877
237391
327295
217127
274334
263867
201876
191422
344011
322040
339200
312781
368071
308933
205525
356013
266336
217486
346994
323588
364551
321027
261663
411536
239104
209652
194113
229844
233330
319260
357081
273633
187999
337796
235201
186309
293909
255802
206695
236980
240031
333679
195843
204792
204017
264198
239685
211824
199711
221472
277293
375145
269337
310839
324612
309684
292226
276793
359149
252775
260459
225108
255709
278307
226388
249531
217169
234755
215040
216706
204442
210117
208006
252707
221402
251725
329244
319284
328797
206153
311107
230089
220909
229573
402657
217469
223659
216999
232593
230533
225964
182962
199879
232340
198097
209872
210187
215771
201207
202482
202017
198001
213952
235427
194558
201330
194708
202886
191266
217154
225418
221523
252279
244879
187371
198909
197846
198463
189954
228063
202763
244473
195931
201335
203371
198891
278622
207636
207292
222604
213753
302817
313568
296541
319141
256057
317188
274195
228408
313308
203848
203497
236492
245035
263447
221316
203392
270910
197686
215368
269784
324383
313719
201886
342689
210065
230140
317543
5925456
3882528
1757278
616499
200475
353214
322338
207068
190270
200720
322014
206491
198762
321043
196921
204924
250942
248701
229398
309363
210977
206450
367028
214095
326377
215422
198278
209031
207152
210300
243993
242110
240187
181332
251526
242828
262416
252005
225725
295847
218562
218935
212577
215453
259562
206118
217789
259809
215147
205017
195356
211255
265436
248933
205615
187209
185972
230843
226116
236059
291445
228514
183813
286344
195444
258555
276903
284241
282377
290776
258707
245856
296937
231055
247339
279618
234739
252929
227692
288923
277779
277454
244355
288420
287787
246812
261285
287585
247880
235160
256475
301075
243054
205086
288360
252066
297184
207880
358574
203287
270624
401473
294094
321870
317683
360823
293218
194903
295253
285703
293895
203936
234943
173130
191594
171978
174717
229602
211454
211479
284333
203519
321540
266175
308137
280712
262908
204423
214951
213129
327527
333020
226944
302893
218934
239049
286086
202927
263648
198531
194948
208921
278003
272393
222231
265257
214075
217095
323634
365776
291476
207173
195510
202874
201745
322257
299582
203316
238999
306946
207819
212201
203805
323973
212230
306722
308856
298525
209849
238776
223440
333721
244636
212156
209731
273278
267879
365668
243162
285820
312261
206615
323574
315343
389113
254175
203748
246184
210735
251465
287090
230105
311181
228715
229737
221921
212505
233986
245076
234142
251584
256724
272241
250249
328140
283318
260858
341768
215719
327514
300808
251274
211927
209066
241671
222444
250805
244409
230130
233408
282217
231776
279442
263414
279616
293266
250773
307930
236242
276889
337732
264015
240645
221374
211854
232020
228122
237800
214691
280313
204208
243275
228783
248568
240132
220819
224517
253429
215286
211177
195287
220316
222683
227477
305060
235529
228833
261041
238436
204898
222647
220398
250419
291453
203148
262579
204443
219425
205309
202555
222838
206264
265765
206390
204695
197278
215775
204109
258966
202581
210592
213059
251588
259476
212710
200402
210193
206245
204383
187457
217811
194370
209935
181468
173958
200279
234239
223166
229682
213314
225559
223452
213103
210080
207940
236633
195296
211610
280264
199969
223672
195437
188011
168729
188221
180684
186858
210123
211545
218160
245601
202561
245173
212433
221104
236773
245006
211509
193610
229722
205613
189423
242193
235811
201609
219763
239505
208139
230749
205089
211503
206298
198425
230166
232578
192241
193969
229175
232549
199350
238276
255534
204052
237858
199200
204899
218937
212346
206338
193588
203446
205531
206047
205380
204793
201814
228212
232799
214202
230297
204600
219719
222286
215907
193808
221712
230222
199829
194157
218910
198654
222199
217298
215725
221841
207396
225062
213154
214401
224671
218158
208963
222226
224392
215787
236514
203397
222926
217257
218882
221678
219367
208833
225486
216647
218583
254054
223241
210517
222955
208687
202284
207219
245543
221112
244657
232619
208954
222374
216514
215432
214151
249480
256895
218023
202185
220316
211719
241865
236617
191585
208262
206034
224127
225275
238836
214416
242360
219269
273860
210506
212787
229737
238746
202920
208619
217392
245724
212252
205685
208939
218254
215940
197889
208321
244229
223377
216805
237936
245154
217510
233195
242253
284301
235419
225940
209233
255778
246844
222087
223991
243261
232578
220366
224064
238436
221487
240105
234136
200354
223404
240253
240047
236575
236746
246017
249214
243296
235889
241198
247634
191364
245457
204097
199483
256151
208540
233117
295440
263745
221252
262084
258591
212016
229169
257654
272747
264307
303010
217569
245658
254571
258964
216975
219235
222382
257764
219407
231341
218756
220337
220112
219278
217033
217525
211398
269274
267083
251178
198253
233912
198968
248707
225432
251168
240691
227397
238734
217045
241985
230830
222149
219131
207190
224994
207063
226406
199657
211787
219168
222741
216542
217100
213749
198514
218527
199122
211283
223543
6498167
4376760
2326089
1393232
240368
217088
198576
198871
216218
218895
205302
192885
220837
213892
204868
219866
234686
202286
228340
259186
244951
212569
219918
226544
239511
219193
217716
210587
200577
215283
207211
207789
210049
224934
205509
196828
212701
204527
212242
200827
258619
197713
201112
245011
197892
219411
209669
180968
215787
194899
241509
182589
197027
235138
242100
227149
225293
225066
223772
220071
207098
221924
222024
209931
204798
213347
215246
221908
213824
206126
218148
213842
229937
207366
221229
220884
221951
226673
213133
214170
225930
208521
212577
220861
214351
216964
198707
225570
215807
217896
207369
237516
206920
223944
209821
215799
215270
206992
213068
224383
194254
229315
211948
202353
215928
213891
228672
228506
201110
188556
180114
199933
197749
215180
227578
242594
234023
205607
226532
204970
175449
206335
199496
249160
209312
252226
202728
195933
209962
207734
207691
252479
260672
229036
243471
245015
265920
226437
238971
238114
237414
228540
253080
254712
242065
226483
244711
214389
199258
236858
247521
233517
226807
249229
230683
225660
225353
215239
215805
228181
213392
201027
201970
205955
225473
203309
217262
208541
228279
229328
203311
216926
230957
218925
199865
209400
231472
227375
224443
235341
238779
211121
229055
214267
227502
200294
205357
203594
210073
206988
196924
209691
198581
211623
264320
210249
221209
222746
213588
223969
210733
213396
210876
243657
199193
213702
224337
217244
255480
240401
219071
216130
251242
216899
232986
246105
235512
218244
205409
228426
235926
231735
225500
252988
213077
241127
223915
280378
219489
218153
290972
195829
302107
208940
268338
274843
222797
272237
316747
227730
232460
236663
282013
278274
270435
211390
228539
215513
216388
241007
219263
232055
245453
260183
239288
222726
236783
212825
210328
235470
269637
279313
319633
259615
320852
214643
213810
327717
256387
210046
211633
212512
281296
201382
219220
213535
222655
205583
251907
203027
205045
252799
227598
247225
268903
214857
202670
208373
288484
264692
254414
242548
230064
261772
245953
220048
273689
248604
272633
298793
234432
272059
239521
262974
244484
233151
246649
253380
259022
240505
202835
193794
214856
198241
207099
200081
201868
207954
231578
197594
194989
209623
207999
228157
200278
198566
238896
224271
228714
220707
198163
217265
238690
232256
217994
229662
209351
213530
207955
208138
232838
244410
212213
213864
208214
209871
225068
199454
214057
201248
198863
214664
212296
208738
208358
205129
219539
206079
230120
213418
209821
201143
213482
207359
208162
218882
200790
199560
204425
203674
210864
208057
209962
213603
204189
212141
211711
200150
209633
217403
201470
227516
209126
196720
236518
234488
211896
246017
200502
225842
211826
209230
222637
204368
210335
208002
216289
213592
206496
207823
211948
189951
202653
213367
200601
191641
213026
211624
205910
196389
192227
192434
199479
206125
210034
228455
204922
228221
215927
208692
220401
213152
212906
198860
224189
217317
202825
207265
248110
198382
237180
222925
209467
230188
231500
229947
198061
230844
188692
210253
213254
206758
211126
226572
205906
225035
208718
192315
211245
217737
207760
216993
211604
216264
200792
206309
200051
187391
209181
207908
211487
215410
206514
217885
211406
217108
218707
206308
210697
202955
203402
199061
201643
200445
220531
208368
201736
196988
209320
195336
204224
181946
211079
210313
205188
208696
219066
181938
217375
200630
213188
209999
204973
193782
210561
197394
204674
212264
207259
216398
213784
204377
199711
204026
204951
196585
202482
191384
218229
211140
203945
206741
196254
188141
212975
205214
191535
207547
201806
198135
187335
197299
200502
202985
193386
190559
206138
215764
204823
196876
207720
195986
202044
195001
196450
200831
209486
228902
219664
210105
191775
208319
208817
223477
205653
203968
200658
219075
210414
209285
215413
204753
213776
215182
209207
214408
218020
207147
6646585
4525961
2447695
367056
205783
263217
240998
214451
190706
194914
205284
188833
225180
203870
195075
207597
195534
205815
203452
203309
197835
197537
188142
194905
202404
208269
204575
200179
200767
187256
206022
197528
186583
201448
203835
207587
196788
210154
206982
194803
207080
198390
207875
202073
218146
184848
188335
213799
203097
208694
200549
187526
208252
193921
211021
207435
211856
201197
216822
211525
207384
201274
219077
205778
219835
217759
204091
222413
213162
211387
202763
210407
211221
229408
200765
210609
201362
196979
288428
228005
249928
204026
198634
211335
212659
190859
197767
189773
205748
215344
190282
208472
195850
200107
193327
207869
192209
201492
198231
199427
214000
191705
215952
206720
191753
193219
226856
229529
230679
200742
203867
203926
209839
197630
230033
211469
233062
232931
201498
238842
210057
219277
197557
214232
208015
213958
219387
202701
210599
214230
201502
195162
209960
193600
196032
219830
211221
205806
210039
234925
199238
204597
215697
197527
198462
212110
215052
216129
202200
196028
202884
180245
214668
201155
204355
203644
209222
230244
201171
205271
201559
200784
215961
177782
199343
198830
196387
209805
203709
211307
205177
252365
220907
217060
201135
208064
213458
209422
210550
241401
237659
212405
215071
199680
227463
197025
210101
193440
196700
222288
204814
222344
195351
182988
192207
200615
186816
192539
184151
195257
197255
196912
202806
195027
185490
196353
215197
210170
213015
210358
196930
207994
192674
225316
199069
212790
214129
193397
212625
221408
213581
210928
220542
183471
234645
257327
220623
212735
250181
228361
220756
208252
249208
229191
266743
203069
259442
227209
222443
280263
420566
228017
203237
196939
211885
213369
238658
203729
202205
228506
237817
215612
209616
209907
247351
191732
213454
249709
212516
200571
212316
225230
225576
202452
198467
249607
217263
227334
223061
233849
244376
240871
216672
202154
236697
219462
225298
225175
210417
226156
245010
197035
234586
225257
223741
229301
203795
222897
215269
228514
197539
255338
231858
235436
245127
260131
236567
249662
234629
213232
214068
236439
213451
216588
245855
206637
207046
229857
213373
191791
206556
228307
227733
208075
228968
223254
210914
211913
214512
203080
245360
240725
190500
198484
205148
211673
193806
226905
217005
219787
190557
256088
239117
204884
232474
215742
229519
206278
208266
196700
247717
213141
220361
201249
215264
205231
218977
214409
206490
205914
205968
206059
222706
203061
206651
216752
194477
199175
210636
197334
204603
206251
207642
203260
216603
215218
225571
230858
194445
200252
217327
208180
199238
243622
230833
223061
198930
212559
205603
203423
210472
205191
204020
239081
215313
218198
198387
211909
213196
239170
199316
217685
215699
239954
214032
196742
210096
196250
208514
188757
203377
218956
193671
196572
230877
236880
176066
223981
198346
220582
243801
187746
230057
237997
230479
253307
218110
215145
219182
223872
236727
217746
214587
229857
183890
213122
178301
168119
228885
177486
198332
241141
231221
217570
194147
219503
228193
225640
204331
236258
231282
167417
199921
172345
187455
183103
187313
184030
205720
218217
207077
245546
197687
209321
195153
184503
212055
213420
188071
201354
207793
210268
201058
241282
214478
213298
225455
246821
259329
222656
215134
240407
205714
211460
218003
201314
202017
195316
224487
203642
226694
212370
240578
242449
226777
210284
233315
212489
230126
209784
264626
234796
236745
248552
219578
227306
210643
203194
205196
204598
212740
276012
267041
265137
282453
218879
210759
203200
251380
264203
216842
212311
192546
202770
225074
248234
259853
194342
257532
240862
250781
224820
199886
214060
238802
203293
233640
191206
178649
199879
196208
215002
208268
185495
187707
206060
186007
196906
247232
192384
177392
192771
201280
187479
199383
197105
211903
179338
199152
209457
188396
210198
189767
189879
176732
186786
193091
220436
6596155
4474953
2410929
334431
199348
192479
202303
211220
216247
207335
204010
201734
203733
218981
257925
219480
191093
203592
198657
218172
234901
242632
275809
236665
218491
215320
209305
235720
206617
200674
193198
260638
213431
214762
204809
203148
181007
209886
213305
222450
209647
198038
189574
230410
208568
216555
218588
191254
194894
214285
202633
201863
211212
185320
223357
205199
204723
233074
199748
215918
208328
228523
230599
196408
190601
208661
222374
235079
225618
204278
313196
208725
296422
198463
284922
194508
252981
303861
218261
203419
197640
210052
309082
205896
224478
300290
255569
310538
198525
251902
201118
195024
202426
231406
240180
242575
240589
265049
242522
198761
257709
261664
230631
227545
201518
320717
254455
201331
282751
251658
260284
217591
263757
258375
219183
245580
289248
190759
245684
288389
307045
273308
235801
318792
224399
206498
307801
296462
278950
252885
269813
245367
289917
188339
272013
252158
301326
294822
230510
212421
185594
210756
265407
280734
177446
236713
274311
277353
249012
237688
184304
244264
239052
177818
210982
264506
231501
245864
328146
225170
188199
240629
237717
248383
260442
257077
171431
210524
183689
219895
298602
183321
244690
198427
201475
239774
201925
197693
176854
192189
296480
231163
234098
232832
218110
222425
234081
240727
270692
189149
214578
210950
218471
214350
248552
244784
186672
235771
178377
231326
169562
199524
194712
234143
205468
231179
243354
228159
234418
199728
205974
176408
193038
201904
189962
235269
288154
196956
276681
193063
232872
201032
200071
221419
221666
283487
232628
245704
285145
294658
313431
186685
248563
208207
271973
295805
246879
260468
278075
193446
272155
226252
207057
194326
290853
252951
240743
201861
304564
227190
200311
202324
215956
206922
206963
207172
197894
207708
207545
220168
196449
234025
250657
202798
200639
213976
210903
192010
220128
214822
209498
191868
193821
209573
196277
196829
194916
184639
223160
191833
201094
191586
212603
202687
204747
193660
206085
215877
204523
184241
193213
204844
212863
211623
181008
208215
197017
195233
194283
214148
196082
203324
190089
202723
205679
200540
204286
198521
205223
215646
213892
207465
191701
225120
203738
197799
195072
230030
211744
197573
210518
205039
195633
229371
241137
226468
229894
183689
189916
168400
243612
211941
189216
196033
219815
234109
207871
210324
191260
227887
189384
194781
215030
260077
230339
243731
231533
209997
217959
182048
205816
242262
206557
228165
247971
198572
252393
286565
217784
203975
175652
213850
200278
198974
198140
221360
187590
219838
198384
248809
197242
203571
210601
212775
222459
200596
205878
204946
201800
216096
200342
241069
217889
184360
208078
180266
198689
259704
202563
205598
235004
243342
226230
245028
228804
229410
227938
199734
246593
212205
246146
182380
203236
178880
271359
204195
201338
188640
202004
192723
203717
185209
196321
209782
225703
207526
183222
220322
195254
213665
205025
213091
207290
190863
217995
208528
207011
220234
207225
215381
200388
219105
208575
196490
211699
194213
188626
184558
217602
214770
190304
199900
212594
218841
197710
211613
194680
239622
229168
187050
200677
218734
196355
219459
185813
208148
196836
204062
209383
201228
231141
213764
232440
175082
200332
210308
211430
193391
210096
201515
220184
169005
219030
193085
216268
208845
197868
198303
229817
204415
249280
192277
241660
190914
184249
208375
219627
192357
200270
200659
222547
285215
260656
175466
217387
178226
189129
182702
216069
207847
228100
205540
202256
213351
223209
181548
172659
212858
228381
237290
252101
211406
269634
197517
271910
239483
227933
198415
212519
227593
225532
283396
244516
254961
299061
198094
290579
265294
221355
289500
215424
262929
227714
200630
235208
251050
202312
215851
222357
212914
222141
231020
220482
219516
268876
227693
231550
210984
275014
199574
311714
248342
233623
257454
262341
267051
259722
236662
6070935
3951591
1897531
521500
465648
272405
261992
269779
266595
254740
186498
238317
15247432
13124701
11095511
9036028
6913565
4863794
2824271
701758
234760
231784
233286
259169
215260
230805
209152
195691
205248
207345
193237
205524
201105
213371
207514
202240
199174
192475
196662
209154
209339
223376
194443
203931
197613
196247
197219
205419
199305
197079
191140
219589
196895
197069
197361
202502
217855
209260
202196
191005
204209
213371
200034
203453
213304
185975
196920
195035
201515
204428
209371
197417
202293
202064
187025
181038
205986
199526
228014
232319
233287
224338
184235
226907
218476
229765
227027
235099
203243
225268
240058
199554
222790
219745
230987
230343
220869
231364
195839
235419
230869
231156
242339
237731
226649
231432
184665
234133
203113
193302
192838
235112
203168
188940
188552
227674
237002
228672
234573
189384
253488
186295
180158
238093
206379
234148
242833
185271
249713
228570
227846
193894
241732
234720
244119
238835
251236
195705
231515
214008
237303
229018
236899
233199
195311
196259
235945
233465
228324
243645
228276
235975
238544
232676
187536
236950
244942
188723
227468
238975
258492
240471
223750
228598
229270
238442
239322
228722
243855
186794
230717
240184
234934
187257
195985
197337
248520
232404
234635
234826
235393
227569
233744
236042
239195
231477
232580
227642
238026
229216
225365
238351
236793
238483
228892
239532
235140
200829
195585
208703
239582
195823
193852
200870
238310
187525
193610
238397
208294
231748
227824
223858
214192
228563
263228
200178
237408
214221
235905
221570
218101
227992
219474
237843
238984
228210
202263
194762
251265
210570
247093
219224
258774
269805
227092
274999
199597
261076
260182
257148
205705
208058
291001
247225
254306
219241
222238
210406
258604
291563
248267
256863
256920
264545
243397
205702
254577
232310
251069
251321
243991
249204
293721
246716
218025
289279
248910
241057
244938
242408
272999
288815
240176
262555
261062
241145
246163
202993
209689
204803
244013
214447
243800
241870
251761
238210
251339
214179
232559
241693
201144
248219
229589
203357
200945
270562
196284
198068
224346
206261
237423
232885
264774
260105
224134
240597
239923
211019
242684
203247
257129
207249
226579
252853
217942
209098
231982
273541
245826
238890
205246
212754
219135
239685
202596
219106
223272
206225
201662
201385
211193
232274
194980
218181
320344
235199
288947
212211
220426
208200
226075
241033
230110
208599
208401
222001
216564
231501
212450
264715
238523
238316
250978
199764
211792
227449
222079
254224
234489
231668
209928
196781
213076
212992
238463
289652
196254
210823
205450
197685
194891
217519
217427
230666
199434
231945
207698
225417
198175
211555
203577
225776
209843
208001
208525
215476
208129
193293
216724
215958
233876
216018
209819
215068
203109
205776
205491
211201
213790
203759
198214
199895
206391
204185
209707
204581
201949
203434
200288
199097
200631
197598
201536
208280
195050
214443
198593
202576
213460
208337
203617
211711
213401
198609
230967
214945
229656
251466
204957
213501
207187
199847
202075
193424
199312
191430
205916
191736
192628
218188
198635
201191
205477
208969
219248
187616
200836
207187
203173
193514
210667
214092
212094
200457
192190
193277
194604
208770
195528
195045
218952
203305
211665
222661
204690
204933
205348
200041
207134
193178
203395
227987
228524
230575
224795
241004
246911
209801
219157
214607
238555
217895
258031
217913
254121
230767
209667
222106
221041
210644
207971
240250
226158
220510
215518
205263
220013
205195
230533
258722
198791
201494
221708
211071
225380
213933
233077
222122
208164
196901
222971
220873
200033
197586
201486
206401
226874
216535
204864
219802
209389
244638
215587
247535
191318
215323
205358
196781
211894
221278
210884
241648
204043
247433
200674
223360
236239
249945
240060
236814
208884
205337
208678
221201
223486
209336
211036
206883
201540
214905
200843
204870
210199
207587
207515
223618
215396
211796
201053
201985
5641326
3520147
1487128
601035
244136
214412
228124
203919
210640
204009
219911
224446
213389
226076
212985
197873
224613
218549
235629
230731
195755
237226
222070
257485
220123
241621
240514
211156
232879
210031
219574
232503
208807
207982
216125
220619
225835
203813
224747
222010
208980
215390
259868
213109
200585
212559
195555
191493
232166
200222
204972
202909
216131
222457
211631
219438
201512
218787
232286
216667
189788
194788
244312
200864
186445
192932
198000
205715
197003
191872
209045
200603
205371
197770
198269
199386
192409
203047
196542
204459
200685
206218
192629
201651
204972
190740
205878
201679
192392
201643
202407
197164
198511
191271
196472
199558
194439
192273
206550
206490
207735
200563
190162
194658
194424
211941
193769
196782
202464
204501
212000
227479
240627
222057
221871
217227
203647
222530
237318
227313
257164
198955
219870
210901
190777
203717
203573
196009
196486
176583
193297
196249
173277
189128
210451
191477
198638
198256
192734
189343
182743
162841
180848
179791
185803
170771
201031
199710
225291
226461
222867
214759
198309
197875
222614
206637
203525
205560
230039
193365
206662
193979
193682
216540
203365
212979
200854
213837
214267
207242
208027
217321
204143
267550
212154
213032
211936
205975
219807
211649
214325
192846
201329
200452
202520
207753
213550
234897
214977
224413
194099
201042
191824
198840
189344
198933
215396
197518
214036
203806
194303
212373
193308
213868
210135
180598
195233
196005
222755
206403
196129
202931
214646
196066
201775
206085
223808
186947
228360
203170
210877
201811
214165
210946
209537
204690
204650
210416
200616
210202
175760
224973
211880
223195
223327
207528
248692
213864
210083
204523
209068
220117
193153
196748
195559
251912
253376
194303
219874
234292
230010
216597
208224
216223
229738
223700
198905
222880
208684
212870
215843
191785
201446
190559
213731
225464
210476
209131
200401
207222
223393
227640
236808
191180
241507
226682
216345
227947
213186
228080
190077
244649
241158
250897
227366
226534
194222
220944
237401
221936
234363
224839
205548
218849
223659
242923
201313
244348
227447
201575
222716
199194
229449
192995
235233
193171
233044
235516
229383
228519
213424
220115
247395
224239
219381
231908
196127
232968
216652
233863
214125
227974
209510
219541
213605
203672
227872
211536
222907
220641
215858
226192
224130
225446
227975
237768
239446
225973
230446
192814
219874
229084
221008
218310
202864
229421
190695
208378
203064
186605
210744
219873
197884
187696
238272
207054
196505
213570
214454
198839
234036
243179
228206
200050
213221
243210
203582
209820
185996
180285
195025
212100
215168
211318
208228
219211
195234
199387
223805
228059
193504
180132
216215
202055
208364
230073
188197
265987
187050
184288
196413
198828
194570
243195
229317
231352
171353
169658
182302
197675
196216
213336
186709
206273
205466
206169
204794
202148
215393
213890
205901
166765
170018
161756
238119
196221
207105
211191
177239
223102
176686
202395
224608
180630
207321
203905
204253
186220
215172
172157
194387
200493
230658
216333
222280
214530
195965
225514
165436
225609
179470
238393
167353
175381
187336
178683
175273
207668
191491
270704
216642
217237
226212
199915
200442
206368
207854
243548
194105
188181
221778
221442
207560
193938
210533
223760
215553
200086
242507
184344
234306
200618
217219
226980
223656
190574
192465
216308
214763
212507
214991
215600
219715
220898
197093
203779
215677
214164
236988
223920
261374
221885
199704
205067
201443
213504
176718
221086
203381
248763
207201
208457
213452
217994
192443
229778
218095
211797
235150
231089
213390
200257
239195
189217
224211
211033
193320
241397
214362
233822
212264
196450
259773
225578
228230
242845
195147
213752
212823
216856
209690
222175
194938
201529
232682
229713
220765
222018
220013
235613
212946
226682
201285
198363
206026
220830
204934
225509
225993
218362
213878
202269
215891
221445
203192
194647
213981
198399
208013
201726
225891
204225
5856608
3775152
1653035
722955
196032
209703
233494
201270
229639
200823
212086
217708
202301
201516
224746
207438
235750
196076
203639
244463
195219
237170
223990
211782
219067
225714
261603
228248
203562
228288
194197
214032
213385
206084
198614
223433
197167
204653
192449
191830
189121
215992
206241
199237
185703
201770
190765
221429
203863
218591
213308
209424
212119
209804
210548
197351
220747
214176
213752
253371
215174
213372
206650
211575
200972
213096
230118
277960
284458
206077
209912
196002
210792
222000
206903
238610
225037
226084
232766
219527
235996
242410
192794
221470
221334
234321
213410
208018
221646
216711
195481
214961
195974
180775
213587
206525
218492
203057
202486
199874
198782
199460
209791
203616
201693
190378
191249
201047
185754
214309
207332
191578
216148
196044
206871
196877
191472
202025
180799
222822
183342
196447
214382
192811
205774
223259
223450
193162
200322
224689
189356
222478
216989
196238
203115
177549
206509
184198
199354
163362
249228
232931
176732
197082
189022
220536
184876
243499
257076
240190
268363
212321
230411
238700
178982
189918
307916
261332
190639
296001
292275
219644
208329
230595
226094
226223
196869
267208
223864
270099
237437
177319
215365
257708
212250
303801
192332
183470
256695
186011
223128
321812
235241
327137
325450
228682
282606
214355
323665
255650
222735
206253
188675
200032
204681
251616
236366
273051
205427
245801
270594
280128
242063
226191
269113
249061
237850
268873
202224
247279
274395
242823
236224
264308
215361
236091
255532
220813
263514
270349
256620
261300
262120
215025
219310
304918
227558
191606
230016
250666
210732
231028
209687
302089
275778
193678
234839
183760
185178
230814
230025
250752
211291
192968
203422
272863
199566
258591
253872
319848
187382
242266
258679
238911
221935
214320
270392
200847
197899
203838
200680
206926
304783
209655
235233
180691
243288
226686
196132
191106
205188
205432
225504
211372
231422
220486
192482
195193
192592
197026
198391
163810
230164
208695
193580
183936
234106
193184
263671
263946
208972
248158
217776
208331
252863
218380
221936
227203
206102
226449
281667
225470
250945
228251
212302
206908
222096
243157
202028
198882
221730
193282
241849
232167
232834
211205
290851
234242
217170
211975
292791
201374
223331
214416
274330
246176
271387
312658
259793
201589
259108
209557
198460
208368
210804
196919
253584
198047
238148
224252
253170
211104
206269
249576
190482
276634
296948
244639
233429
235703
219127
223994
242050
297123
317331
206029
203164
198726
239592
205613
261049
209336
272098
203509
227233
230970
212310
271708
266936
231201
207560
208668
257151
273022
214969
264771
220429
262362
263110
205201
205261
211662
315602
184273
171197
164461
216462
229803
187269
224567
161334
217451
203317
222018
245537
226187
166224
201431
203119
204597
217223
196869
198941
194439
200860
206338
199489
227532
180158
179217
203915
183964
170571
203091
209413
188488
212068
176622
185520
187356
212260
197425
173162
188646
181439
182079
194424
163764
281652
209453
230085
222686
247262
260522
202463
209751
191442
212092
215602
202112
206148
226676
255603
226580
215425
204318
195757
233411
203627
217854
213452
210843
225948
200683
220184
184603
203418
184981
211195
221374
221939
217644
184631
193960
228745
223559
204915
213206
195941
192618
222658
215549
189955
196440
246513
202135
200561
207379
208257
236607
204154
196739
244941
217533
199299
206134
182500
212317
204872
220251
208916
196714
270640
249276
192613
226949
205828
205880
217138
233791
231226
251605
198881
206880
215071
214373
211115
209784
203296
214770
212432
205418
205343
207261
194730
209490
208277
211140
215793
207804
201687
204636
200281
218866
222862
238438
189833
214370
219135
217702
214461
196456
201777
519529
240818
218564
254002
221676
208364
204539
207334
201817
227871
244632
186568
208750
236352
214487
210074
200980
233881
222529
203416
202557
236717
209766
210800
217162
202828
211212
201874
5240561
3119514
1068043
491393
235721
267577
272717
270218
209060
207797
212052
206473
195162
201931
210507
207919
233998
231356
189428
200589
509147
252182
254422
254624
258617
213696
271841
303413
224855
247637
181382
228502
267779
244978
204430
197457
251739
251395
207349
216672
208966
270071
192808
216667
223065
195556
200262
204149
212730
258415
203677
187916
262709
195469
194666
178053
190181
221254
196446
194635
234894
240762
219985
220157
246700
224034
215761
200125
213996
217457
204554
182345
205849
182678
239580
175943
200740
202546
220508
202214
231203
211852
196885
177988
214448
216231
207449
213840
199070
229186
202162
232258
207825
203603
204425
206503
225826
194398
194205
225156
195109
199316
193504
211083
206890
219344
212217
224806
202208
234475
197440
197367
197613
223392
217830
219579
201698
220186
220087
222791
199633
211098
209278
211608
249647
192249
194514
241046
209537
197972
198907
206332
206377
228677
203137
199733
212347
250751
211346
209815
236531
211410
226097
257772
274718
231034
208895
241746
209606
199014
197251
218468
214748
195237
224074
266397
211887
210541
208566
218673
211071
210854
255513
202465
206572
201265
201723
228510
251458
174955
209292
260413
212716
255851
247310
227929
261476
228667
212299
222281
246042
208218
209824
189391
202140
199234
227105
225416
203289
201392
223771
198338
202599
181280
225608
210867
218720
166576
205196
220510
174622
211956
243633
216330
245931
213393
210755
226037
202964
195704
185273
201708
229148
228877
231785
227413
208337
211984
201908
218687
290699
205322
249831
226463
270479
194973
316982
211881
258030
246974
255888
240521
229507
223708
232960
264122
249756
214219
230960
228813
236037
200580
243529
219167
196962
213760
212550
215687
211691
220643
215272
177373
200206
223263
187494
205698
167601
225283
199489
210122
212231
245833
242089
202342
213779
210345
198223
224486
184248
219494
210349
227261
181979
213757
216813
216380
192611
191520
203572
203662
213294
202249
215086
188529
239764
173434
205218
195510
210315
232061
194316
199677
197717
179422
182992
196257
201592
205663
189578
228665
186092
216837
184959
190997
168397
231851
186852
196622
204500
211303
199251
202377
185484
211939
176513
222305
198753
236467
207566
210575
209726
201036
242141
261379
205102
213974
191288
179268
180664
201956
202424
213714
224030
191301
197588
167307
208768
213912
208329
189266
197964
195940
200474
200953
242982
191845
194032
187662
214466
193175
229851
197449
210359
202885
215670
236903
188229
215468
205638
204831
221166
209121
194171
202085
183286
207189
225479
219134
223631
211525
216420
240171
230202
200987
222691
211204
206619
220570
203604
200368
205360
196288
190656
219305
218051
218956
208178
210431
202246
226321
196805
208972
198029
209259
212954
195857
186409
215821
206772
201009
206451
197045
223172
200207
202640
202316
214560
197047
213882
214184
210562
194996
204819
214201
208277
198253
214424
209935
208644
186495
211595
200809
188909
194673
201527
195689
204325
203855
207986
189147
206838
219479
208641
183123
221606
201452
195727
203500
189789
211784
193990
204191
187723
208194
206381
194927
211386
204839
186738
199361
187424
191524
190818
200691
238825
247096
247242
241134
231585
253180
239051
241662
244409
221227
243044
234795
242900
210856
247953
224767
261001
225741
216007
217675
210613
204198
199656
223861
247629
227494
214085
235728
210231
244229
233796
221622
251036
203255
229766
232222
233032
234579
228567
189823
231917
212925
221747
222081
213761
223695
223265
218772
237827
227474
205410
225398
204279
233618
203869
226500
225845
207232
227803
209973
228666
222641
243465
212320
203978
211298
230658
218003
240328
220572
209585
199116
261361
232641
230217
221263
207112
213948
222595
202563
222398
231265
222384
240475
228202
230937
216339
217525
198865
221551
230815
217915
210260
204882
236955
230431
223670
205538
216383
219920
221828
219026
211849
216151
243645
222066
209680
6340527
4226135
2203769
771267
224068
218602
227185
227606
201846
207646
226867
217868
196281
224150
237139
205304
246232
184770
213694
201869
205233
229919
201641
214130
177347
191398
207241
218080
210755
208431
198597
228160
219612
228372
198427
209161
194823
197665
213031
195954
194571
216278
216874
238019
205988
241418
197597
196010
220102
229676
205930
224257
198613
225025
208507
198897
206176
254355
221229
255038
192441
263029
221213
221782
232096
217371
198906
209036
220487
205373
267265
217475
213313
220075
217788
203049
212234
216164
217583
219795
201282
207890
204913
208206
207096
195724
219309
195168
212587
197110
212638
211377
208251
201181
217653
193698
