1580713087
281516
220092
198794
183580
194548
1011017
188158
190977
194392
174814
179989
176934
176125
172295
188205
188733
195992
182634
192373
182279
190960
182423
190963
174207
201868
183090
167502
177765
185557
238615
183469
204484
168498
189786
200085
179831
174707
224592
196569
181407
190303
179638
197693
162867
175705
194511
181207
198089
186404
179759
199588
190250
179149
210919
199568
188215
162290
177529
195095
178955
188699
186769
192988
176947
187634
176192
185880
184645
180825
177749
184123
182695
181555
179329
174494
186939
179231
196264
175553
187501
187544
182728
188934
181181
184869
192759
196183
194481
184444
183135
182137
180382
180314
189492
188351
183122
190759
191201
191667
182877
195785
190343
203188
184064
187851
183756
190892
184017
185603
182948
184519
196511
188190
194527
193220
179562
180920
194995
198056
178365
179731
175008
182510
181633
181120
223005
209019
175927
182711
186290
183500
178404
183078
166818
194583
174115
192681
181469
189833
179966
191602
196469
188044
180071
194051
191233
192962
182604
191185
182606
187539
179312
189015
206858
186457
187645
190122
184197
204670
187722
188005
185921
184476
188354
182417
172108
197497
186499
191918
183832
191057
181171
186447
215306
187569
176211
183098
185519
189055
182983
198451
199534
181251
182213
193497
177410
192153
184630
192455
187691
183385
188062
185205
177561
187754
191692
197339
184180
189752
180075
177442
201709
180325
203277
180638
196757
182578
192815
185394
190823
181282
191936
191253
209186
179451
190943
176146
193187
180834
185813
182166
176888
190656
190923
179901
192963
175346
183021
203740
202610
198336
186173
194074
170197
203237
180119
176347
193448
189514
187016
183692
181581
208581
173613
181829
221262
171078
186081
190392
200106
186086
177594
179101
187688
186504
182286
175398
186102
177209
184192
181880
193657
187121
181983
178729
184637
178331
175088
181607
205929
187685
193927
174238
192892
182557
189328
179624
192248
181643
186678
200959
181815
191833
191615
182088
196610
183770
200362
180772
193361
182528
187276
164092
191815
182264
201009
192718
190351
199726
187559
189082
177776
201868
186661
179818
191384
175345
188542
176874
205520
174118
177537
186719
181071
175147
177750
181117
198244
181796
189022
177226
178152
175714
177470
173550
194181
176481
181452
190338
184747
200820
192279
190785
195688
168790
191765
189590
189641
187010
198454
180224
198836
181880
191488
197495
189980
174637
173921
185854
191476
182334
190578
179900
190348
180385
197112
179374
201476
181089
192797
209442
185853
192628
187958
179859
192911
183291
186564
192051
185639
189537
185725
184745
194987
180593
190276
195989
184945
194279
181391
184620
185481
174396
188951
178812
185340
177339
193639
182272
205000
195454
188164
184146
184021
179875
185246
194088
184586
178892
180062
185502
189915
168490
163960
184035
180401
176353
183199
197590
182873
190023
179759
185412
190504
176858
188506
162046
203958
179956
217185
175251
195832
171891
184307
200769
182102
183436
182655
163644
178395
173703
177071
193647
184915
183171
183847
183144
183465
182289
184440
184975
195556
162124
237830
175182
184496
157218
187567
183810
169821
177722
181130
191670
196972
191299
178542
181993
170384
199615
187105
178993
185374
174708
183944
182652
178764
167522
185238
187835
193345
162039
193612
191237
176632
195284
195217
176256
189520
183288
182352
185058
175338
182031
179226
188079
189100
181512
190812
202148
194209
192305
192835
189393
195378
182150
182050
181172
189798
185183
183857
188336
185872
194161
172368
174154
181085
202021
187742
177353
192223
172706
180144
166759
188899
178929
167024
183167
182928
186034
195756
182980
182521
184199
180965
194791
181959
186054
186941
173131
182863
193757
175947
192266
188973
188470
187406
196627
186182
200664
204567
177066
178455
191496
182134
190952
182879
189923
181282
195318
182042
190292
182115
198694
200200
195350
227947
189258
182731
189991
180849
189509
179480
190710
195998
183689
175516
186666
179648
175761
182730
198745
186705
197723
213817
200083
179740
180432
169878
185649
201929
159940
193263
197072
179512
196246
187655
173196
181135
182131
190104
187154
193205
176021
182823
189774
186749
176536
178356
192203
189702
185906
184224
185732
201899
191350
183658
196761
184235
169764
191059
178603
205059
176510
182301
173904
189389
176169
191204
176411
209695
185227
177182
180488
190366
184328
177635
186245
190587
190563
168730
182800
192111
179349
191733
180683
206256
194694
193390
181124
191048
178314
189355
180245
189173
183354
192895
189837
185681
179308
189668
185935
180864
192634
181529
202627
180003
189592
182102
198014
180195
190436
175453
190249
192869
173272
179365
200083
189624
200919
178620
189173
183916
188646
192971
189063
181641
173499
191737
190541
190919
182528
187756
194505
191923
203860
179041
184718
196372
183775
187830
199674
182044
185741
185484
192808
174392
180812
180084
207153
194349
189275
190026
187929
184822
185795
182927
201410
184154
170618
176858
189699
193469
190252
181116
209086
193873
201241
183943
179385
184043
180375
197217
178341
170974
191387
185651
182257
182031
195082
178443
179746
180282
206729
180982
192262
180242
191958
189006
174978
181834
177929
187310
185992
184875
179301
203715
173021
192283
183757
192780
178949
190023
182832
193745
182253
183509
182372
197866
176235
183784
188965
189295
173271
182212
190745
192502
191421
188224
182992
194214
192095
182110
190696
180239
200333
179864
188997
186668
184321
218496
197970
190128
183141
198686
171017
189265
189869
177090
182191
193510
181849
185140
206381
184490
182541
188385
191003
182034
191995
184242
194986
183738
186291
184456
187023
204832
182609
182750
194871
179746
192110
188616
201962
196446
184003
179419
195589
182465
196423
191619
188987
179237
192609
183074
195896
199013
194311
186308
187847
168113
191299
179625
189910
184062
192199
199735
188003
183509
174360
184589
181341
166250
190674
199792
179137
189003
177829
192229
186738
188406
173256
202748
189660
191708
191984
179592
192739
181825
181255
190125
190907
183478
183272
191067
195892
185054
192255
199345
178085
199954
187953
181551
199465
191464
180819
196339
190477
181833
183023
193417
184568
197538
190165
195694
188100
189575
191680
187237
196407
182505
185370
177720
194189
185887
190383
180656
199511
183473
181959
185260
170668
211460
183657
184804
189718
179930
186102
183007
206967
177698
189934
195953
200906
193877
180160
180553
197770
193212
202197
184182
208284
183207
193404
186566
196881
172515
193539
182225
189251
180024
203087
186735
172265
190037
190664
179644
188173
178045
188437
181291
198170
180674
205156
180138
195181
181686
192326
186696
183141
195780
182784
183011
188949
203702
185764
174500
202549
172430
192134
180794
205761
181591
192288
203618
184703
188633
192808
180588
195352
182792
198181
196501
200378
173893
198567
180232
190684
172449
189651
179791
186129
194493
177218
186779
186724
201113
180232
201868
191255
192583
173747
194326
189848
186600
188181
183851
182719
184133
196132
177051
172530
181319
184528
193848
180001
179557
186328
175781
193712
179983
186405
179561
186236
196512
181991
186664
196247
191676
187837
186085
188008
178577
185283
182521
186541
175545
178369
181802
189215
187634
182609
178231
189576
185064
179150
215374
187550
189514
179423
186308
188058
189271
178196
182314
177909
182468
175701
175318
198843
179070
191499
185350
197824
181088
183372
176224
183293
187945
180308
196814
180496
180052
179112
188813
203615
213607
177843
199459
190987
182940
178099
174000
189095
185155
177525
196046
192526
185650
181004
193632
194532
176726
189709
185801
199288
174558
190212
179294
203573
181911
190507
181937
193582
180460
192679
175743
214224
190321
193068
209709
190890
185181
196589
181358
192489
164659
182208
181434
182006
188348
178430
183408
198799
183558
174818
197628
186613
179458
180800
181141
174708
189945
180413
194347
180948
198933
191468
180845
189447
173627
189712
200710
188825
183541
183029
182532
194802
181947
190114
185937
181323
178446
186642
179239
191943
176629
195278
198721
208916
176884
192125
180191
200852
180789
190695
178073
188212
177278
191344
176615
202473
187585
193986
206672
196610
177715
193624
176069
195303
182028
195083
194943
188343
198862
192183
226373
185272
181468
170627
189928
203511
180196
179303
197515
182887
187116
193450
186810
179850
184167
192890
192613
178401
187358
187887
192989
195030
180344
195904
212313
192111
196974
188207
181338
191298
179234
189774
189725
188440
188172
181370
197927
190517
191283
186314
196919
181985
189993
192161
192522
191360
191535
177634
187044
180418
189980
188042
188638
186249
189694
188165
182156
180930
182372
188941
183927
176019
180985
189776
191886
193397
189476
189838
185998
194854
182327
187345
191770
192939
179476
186118
182757
171866
191796
199450
179428
195991
179365
190870
184353
205686
181943
200149
184733
189970
193737
183226
182270
185504
189957
203260
190764
193677
200212
194783
177955
200306
189998
190602
196732
187027
179730
191834
182899
201735
183373
191494
186352
195076
192275
184141
192707
203789
186123
180279
191687
184980
191480
178995
188829
182939
171025
190771
195141
192917
181125
203532
200194
201562
189302
176302
173475
186606
189170
192576
194486
204032
191399
184798
181188
190814
176934
171739
195235
188560
205692
183031
203208
181181
182777
178113
192891
181749
197639
179930
188271
188034
188175
193411
192835
199836
190939
177063
181102
182476
172725
188032
180706
179684
190746
190075
184393
197308
180204
189362
194795
198999
191692
191277
194723
172703
191120
185405
186832
226098
189244
191457
182200
180183
182232
178164
185912
194552
181124
194311
179787
182563
192732
189036
262549
194846
189333
186621
191666
187639
181006
187362
196176
198309
188135
191154
177923
187026
181823
184443
180229
184757
183871
177664
198957
185501
180184
199719
180669
198729
179059
190148
190200
167509
182014
195320
192039
201508
185131
187118
196182
188266
177777
195525
188230
199068
191643
190075
190803
181270
180517
191779
180473
200566
184163
193230
200977
182732
181741
189813
177351
206016
183307
194732
185575
188880
181736
185915
183901
191975
187174
182670
205067
195510
192527
190560
185860
199154
202232
180190
194496
181418
188888
181357
190977
190290
177497
182320
203783
178982
190292
181651
186643
195788
181392
188931
192034
181390
197130
187568
190180
277573
178859
180113
210281
185564
189207
192506
182510
213109
182944
184672
179832
184126
189588
195845
181955
189955
189942
183590
196484
180895
189488
183988
214412
197747
195761
184585
191306
178925
190937
189620
191494
191540
192776
193729
194352
194228
200711
180286
184558
200937
182243
178430
180313
190175
184262
192478
181046
194575
182629
194174
199391
201691
176814
199746
180010
205856
182760
178776
187442
182041
183595
193303
179486
182348
183444
183055
210356
191596
192116
186840
174953
193658
194058
181988
188135
178511
190653
177376
178098
183606
195886
180390
201609
193526
196926
181710
187769
206270
198603
188407
182792
199819
182585
190038
181160
197246
183985
183651
201020
178058
177509
194778
179789
203230
173004
186872
174499
190688
181244
173029
177294
181933
173700
180016
200325
174453
188326
178153
182435
204204
170918
178012
180144
174696
191608
177479
191575
190603
189401
181703
184196
191344
192249
178923
190044
208413
182230
191121
182283
193754
185010
191164
180392
193452
182386
193439
188731
183672
182248
176167
182096
206653
181578
188347
188493
184528
188643
180940
190034
180330
189758
173922
181494
186071
184732
179731
175855
201150
187073
182026
192723
187135
186747
188051
174525
183110
179615
178509
188167
184628
194223
188990
186436
206934
173018
174380
169238
164073
188727
181181
178240
197757
183778
188542
176380
196831
175371
175583
184406
181206
198137
187023
188066
181091
173682
177958
171255
190481
172957
184227
173421
192501
178299
185116
174802
191441
187423
184822
178213
181780
174441
179374
200220
182675
192502
182109
188968
193833
175204
183858
174589
185896
202369
205145
177190
201134
176159
181900
183159
191291
187290
191315
182775
198957
179841
188519
184274
182601
207826
190447
186709
188684
181114
190979
182862
195405
196333
175131
184442
202546
184127
190042
180946
223037
212814
173363
186890
194250
185583
185229
176565
191458
201190
190814
174148
178593
188933
177829
185261
211557
200595
201129
186696
182973
186255
192291
188393
177881
186124
192149
184624
190898
163036
182354
181052
204894
214135
177310
216164
177265
188024
179051
193127
186482
206662
178576
195829
186540
178945
195027
183567
195306
194188
191413
180311
185779
186398
192524
179318
193667
183770
200645
190442
163370
191099
189781
181247
196730
178615
203085
182569
190570
176055
180459
187691
187420
174608
183439
201552
163775
192882
169304
185394
197528
193137
195178
186428
193079
179740
202228
183684
185566
194354
168439
171799
191803
179198
190343
183462
196316
196089
188083
224526
184287
193083
179704
174866
191325
180417
193398
179398
181424
180892
188073
194337
179626
189689
188265
209724
186765
192242
182899
185506
188302
191184
193132
191592
179261
171412
185602
181044
226304
184339
197507
196507
189188
179505
184532
189474
185761
191628
179154
200322
179408
191300
181580
191972
184533
191066
193631
197121
183654
189057
181331
189295
188010
176308
204727
182992
178855
179599
194537
190479
205367
183036
205121
190805
195139
184911
183628
178693
197201
185859
180648
179834
186483
183373
174508
172622
203146
193022
190174
187534
194315
182429
191490
182895
199328
190035
201385
191658
193558
192452
217347
181844
200074
182956
200452
191942
189482
180932
169780
180555
190747
177404
191107
176398
189311
180231
187092
170494
184120
175242
202570
188708
173394
184313
176954
180731
186244
181236
200657
187455
177154
166398
191800
188671
186325
199293
177279
178160
189783
174844
177189
186827
186504
177222
180809
178832
180358
182248
179488
180440
188295
185961
185270
184989
187235
187137
197167
186138
185789
197890
183838
202950
191177
181009
192431
195017
208339
177530
199064
187482
189686
188978
169510
181389
190173
182359
179588
187669
182026
188567
186373
182142
186323
180722
185008
185181
190466
179643
193539
179439
190322
180635
194970
188745
177529
187197
186012
198469
205414
179616
180771
176157
189599
178750
180191
171843
196066
183307
183196
183051
188595
184078
187942
185841
213965
184330
183097
193803
168888
198942
182379
197840
193340
216075
181867
200471
187214
189255
182866
198075
193236
181222
189780
182132
198896
184849
189888
178761
196541
184725
192799
182515
193765
180548
188809
191903
193592
180749
196872
175167
190477
183289
189169
182610
193855
185966
180956
189367
187948
195568
182079
198575
180471
188861
185869
185273
194542
187362
172599
189269
193762
177902
185705
183849
191102
182958
180115
180691
1072355
189430
203312
196424
187512
198985
179503
191232
194144
179830
187337
190246
184648
188208
174287
190584
195116
187356
198456
189263
179372
174911
191740
180258
178509
188247
185345
182681
189217
186602
185411
180066
193226
176622
190373
187410
175984
180339
184770
194582
191948
195256
220451
192693
183184
198890
203019
188850
183636
180308
191368
184438
183992
177348
191424
186507
178674
184819
180738
197949
181338
194796
186033
172493
191206
181669
191156
188080
189683
198649
182815
182064
184543
202605
190092
192677
178179
185059
184589
176243
179724
189007
185854
205000
182115
188254
178197
189760
181911
180762
181110
193292
177636
199963
197345
191390
183929
175055
185280
194242
181621
191495
192198
187834
177337
184605
179288
200588
190651
219729
183653
182696
190200
192993
194918
183945
181091
186438
185682
180888
190960
183673
192499
215917
192280
185778
191922
183638
186825
181245
195479
184176
192095
181385
187714
184821
179256
180837
204489
179854
181813
193715
186949
175672
175908
200743
181786
171668
193687
192779
187725
183416
189456
178608
186084
219836
198231
184683
191780
179902
179079
175791
198253
178556
190039
184158
182165
186249
186475
192930
195652
190823
202122
181278
200606
188000
185737
185504
186454
189682
195054
190237
195657
199171
181027
187834
178169
175750
190542
178149
190422
177564
173395
179719
188230
180977
181526
180905
180961
178886
188160
180601
189625
176094
193933
190581
173044
180974
179231
183783
181295
177336
187874
176047
197242
184030
167123
169283
177495
178758
193435
185036
177486
178282
182667
175623
190054
175441
183116
175389
178754
180785
193720
178880
179050
181511
186540
218489
177824
181283
177579
183195
171187
189230
186647
194441
192994
177011
182908
186175
191430
183059
198461
195817
192841
186047
193361
182120
204851
182778
200645
185086
193517
171554
181349
194549
180660
186749
198774
209889
182217
190031
182292
191329
184130
191361
184632
184112
188888
185865
192091
175402
192609
175183
191660
184927
193007
181256
191679
179981
197155
182763
197800
184649
188184
182632
193918
182800
190667
190074
198289
191004
205573
183520
187118
182537
201434
181454
200363
182396
185055
180891
193210
181227
180889
185419
176679
182732
188370
180310
202248
179395
198260
192305
175414
195337
181695
189540
169503
198119
181499
189093
184855
195101
181643
189248
194465
183659
183379
188147
189080
194408
179358
189806
173596
200356
174214
192823
179354
181890
178779
176636
180377
181665
175724
186219
188398
179537
194836
194820
193685
177587
186670
189734
196241
201499
197993
183159
185905
182990
186459
192618
187211
194843
180028
194909
184763
189676
193297
189192
211389
189085
187266
185047
189410
179740
178579
193897
181567
197885
188044
193407
189721
178436
179395
189490
182112
196660
186567
190663
193814
183795
186548
181975
175472
188846
203425
180602
195018
180908
189886
180911
189853
195814
189248
185002
193428
177294
191142
194900
198706
193349
193231
183044
185969
190491
181142
178287
188136
199450
187062
178193
174863
175790
181240
187336
187348
201128
195269
183529
190276
179081
199092
182962
170395
189449
184231
178668
191134
184006
195743
186880
202852
187400
194687
177003
185500
182084
177673
179113
190510
190607
200082
183253
186243
202828
185060
193300
181056
231470
189970
189952
180215
197394
186266
197600
185742
240438
184497
180865
194687
190712
174085
197267
204903
176558
195417
195323
182354
199204
180504
187718
189469
170877
192238
174012
185843
175484
178033
181516
179564
180654
201655
186275
185843
199293
182753
171915
182873
188614
190716
182036
188853
182383
195328
197019
181112
192219
191773
193732
181633
185913
188265
179573
191806
183436
196978
183898
217520
189074
184255
191367
181470
182404
193180
197320
190698
184329
190758
185275
182365
180096
186444
199448
185923
189120
197491
187081
195264
178273
201404
192553
186635
179384
174397
175576
187817
180677
185687
187164
191840
184972
193019
187267
191620
181851
199691
191555
187835
205166
188706
177320
179963
184424
179593
200655
194920
188826
174643
184248
188061
177639
187748
188868
183080
178231
177446
177209
186348
177219
177060
179508
192070
198107
195127
178257
194852
171697
199713
188098
196931
177488
200851
181171
189337
179718
189017
187394
200268
198678
182222
177188
187618
176688
191028
211882
191359
185272
177392
184205
178449
180424
175547
189120
172379
187742
174651
189088
186835
185925
208628
192701
185475
187509
178785
189229
182234
175305
193606
186868
183358
184825
194574
183056
184055
192307
200670
203923
184113
191298
178943
171584
189679
182906
181689
198636
186852
197141
184061
185009
179831
193437
188488
205235
177769
192586
184372
201669
178286
188601
178859
196714
182210
191774
180665
190927
193295
180426
198728
197386
187677
187031
190589
183617
198003
182280
189002
195215
182939
203665
179081
188755
187209
190423
192948
194994
184788
165916
185650
170686
187299
172300
192550
188665
190342
177743
184329
177045
174266
204340
188785
213243
182312
190962
179261
186193
175320
180143
188303
182345
185870
171343
182531
190723
187978
188233
198122
217940
186354
172976
176220
190087
180751
184401
193009
190715
190390
197082
177688
201023
192267
175357
185488
179348
191573
178755
176636
174567
181987
186287
184466
190899
197508
210221
186095
192741
181238
192475
174056
197320
173956
178871
189504
201348
181027
180472
192592
216677
201616
183294
202837
199454
190484
187718
170662
209378
182942
197558
179491
187004
181773
193375
192255
214736
189629
193659
191971
186215
179674
191398
181664
182583
174629
190394
181801
189589
197995
191851
184742
198881
179622
193290
191847
190929
183384
193050
173250
196906
189301
182229
187081
200836
182004
184685
192866
197658
179949
192780
184707
186696
189283
184107
184306
195078
187074
190898
182176
191297
182423
189798
183100
190661
183372
194611
191964
187475
195024
183864
181713
188222
196780
187891
187954
188066
187094
184674
195836
178321
196474
180705
197555
194896
181749
192407
179966
190906
193495
177885
188488
180430
198590
180600
180147
177698
194378
182614
189796
178049
190354
180658
181085
188436
189520
180117
202667
182256
179034
185202
178939
183689
179538
176347
167129
192357
179892
185161
178504
182545
186542
183073
180951
198208
203173
173602
201669
179955
193077
181198
202434
175959
192196
177476
188921
191968
199856
179370
196369
194552
186360
177320
186891
175353
172166
193033
172722
196242
188775
175676
1761346
192796
190349
196007
181112
196874
179538
194321
179090
184527
192520
197034
197897
184810
191105
183184
176859
178688
215007
187399
177646
179569
195039
180045
178163
176396
178396
191839
180166
181177
195670
179336
189111
191984
190817
201776
178981
191713
187241
188670
189416
182873
187296
192638
185877
204495
191839
191792
182380
192996
195552
192344
195346
182650
196448
190982
180453
171554
180553
186258
193879
173685
191575
180635
178606
199112
178136
202090
181791
187803
188045
178440
180039
173080
183423
203523
189697
184795
180705
189775
183741
193632
190112
190486
185170
182796
182493
187598
186763
182677
188629
192876
185288
184894
183573
183668
194928
187296
178802
198220
186146
183966
181866
189406
185883
191887
180784
186278
185271
180051
196572
179957
175309
183859
184689
177294
194382
193756
179897
176061
171454
167956
183076
181490
191118
188669
185174
184229
199363
180583
194260
182268
209894
180248
191482
188752
178638
167603
172770
181088
193659
183612
196973
183129
178663
172309
170907
179757
188985
175114
167761
163919
193939
182009
186827
190993
196122
190367
201056
189394
189673
194983
186617
193916
190502
203095
182166
189839
184472
186697
196725
177711
211395
185764
197632
184201
184331
181471
182745
193702
195766
189538
182789
170874
171673
179350
190437
191662
193453
187877
195826
187502
198545
185053
187264
188442
191528
181492
177679
184118
197615
183815
185371
183161
173965
206497
191396
194038
176229
186611
190331
187136
202954
186932
179096
186439
196427
180894
176931
182896
192410
190260
184134
192634
195475
179780
193529
186980
195964
205189
190009
191172
194886
189124
188778
182727
177460
203206
186725
184978
192295
183244
165036
186825
175704
204703
181167
194936
191064
188683
186351
195829
183803
194777
187533
193446
191887
182122
174160
180958
207806
182152
185638
187804
175395
191526
179591
194857
183437
191326
182767
173587
192774
176402
188850
186459
201577
196121
195281
187135
193381
176539
191560
188617
197174
190483
196772
190701
181597
195904
185015
195872
200039
187435
187819
189124
191770
180139
179563
192047
190170
202816
183852
181528
178219
189732
194817
183954
197838
175968
164193
179526
187805
196121
184061
182565
192499
201201
186916
186328
190524
184483
189714
175986
171432
194655
185704
168430
181040
181818
179471
183016
168389
184161
176279
182115
180162
180448
176683
196183
181647
190698
184149
190604
185501
198938
178633
193321
177911
194335
186297
179166
182401
186158
183091
189430
172864
204600
189051
198208
184791
194594
180390
194694
183525
184920
167381
196020
188622
183838
173222
188709
188095
188274
196480
179511
190891
177122
201505
181389
183331
169877
194004
178124
191825
179527
200023
183477
176767
181097
202273
183768
193697
188455
187501
188364
185432
199873
225262
197951
196873
189160
184057
182494
187255
187493
183705
197120
186981
188621
196031
181283
186384
182781
188219
194628
190236
178627
188510
178919
174047
182116
177626
189679
191662
189348
188792
195694
180527
178415
187383
182609
191617
183432
191698
185184
192461
190302
189118
190164
194198
184664
197590
188490
189875
178032
200056
192996
190016
196890
184617
189250
185960
192676
189458
198268
183420
192295
187941
192384
184818
189203
193594
189184
177857
188356
186186
195262
181416
195832
182782
201542
199284
187141
176825
191061
182818
199500
185940
217481
193803
169042
196354
175780
189589
175898
205213
173094
201431
189500
184074
194579
187876
189320
190191
190559
198066
172497
197002
176428
181170
177117
182201
184852
183547
175964
177555
205680
185370
171433
179459
180483
195149
194168
181112
196248
184416
183880
181396
179988
185432
194687
199471
196268
185370
197930
184617
203381
196007
176226
185561
183336
190830
184390
184929
186315
195119
190192
189628
166856
180247
187517
180827
192142
195445
185548
187274
184047
238931
182383
166172
190107
188960
179553
206636
178098
194796
187423
190795
184538
190670
182133
191906
179362
181527
180930
188951
180275
183785
194160
188809
193540
178910
196343
184746
193618
191694
182862
194779
181074
192002
184952
182774
183922
191772
182603
191412
186426
192367
183108
193234
191012
201357
192168
197634
186180
192467
188600
192767
186894
195399
192493
183017
190145
184487
189035
192351
194221
189704
191879
184788
170766
193972
181156
193614
199922
177780
193238
186151
184991
181828
184384
189596
178261
187167
182999
185925
182454
175036
185594
184691
186895
190794
184020
180352
178603
178208
175896
189130
172900
199990
180501
187405
172879
193653
179340
195290
191882
195359
189479
191249
187232
191163
188299
195998
187496
193185
197956
186099
191327
179375
172937
188502
185457
208425
193264
196773
187812
188958
177320
187338
201290
192441
194260
187400
180263
193095
187228
197017
191685
207375
186656
188267
185209
183045
195474
191674
197782
195791
185954
178241
184901
188166
187824
202927
185755
204756
186193
190316
187950
180813
180032
186987
185370
187868
186071
180962
187449
187556
186028
188294
193605
194467
189486
191922
185133
177241
178077
196589
183413
204995
190644
190901
192306
191180
185404
187981
188831
187787
183012
197107
181373
178768
191649
187432
191147
199845
189109
181468
196961
184860
195969
184925
202595
186430
194756
169343
191176
174225
192235
174077
195163
189888
187792
175456
180788
181980
188646
180311
193042
197271
185565
180703
194035
180480
187378
167222
194644
189981
194311
206622
196082
174169
183837
179039
176913
204068
177697
196057
180522
200325
183236
188851
179725
188816
193222
188386
193134
179914
193092
185288
175932
189862
181055
179855
192426
191559
185267
180824
182511
200066
182840
194495
189958
187444
194084
194046
175944
198268
167487
190548
182067
195539
181844
193701
182388
192707
195411
176068
193911
182936
193913
187780
197691
181893
204447
189224
197006
177673
202949
187452
197033
180876
199313
184618
193093
187685
183927
198600
189936
190144
191790
193921
181565
191493
185058
183713
176359
185270
203074
186373
180016
185937
194597
187526
184341
181858
202822
169465
182638
182014
181401
190618
183774
175171
193956
189346
179252
178658
185425
189055
192182
178121
183515
195187
188798
195606
199110
184310
203812
181581
189940
172228
196631
175441
192757
175917
193695
187353
188800
187019
196251
193747
192198
186064
187129
180780
189598
183815
192383
183941
189205
182971
185618
185245
179802
198546
179893
186201
188904
189590
188388
204170
220430
198292
183278
180687
184742
187226
184060
191094
176089
196635
194484
183343
183548
201620
196325
197806
182263
192994
189334
182272
196147
184831
201327
185893
200558
192733
183940
186594
181812
197883
178348
195178
187271
191706
194749
186531
191338
191107
194588
195283
184967
200055
196840
184031
204040
181281
188054
186242
193648
193931
206402
184464
191964
184022
181977
190087
186861
195185
188887
190622
194410
192355
180115
190237
187151
203735
187905
187475
185686
192556
193306
186688
205589
191086
203330
182757
194251
174170
190410
196888
187866
206625
187429
198777
181257
188751
187591
169731
187114
191369
187397
196210
196197
191949
188329
190360
186945
185218
198565
191318
189713
189072
191964
193841
199180
197959
175588
179625
195865
186854
188223
202280
176458
203523
178903
183386
191290
184728
196309
184726
194693
196991
195101
189468
199209
176931
196652
184906
192499
191451
193324
182169
188756
181045
192712
208273
194146
194729
189941
192382
183606
184262
181918
189338
177338
170958
199558
203571
193127
185313
198281
175879
196619
196570
195165
195281
208271
187085
187386
182109
180917
188229
184063
170753
182210
174472
189371
196618
186747
210674
190376
184161
209920
186775
198104
187757
196461
193328
191922
207902
184690
199667
183359
190322
188305
200765
188484
191449
186117
200998
187718
189635
189620
200586
189154
192745
189978
180361
190390
178702
190211
209010
183075
181548
171151
189568
190492
181114
183578
167413
207951
188313
193289
183869
173356
186040
197793
187118
201554
181016
207651
194307
180981
181156
181951
187409
194172
183985
192836
195727
189511
195989
185380
185692
198368
184542
203472
196325
181286
188684
188146
191865
185681
185822
192672
180491
182586
181856
189774
170437
190759
199535
184785
198137
196582
193170
182082
188184
191500
180060
197327
185298
195122
192525
270209
193866
187041
193894
182201
200586
201789
183122
184357
189814
187312
194313
182021
190334
186392
192380
180733
188831
181900
188515
194325
192184
178304
176854
198748
195045
194226
185273
197500
179161
180042
177978
191072
175563
189850
178511
176143
198391
204776
183104
189641
194296
190064
189842
175337
195743
185508
183666
201875
187089
185702
177905
185202
187416
187886
193804
198145
175644
193567
183543
184275
179835
187891
184621
190174
222170
205290
184130
201098
182692
189847
176057
187512
212913
192194
189945
186254
191029
184423
183106
171570
173042
189011
190683
189733
193944
185200
192201
181292
181867
191893
174117
182903
186182
180931
189266
181625
186672
190235
191002
178366
193313
179764
199293
190409
188509
171569
181493
169282
198061
177766
180386
182789
187001
192034
187717
182645
195676
185068
183722
163243
189290
182821
195015
186799
194725
191595
199849
187986
187222
185979
195862
189540
172789
193251
187666
190530
180660
195652
168353
189887
193524
207891
188213
198016
186178
182594
198266
184453
196803
190923
192699
180056
189227
192926
190846
185713
206274
185157
197839
192909
188489
188544
195905
177717
199875
182807
168715
197617
197260
178637
186603
187235
190061
189590
199153
184954
195156
188890
193381
182232
185882
182856
189955
193646
187694
192611
184513
189971
187536
203265
181103
187985
182839
222204
198223
198319
179178
192231
192693
187061
180646
193466
199406
189411
183899
189159
187642
189076
185072
214626
183719
182853
178446
184661
186761
192267
181615
183897
178228
180483
194786
179300
191984
184401
187118
184521
186733
188838
191504
187608
194179
184183
191077
189115
200896
204377
192847
182914
199613
186683
195641
191401
191914
187161
198464
186330
195525
182899
193232
192222
191577
187630
194270
195657
195454
199080
189823
202791
191806
188456
193136
203767
182398
187509
191993
191731
195775
200310
202069
183169
191033
181974
188118
191031
197218
195138
177471
190458
193150
196109
187969
201499
186335
197344
202680
188364
188130
197161
183511
191413
181371
188750
187450
196715
188876
195137
180267
217388
189913
189303
196778
193832
181233
183938
188841
194036
187760
194823
189530
195944
182817
209672
189879
197637
187193
190004
189318
193257
183333
190655
187610
194749
192405
198472
200402
193149
197274
192069
187064
200617
187407
193830
180823
195492
181530
193996
180295
193602
188766
197830
180796
197187
192572
178436
192188
184578
189758
184237
190021
181096
187807
196172
185337
253600
184547
198724
190845
196440
186818
192104
179970
193625
191228
180282
186361
189779
187080
194107
195429
186795
188426
195760
185934
192441
189643
195570
187122
185294
185390
192819
188503
183900
190188
191655
187260
185726
190984
186731
190209
211052
189250
197030
193339
191435
187758
185553
175270
182785
195446
177978
183757
179393
179183
190443
181990
179661
188868
183149
188622
194350
184604
196484
179988
199858
187984
193905
189561
193640
183724
195022
211971
186437
183741
181358
196956
396831
203038
195830
185626
207949
181754
186441
178207
176478
180998
185876
190924
180009
197069
184266
190969
183904
182352
183474
13019226
10972507
8861188
6820644
4768191
2655694
614684
184415
196164
194821
198268
180350
193917
179831
192171
183905
183367
185196
189641
180245
194753
179739
186322
185238
185881
197442
188723
197151
187011
194469
184630
173207
194909
187701
171660
191981
187901
175025
190693
182507
194264
197664
186966
184381
193325
185153
192946
185288
190259
188316
196583
179929
184403
185290
193622
181246
203258
191619
187982
183967
188555
182035
191126
183000
172305
196473
188527
192722
181430
193933
183914
188067
184799
193262
193509
184058
198618
186687
170809
188352
183499
205563
193058
185746
171694
185284
180567
192143
183694
177329
194336
186512
193729
181792
193598
185779
173138
199556
177336
194981
176558
189151
177005
190047
185489
192770
189048
182750
176454
200343
179511
186409
179510
184694
174707
182405
189488
177842
192233
173674
180237
172794
206299
176683
186571
176112
188360
172852
179144
174135
190144
176422
181089
171358
185187
183174
180043
181564
195539
182392
177155
190068
180784
172219
191157
180763
165505
194133
179834
182464
181093
179479
172019
189943
182831
189954
179288
189069
188442
196417
182439
193913
183782
192050
185365
189079
188682
192493
183079
192931
186049
193112
185568
192835
190556
186733
183432
193982
181756
192839
187217
171943
197923
182176
186806
179972
177348
197957
181351
186585
182419
182009
180825
186488
182815
185606
188080
179198
184516
178521
197795
175495
186833
192041
177413
186325
182418
184937
173542
184719
176386
208790
183895
199673
181994
183603
188865
180382
185179
183910
194181
185394
181540
178184
185659
182056
194352
195552
197962
179330
196174
178061
189740
176176
183670
209641
178375
194243
188658
186044
174235
192665
178644
174599
179791
179341
178222
184512
179418
183200
169540
175255
199220
189930
189264
188965
180019
182178
182759
184502
183460
178535
182697
211906
185784
186996
190878
183208
208342
185218
190894
190313
178528
182007
196797
182375
195522
183532
192057
197872
186976
188111
185059
191542
189815
191601
181771
189487
179399
195727
189066
196287
188279
194776
185862
179321
192292
181438
195583
183167
199245
179586
187227
175954
177646
187833
184455
186005
187305
196058
178182
187601
190478
188590
187900
182124
189637
178003
188438
183320
177315
181482
194306
188350
189367
180340
188032
192376
187682
181429
182367
186816
187148
185131
182813
190075
182220
190312
195908
186019
170566
198770
176940
192726
181350
185494
175733
176708
173124
184122
185863
182842
196820
176163
186522
193026
182233
189287
175395
182574
162795
193030
167971
185733
182693
183528
174821
181537
179574
176426
187352
174001
175074
189203
178460
182038
186539
161766
186944
170237
176370
187860
173786
179193
174726
175801
183359
187702
161278
192779
187347
173651
191321
176212
186703
177023
186554
166454
171733
174488
174609
189318
171418
200758
167437
215232
188965
189800
173372
185465
178750
184097
176785
181541
186015
178171
187369
183564
186274
177672
183072
181769
189176
172507
182936
194627
179657
182277
183927
178439
191714
176736
186706
169214
187496
189492
178806
182490
192071
170671
179447
173333
182466
183242
173294
186166
180120
182974
180594
180242
174766
172076
187816
177519
186416
178951
181216
174761
176884
174070
176024
171589
189509
182334
177264
176819
174985
177459
175677
182239
193551
187387
188677
177776
184281
182544
175014
180840
178540
187855
174864
187508
170046
183402
183266
177463
189961
191685
181478
178878
177028
177094
177787
173053
191440
188692
182995
178030
172727
180332
180859
180226
176456
178978
179802
173954
173955
178362
175917
178193
180274
178264
177533
177127
177074
179609
178525
173764
181504
168256
198464
178342
179743
177460
189077
180221
191810
168600
188358
175553
189510
181217
189886
177629
186870
168456
178375
177755
180429
184418
182370
184725
189662
183257
196245
185075
186612
195370
185451
180197
181437
182777
184238
176030
182555
182015
177167
176273
187097
185760
185475
197258
178997
174925
181035
163356
184761
186851
192559
174417
181595
175151
177809
173465
183317
173948
185165
180585
179860
173808
184402
183389
178344
173658
192941
170572
187229
182248
178014
182996
183674
187786
207257
187735
175216
187063
177687
177464
174333
179047
174707
177398
187859
179545
189931
180267
185596
183664
185793
180938
180477
170816
200063
166728
179663
173453
186670
182509
183110
175400
186777
169631
177572
192811
182788
175529
175562
176654
174390
183332
179566
178180
174995
211557
174581
179173
183862
181158
182211
179801
171400
188466
184500
174344
165367
195917
173616
176330
184120
175384
183729
182713
184403
182653
173534
182100
193092
176154
186369
172677
179303
186793
172035
170603
183448
178182
193077
176878
177546
175609
173462
179751
178498
178196
177234
176108
182604
185179
180397
181207
185127
195410
175182
194397
174326
190322
175094
181554
179097
186297
187670
177698
176489
186778
180647
179533
175338
187289
218263
185469
193532
185424
183372
186321
189735
189853
172659
196908
190693
180817
186833
184705
173445
191641
178037
205346
184048
183243
180482
193508
185886
187686
179762
198119
181200
185516
187264
190205
177850
187945
183422
184357
188287
176239
196143
182392
192620
184313
189278
186808
184041
183295
191373
182757
180160
176803
194707
190420
192920
183108
192077
179624
179961
190131
177766
195346
182374
168692
192448
176882
182905
188507
178849
189098
187936
185538
183375
190298
186217
185297
183812
194180
184033
191135
187680
182733
190535
179272
193333
188509
174188
183746
187432
195725
178763
187297
180590
200149
184012
191031
175395
183519
189934
181254
176867
214318
194642
188127
177390
191189
178451
186017
180116
193184
187062
198271
182204
194265
185608
199255
185488
170175
183959
186161
186358
193646
188851
191860
195187
217982
186281
183289
198642
180619
194894
178464
187655
217009
193772
189029
181578
184078
178045
182471
180424
186623
180864
190842
195482
179108
190965
180716
185841
207025
176471
185243
190085
179213
187186
181353
184806
189012
181806
184642
190702
190207
185980
179642
184931
196299
181341
195516
184666
168958
190479
180570
185634
185198
197497
185270
196547
185803
189396
178349
181160
196918
186064
199149
191605
188043
184896
181398
177846
200405
192832
186400
194134
182775
185890
184215
196380
194388
193908
189434
198624
188818
187160
185659
195767
199691
195300
184417
203513
186463
185113
189250
192595
201761
187280
188761
204445
193052
188309
181607
192515
189127
189301
184847
192416
184905
179251
195187
188291
189552
186160
187544
186555
196100
185021
187540
190637
187950
194264
187382
196391
185352
194520
182161
195756
185412
184043
184824
181615
186394
188715
191170
185365
192621
185341
193036
189889
193147
186981
193672
190251
189031
185207
197214
177607
195162
180609
196854
194196
186604
188623
197280
190501
193148
189339
195824
190313
188747
183333
191018
185465
198405
181962
192096
191815
193054
191836
193783
188160
177427
179942
188471
190792
182849
186224
195845
195755
183680
180538
179403
193500
179258
194638
191496
179580
192672
185917
186274
204119
184779
192566
199929
186081
182791
182376
186567
189232
189828
185644
192716
188844
194225
185028
186741
197485
190610
172264
201907
183952
184155
177652
183981
192267
173159
184987
196370
182565
188932
191197
187281
180066
187740
195743
186411
182469
193868
184139
197732
183335
189910
188385
176220
193720
183222
193873
188694
182378
196683
189775
172224
193340
185477
188481
190213
194539
186632
185050
180387
168870
192018
189714
201899
183573
190151
182495
195558
179191
192802
175889
185783
185295
180370
187991
187624
187491
183688
188115
181331
188750
186879
183372
196470
182222
188723
180086
189921
181918
181231
184309
186622
179495
185946
195140
182638
189592
180709
184897
184023
190716
180524
189321
180119
190535
181727
187913
190724
173078
194143
186620
193097
191663
173654
181801
182493
187816
181372
199077
180398
192878
180798
178158
178194
181119
187504
187854
179539
188196
177329
186808
183531
189079
187311
181042
186453
184297
181863
186366
185996
182784
178999
189197
179816
190538
182673
183539
190555
188058
183308
190240
180545
197452
182600
185652
186826
196916
187739
189742
190174
198302
183990
187534
178454
188944
184656
192153
182125
197481
180831
183615
183535
179321
200504
188023
184383
196790
192644
181906
180502
179699
188103
184673
178473
197743
196583
194203
183294
195071
192515
186950
190349
202487
195227
177239
176352
183874
189884
190086
207177
197510
188639
186106
204286
181086
200437
185071
195654
194938
178323
194857
183857
196776
185841
182430
184070
199562
190386
182979
194458
186967
193099
186051
194872
198691
194921
185358
199002
183879
198859
184695
193321
185738
192843
179664
188528
183959
191078
183778
187922
198593
186052
183349
189113
182720
194733
183120
185460
186031
187043
178754
184228
183873
189855
169755
226204
193312
194169
186155
184375
179520
178398
189879
175545
185624
191868
187354
196163
184764
193062
176926
179059
200696
179104
178091
194400
185311
191639
189461
187970
193000
195226
196225
196422
181083
188023
188251
206135
187247
196515
180542
183639
183623
188835
177644
195636
184741
187121
190586
180983
189180
180263
192335
188031
186335
185389
177971
181951
178582
177279
180126
176801
189276
185923
171401
182434
181952
191037
177811
205743
193758
193859
180816
187108
180798
190735
177126
185448
188646
193491
184539
193677
184805
184376
177714
196588
191290
193409
172757
194379
176457
177395
176741
180014
184143
195249
179003
195779
181010
186668
184838
191353
223007
177500
190529
181710
181322
181770
187034
177189
188109
181040
183458
181331
176844
189773
176475
185111
188374
181041
180309
180751
183704
184652
182527
186350
196413
184076
195289
189930
187201
181754
188258
181294
194027
180943
173109
189405
189502
193536
179624
176836
185794
186570
186724
188807
183687
197193
184261
188145
193819
193478
177578
183506
193794
188368
186452
191134
198989
196620
188529
195077
181788
195788
178583
174570
174796
176639
182246
179992
177576
187613
182522
177914
183699
194982
183119
191352
180761
179910
180575
170669
185404
184403
179082
178594
192530
187521
183965
184382
184577
185957
190817
184283
184272
182880
189544
179402
183036
192680
191682
186370
176051
188434
183707
197853
183256
198319
185484
189317
179232
179843
183132
191813
187493
198877
181871
191412
182613
195544
184278
197188
177454
196842
176058
190361
174508
193174
179224
183681
178210
187349
176118
186505
160936
191061
172003
169312
192515
180361
191028
174565
182301
181277
189509
177024
198730
183066
183577
177418
185654
171639
178900
183640
171811
188218
180723
178171
178079
177795
178901
193196
179017
218861
180656
168374
180959
176569
175946
179077
179560
211463
184702
181484
183013
181443
179375
180704
197655
179615
195787
182410
172243
185270
186166
192950
171203
174275
195177
177686
188137
183640
179268
180813
192665
184024
196999
180298
178492
187422
193119
184568
191047
183884
197591
184051
197840
185087
186353
187662
184684
184947
197432
181173
193057
180889
178982
192970
180536
188089
194496
187291
191193
183833
185044
184363
200579
180789
192585
184883
195590
184462
192651
177868
193832
174657
193610
169263
180791
183874
180835
177242
176522
180971
185535
184574
182845
185114
166287
170393
190936
178172
174107
171567
183138
173059
196323
183222
191776
180214
186902
185655
179079
183882
182635
191696
185745
187152
194463
188389
184506
190855
182914
186266
190536
181299
190817
186561
184285
182631
175946
177919
179317
178305
162500
193478
176708
195007
182429
190238
181100
184302
180083
195135
186588
186099
179717
181595
183054
195363
178585
187988
176551
177074
175407
168976
180540
178181
182360
199053
185769
176398
181490
192484
181669
181991
182208
196515
171922
184673
173149
183112
176906
176886
169880
192845
190564
185591
187817
183026
195595
180851
186869
184916
197025
180265
192782
181325
182821
182191
193127
189444
190237
177694
191117
181146
192035
182065
191701
171840
192129
181417
182492
177823
192953
177572
189126
180324
191154
178151
178926
184101
196915
177582
187150
173695
196406
178091
196200
178325
199970
184527
188998
180493
185025
168856
193665
180993
189369
176550
191260
180785
195835
178920
189868
172839
186245
179078
181705
178061
196911
177862
187097
179801
175115
183783
172791
191761
205278
190307
177872
196328
180129
186939
184290
182581
191908
194231
193564
182096
186652
198164
190278
192197
181962
197181
178522
185359
195615
188090
191562
183022
195199
187626
190617
188789
192973
192972
181099
194808
183009
191764
179497
193383
183163
183021
190875
189250
186951
192323
279700
197606
165732
190566
183582
192279
182849
191690
190461
182966
188248
183577
184524
179580
186272
187648
184898
174158
192220
177020
188095
172496
190138
183714
188545
188538
182012
177356
191919
189349
187997
194198
168188
195647
188760
175070
173507
192229
182667
191019
190620
192851
181832
194434
199210
194567
181389
197402
184478
194902
186091
173432
191261
182469
187394
194933
188191
180740
192115
184494
192831
175832
188388
173063
180630
180154
183485
186101
183589
177994
186867
180816
179729
192044
177603
199084
186751
183708
192793
172968
191297
177786
192676
172240
186119
185449
173143
173003
192843
181488
194887
174959
193547
178688
186705
183015
185410
185520
182425
180306
190023
176026
173758
176412
197982
195209
173069
185628
176330
188098
169514
181995
174388
187821
178325
181155
189397
189647
184399
188355
178593
193168
174859
190609
181244
195980
182066
168008
188941
179916
185261
172213
201064
179418
171732
180282
181714
192288
181712
183395
179093
178527
183047
179393
181317
184050
188065
174208
199942
174983
189678
177728
189728
193874
187931
179216
188061
187409
180011
180925
177067
179524
179737
185203
184716
194019
183642
189094
186217
194768
167297
186435
177384
182538
182391
183403
180825
222331
194007
184522
178568
183358
193909
186052
193767
171725
196067
172732
182972
171560
178898
185587
166664
204604
185051
191811
180344
200346
182067
183108
191675
185668
188754
176805
179425
190512
179471
195520
200997
192293
186444
175765
184869
185313
192332
191952
178346
188506
194066
194268
186757
198386
177716
183573
178269
186933
186257
190447
170144
188955
175706
177694
170585
182330
189063
191053
192389
199094
177099
183963
182107
183013
201482
185237
192196
182781
192894
179106
192023
198518
196491
184552
203535
182316
196311
186583
186124
184639
204282
184982
193565
183862
186022
184833
190920
194831
193494
186570
183233
194609
183297
188254
175282
193935
192909
179931
191732
177919
194333
190500
169319
190296
184259
185161
196782
181390
206284
179712
190388
174257
190669
173079
188356
171664
179054
192764
176701
190965
184965
186280
172011
185467
196488
191807
179716
176361
183621
180605
193818
184873
195196
196372
194927
182512
198419
182738
186419
174709
194338
175177
178110
177559
203415
185780
193078
180404
188474
195606
185545
183203
192477
184203
193672
196768
177783
187451
185676
193556
192774
197677
182553
187427
195035
186135
193714
183512
196461
183021
184944
201020
192369
184936
193400
172202
193196
178981
188333
184540
187034
187702
187099
180278
197339
178043
191100
187337
184407
179047
175937
182786
184883
178319
174434
178204
180616
191305
203755
186788
186145
182547
181621
186763
173576
174799
183687
181200
166061
196968
177453
181581
182397
193402
183468
184162
202649
190473
199253
192921
170265
193633
190419
192458
190858
192097
183954
186190
196121
181303
192499
183250
209423
200617
167875
208191
182704
186537
179192
177631
188708
192937
176398
191622
169350
184642
175397
179144
187691
187117
196923
195750
178052
179305
180747
186231
220995
189569
176436
177425
184594
184161
190786
175267
192084
194650
185978
192222
179308
187324
177953
187521
181445
202293
177800
195192
170935
180371
177715
187644
197481
189281
178386
186618
189330
183854
179868
181765
177033
192056
1408785
189262
171044
192654
187068
188290
186771
183275
192085
186059
177639
191526
179973
180567
177689
192701
178348
181215
178565
186990
186258
177709
172779
201214
182940
183071
191354
181182
177004
181782
177208
186990
193120
183676
197004
184353
178579
180540
179460
187094
173750
199734
176350
189293
175791
187378
178767
204729
177738
183215
190771
187056
172024
187384
187923
190732
186612
192490
186710
168372
185414
179651
182864
191989
190039
181701
192179
198238
182207
181678
189360
187270
200578
181662
188450
182091
176712
187079
176237
191465
172155
184200
187997
189135
187336
176814
178122
198309
187675
178060
182276
178051
171709
182073
186993
187243
186587
191625
171016
187200
187284
181338
190218
188445
204166
173357
184586
189683
178401
190120
176295
198043
182941
189626
189168
195250
180156
187150
179187
202324
184248
189352
187655
187022
178414
182304
191056
184503
187090
187784
178411
179191
194245
183379
184223
198433
185506
178320
198215
184308
187959
182806
182440
186502
180201
179455
184682
181118
179680
180791
186747
197665
175916
184331
191378
171499
186610
181945
177804
212294
189595
183643
179088
181571
184195
187513
188545
194176
182301
190172
191659
214026
181556
171339
186128
188415
182185
190197
175287
185795
174132
185642
185162
188940
171455
190130
175346
199212
184727
178979
191379
194077
175501
187727
189905
187938
179069
179970
175993
197088
180144
177126
182118
189997
179948
180473
179065
210023
186238
170282
202980
174484
186987
178820
191596
205669
183807
168548
190448
196731
196325
184651
186443
192361
197926
185990
182592
180968
186439
183685
411071
200501
205592
186541
195505
177834
191422
181072
194274
177433
189212
181938
180332
196693
179786
191728
178334
179486
178926
174298
182497
173330
175347
179322
191653
180379
178963
183408
181983
189165
186300
189036
211801
195671
189778
176461
191755
180850
192296
174999
202712
188715
185688
184466
185414
192569
189459
173366
199237
189059
193043
178976
192579
185915
191277
185155
190164
192761
191741
184718
192638
191566
181357
195129
186199
193218
177780
191598
189356
191836
180573
185268
191014
194597
181779
191517
184066
202068
184404
194111
186060
198020
181704
188843
179720
195485
181776
185082
182583
197518
178548
188259
179397
198460
190720
193919
187993
195115
191091
171755
192438
179497
195528
183314
188922
188426
193056
182275
193288
185627
196851
180056
192713
189510
176847
181915
186955
174345
189117
179427
184003
184773
190296
175654
187535
191015
181136
190248
174621
177798
204725
187714
194877
181171
188995
168792
182163
196143
189797
186311
182700
184947
191817
181047
182277
181646
194952
181309
180720
193207
191703
179698
176246
180659
186777
191047
184504
190624
183482
177084
178176
189084
185930
192740
172311
194052
180652
184754
174702
187943
182797
185176
187913
173358
180466
188798
180282
190712
185146
186117
180580
191562
178845
188457
168937
186510
187487
185394
179470
185777
181146
192408
178262
184457
160555
204902
170985
197463
177510
199324
170496
187231
182187
202938
182415
186528
169111
180305
178488
180618
175370
196594
188321
177514
190216
178883
174327
177676
178917
212981
184458
180654
179395
181192
181002
174620
177909
190425
176230
177505
175385
185190
185674
188386
186791
194749
180245
185287
178085
172552
174951
184149
172672
188322
192223
180469
180513
180183
184463
171357
180086
199895
186235
184887
175474
180725
182126
181390
189163
181949
194722
197407
180963
179623
190556
182483
193381
183033
193343
188517
169988
197173
177134
186515
181847
184936
199425
190438
182409
194680
179379
184523
185282
190854
206038
179770
180770
184560
190714
186250
186957
186698
195274
184448
182955
180541
181448
183399
175345
174053
177694
164481
187464
173675
177938
180230
179031
161352
177282
175240
198179
170718
200037
178212
184699
174799
191487
174746
179068
172551
184325
163283
193570
174535
195893
170217
195436
175469
192312
180047
193283
183565
188886
179822
179603
180585
203566
180120
186376
185646
189556
185834
185172
191136
196745
184177
182802
183276
195717
191138
190686
181998
185327
188870
181531
191097
179383
194253
193345
177223
184711
186290
189114
183755
184339
211757
167401
190780
177935
191503
182302
183544
180771
187033
199894
186532
175943
201341
174014
195353
178354
190832
177107
191383
176750
190514
170319
178198
185594
191572
187803
176619
176984
187134
182980
181923
182939
174733
184862
177553
183953
185493
175020
175477
187442
176930
195457
183728
187792
182022
192159
176814
181608
181418
192777
181935
184896
186350
173570
181260
189126
186112
206139
188484
192898
188193
191680
179019
186508
187679
191439
184997
190798
178850
182544
183426
186776
188355
188389
188649
178708
187800
182008
191588
176699
182845
194909
184322
167728
190905
182215
182472
179622
190076
189389
190760
181831
188527
183012
188380
179655
191457
179704
189853
183267
192344
184669
175696
181454
190164
186666
201532
180913
195587
192604
180953
185943
188616
182630
194954
186077
191618
180076
192328
178523
189044
185124
200346
180366
191849
189410
194784
181660
185389
182688
195366
182411
188062
186118
190507
182493
190119
182785
199261
189631
179786
192540
180206
196567
181068
189156
182319
188729
180952
179658
177294
166442
185322
179467
216226
191043
179047
186258
184675
189085
183355
185029
187399
196871
186862
172207
192904
182481
177679
178761
181266
188355
177683
172086
180360
174765
186755
174846
180477
186317
185813
174058
188347
172891
172513
180762
182457
184177
175041
179809
178298
176969
177278
174894
175432
185183
175444
181872
180800
178660
182280
186224
192329
214101
183433
178313
177355
177765
178016
187102
174206
180077
190382
185424
178782
186073
173079
185131
179214
184595
185585
177626
174430
185688
174666
177897
184938
180647
183775
181751
185569
183905
178784
189471
189712
174714
195669
180773
192820
178907
189301
179836
191916
175743
200551
176834
188016
184230
184143
184792
195080
180468
193442
195014
188764
177900
185985
184610
175342
191871
187595
188713
182938
182214
181020
187968
204836
177325
190611
182691
189151
185229
187942
183739
185357
178764
176081
203962
175786
198697
173227
183120
185763
186436
173424
192905
172571
192414
176004
184500
181221
178243
173539
197976
177305
180856
175519
192829
193009
186083
165762
196789
193392
176796
185156
177115
174891
191629
181153
191937
169388
182436
182569
179617
171831
187758
187362
190729
182494
185146
172791
181245
177512
185086
176881
184119
201005
187654
187055
191977
187219
183636
173164
184856
181687
187216
177110
192041
176350
194449
178950
191391
193288
186459
191721
184446
189211
181050
186133
180013
182281
186059
186440
191624
180509
176828
177795
177640
186861
194806
179971
188591
185375
179408
190183
185953
188002
188780
193282
188951
185100
186185
192287
178724
217190
196258
194984
185278
190609
177030
188055
184769
187176
195460
186263
195406
191422
183096
182615
185432
186932
191636
180955
183674
184290
181292
180589
177397
183498
177291
172287
189418
188390
182319
178487
177040
185870
181730
173214
183163
183501
176296
185098
177915
178267
165921
194018
183253
178914
180853
167044
181156
180997
184607
195759
186849
195811
191694
181403
182427
189712
184554
187077
179888
181397
181010
181089
176262
173370
179981
181289
173748
182310
176461
181892
179351
182689
175571
172578
190160
187093
192388
191363
184025
194871
182433
171881
203152
186379
189983
177717
184748
188499
191663
182601
196550
189454
189330
185404
179863
177016
180252
186584
189704
186095
188166
191485
193556
182741
196725
179891
193625
184869
177361
201518
183237
192608
183202
192647
195476
193344
182958
197196
185848
180291
182422
176321
188887
169252
178275
181705
183718
180265
189168
181722
186442
181156
175143
181505
184574
171737
176376
178435
176754
191180
183481
180568
191372
185332
192769
178344
183709
201315
181835
186555
190803
190122
183120
184608
172046
181235
181177
176728
187098
180554
173730
179563
192690
185598
180799
171368
188759
177767
182037
178956
185300
179035
197029
183655
181732
193168
178937
189551
190365
197744
186134
190185
185291
180055
182186
198159
208440
189880
183915
187194
188130
192413
192054
185554
188895
189500
177775
190224
171079
186970
180340
189726
186760
182828
173276
187589
183376
181128
184737
174938
170283
201070
174389
197134
178041
193727
172436
187492
177981
191915
171225
197748
182197
192212
183786
190686
176479
197840
170405
173151
180463
191480
179999
189393
200843
182864
196240
180712
190381
180209
186768
184296
188999
187625
192037
186808
184390
188325
185838
183202
179407
192864
193611
175197
185577
182111
188160
176413
186815
175308
193528
195511
187142
194931
193000
193189
191852
178961
193946
195163
182260
188672
193749
183113
197742
179809
197794
181556
181181
192947
190726
184535
180153
178160
192730
184427
191973
201249
186324
185663
187250
187351
193473
176194
195280
180175
185187
186102
187556
186372
184136
198103
189112
181825
185154
180850
170643
190404
186669
178980
174707
177171
176616
177995
176924
179981
188494
181242
185944
184186
191501
187238
189515
183941
189741
184184
188766
183464
204375
182221
190327
182570
174426
201990
183131
188688
180505
198439
179044
184008
175771
174122
179285
186284
203725
182459
186490
174635
180541
188755
187658
192918
187474
199080
185813
194382
179679
199547
184491
190858
191835
177900
181762
193220
186255
198013
177495
191065
179504
207551
182352
190383
174375
206933
169960
169115
178510
179750
183334
172674
180089
189672
179263
178462
178603
181631
182759
176890
182156
182295
191645
185019
179602
175793
190506
170389
183596
182460
189412
180232
176877
179563
183546
182781
203194
181890
194597
180917
190799
187040
187564
190271
185644
198465
195642
191413
177645
194996
190547
183373
185228
182707
198901
183369
190732
179630
193966
179808
198487
188871
183391
194783
179737
202222
183371
191182
185052
184989
204435
191005
187770
186081
185470
189651
181061
184165
195998
184763
191389
183702
185183
190352
186524
180073
188478
191492
189357
184269
182096
191574
182955
195450
188647
185146
177409
190905
191361
189369
181674
188366
182459
200067
187113
189925
193540
191402
184866
195191
176495
197072
187795
177461
189243
196557
177921
181054
172136
201847
174269
185581
178464
193524
179083
190085
174668
198824
177822
192008
177988
181519
178921
187826
165032
193047
188861
180763
186011
179548
175344
180876
180070
170767
180834
190270
190365
184142
194187
174405
189601
179944
178510
163061
201500
182542
181951
171287
193605
180208
194533
180597
201967
179915
199759
180218
167491
186265
184103
190412
186479
188259
183333
184505
180943
178877
181044
179764
183172
176821
176701
178090
175376
177985
187663
177532
176801
181482
180620
190799
188390
174018
205310
193442
188467
179607
184670
175659
184565
177742
178121
181343
180137
181389
184606
188540
186198
185508
176215
188572
188776
181458
187149
185594
178924
173509
174361
189194
176749
184671
180664
184452
171248
179200
180476
180616
163797
179443
174065
185594
177963
185580
185676
195641
176943
181508
185083
186015
188952
181529
197298
172433
188424
183283
197834
183734
173078
193486
186601
177583
196118
171039
190636
186640
186316
190759
188527
178774
188501
177429
170029
175617
184278
183825
181494
187365
194377
178618
176293
186521
178788
190760
179500
186125
193317
186288
181662
178572
178957
196301
181940
193672
181920
175591
166154
187993
177954
191285
180332
187713
168855
183008
174966
195829
202156
197915
179632
191718
214799
187472
182557
175580
178877
178656
178991
190795
180605
197822
190791
177894
177232
163993
177762
171625
177113
183221
192910
178146
168658
175205
184253
182956
177283
190425
176211
176906
176710
176543
176370
177875
178498
196820
181161
186912
184540
183651
192037
178759
186420
178893
186543
187649
189695
186685
175987
191621
182609
178422
189031
177735
188147
179593
184109
180144
191641
185526
183014
191577
189270
184428
177357
185360
186920
174172
180822
188815
172292
190576
185109
184541
187407
164219
197137
178388
188849
178211
187997
180828
202312
178538
187224
183539
182715
192863
201181
186748
190407
178511
184688
197284
179434
180818
186405
180139
180771
183730
175574
189453
184279
184492
187453
176557
170967
184379
171328
189551
177909
174086
180939
187112
174803
188523
170610
172953
186140
190346
186406
195151
180120
193506
187854
179382
189588
193819
182072
201945
184843
196169
182426
192077
208971
191560
188795
188611
182153
183536
181549
186975
197721
185193
188930
192924
193819
189742
190760
180391
188390
194427
191908
173491
188560
185597
182736
183886
198979
178440
194676
173220
185050
196405
189906
175178
184417
179573
194378
178568
188947
179337
177842
186967
215424
190536
189733
179811
194150
171246
179059
179702
177741
194409
177556
197247
173613
188984
184250
174838
200170
185352
184668
180123
187094
186686
186267
177696
182192
184212
188814
178316
187419
177793
187553
171808
185501
166302
197271
179120
189372
183924
191243
187378
180319
166283
188176
183225
181255
194136
188461
176812
180524
187914
183185
174929
186823
188943
179737
181956
184044
180346
188485
189013
187041
183165
184359
183280
174065
186221
194500
179868
173892
188743
177365
184807
179998
181211
173011
183922
191652
179675
183643
194789
173581
194560
187747
192833
183952
189571
184021
190598
184153
193517
215205
201407
186755
197465
186131
182260
180366
186349
181019
199412
185424
195069
191786
190629
179554
197768
180351
202363
185817
178673
195402
183641
196939
184105
189818
186404
186323
193808
187860
197098
182257
190073
179467
195812
183985
196106
192751
195835
186912
195400
180149
197853
188859
195418
191297
177019
181806
191222
178803
193370
184883
190841
183381
188345
179006
187043
181917
186691
199238
184611
188019
181072
191132
178806
188109
195188
182242
186136
189131
178419
181587
181401
184463
194801
189689
172956
198514
189125
185108
179194
183405
178439
186679
182395
183720
188510
180863
179980
178523
181231
172269
184889
184666
176607
185441
179138
198752
177081
190311
182199
184613
179490
192352
182284
190650
184821
210699
191828
194128
191469
183911
189766
189392
194793
206216
195249
179801
205708
183734
190861
182265
191771
184459
191874
188434
188171
185774
184555
189071
194523
200055
194543
185620
187026
185174
189754
177404
193016
212719
200273
182505
188703
179227
187722
177483
175797
201760
187993
191813
181817
193528
180427
175758
189485
219375
195412
179455
185546
186501
177739
184322
181712
237175
182632
177969
180368
185185
192534
178224
177468
181481
186134
193700
190152
172668
183469
181281
181091
175032
190112
185625
177713
186912
183031
173871
178775
183597
183102
179107
185428
181117
183772
176540
185491
170509
179202
183609
166420
207221
184859
176431
178503
173209
182797
207158
179999
177784
175534
178154
178198
193240
177553
198320
177377
189625
179183
176733
180466
180285
182058
190443
178830
185839
195236
184879
174018
185451
185193
197105
185458
186523
184712
191600
181864
184690
177855
184101
172980
182753
194039
183763
185921
179024
189940
223743
193340
182110
181497
183455
189376
179899
185736
190412
192357
176662
186746
190248
172012
174115
165522
182718
177672
198546
179290
190478
188879
179433
165084
196673
183902
193030
169338
198491
179332
187795
176901
191068
201953
186206
179627
182348
193173
183926
192077
182952
183697
173843
176386
183861
177042
183631
180509
184808
166702
195358
178942
176013
183939
176423
183352
167431
193695
204743
162417
195962
195947
191796
179526
183133
192109
181100
195056
178333
192282
178768
194365
177266
185835
185383
196636
176366
186900
182797
197287
185336
183455
173373
192013
182964
194172
188511
183281
183261
187208
184652
184247
177889
187536
184961
191361
183693
186353
187857
185730
165178
196075
185271
188566
171749
191670
181516
197990
177363
188742
176641
196387
179662
196875
170616
203595
190641
174053
196302
178338
193071
174527
196490
187016
195607
177263
196551
176106
194143
376531
189578
197576
176164
189635
179169
178972
185534
184303
178423
172182
180380
178896
179806
176853
188782
188943
187946
194709
187916
183347
192496
185924
187999
187710
181438
194798
181455
193779
181127
187430
180187
183941
193999
215314
191760
175414
182438
183097
188290
183831
176302
170526
195941
172948
200419
182871
189536
179733
193834
179267
202030
185007
188447
180738
191855
173149
190093
168644
186846
185075
187370
199416
180653
179802
194093
174667
181615
184386
173786
181669
171290
186376
177341
172059
186218
185387
182690
186624
175172
181087
178212
171089
178488
174656
170458
212118
171865
166415
177397
181357
187156
185250
190191
178020
191770
193014
191281
178615
188156
183387
185766
181917
186912
172358
190614
171910
190520
185446
191617
174455
211279
176307
189678
191689
186386
194429
181458
187056
180816
186795
181873
178641
185260
198901
183973
175472
183796
179002
189442
181552
184196
186489
179646
186158
175183
184079
165833
178262
198757
169094
202264
180763
196528
179254
195649
174392
191379
176044
187903
173781
191319
178785
178589
186124
166012
191883
181331
188240
181761
170584
183732
178278
192064
176892
194227
177084
192501
181151
184729
188743
186142
184132
188562
190086
185872
187037
189809
181953
178734
174516
185069
183994
175300
177532
188317
178838
190810
176808
220523
194081
189555
178750
166987
189530
180819
189893
171796
184998
177391
180536
179920
174034
182420
184733
173742
201575
178439
174309
175647
173812
173776
190398
171996
183852
187936
174333
179254
178160
172963
173057
175641
185345
185688
175729
174543
183392
169192
175522
171283
188857
186628
187365
177496
176149
188998
171716
205599
172606
192384
183677
196011
184474
182823
170143
191524
168931
187925
170813
184238
174596
189522
171212
194880
174752
202004
179276
192105
170493
190447
174735
192655
170013
205216
167923
189845
176451
189120
178932
196508
175787
195111
171744
191068
170736
195965
173981
189553
172216
214814
180636
186311
168229
188654
175806
188727
175864
184676
187480
180697
185065
186483
172818
175712
174416
195438
188108
177884
178145
182956
168373
194319
171049
191734
178813
191187
170920
187369
170491
188116
176571
174906
186553
183000
177041
180446
176585
190003
176000
185461
181042
182459
180288
174805
184007
173054
178547
179215
185108
172209
177982
185074
190559
173207
181222
184959
181722
189988
187962
181617
178322
179940
184927
174758
180563
189983
184797
178477
198837
185177
202844
177099
192594
193235
182726
188001
187739
188459
173932
187618
188036
184119
178975
169869
207662
171161
188374
175409
183246
190693
182444
181603
181685
174875
180168
184849
176677
171399
186335
185659
181180
171878
181436
184183
180533
191288
178056
190211
190717
177297
185556
177991
166829
191443
188431
182432
186861
178979
181685
188871
185593
180859
195570
187084
173800
186878
183299
184215
177499
181097
185504
181005
174510
183834
175504
181541
194853
183064
186187
174016
187047
183984
185174
182495
182466
175934
192468
174645
177406
174196
176482
183054
186234
190999
192411
564973
198738
190360
192695
182252
10524811
8484435
191863
185307
181158
179710
180661
177468
174516
175380
175942
184991
177214
189690
168786
178884
172729
188080
173759
176478
185367
181928
177386
178371
182130
176039
172609
199013
173175
218151
188696
180725
176882
185939
173856
185004
176853
176471
184164
174716
178920
186444
177889
182323
167973
179123
187272
182146
179808
186304
177075
177425
174021
175506
185148
174721
171046
191552
181722
184061
176795
183581
189229
171874
175376
182868
175520
180081
183521
178376
190320
179032
170074
187876
180825
181616
175035
182348
187519
175984
192892
177781
187504
176141
186543
170063
189776
195214
195644
178601
193339
179525
186996
186449
193485
191540
188725
180940
190227
187488
187700
180701
192715
185693
188494
189775
186406
188214
184216
184137
186551
190572
179521
180567
175091
179736
177594
178181
181577
187311
185872
175733
184332
175753
174134
181555
191058
179533
191669
173222
187627
174731
190678
175939
179044
182927
188304
182104
187726
176029
187505
173383
176145
183139
177875
175503
178041
185569
177833
177886
179140
187742
182754
178737
174955
185582
175802
173786
175972
192776
190454
186144
175804
189309
178285
174521
180840
179226
183738
184108
192953
173976
175178
173924
175805
163240
183904
173704
183586
190898
177038
183112
173271
181448
181927
177537
173807
177946
173790
174827
173261
174352
183749
177253
177587
175234
176941
179392
174655
174246
189108
175586
183912
174834
175955
176831
174529
176613
168037
193482
184705
187365
182145
197332
184883
183404
164885
195983
181631
187852
187717
182446
182807
170687
197271
188871
193553
180530
190055
182417
189883
189556
181545
189781
194338
181956
188797
188146
188480
181598
193938
189684
198364
177784
191989
179949
185892
186382
197070
179936
182193
177176
179809
176276
161834
187513
175010
185091
185558
177295
184716
178265
180351
180608
174856
183313
174148
176069
173154
177847
179126
176589
175288
184307
178871
187880
173860
181959
173412
181919
173277
192977
175124
179124
178112
176620
192179
178752
173032
185701
179928
185604
165548
194687
172149
180563
178344
189028
177297
171628
173772
190271
176555
181573
181936
178959
188311
193722
172572
194452
180151
180221
177351
181490
182607
192556
174253
205885
172247
190600
169560
188536
178273
188989
174869
196587
184045
180639
174295
178565
179041
180069
173076
178101
175892
185374
170231
186473
181083
182872
183931
183087
191535
175032
174000
172687
196766
171675
189019
175689
180029
172041
180538
169434
191944
173120
200264
186160
177997
172916
178693
176701
184233
169530
174679
178859
172049
182044
176642
176965
172997
185512
184140
182224
178125
183585
170762
184793
177182
189584
182464
182228
185801
183480
178785
179414
175129
183368
178783
189391
170406
183297
162270
177972
169237
195025
171685
187911
179619
179296
178701
179470
168566
202086
173333
184226
176483
183441
173510
188915
175258
169962
189625
181138
169194
186678
178970
180703
176256
179678
192635
189700
165202
192034
172642
178635
174995
186468
185295
186854
173755
180066
181872
181925
176942
179319
181510
185913
173232
179124
176864
180936
176950
172518
179444
180285
175121
171895
175492
177726
188258
176750
193822
178065
183813
187421
183356
175550
174323
181488
177965
181272
173725
176783
176260
177562
178171
182247
179296
183020
173808
183879
175828
170409
179939
186032
173185
189425
172869
174171
195521
170505
192478
172032
180197
179963
187249
177097
192115
183470
177878
178345
182977
176371
183591
178063
182185
173086
169072
191476
173827
175226
170906
177316
182219
180717
179962
188974
177228
198304
177851
187671
175395
177355
171868
179932
185532
178101
178487
182252
165165
188821
169024
179316
172777
191307
186830
183450
166856
195426
171990
178838
168187
191826
180708
190668
173291
199996
178487
185198
181739
190301
183732
195764
175142
173863
177261
179065
175955
185590
185959
190307
173821
191716
173589
184967
178409
185252
182695
189937
175799
170995
181074
182685
182327
186354
208694
191649
183771
182927
176184
185409
176648
186704
183484
193380
183954
181710
180281
186398
178392
180309
180684
201010
175652
186810
188444
181612
177000
177933
183950
196654
176040
184407
175481
188529
175465
178381
169513
189470
176909
185316
177032
188508
173298
181744
197202
187590
185372
190120
177156
174660
178415
181351
187746
182870
175749
179746
184694
184640
192196
186307
196249
193858
186253
190080
192527
181834
189516
179179
195462
192086
171149
194420
186974
187621
170104
183047
191274
197507
191524
188884
185887
180351
179381
186032
186379
179620
202712
174405
191067
177339
176466
179972
186180
178018
186218
185178
179463
180917
180677
188882
179595
178144
186316
176869
178751
200761
183555
178580
182072
179503
190359
183106
187321
181569
189188
177265
184535
197829
192275
189944
182449
193528
186047
191973
189972
183273
192865
183840
195952
176596
187512
181060
186332
176683
184747
177907
185047
174220
178177
186285
184997
173698
190423
184582
184542
178831
189432
176091
190036
180657
194199
180301
183819
174845
173782
190622
178595
188386
174946
199718
179353
192812
175792
178989
187859
187437
188709
188846
193275
183897
189401
176993
192526
186677
193610
189037
191868
178302
199459
177172
191596
172888
190351
176809
183101
177959
179231
182750
189224
176528
193398
181601
189290
182773
182036
178462
182707
177921
182869
182308
186680
174729
185763
177971
178152
180442
190145
184467
183719
175436
182149
166698
192246
177407
171188
178077
176262
188304
181713
181204
188127
180961
193752
179058
197487
181208
198544
183514
191445
174582
188986
182118
186329
180404
177214
182326
191775
188465
191090
178202
190607
184692
185703
190876
202451
175275
191798
184453
177555
177800
196515
183032
189638
195557
185760
166103
190343
181902
178931
178275
181323
174601
176949
178576
189860
166176
165302
186870
179740
188331
194358
185032
183008
186046
185786
184746
174009
180147
187969
181375
197623
189899
171620
194948
182440
183934
190860
188639
186498
198243
184704
189677
193048
181717
192278
184871
195865
192137
186994
186568
190742
185272
194569
183868
186896
201952
181292
194415
197174
187959
177389
190322
176583
190063
179149
181388
170955
179039
183032
187681
175451
188597
177580
190818
223013
165464
171373
201633
183306
196929
187706
194657
183817
193894
185691
185508
194685
184402
195959
182938
192963
192194
191310
185017
190707
185406
199301
182585
184711
197300
182346
186405
190490
199083
191136
193181
181689
189172
183965
192896
189336
200850
183789
189732
187360
189765
184640
190206
186509
180907
185632
177693
187885
174183
177735
188735
181928
195406
184701
178997
184479
191177
178185
178747
185640
207503
185635
183997
181881
180402
186460
186239
179600
176628
172658
190664
175968
185814
170368
179850
185686
180894
193414
182600
182381
186426
180909
181588
179010
172356
191118
174877
179139
175598
183181
180957
184129
183563
181418
171544
192501
175271
192405
173997
180989
175491
194497
180104
186840
174680
176550
193141
180582
188044
183763
200780
174734
189404
184279
179852
177997
179409
179315
186618
178720
178071
179188
188610
182152
180890
182717
184518
182905
179877
197456
184025
188389
175205
196328
187239
190112
183481
190607
179150
184921
196144
186368
199963
186195
192426
183031
200161
194262
191604
180588
204569
176684
189599
180574
192146
192631
195803
184130
196379
185323
177091
180759
198464
179164
192555
182938
196344
184797
184849
177177
185484
186415
188606
190107
217569
190572
179544
180687
177107
174821
166465
190846
179553
173819
182299
183726
188419
175658
183614
186489
179887
195215
193028
180243
181254
177188
177877
180286
193212
196253
187766
186295
188261
185802
198593
182222
189394
189568
189951
186247
185252
183621
192530
187426
192629
195989
186175
190088
181103
191594
192202
197126
180910
200489
184668
189434
179061
192406
181534
193312
186003
203390
180975
193830
181551
193894
185473
188625
179984
201144
176609
183366
174650
180509
174692
188605
174238
198232
179747
192413
174991
193858
182660
185968
176468
170876
190741
184451
175357
185765
175798
185948
181026
194487
180073
193641
173655
197308
183239
191767
178302
186921
184364
192046
173116
194271
175364
186958
191843
189452
185043
181180
184309
180639
180655
185986
184298
187348
190203
182885
185939
182582
178880
188346
178923
188067
185482
184148
174368
187696
182898
188695
175006
183965
181021
191622
178753
195369
173428
194789
173386
193803
175381
186425
181637
183661
191602
180945
186917
179462
221964
190406
179613
187724
180519
186750
188062
190807
180503
198483
177274
190234
195251
166598
166535
182905
174435
186518
175317
189084
175890
192521
179267
186232
178855
196603
179144
185533
176964
180891
172517
194102
184751
199642
178839
186965
184083
194481
182826
178232
179528
192582
186029
185610
194591
182734
183814
188606
181859
200322
184022
187222
187773
186293
185293
190168
181333
204273
185773
191478
189879
189034
195406
184303
178662
198029
197333
192921
182659
190390
177732
182652
170416
205699
182541
188222
182749
184508
178302
183057
170656
206375
186481
183084
188518
181414
176693
180022
189403
179419
191646
180535
189519
174414
187818
174461
191668
177104
197015
179884
168244
177199
175941
179143
179769
180757
189985
189677
188274
174315
179099
180274
186218
175985
201238
177533
190417
169954
196542
173175
182802
182660
203768
176901
183498
177174
180656
191763
176771
185416
176397
192380
174247
190595
171817
174073
186552
195520
218345
199124
184373
191216
174901
194096
180830
200316
217960
204170
180435
194055
182432
168470
190725
183448
182807
196578
195133
182332
189273
184408
191779
185886
191509
186103
200987
180673
192559
184134
192075
184280
195131
188415
190897
177740
191221
200686
183451
197734
180215
196863
178155
192925
188033
181306
190120
181037
190584
192227
196248
184869
196552
180201
186902
180981
185651
190320
170841
196193
181271
200582
185955
183569
189297
202840
182751
190886
183724
192413
184852
188451
186759
201778
186747
187297
185507
193159
175692
181942
187561
182978
181241
183159
191084
180958
190598
187615
194495
187024
183489
186946
193300
177966
188545
183149
198016
187553
194350
183976
193747
184021
194539
189865
185140
187779
193678
182637
195124
180872
193560
181959
179438
204729
184339
186965
179758
195544
180167
196826
183475
196416
180662
184672
181366
190539
179496
185609
180797
187019
193901
190730
189535
189395
188149
177508
194680
186123
180027
192290
178904
179301
191811
180877
197086
194072
193966
183908
202051
181105
185363
183620
182063
189515
190991
183845
181287
176050
191895
180402
187743
165638
195842
173968
188379
180758
196689
178426
196539
173611
190706
176313
175149
189198
185576
180177
181838
174095
196020
191261
186961
196551
178717
189814
179806
183295
192331
178714
179118
177547
187902
178908
190790
184025
180950
171639
184384
183094
181132
177494
178225
180779
201584
177397
177865
173388
179955
174476
178927
179617
166476
189199
177605
181766
179750
188406
179467
187044
181199
188613
183112
178978
176398
178649
179535
191912
185772
187044
189945
197229
196003
192778
185944
188339
187409
197316
183807
191622
185047
186270
194602
181967
193359
187623
191997
175849
194427
183828
193337
181308
194059
191477
195746
182361
193485
186728
173848
194658
183188
204693
189289
194292
179959
185956
185571
190325
184426
194348
181576
195519
179659
184067
180234
183375
185375
199083
192412
184562
186957
185766
192988
180724
189494
204050
182837
181428
185890
186461
186187
189731
189412
187185
192462
187325
183798
180901
183589
175715
186211
206930
181644
197644
182458
191686
182145
168936
192209
197521
185207
179427
187551
179529
178776
175468
196742
172550
189936
183440
181095
187846
181197
177355
175539
188483
187298
174998
186953
177462
180335
188693
175805
181906
185148
185776
176616
175570
175646
177443
176253
173568
192233
178000
184829
185828
175185
181953
185556
174127
189250
189481
168764
178240
180228
182631
184482
184456
213678
185420
189365
178365
177358
174842
182468
178372
185230
180596
182439
177539
190500
179663
177928
177633
179340
185121
177104
172814
190151
181302
184813
176950
184576
181364
175315
183094
175224
175142
177405
189585
176795
182435
183259
186110
179642
173554
181435
180335
178223
169438
192192
182190
191122
180866
196558
175794
182973
185105
196072
178784
181935
186242
175214
196334
175019
188589
184745
183826
178123
186354
182645
177370
195613
178618
186043
181419
177970
174955
194754
184649
188602
170899
190330
175473
190648
170913
183955
188157
184158
180163
185986
180949
178222
176038
179901
185857
181254
179597
182577
169942
179255
182412
180222
177936
177751
194950
188544
179738
191115
191891
181952
188959
187954
177349
188413
174575
176525
172398
184009
182692
184715
186980
193943
170994
180188
177280
186948
178692
184996
173549
180294
193145
190429
174827
173593
174699
178580
181887
184016
184790
178042
172440
174097
182138
178854
176724
180331
186854
183343
185541
172500
183569
183064
191773
177487
185352
191417
175844
188218
178115
170330
184877
183082
197851
180726
189310
176037
185635
178058
190068
180793
190774
186834
166281
188455
187145
187931
177270
188989
179964
188984
178702
191496
181187
179456
175285
185435
183574
183355
174818
180513
181013
175559
175260
189189
178226
192307
180745
188344
173951
178685
186871
184661
178065
191551
174616
181972
187654
198908
175843
186831
176125
187398
179623
181595
183293
178594
179251
175745
175163
183095
169950
194797
174717
176722
176586
191475
176467
200385
189605
179252
177682
185796
183056
188855
176577
187843
179577
175293
191715
191281
193721
186450
200801
183774
193043
187057
190914
182198
188179
186894
192601
187117
195039
181175
186064
182037
180112
184849
190948
185286
190951
192966
187614
193453
189670
180296
193926
184426
179526
191884
179959
197624
184938
194618
181925
199322
188744
183999
188531
185127
190821
189780
189579
176687
194084
182804
190789
184374
187334
182852
192951
189104
198272
185521
187533
188671
185771
188619
200588
217668
195433
178060
192980
173503
182086
184471
179845
222314
194688
199245
188216
188886
184115
198231
181959
173139
180309
192845
178114
188208
181242
183372
188394
180846
180667
172013
190084
185016
185588
180165
178510
184092
178490
175307
197194
180408
183557
180551
179029
187993
186428
183194
165423
183237
177790
183216
177454
184881
180809
175500
180518
184244
174213
179245
179097
189505
176331
179137
186321
175914
176841
176288
178145
183593
181440
184676
179941
181711
180434
184182
177764
177321
187658
189999
185480
176489
195090
176385
187114
172141
178067
188882
176698
182216
173261
183327
190446
178980
176648
191336
173288
182889
193469
185152
195749
186611
176862
193254
175710
188450
172769
192572
175271
188841
179057
183312
189293
177828
179600
182475
178831
178951
176791
183070
177530
178663
178949
188822
175854
176571
186565
171579
195486
188388
181976
191303
176916
179559
185801
179188
186241
172100
192196
175287
188097
176794
183165
176196
196885
177886
183803
187367
186100
176426
178845
183007
188566
166541
189395
174674
186325
177580
175862
186273
179849
191855
173200
194431
181594
187186
185487
180853
184702
178555
189824
185499
179038
173407
181872
184716
178140
192204
185373
181416
179925
175178
181248
181425
175441
192691
183013
175112
193395
184851
180903
175068
193247
188326
182286
177867
196248
175185
178398
170777
166492
184630
179834
190392
180463
188779
178329
195036
181354
197760
185245
185391
185212
192506
174187
192237
186225
194413
193268
179894
190016
183290
187385
181005
189687
194023
194476
187261
195297
184762
180067
193835
183940
177009
196393
180265
192806
177000
195728
185096
176602
204782
185095
186671
185909
184647
184263
192551
180313
193998
181741
190770
186535
186659
190284
176441
183672
202906
183532
190798
177146
190823
182297
187914
191248
190369
184111
182953
186048
179232
176072
183120
183598
180727
189876
175922
182531
179967
181620
175293
187543
174876
186567
168842
190685
187440
190161
177203
183501
183087
197922
181731
178182
175444
191479
182290
187240
173317
193576
175593
190620
173812
193089
170063
186314
181516
183282
178656
181765
183116
187769
180602
184117
183438
162844
178017
197558
188660
185656
184543
184506
190151
193924
176473
177559
173529
190558
182045
183920
182268
213857
188339
185705
190668
182395
191614
181904
188535
189069
192005
177826
185723
193514
182738
185530
182892
178182
200134
189092
184535
190658
186764
184465
188649
187947
178883
187958
192387
183648
187485
181428
188660
188417
185383
193820
181938
193904
180629
188405
180699
205174
188172
186848
198548
185254
192850
183166
174819
180359
182255
181915
179051
194771
179020
190375
177508
185069
180755
184823
179066
184293
184561
186321
185103
178025
194560
186483
171770
175200
202000
177281
178750
184900
182719
179824
170995
180166
174921
173536
176277
179115
173914
174787
178145
179245
171527
181565
174586
178192
190378
179900
173334
181160
173364
176319
178363
179219
187414
173420
175998
169505
176746
169414
175284
173547
192717
174640
164411
190349
179184
180700
182526
179351
183971
183320
175186
174373
185398
178316
177655
178536
192040
175155
177451
183731
185465
180603
187301
171139
204173
173192
180850
176586
176705
175413
173461
175894
173155
181595
187174
181670
185847
182279
178956
176114
185467
169926
184515
172000
175692
169895
180098
175622
166472
188161
172298
175196
183739
187875
183088
178042
179487
178762
175051
174204
185063
177322
178408
181987
177889
187045
175917
182384
177182
1031175
182487
198320
182222
188533
179063
180155
188178
173323
182469
177932
177138
174785
175689
204376
184329
201210
172666
195761
176023
192364
181841
180642
182908
177153
175552
175133
178218
182595
185057
175238
182221
181909
181928
179563
177436
187826
177498
184411
189492
185949
176349
177719
172164
178082
187681
181907
192541
202010
171606
190034
174996
185861
173479
191680
175783
202524
181503
194991
177616
177779
178376
193591
174656
202581
170910
190365
185270
184429
184825
181256
190972
181545
190150
172642
202170
174666
193743
175030
182636
184871
186719
185496
183462
177166
183197
174674
182740
193081
179715
177606
177642
175991
181263
181616
176431
187437
179456
173746
178706
184894
181927
176048
180098
190502
178622
175283
179002
177623
183880
179533
180803
180620
186110
193776
180698
190853
189189
192754
178156
169649
196798
186337
178050
171249
189411
180224
190116
215731
190747
170045
191109
184831
172420
178663
182411
178592
181495
180654
174526
183070
173555
178948
175359
177785
185712
177937
179655
182034
181348
186278
175406
184489
182945
183481
181708
185423
172657
178731
177487
191210
181860
178837
182882
174991
175786
167654
185818
172597
180817
169850
188337
174741
182930
178312
176871
192685
170295
201089
175940
186357
180844
189537
181252
190644
178439
194374
174080
191222
188039
189698
179843
183210
182940
200973
174973
193269
174341
183336
182488
188635
174391
197931
173413
190982
172423
178291
180242
180769
180489
183158
181705
175273
184834
166560
167761
175238
178930
196114
177419
184674
188379
183443
191134
182396
192546
222057
207326
186141
177146
190593
179998
171183
184132
185758
192608
180867
182255
178369
188912
179133
189757
176507
195200
182137
182250
181785
197775
180267
190201
193998
180726
202722
180600
186817
185404
196051
179900
198653
189939
190934
180439
185623
178606
181304
181175
200917
186616
191306
179568
191045
179875
191145
184086
183161
192169
190472
179956
190246
187965
186096
186438
186693
192182
187522
182334
196610
181185
191067
181259
191689
190429
182066
191397
180950
186640
179117
181321
181891
197026
181040
190144
187594
176372
191711
180391
192078
192075
174952
184004
181803
190279
194280
181858
195732
192204
186150
180643
187236
180947
182001
179094
189541
187929
183008
188896
181053
191767
180090
186747
181704
175382
194466
182407
191575
189260
187193
186097
185711
196755
182816
189521
182085
180197
181024
197846
198936
170695
196751
172639
191377
175735
189713
173328
188897
188247
189450
171893
176734
187000
174927
183717
182189
179999
194579
182234
184345
186967
175787
180918
175050
185905
182216
182812
175697
175553
177826
183380
309680
187039
192732
200425
178623
185082
175490
185494
190426
182053
197432
188016
189230
182824
197321
178877
190289
188252
200111
172815
194230
183159
203793
181344
195896
184818
178923
197395
189175
193103
183932
186963
203929
178270
202355
177631
198709
182691
185054
178303
188855
181693
184201
182175
188839
184134
199868
175744
194140
188358
178959
188492
188450
183037
182465
194283
182518
186631
184461
201897
181008
189603
184091
178202
194666
184271
186845
191339
187352
187529
183313
184742
175451
185711
191639
182301
187320
181673
188896
179917
189657
188197
191251
194103
176581
186924
184890
182809
184469
191336
182269
168328
201930
180297
174923
187003
187487
199492
177374
178085
191273
179116
170406
187974
180705
191098
182204
174197
191434
188525
179982
196263
181872
186272
185154
180764
203545
173734
189327
175816
186717
176223
180290
176504
190252
189601
185841
181459
184380
197189
177011
175404
184251
174465
188609
206816
180536
193277
187198
184753
168504
203445
173520
192154
187901
197532
192700
193404
192757
191543
188266
191401
193489
187949
180355
186442
170733
200073
174135
185788
197313
179754
189705
173988
185926
183487
179849
190982
183389
179318
190309
178454
179358
177890
182814
183899
186586
194286
180958
182259
180050
175789
199012
181350
176485
206449
184205
190437
179372
187270
188351
177170
175149
181337
181004
175276
194937
180168
196281
180358
189255
190603
191835
180821
196897
185785
192053
191246
191370
189584
178500
180519
190493
183060
203467
197565
176790
188460
185749
181569
180137
188874
197503
186432
199698
176721
193810
177261
190646
180462
227155
188229
198565
178138
199606
185286
191844
179440
189370
194606
188983
179734
193049
189491
193005
180205
188103
185824
186988
189689
189740
184309
188120
171664
178379
183398
195168
178345
187439
180788
186651
182109
179846
204723
182392
195375
182078
204589
178738
185113
190418
212340
192887
181987
186961
178611
195234
187064
173082
191358
172732
213778
177650
207682
176219
212402
214523
190474
214249
181649
174535
186950
207412
183256
222402
184857
179485
185755
190805
184857
190035
191650
202346
178515
194587
179297
198898
174746
190586
180786
179109
182673
181474
178481
200915
184937
187052
197117
184651
183890
191261
183571
186322
180281
192756
183294
183612
187487
195285
187697
200324
181866
190898
192697
193865
194748
182679
181535
185189
197486
184585
194626
187798
200111
180126
173307
192840
185856
196103
182766
189232
188782
190443
179398
195751
181546
198854
176828
193464
191591
180441
196103
181317
179666
184515
179425
183422
188084
181796
185750
181304
180645
173520
180331
179665
186234
195862
175822
185926
189793
195428
173736
187154
184182
185240
183103
173959
179733
172400
175945
194242
181518
195256
188433
181740
178913
185127
183902
192639
193425
194394
187792
179956
178012
187032
184037
194176
182060
195100
186141
181014
180999
178790
193141
174865
191579
184820
181826
181125
183899
187164
188297
181114
191704
221554
180692
187112
197342
193760
169636
181009
177544
184345
179600
164904
196486
173972
190419
173378
186806
179789
194408
183779
184850
188454
185312
191032
179932
188655
186695
183060
184782
181770
182105
183293
188145
178032
191386
180409
183049
184962
189948
181170
186011
166387
193255
181093
182630
180712
190709
175054
178597
191863
197837
183326
186265
191552
178060
202961
181938
177545
180332
191721
172377
196560
183902
186554
182234
191374
175908
207616
181654
189242
185404
190367
185447
183102
179375
182159
194291
183373
191653
178215
194262
177853
183498
187977
190486
192365
181821
