1188504899
271078
266058
482904
745223
756769
467286
534890
738890
631515
566171
718340
908932
746628
914781
400558
907506
912060
1136699
886704
1145580
1081280
1257851
911062
1160328
553843
467349
687968
1215368
1093091
1491073
342017
507093
908234
1003932
830897
1177038
1241737
1428419
1268557
1220905
935639
1001991
574303
1098039
1140388
532210
662747
1267616
909687
1240824
981653
770786
1413908
1482728
1500473
391143
437664
1100951
1250918
1443727
1470085
551113
1081047
933088
1624163
604355
680268
810411
1214618
692633
1005546
879164
837789
938826
1025805
265435
1310029
273474
892548
1293146
1302552
328211
1160311
1155989
343257
1105095
881235
451590
1228352
1437285
404711
753314
684220
598877
287529
1205351
719165
492209
535846
244489
1088936
454359
1268338
945913
741687
737325
642386
986739
919916
1105723
1119643
1109728
1038665
482799
645278
440904
231841
902591
909002
448248
776348
731561
1293927
678649
1143989
920532
750342
503465
851972
596220
679704
577139
1399945
1188230
236936
1202913
1225170
829559
210556
994045
1213073
758478
320697
937277
779894
953324
28230661
26112522
24072794
21954922
19906557
17833671
15723454
13651163
12074089
9956269
7878301
5802567
3680740
1605313
6492840
4374309
2300642
2656853
540837
1366775
1147638
2161978
1224549
1619284
2073988
2375067
291731
1053977
1135380
2176852
2188156
200240
2019515
1616138
1255331
1490594
761969
1294563
1489964
1091023
1307184
399427
1274671
1037928
1537797
738155
989387
1627110
734116
979090
444871
1274561
312287
1325273
395434
741736
1110316
1208185
747997
577756
312657
253741
1061697
827674
195626
879826
407496
916807
324470
842383
689409
828576
426060
726575
763713
543788
853225
710131
666589
1073131
685800
787742
841784
429815
634834
934156
784639
737831
575803
416554
725308
1116867
634025
556070
744861
622226
570326
859194
961132
354215
720809
554255
799431
380660
646728
518590
753095
384101
519425
681470
677952
445755
656831
403709
265325
683659
620814
817772
1277879
552136
1143995
1292146
902424
670437
926614
843789
666911
650341
587178
520897
646285
372704
755521
272602
812301
601143
472067
780555
287406
217973
476993
807804
949413
814505
588904
973318
888853
411886
996257
694425
539107
1104121
932703
581245
933112
1187168
546670
661059
879363
525688
624105
651465
558240
677741
335534
766839
551571
701012
504283
900946
916630
756718
1074287
465713
1177676
1337456
798365
188138
839983
669162
751765
431166
1083653
1302418
634557
1076621
720482
228799
574160
493804
1333337
876286
670957
585785
1155345
967961
950636
989655
1039878
1052947
586653
1027848
1684841
750906
1096311
1293905
1481318
477123
781524
496289
1530242
1176905
930539
520914
358891
322705
426361
1161205
842067
1454149
804640
997403
1084137
1005094
1046590
1170542
1132194
892525
1096275
659910
186642
1338596
961413
940666
1030227
1020661
931089
715713
1282509
862109
592154
839441
726996
247495
1050257
907392
827936
647633
596024
233204
1415961
1258214
1245540
1122868
1328625
1403095
1310547
1331643
385045
1096397
1209358
1629431
476577
1411805
1511018
1186741
1182381
576265
1199658
1539993
934995
1026467
238314
353769
869047
980861
1009871
1100928
825704
642837
1057538
873707
1068303
266213
1001334
242246
1139296
1227958
214482
578924
1225440
1405687
1111532
1011107
829074
971986
1039214
973876
576549
683984
1266096
924525
630638
1287380
928314
895251
364243
1070239
1472647
1025845
1381210
1456807
464360
1491021
1628707
594209
204071
1100392
1101936
1587694
359120
917125
746457
666616
519021
975138
546217
929425
1365651
433684
1224388
1032067
1307721
304006
935424
1592716
888013
902516
1368491
716853
1161567
649094
585365
650963
650436
617407
1142086
611675
408579
977965
648716
679230
1124783
598797
678985
467258
873535
863683
456097
708744
594937
895065
479874
913577
690945
813637
537877
747135
191723
1016749
278115
562218
392200
858602
579982
841054
714494
1126793
578661
934091
692377
569537
288020
1514611
620942
871409
1016723
1040624
1224846
956946
1070096
942737
1072629
684138
300153
957668
696196
1313942
767696
1010108
858703
900100
622107
795476
652632
608030
573867
1103725
679046
1192346
324380
1157044
1019726
300670
1383430
273736
323709
652752
251878
990244
1100722
1292165
1291832
996890
902243
1170282
1135173
881410
1442374
1372844
1359186
763238
715954
488368
1235681
941301
717740
644226
1240541
222371
1353377
1006254
1004899
889764
582854
865952
1187172
542674
830438
1029613
913165
652694
708325
847780
499708
925345
1008092
902745
749476
1243056
1146087
1012432
1228124
732969
474401
973347
747066
576132
1087520
1331750
804808
1082749
1347592
1087759
771457
856490
782094
1025533
1146394
680669
565634
876957
968024
1086113
1056824
526422
1133308
493744
1077739
516399
1322915
754545
523901
899250
493868
1162427
1089612
207083
1493009
289761
326340
390946
237290
243111
265433
410155
714287
680919
861492
748533
1141093
724741
1046895
454323
1436600
1269887
369110
791172
696732
1052152
1111738
723522
1451938
1451736
1456956
227364
1372418
1093400
805592
1579493
1576294
1516094
1721075
1030580
331485
953210
25259273
23129888
21060352
18975653
16849000
14770368
12674333
10549907
8455906
6366595
4230308
2129215
9056873
6962206
4892046
2850771
727775
4058426
1926412
1534499
2625206
534562
1995836
1879597
1951544
2265848
288404
1770369
2165762
454231
1434887
2002270
1996338
2172142
355188
1986880
2133540
200771
327105
302565
483431
1583549
2211348
346667
2496313
383327
1538860
1541524
1704612
1960082
2030714
2471244
349785
915197
1355073
1170475
2250324
224644
448311
1700202
2037629
2042006
1987312
2291942
282269
1665518
1659889
1382454
1019605
1171063
293321
1155974
1659930
307435
1221256
908680
1201484
1050194
1147916
200069
835317
746392
790238
1008816
1101489
1160485
820800
1181912
1247563
627843
770653
403806
1399763
1291497
1256203
1349610
1324562
1143864
1114838
940036
1407281
1417464
1253159
825376
621804
1125729
1064168
446759
834964
415653
1183128
1154272
1146500
1195870
1225007
1366593
1477085
205463
353425
991347
852385
1186618
1198347
1016017
790517
640506
489728
1176523
850495
714174
622643
900107
1265056
1061408
691520
1319254
1187220
509866
1219563
544655
1228734
805692
887214
751907
944148
1035591
1113488
631074
492896
935704
465569
1218698
874267
1327142
1266303
1168407
1220068
827217
1015897
937312
854579
716691
352200
1067050
1064723
664099
281358
321314
867953
834548
742276
838976
452768
805648
530015
1072882
701194
245693
458784
416196
305681
661534
723519
564969
252429
737000
440335
393704
556730
560538
207066
608429
461675
599706
959169
601657
519999
344413
1150592
996141
655508
923712
696503
426506
365312
718285
282361
553906
629092
715435
483151
810237
619270
750311
578025
1081788
788589
834824
1094716
928474
950369
558573
995956
714149
793386
512968
358466
831202
675499
1006547
593305
1219776
258241
504201
991692
620709
472517
660143
1237276
767516
1222866
1044057
189983
1109682
950598
537762
512283
316975
1253641
979249
979789
1351663
1057826
485553
811674
1200044
413321
694897
1190420
443600
764853
1179925
383906
750452
1269419
934683
555433
807322
992320
683632
469481
867674
480277
1090003
904439
1225557
891740
579120
1154998
572248
1099575
625667
1221598
677523
260233
1080284
676862
1106107
728129
866757
1214099
579313
589511
1162059
376288
685140
452046
909469
665505
942687
664496
466723
630433
640187
432018
589486
532618
482952
655215
1032215
700990
567446
769884
225072
824638
760510
727608
986805
899630
728711
730012
681524
1001397
920501
768778
962197
823788
730897
1055247
680305
695140
994290
473701
970277
644677
557447
954254
474559
541837
1152227
1054718
712866
505692
490969
734726
720887
1153927
471005
955912
925689
903238
442063
1062226
1027633
680918
799583
781805
320529
809756
1108416
441576
763062
598481
234158
1044517
295708
1077601
562946
649765
507970
671096
1018306
202608
667898
1025901
466860
418797
521455
495241
793317
689396
349383
846311
844440
793137
352662
956779
998544
946625
759421
687731
971202
739752
816879
573000
485719
625967
669572
679340
607765
693439
513737
757948
813282
784324
863021
967413
1026697
967288
960715
649737
464048
853086
251387
217734
332290
551499
813532
633674
787455
428086
219837
528666
1028439
1008773
1108053
1036224
934013
305466
638253
874096
1028561
931118
938408
946308
989461
1104538
191533
684643
992557
245895
718030
798294
946966
941355
1007713
202949
390070
1060696
1085533
246908
1071531
912728
985117
845175
889810
919485
610434
338755
850567
716148
549982
499081
658339
857424
783232
670151
709535
433701
727354
919108
613769
696102
965672
834676
672195
812372
850467
367056
936109
656672
913596
771212
672204
813137
519849
594187
741217
661116
884583
716576
613506
880863
738469
656419
558166
529145
529775
822483
455866
774717
360908
205157
520277
764452
661236
531560
754238
450570
258671
754225
687588
412634
932113
736043
706523
609554
665255
409191
397031
978931
625485
597796
370372
553491
589321
546669
571742
522863
646588
610835
625615
611479
612988
765844
658912
940953
722942
714423
581738
651449
1141685
608904
985395
1251227
888848
770221
24373243
22250867
20218377
18164577
16034348
13973118
11905557
9780890
7725373
5645525
3517022
1453956
8012050
5887988
3835845
1759178
4219638
2108373
4157771
2027835
1184779
1726651
2078923
1905627
360441
1849302
1647265
1668628
222258
580039
471665
497561
523114
735275
969742
1825455
1662741
251806
268566
452760
480183
858286
1267392
494031
281864
364564
240822
361469
411536
579090
1190078
1567839
594198
805800
2235433
2204237
1483727
1536993
1466580
530695
229957
361836
2417287
288016
801999
2256871
507211
335646
1834332
1024150
1021936
1211125
439765
1024301
1652018
372148
1268538
509747
1145768
506265
727003
1194893
237233
771835
1072827
808082
984955
927812
783485
709029
642952
281347
739007
506719
744193
699647
864087
469829
790031
1038885
595416
417259
605273
735620
511185
256561
928448
636039
630217
762120
409884
339761
700096
781025
760546
632787
694905
652072
502641
1095750
666236
507718
372722
1274168
211952
452652
847485
297791
1183417
1197740
785098
433376
461362
1527321
996252
512707
1371891
827509
602587
1527183
1564639
222103
546204
1034739
879320
631248
505292
619024
443030
390259
1258003
591532
195595
1258299
544628
1411681
981677
303109
684680
893105
854432
497471
855869
803380
443561
229067
796694
558308
353906
520898
455601
321974
970118
479148
1079280
542136
1133126
497104
555173
1139407
1173100
984400
524016
1051142
265735
502418
263457
1108932
601743
857053
1224587
1088567
641996
867661
1022979
633258
705967
539971
925229
988890
425048
713947
1007043
910454
711072
325288
721705
863712
819076
610135
315673
291065
962996
486549
224866
306794
390857
656598
990613
401702
885307
401315
1050096
611117
979972
735185
533751
874065
572814
557013
723096
711592
817850
601922
799175
288000
1099845
391448
546547
445121
450776
553921
502873
1163353
824488
249625
783728
943026
795955
203891
1077236
804058
1301428
994246
439854
586047
334185
1048322
532603
769013
1163817
923831
663195
626042
528847
722706
1601864
624912
1110620
1148997
1013703
733722
884358
450042
1030604
1218948
1106882
1104615
1028673
876580
1100996
1086225
1018855
940683
941753
1048466
1074320
992676
682663
283245
948404
357386
1198094
1027232
1361518
796125
605326
434630
729538
1487684
1179349
970239
555168
1266206
956438
244231
782026
632245
1322320
530229
1075372
695421
931578
759125
914506
881668
326596
272918
522122
807065
205067
857213
663129
872026
669350
778420
837877
774167
886642
513164
781498
660155
985331
413798
553619
772149
387292
784085
809500
554461
386318
502144
524850
663697
901669
302539
753176
221458
874155
1104178
847162
1240378
654292
1161565
685783
1152986
817230
913269
824133
554079
842079
952886
874954
851653
408776
1123151
791899
1188376
761699
746749
216354
557104
503094
1293287
803502
1039122
498164
895949
804830
732481
715985
693343
1368305
1147205
1054679
360679
525321
711851
981903
259756
208481
1187138
1337165
305630
1201088
625086
1031548
529796
1235830
507533
758010
423915
1146542
824220
622791
765831
1114097
845059
803299
962993
754676
734667
852608
1380962
583937
718038
865398
467934
589153
914273
1428027
1104644
678758
966574
201442
939959
894985
1240215
952205
863687
1194893
217040
355644
576309
835711
431649
761813
789984
1010817
798109
588114
593702
507892
475799
844096
1067968
766072
286317
550025
520636
860539
210855
651663
517193
323110
418193
606901
574396
225888
423705
720974
614278
857280
241494
306180
683991
283260
732694
733722
894995
792929
760598
712402
739175
385198
705781
652854
607551
489055
579383
458724
550733
852921
571788
671724
753018
828589
296675
1037875
853167
1028103
739038
777337
947193
896809
277523
1066026
1203254
1361497
1240759
645130
684406
658318
688876
1127110
1137562
1424952
1469996
1160799
1083840
872024
1016190
1128179
1492633
1356329
1267975
845446
755211
692285
744548
1366683
403716
797274
1249148
1535402
1555564
1311511
993944
907220
1095188
260006
571733
1189699
828695
915401
861796
1095217
968491
1319432
1245747
1279906
895178
922938
1065135
762009
966816
1062165
1133858
25866335
23732267
21727823
19670638
17569650
15460995
13409813
11391725
9267992
7206351
5123986
2997630
920645
3322421
1268218
3432924
1374428
2381238
263579
2276244
711090
1365601
2007543
2042005
224615
1160900
785196
906528
1324816
846700
1939477
2171968
224335
1823623
2189697
725016
693238
726155
1077995
1864219
1888859
698440
2413006
293541
1104001
1330879
1720065
1606594
2105017
2390021
265266
1570603
657171
2037251
800498
1081008
1695558
2292987
884563
1865309
2111593
249979
995074
1811763
1753594
263922
1839265
1139038
960164
1247392
1713603
684833
1055466
891401
886633
1232538
1104326
1306250
1311723
1018214
1402190
1058493
971112
1113035
653732
1299461
1089624
1091763
842564
1244752
984213
699366
1031305
757496
935850
912540
1212145
1120122
939599
938425
1065084
873785
515263
692116
513493
268846
479898
342192
1246050
659359
521094
552605
274373
1060674
529033
302611
531041
770325
1051726
963995
509226
876904
955321
959111
973033
1059822
433568
1388940
426841
1025821
736173
699577
839169
1116994
439031
1056570
922981
889504
670740
625891
930417
987709
783119
404888
686417
857346
653297
879991
790886
1011317
250007
736559
1152895
698910
650642
922790
713858
542899
687201
727955
1036750
523520
542350
991609
960788
1229340
1292059
973627
550715
1252136
275663
1207783
1126484
713882
1285343
889584
386159
1389794
986181
554924
500913
1477250
214100
224397
1304496
1220959
1561558
219213
1397445
527542
205320
1129163
219929
658872
457094
853810
1168144
294658
1299759
696055
216929
1474078
229394
1112570
1354820
693862
1006567
217004
821179
192707
361667
584611
219234
643051
1318297
641227
817870
579460
1211563
368289
461587
540777
466574
573646
521317
302300
431755
825432
570031
520264
617950
705091
510709
571829
192841
790565
700400
913235
625426
627477
820677
595867
1168989
928177
673421
1162750
461233
1208495
637165
360074
672491
509076
532211
268081
806247
974493
626409
451618
440392
382806
744121
517475
643383
651258
504617
406259
424824
823278
611177
326225
411008
420459
426983
585458
400715
645377
755496
394097
897668
662684
526601
468381
392307
337445
479396
508769
354154
817269
909586
575866
745730
510298
649374
630011
614175
626288
474110
459791
686532
612104
636656
1858604
673020
589330
735092
824585
740087
899872
637362
295451
1104203
479780
731163
543424
571228
812683
725193
746895
919327
559323
894890
723423
235543
983910
902358
630939
732667
254686
541395
1032553
523809
825321
853408
790898
253614
741015
314780
656765
608844
310147
463007
569964
789668
250120
1020671
197692
607632
471502
906765
587886
489340
820683
634217
668145
540084
398333
1052836
849162
840888
623311
797378
908142
230120
505139
457255
479003
694292
648180
553742
371299
777903
793158
829516
332351
431824
399010
808154
598185
689963
776863
797838
698578
448655
836679
600469
866973
659595
778947
200895
688482
833944
430463
665762
591388
900541
472580
572354
514000
534816
793168
594631
714511
559168
659671
826201
239946
607380
1217732
793584
560960
822444
417343
702209
195017
1033751
923295
1055685
1254378
1344550
1159197
1217191
1425667
335563
626146
561026
627822
455326
518625
610610
591951
1282969
972055
1214643
1192297
1044929
993493
608546
434430
1307702
1129209
1074342
884437
1116478
641526
875989
544324
700374
1272153
930328
972474
430232
1109818
742338
1039905
198076
635714
288243
925238
908571
1008211
370260
1091128
551254
284943
917714
901981
756449
205226
455431
837008
520154
518879
794533
249045
853595
217402
777790
878217
872321
535599
951342
545950
777441
325290
213621
985865
327008
998906
942150
660253
557969
887492
557301
623270
846671
910639
726523
618570
489617
824959
871224
332799
851949
660003
1060098
754042
710930
699319
254906
827081
816837
674185
732158
702996
1006285
937817
1143547
865212
851497
548926
851149
686177
306705
511105
348883
1001049
674774
687230
586026
530460
580431
982165
811777
1141912
987767
736871
783196
307556
226675
1470297
202844
387114
971192
959168
508925
824295
1109915
928739
658602
19929345
17809973
15761259
13706365
11596756
9539436
7472317
5350298
3282915
1211179
11934257
9809486
7766227
5691393
3577436
1517237
1987905
2816257
678021
3013024
907301
1119807
2412103
288074
1219974
1122681
2183337
639265
1348555
1583340
803590
1238510
1392110
1690366
1873267
511741
1717124
1774432
481303
1366778
1336551
1751663
2108506
1749583
1702414
2104119
926013
1707625
1059464
959656
1227206
2194454
648402
1126083
887972
1003197
1494086
1851682
1915730
1948751
321386
1278333
752158
894037
1873624
290687
1397450
1345628
1958149
1764331
1688030
1734968
2119331
2040411
1831479
1027935
1226994
1000274
466058
1524898
1329150
1614430
1077265
843758
793528
1074574
719604
1207119
1188839
1654562
951327
1062973
1375174
287677
1293672
1153058
1050924
226101
660939
433143
717112
497364
964472
778058
883517
186889
765432
933335
1029820
1445862
337266
742211
528277
707218
671634
1042984
694654
1138393
1078684
507915
1210158
1088407
885482
291708
192278
1263842
653207
985202
827179
958960
1489832
1463667
813220
484212
1071687
605417
1238192
828194
649284
402392
960715
810387
471551
803392
973991
1053644
374101
1049133
1141187
1026314
1242753
548199
1149429
718937
576311
1050405
1136830
923557
1290317
654238
1288375
481025
483622
1102220
583707
802228
973271
878531
944483
423179
776817
511834
1230799
631183
884397
819278
192362
654786
1265597
551665
867850
1398617
525075
205042
291431
537638
649300
713001
829555
413159
525454
544359
1058013
1107398
1035554
903321
1071049
1196884
741971
1494815
624902
1373928
658733
994129
683275
454586
1105985
663667
698379
663687
783850
1043346
679214
949163
714774
973019
331205
699975
621732
1287855
916427
609459
913405
1123549
937888
537844
1113951
925348
533348
1240188
718307
584836
803053
891822
399243
554865
590157
851099
685493
447722
544804
407137
348372
445982
896572
216484
523530
531630
198221
576415
814391
824419
780302
431497
976979
718775
1316238
963011
814342
213776
900937
612609
228308
586249
812922
592548
1058901
741591
586060
407274
491994
1069551
1145020
1221537
618650
558824
736390
713261
194660
857834
428617
977902
725711
1006613
753258
842540
557942
525296
1090777
792942
745799
870225
706678
757803
1105341
357563
781490
649633
296857
504843
226409
562730
501095
610655
224714
739278
624608
1153859
678671
731821
1079158
864017
864310
699771
242738
961615
578783
1201535
1058498
809035
968070
218354
579444
630189
1005307
569080
217563
1159640
1081883
1303308
1305982
1180924
1152046
1150487
686201
1147479
759357
366053
439953
1207788
666488
1049313
682823
527619
667717
758548
802791
477305
859377
867610
510990
779541
909165
639037
533460
654450
1099587
639859
721948
1050482
734458
1035797
228789
671130
744174
817684
690147
861472
727014
1008331
415300
358594
931194
297561
736679
653940
253724
717781
565518
535816
921205
642236
688973
1082255
478239
631586
308123
197393
1163920
951174
480151
773104
302235
462299
330051
195740
515171
393880
448821
596900
514709
516165
384784
1059100
701429
852606
296674
741021
243980
506051
911334
695500
951010
1021218
691502
277546
795137
1014531
1201197
864164
457657
1041523
694129
598767
833649
547043
443051
969976
783145
262666
561849
326701
781870
176074
645727
1137651
1170640
527019
488406
820097
412890
1273345
328285
958290
1057384
1115175
1152616
876151
878990
666336
223538
1080123
777903
778224
719115
973916
444734
1075360
856625
1198073
913264
711110
752350
825248
1023707
541756
861071
1041895
922637
741971
938607
890659
1207358
671071
888889
686528
1074406
822994
799496
740474
353556
581339
1096576
871487
405056
844788
187618
1036355
431559
808813
900911
401365
916391
437413
629830
571568
525345
663624
507262
347475
866517
844296
468057
551494
711045
1080289
949286
934578
827127
643910
309233
245516
1026083
1032467
172380
268804
584770
495000
761650
231916
546334
219727
541471
531607
668740
878587
580898
749881
823315
276394
838252
713548
170122
484252
530535
827612
899234
989100
613329
416460
522899
358088
479945
524025
723242
1026125
289232
958906
313861
257639
18764952
16629413
14579111
12516974
10393918
8315539
6226212
4102667
2012210
12530634
10406191
8356400
6276170
4154654
2061246
4157178
2038135
1998333
1332906
1501261
2128631
1025925
1671302
1095295
1862548
2034909
365112
1367621
2231205
902419
1310833
2256904
2010518
1219056
1005266
1146668
293422
217211
1936518
2166754
615766
1498815
1558840
1037846
2232021
2232214
1022341
1983272
1274262
1485198
1508993
547425
1129881
1020308
2456709
337973
1848333
2041923
2078830
288856
982395
1482579
1630097
2119455
2046507
813871
1739010
1040566
1585114
1099349
1462130
774248
1283758
726856
745917
1129675
1134726
1146733
1120876
1466419
1252395
1314585
1370676
682470
787072
628417
748886
796417
510320
538756
986416
634746
882737
985097
919796
815670
656259
592291
1225600
767133
1226333
765431
739630
737849
778101
474833
529607
801729
731449
511228
222265
816261
630354
678507
441464
782792
224063
457900
582460
559955
622389
546144
1097883
387500
418799
414915
588172
629808
596821
323143
782916
588506
687439
819459
878567
793602
932735
887420
286427
613922
874829
519387
189879
962976
545241
464921
1242605
682771
898632
396685
902638
1042575
892097
1209559
1349201
1052385
267998
284977
223535
1247022
611733
1087500
1264303
269883
233636
1017865
545870
939616
449274
638169
497448
279390
481237
444460
225499
597973
407589
515881
537801
713213
362698
857536
647655
357518
358361
414471
677137
558793
631821
1003730
832507
627821
359822
349778
784282
357620
426712
267749
1084966
1085348
1018422
1183165
305058
865067
372633
1051040
330963
328173
738169
928936
371237
1065036
876661
208799
631342
685358
1050647
462576
987724
674918
807981
467352
368782
256462
827871
1048914
668813
962068
710489
1006804
1142374
176923
840471
196619
1145725
1151864
1246579
204544
592129
414811
1218029
1100356
525732
830875
716532
1144993
1246376
873356
1295825
565546
757803
1255012
645614
1331289
1154773
954894
930934
479642
751767
1468772
244725
795057
995167
1341729
586534
662664
551809
665582
612518
1122522
655200
1049596
1185508
892880
658478
636211
651894
571621
1352492
986671
327864
953980
1372855
695201
376107
1187590
676217
229090
783062
1280636
483193
649892
254016
1077194
977746
258489
1037316
963042
1329782
1186281
890145
765154
682708
1061219
1334777
225105
1259405
1229322
1253981
377576
771251
1087036
1271923
438041
811942
644919
805180
1230501
519211
1282936
251099
1077171
334466
631958
597553
566121
847091
767834
875727
877654
911992
528067
970721
840969
1091986
1197863
1334363
166041
731885
401903
997214
720028
804292
617881
211470
491785
628544
699381
702697
759847
1015321
615824
677180
513558
1035590
809322
1052847
588089
1026041
541454
771450
1169659
1398132
342792
554657
1032555
977941
297283
835833
380477
719686
975975
288324
711744
447287
651611
409725
1308100
553401
745196
1066344
602751
843890
530775
628020
1188266
1006060
923807
546235
1071030
343937
328745
697632
1015193
300102
969741
847815
628915
780063
821037
1128856
1254368
720188
654937
803218
1034893
1210682
294176
377256
799722
1011769
349055
774125
426396
938237
231484
826741
272238
957418
513064
1157286
745886
236700
948351
600357
974723
624618
878869
635771
881101
750653
951028
1229123
839286
650985
1133535
808106
985702
581797
1157930
1058349
383159
873177
364092
571149
444563
234263
829958
1333896
374102
212737
686529
1054244
1258780
911310
447703
465508
238940
985745
264452
367523
425213
1004116
490367
368179
705092
517962
399229
1087405
175433
740080
233215
271458
756563
459195
568950
708243
1041494
300404
616663
393236
267881
204022
1025301
901884
712739
897589
561093
449838
731678
966499
676035
948818
405724
1008486
290700
992586
851586
881170
997233
890367
764352
427168
304911
957554
309002
716313
255171
866626
856293
355569
836306
1195530
896542
1342864
881701
247057
1034651
1288295
606876
592554
341817
1042267
538447
1210003
423000
785139
690943
926832
1152551
686819
632649
934115
863586
643640
778526
976788
863018
748545
776467
731082
591468
272186
706623
515959
997756
773031
541164
844952
19822477
17691750
15647000
13558878
11489860
9363078
7299445
5226727
3099808
1053363
8446237
6317007
4271582
2204207
5627683
3493329
1435902
2850707
774043
2296304
1216173
596849
1412029
714317
1596543
994806
1920369
417338
649809
613050
1122399
1085194
372108
1724642
1374829
2044675
502899
936948
851238
1095761
939223
1690079
2165506
504879
964647
1306153
1112634
2490139
366294
1764016
2061789
2293313
792384
1757950
2145836
821641
882975
1211450
1468023
530157
1877941
2150835
858850
1210660
1542720
733162
889433
2008103
680267
681665
1822978
963221
1643945
717021
1233952
1042604
769711
1130054
1584669
945600
801469
768421
1235235
834343
735115
354242
1109263
1373670
1250641
764026
620259
1407624
1156052
1247926
694784
896262
211265
966315
1149049
577558
746319
775676
1013419
230251
958733
1320595
507069
852136
420805
1138240
787712
496500
1314499
1028513
638078
885023
866228
1341362
1398273
1507570
370941
227342
255443
342055
331638
937345
272271
580775
745237
555686
352148
279548
380415
362901
1479265
248126
308353
1129621
802246
577436
166287
1079310
238616
883925
1053904
301181
834538
619453
967784
1073804
1332738
639153
1072804
842082
302426
205747
277622
192869
462644
655526
926915
925354
558710
1204031
1094985
703827
696431
1231858
711172
1254897
532495
751813
907021
1147828
1044158
1010071
981907
834725
761457
713210
902555
909328
678233
632462
553175
779204
369024
744818
559222
1497952
177741
865238
675473
648738
573367
818850
883768
815787
969465
574973
950828
815638
1049154
720021
1028043
730907
1189169
923660
1193496
539915
196771
713830
584309
1182515
561098
463347
444845
845222
446656
670760
862759
496381
914293
831707
675636
328665
568091
939773
675711
193611
711885
425435
851668
1053006
216061
610619
1083487
634708
760499
1059447
733674
632509
849994
668238
1099451
859742
723438
344396
505405
463131
1207179
1154940
799047
651381
557091
1089429
937298
735247
383490
212036
1016395
449174
1078813
497388
829123
302790
498716
646944
949611
199241
235152
957225
393942
1132181
1108344
444468
593674
750827
931854
575409
540636
439484
1161365
1117179
478914
303178
488234
655923
638669
749933
1172212
622489
557962
1062139
995463
1072727
729426
564828
440246
710946
1224272
1180570
738684
1213624
1252512
1237347
343284
1057100
680421
986102
1081963
1007961
838893
427579
997050
496307
678030
1192169
963781
620083
352013
1120227
1259145
1179739
1291546
1298606
1278698
1387992
214585
1380368
1186016
1220765
1070912
702027
447188
848300
895368
912342
1100386
613167
1039178
1529102
1384429
1319765
894639
1070151
875951
409042
1137113
1005062
463529
1184517
741788
371246
1152247
1269908
1447464
1436543
1445359
504992
186574
594917
1249617
1311074
979757
1099506
990449
333870
1117973
219313
1187066
732511
1226019
935072
346147
938475
908477
1079318
844883
1196280
1135268
1307234
985714
905641
1083409
1159527
1305927
185832
1100640
1155912
310882
478635
922386
830040
634864
258449
904719
1045697
612697
1112865
540316
1358243
398070
1364859
739924
563831
703781
569287
350583
479548
478073
663547
1042856
1193906
485408
559081
1033747
1374231
432782
1052380
1211368
650059
1010392
691526
1098446
913113
1052308
761757
948490
178177
1380936
740667
1188932
1246350
1086820
572291
948377
600750
1278951
1053399
772216
798972
895718
853918
652395
222407
1350073
1055682
803785
971587
1256471
1423898
1128267
723121
1150146
616861
1264413
651892
461177
764327
838341
743858
635710
501459
422879
244281
863151
904024
837454
767285
1076348
1005495
1098682
998284
200906
755460
925562
221755
712884
548663
572020
1316333
563296
893545
1212110
1022517
392616
1355804
771935
1293257
863640
1337651
720977
1291238
532671
786344
1475848
818506
488339
759188
198171
1198343
944631
494814
929893
566696
1258629
572884
850778
1195659
248625
708964
955893
655939
525856
864219
1283837
539142
1045016
1016687
231505
908261
1147905
1083334
983656
995458
634847
719257
356160
1014554
448843
1095829
609765
526152
371084
937154
1225707
571354
578280
1478168
930421
1028414
877994
487250
208544
1524324
1269897
937923
1097879
660079
20957466
18837488
16790068
14733976
12607232
10556383
8484998
6362887
4287978
2220275
12580469
10477271
8443898
6379688
4259605
2207704
4666970
2632802
503519
1943294
2408616
304153
1349103
2031587
1226052
1384727
2196240
514613
1015852
1024256
1904006
579604
817237
1124809
2062107
512286
1341462
1069140
900185
1107997
955818
1257593
2297666
265792
1664921
1545820
2349514
1304246
1237785
1206530
2010033
2031682
1112647
1061140
1581541
1456328
1790360
2049626
1203801
1014777
1276380
1542526
1770375
1729950
1669000
504820
602980
1071335
1163531
1207666
1186806
1128919
1300605
1569947
1462993
1166252
757784
181466
1377161
1150050
379221
1218938
240004
800599
860577
975906
858037
929806
751254
931895
953633
783175
544919
389568
731114
772341
255407
1042237
931221
684510
974137
908527
594692
877040
679407
1005178
798610
901210
541163
869612
546804
839074
586146
678525
825976
437060
830839
833473
936985
705556
754005
771208
835407
449728
665561
198267
710025
1014673
736482
1093237
1084878
903671
719671
674937
865865
657281
875752
986010
901809
453069
925336
590694
833080
1037866
220660
794371
851375
360481
823832
779426
578384
962995
708082
589598
843615
658736
870875
190310
774406
840140
643838
893343
978520
874705
226121
1016984
988523
394944
823717
667596
342649
721747
493535
521447
597393
200957
511986
503867
705906
1105778
411909
853705
372921
646848
842526
442212
361995
924231
560318
954716
553872
499163
796554
708009
471654
961116
998907
1415414
561037
620508
962726
832886
826184
1046872
910256
1369636
740140
286676
787751
649134
783441
646417
1317139
1075009
633698
585513
563027
878838
659788
1008134
1048780
1101525
1416230
296489
415075
1397659
1182021
1117420
585344
939228
999335
1249988
999871
1088980
879001
945343
527324
784582
304930
848708
739756
1210556
887985
838106
1031829
939305
1010856
236624
726348
1024499
724749
1062883
1067080
760524
774534
1094298
1173249
792083
1020439
329697
1134999
1123072
258340
700341
1239123
634044
1149460
904167
1163373
1122205
223344
891064
410134
1080600
1024136
238759
858503
263092
508543
444472
679528
683457
1065024
1263487
212330
476648
490846
547449
445408
921809
921466
214409
528118
504093
1105827
859680
1218643
793277
962953
532891
342828
1216243
1187418
805292
774639
1224870
721589
715861
585858
620538
835016
534481
267896
539813
278985
696452
297726
955403
530889
236121
946568
491081
814308
380678
208417
531954
348524
719459
448229
168044
884832
708255
842127
990009
755035
419637
733554
781031
570284
724889
978744
874563
443374
516542
885035
879627
464646
859967
675521
791500
508806
679619
736200
216206
961071
473836
1073070
991755
480555
934959
510374
1204440
909107
489769
1026599
412863
953131
638558
364657
610881
847055
248428
842754
1070143
384152
1119794
1010697
789789
526993
790856
1010440
484714
769593
882688
1103986
472444
915289
1015889
945644
1054325
694464
920444
857938
595914
330401
863845
541992
287359
745796
557643
929002
962529
972496
878380
908851
218253
644548
537633
661321
263271
430381
645322
616039
378729
305533
876553
244606
458579
1118067
712738
197279
782110
1012669
915369
598368
771706
425389
354925
580314
231041
794866
828796
700583
628696
374142
516734
569173
716694
602591
280053
362031
393028
537911
596702
200428
965609
228767
502572
298603
1002918
627717
1029616
263133
808011
1032294
632852
1141172
574853
1229732
1037786
605248
1207371
631959
660583
237606
607728
888908
474423
1142998
338948
814277
1108637
505186
1041225
324984
1067180
1296181
575105
427678
866361
652810
1112019
671652
882857
911268
628778
946952
1021059
596237
615600
613515
997372
880216
1206603
842623
468372
943153
985981
715750
1174355
1150424
666499
1034872
1208803
785273
825195
1177193
541722
880154
483633
845189
158582
509977
665473
1164579
593132
496772
786911
878087
834963
911787
769141
690172
1319418
1130795
904016
617512
1407214
832769
639055
616012
451657
600375
357426
824337
772107
188515
564842
483607
1101231
1073367
980302
785029
877448
574152
951973
218506
891255
299936
1322458
26290686
24230502
22104184
20061757
17989817
15871658
13799480
11740117
9614457
7568516
5495878
3397512
1370772
7772063
5647737
3588781
1523970
3990135
1921658
3420012
1339997
2242879
2142662
215337
1008303
1125809
920061
1462871
1626741
347789
1999078
1830663
1420230
1256971
1931241
1902059
1473331
2474022
356471
1252366
985127
1055325
1083543
1022856
1635421
2121944
1013714
1029088
1079287
1109251
1522832
2097895
985960
1042083
1957179
1726831
1839316
1953027
2093696
420930
2145959
1981626
2005598
2107801
378840
1607903
915469
1373195
2188531
203407
227902
1268472
1387559
1863950
1952390
2032642
2147728
2152643
2083637
1824129
1641626
1045436
1776301
1416737
525729
650034
399582
658597
659426
700435
1314931
596372
369086
1107663
705926
1060554
959240
977108
718475
1441564
793508
1167784
1140239
834755
592411
921193
926161
615545
476055
760544
609741
737955
594974
596277
527428
315011
304201
434307
469518
1278833
490265
768705
953404
1320523
548944
573307
240448
494051
1084615
951836
891863
380047
642444
459508
708054
688102
691417
399297
249528
772227
917963
833799
576003
823617
842755
893292
1147829
1301745
391700
356476
1050901
956264
594814
1199971
692001
706488
682585
690657
946619
491997
505774
834039
888930
386992
646526
552053
605442
251405
232164
824797
700086
560087
783142
847404
1034348
403990
609149
275313
701345
1118313
391848
613409
1059391
485983
1393870
1197769
968214
931432
903294
1224719
788805
900110
619545
1168755
886021
903055
411771
604061
1168170
207657
310164
429467
638517
741580
1057485
184116
846698
939290
995125
347483
537364
602550
881486
685945
656106
570524
613903
442211
760620
699182
550964
447717
765429
482721
807495
783535
907738
613039
643179
775829
920986
1145384
272526
1017006
1308629
894847
1221672
364973
510279
604056
566788
734343
943492
867633
808941
386956
592632
1227007
367714
633693
1156271
524829
812705
517986
1097155
612327
1223114
685524
778444
1452933
703990
846199
476780
1016080
304756
596716
801723
1259295
840664
681558
506762
582327
502110
400806
1258048
243630
683531
302460
529839
558201
1321256
620432
792057
221401
1311725
544530
762585
1120928
787977
1014989
442160
897140
1107288
353647
605352
672879
611119
751676
769084
691284
193686
791933
442749
804027
304461
343469
489587
709151
341743
542249
765605
472131
1194392
203522
341147
670247
691049
1098742
813010
222674
912668
1080175
547694
960423
381065
288806
246093
565485
643528
1062175
666300
858536
960372
760282
1337552
409518
344552
675568
382805
568338
675897
1292968
711081
1261089
721726
804301
842445
523497
523570
205921
551223
1563182
1623542
866194
788127
656929
505743
852023
741864
1331388
893635
1041738
719497
635743
716671
767071
605364
497444
440365
644037
404007
1020620
656763
1070233
706534
669822
278920
310593
821262
654024
1365505
865628
608854
701775
396517
713256
713732
664577
1244456
926631
630429
331396
632731
598929
354997
872298
828119
720843
772928
662019
508689
607090
432179
560057
501002
496626
799665
564451
453343
556968
570332
838491
445267
683056
624003
510286
769297
614471
363383
627991
492574
1145842
624898
579895
974350
1017562
1074940
1085161
676777
674329
1022158
322954
921619
676228
649342
476151
706628
791867
653236
710698
362739
406277
359139
323044
470117
453189
457226
317696
878753
382421
613121
223705
480866
503363
1021498
680590
587333
1137867
213915
1031029
975466
794607
850418
865605
518161
1059086
845129
478451
474615
633700
1147439
747945
694683
1207732
875952
725980
1217930
975406
1147455
601923
1002530
394494
691416
423433
590621
875241
679471
526233
497204
576216
561911
779163
986033
925380
916043
432519
579087
576343
874078
847506
1224125
1009636
281653
1053293
235171
903358
893521
585438
1129729
976734
919693
873211
631394
495384
776349
427067
658031
856641
813816
774858
789181
695728
1112357
563282
656799
1069795
1082564
616619
980482
1215164
635800
210537
635599
661537
525095
732379
704817
656490
608094
211963
663534
1202881
798842
565994
611479
427580
383445
235946
401883
693774
691871
26237699
24100695
22039129
19953624
17826710
15769510
13686149
11548130
9454887
7358650
5219051
3129968
1048988
5991284
3903135
1779234
3056538
926641
2663627
513647
1018556
1828175
2410935
278295
1418563
1373816
1416412
1459524
1327399
1388510
1492341
1183166
316246
1059609
967215
1206599
1704104
1418366
502119
1928669
312878
1837730
1938128
491584
469362
1234240
952983
2126216
784113
1278119
1489824
1544215
553744
1077899
857526
928277
1425408
1504896
306917
1320009
1005200
1474523
1219285
2104750
407073
1142003
1637637
1177330
1356095
1963988
664075
854266
684476
761168
836973
361540
1766905
780608
966898
463704
1233828
1539477
381340
956877
404084
561317
725742
704418
719883
379483
232275
1557053
1623873
200682
1490385
1639002
194342
503856
677138
817787
579485
1376883
754941
302345
719291
1007665
1359932
529453
795564
974141
1352502
673918
1013636
661134
1420054
691893
901789
1231482
199045
639526
598677
809252
624360
714557
1179110
817883
326856
366680
744044
200836
307537
511114
860500
818677
342897
1130228
936423
345369
991996
347486
822655
727960
451386
563225
617830
638917
400500
609055
302732
769145
744209
718642
307949
712671
959808
575756
1165130
964368
1220668
1249274
523256
941443
432201
827961
631909
294959
671499
1019644
530688
721676
763752
1269331
732018
1140753
441926
1268713
673924
1274400
585775
942747
495783
187872
660379
501115
686253
1017172
562407
540611
477391
517432
640560
472675
363483
1677703
246358
1570603
458630
1139426
835988
1550691
325572
445577
416108
503573
627913
576160
393064
167274
875268
670932
598754
346255
1562814
1186120
413870
965381
1444039
838451
605570
528117
365235
681675
1094257
537103
864644
1277556
620822
1030173
569519
940887
914255
197066
453420
418944
280228
1127245
1191785
1205762
1216499
456835
715722
822785
668199
603964
1167788
1025752
622131
207968
324502
602665
652376
870775
734781
281199
824450
749106
461806
1101873
502276
707136
284043
356793
659947
393377
877489
1025888
844688
862424
887173
235226
396355
1223624
614111
595401
1191451
634172
714170
794421
633620
746241
1241464
1071259
1022778
1180156
264387
913969
912212
314386
1098244
583016
751979
548540
846691
1048040
289769
724312
623254
1145851
1198976
241852
988100
840834
321080
632496
1149477
976720
1225534
1038954
554085
891359
572132
817886
1234709
534972
1042963
701237
1164984
780724
1195975
668552
1228110
402392
931258
1189647
418531
786248
1067162
194428
867221
226810
949061
210566
1317305
1304105
721440
216345
338658
1059360
1412482
1329271
980478
446390
1055071
297891
787596
1247611
800723
1351595
1287292
1223930
266738
752135
284733
777135
245839
1081864
282014
1109067
387781
1045563
357988
656420
890290
777269
395165
370843
378050
558951
962149
186755
593928
514644
379658
485179
517006
333183
233184
878100
521974
343181
324603
233359
429280
555462
542682
639382
612658
1083047
805892
749344
824149
595311
353216
204761
922678
194366
447184
907576
613066
1228617
565919
158492
1017130
583223
964605
311824
632300
257473
890440
688292
1145132
792211
200457
699243
905135
295641
1135692
1003802
213846
407894
364597
393742
221608
1331106
1219055
733140
970659
1056549
639035
178167
1279098
1051801
1132915
1111769
1445563
1231564
1244260
786286
227882
626776
164646
672577
1160158
672001
576833
627292
198460
180660
219659
278186
1278408
326604
750479
678653
584306
734015
659074
285924
516083
620437
594985
343884
630655
815497
1020754
516626
1106741
267112
400069
567358
805355
723301
557835
421631
900806
796844
788572
533493
1141790
435845
672158
703230
1087540
1247132
965149
356696
624710
760487
278678
261726
1212037
544769
1239377
571462
582021
432348
878251
411778
1020970
734707
792812
738594
758634
603505
497649
1066195
513215
717281
1046637
396944
1108950
1099285
353709
641896
769057
784630
608587
321430
826748
1065221
381989
662349
196734
795497
593986
1094210
741559
893917
636853
833046
941054
554407
946178
822949
1186902
614100
882488
391697
214980
672345
915339
766234
771836
965975
804136
1365030
311029
222391
944833
433467
22074534
19955110
17935748
15863125
13739014
11683438
9610753
7480251
5392259
3370176
1243037
10190036
8057139
6021501
3956218
1825095
3470592
1391375
2976367
856298
1217657
1421495
2526122
415835
1404635
1641093
1916558
409582
1572858
794221
1341499
1966442
459535
1593791
1170183
1014833
1840765
297783
1001380
1372225
1337558
1922275
1722729
385709
1705376
1904285
535523
1446791
1027553
1242598
1107895
979601
1341977
1615435
2204159
1466696
1512109
1396414
783135
2224970
1195718
1413329
1783964
1728187
1974952
248568
1439568
1625486
1961282
1832475
1588247
1194887
879314
1353202
890929
1629258
1257977
1310586
271362
1253994
852938
1331678
1426281
1527219
558576
775438
808285
300227
947311
704092
762841
1115001
566553
928301
407700
600387
793896
1069292
477592
909256
486459
925396
427519
643127
858142
669552
708944
333019
1528968
225023
1491335
1027193
1128072
579630
806720
1057442
745991
639497
519779
635600
693893
388740
910201
963620
856342
1148510
930292
587496
425529
438277
420589
685705
983970
596864
496477
627836
692221
1045733
1104922
483156
983681
565860
873758
588489
557328
824314
921354
509262
1138951
1065397
443194
842793
939612
891409
469406
925263
474984
511146
348597
476798
993386
826555
850811
606794
484481
497298
367150
654965
237284
753923
543266
660939
605379
556536
690116
849185
475142
652950
797212
783661
732303
826068
900538
812076
490133
1014980
837161
504816
811764
1100307
893582
1284218
978073
963303
448221
1041061
868907
577323
333864
1145468
1160507
1059969
1049192
317922
279285
245659
310727
217622
1235519
692260
625695
1178422
894426
801147
693834
756700
1074826
326848
532536
1056851
856734
466214
1328699
1223364
844248
412018
860398
523774
865200
625883
799576
677601
281440
1052185
1112720
914836
831060
473263
978587
485608
868228
911402
310274
828022
607840
919393
714088
1053178
677475
1025931
493386
703920
755227
463628
637418
353233
266474
1090140
326364
541675
792341
693747
850417
527710
804265
782011
759530
507314
418840
251587
219287
358043
273748
360852
429097
585373
491076
485875
678857
218245
694765
686259
735714
824380
638649
224521
310742
495780
554981
451946
640228
879120
981281
900717
842245
397936
689441
885848
1089222
225058
459045
660333
252494
538489
1111867
450187
824895
707884
936408
344528
475544
785741
421616
854468
1010788
518928
780444
188253
215130
907541
832164
313892
621377
738454
963700
849472
842336
838348
1026695
431922
953713
843322
1056547
732572
1008512
1062564
322978
842065
622043
567081
234795
1130277
806073
1001720
1212739
817866
679248
1172314
869829
764716
724555
651024
534730
938926
668271
609028
1023029
788292
721955
778999
773083
739691
570988
871069
518984
763848
393559
888546
827763
848070
936319
856259
630495
294850
1212102
644825
603343
967461
544192
852702
444444
545636
476692
877206
399201
225567
196305
503051
513593
875545
671944
310825
617087
434853
225429
965529
513434
1063811
515881
247356
770546
534336
405435
584221
508187
360164
634538
605720
906336
308881
603204
316876
555933
217044
678059
481513
653046
578504
461917
984332
642518
493875
305108
663246
357988
439880
633987
592089
689128
377469
592679
800686
300382
836256
748896
631596
845526
906657
1040187
1079205
838213
1115933
1043044
624663
934729
684243
695380
1041843
842147
902229
821633
1231978
1210860
1297124
1098512
1017731
1247188
1268812
203327
376938
227618
1434761
997440
1127637
1132632
1137507
1003076
608446
298700
761367
626960
694984
449455
765439
544121
783289
732947
407557
674173
638497
395228
310061
807372
236640
848522
622782
551663
243415
805554
549953
840260
906770
806697
736286
708892
370240
303225
489016
344680
323613
479637
534128
271456
178426
437947
353603
807645
332298
516668
809655
200184
877582
749396
402009
171267
503686
762560
331390
995947
835006
254805
695384
253052
813558
494274
1087690
585891
413953
199626
1035995
489696
537206
301244
235943
336430
302152
842774
652292
759669
517526
410632
810436
717088
600411
788160
268086
1007280
597016
972754
518747
1185816
21771210
19651751
17603306
15552510
13426831
11372644
9309666
7181154
5130920
3056475
933794
10664104
8580715
6536990
4473377
2351712
2637587
453697
1749413
1353825
1856437
2586121
462173
2647900
527174
1595519
308118
1209647
1736013
462322
1366668
999111
2184649
554624
336177
998496
856708
1395624
2210801
1270259
1228034
2399445
321703
1366102
205070
1398371
1656272
454337
650449
811923
1169262
940221
1952508
220806
482833
485590
1394362
1634306
568582
1301101
1155804
1643120
1517524
2042818
2190671
355455
1449404
1112525
1178256
1191640
1452694
247386
1192066
1358776
2264716
2017053
1908332
1182549
702236
495808
975715
1791548
732956
964476
855693
529613
790181
648954
883915
873898
431997
641934
347569
1125314
589818
373022
692291
336679
748516
344989
726742
483930
930099
402036
951397
1110241
1189240
1082837
504469
312336
734354
445615
464802
721252
1348844
503920
1042228
399995
832888
875077
607752
1273502
869908
492495
823972
284027
831033
424105
915448
565786
686034
1103868
973434
1056447
1163150
910430
1256865
947271
1369060
338121
725548
572412
911875
579957
521643
899859
622791
552854
469262
793971
1177687
1157177
763840
395249
1043184
776692
782072
695540
1063524
719351
216081
702665
744200
853662
947887
1363124
647348
409681
714476
664990
206826
734407
581414
769882
659278
981985
594714
1279602
721772
745129
532514
673447
1203551
1101701
957219
1100809
827614
1224758
668034
487218
749776
632357
991269
576742
571596
840528
688350
678369
672333
746952
183606
283337
347567
351923
543629
1073033
1060493
829123
678682
181088
1116099
1171357
602204
734657
629451
787339
826662
579384
505318
367012
768878
557883
792401
782508
168996
544307
1059269
225708
1261820
614990
901868
292037
1435592
948808
590200
636720
861238
1015388
1175791
383932
630026
650050
744772
660997
630748
612191
506844
546303
596380
933418
978427
468909
784474
833732
983375
754014
1161820
1484942
269345
1199110
1302045
470038
946110
886216
499239
829197
732920
1139865
552704
768441
813383
658730
803233
282520
610219
757993
381434
782685
436995
1384807
703983
608677
662237
904043
901135
939049
854781
1173842
726444
439130
1357275
597712
364147
183193
780082
918059
569012
511750
411657
1379699
764367
1025434
409368
669514
630231
825809
1256515
422036
596158
750361
498677
686005
352610
173785
1265858
194131
416359
475724
317932
740243
591761
311896
534493
734727
514862
830371
342617
640342
816821
858835
915655
888139
702629
849746
202155
599694
941587
920483
960499
871026
670738
573161
707117
779854
512082
717853
1050442
1042970
626906
350410
682856
1047162
1218097
532876
943078
214018
426618
483793
1107014
1150349
422832
528703
920584
1029988
217476
708388
948100
351847
582456
1188600
617524
470255
1367661
792776
1288170
575738
677425
560649
876696
954427
1009779
889408
698160
594452
493405
468685
657598
600578
502033
427475
1477426
1235167
1178584
873837
553854
1462495
615336
642879
1344172
565808
1107418
448997
1270515
650236
408584
1219775
828820
1283499
571855
915931
502341
1328992
942033
406690
460351
418025
309308
1148172
734860
844729
517634
1360361
994663
468221
1026146
904906
498867
811512
915948
1115040
831635
1215914
621755
720244
269682
683917
657764
577227
512659
694788
686369
462521
964169
623758
635189
350249
933492
358345
971494
745437
1230240
730405
578605
1154102
603302
556472
592408
542110
604255
244708
750704
625028
603889
1087598
694121
1261483
582425
924226
545215
732849
916789
386258
636534
359837
1043501
1046573
783757
550340
416592
303216
721031
350976
377154
273607
482944
763206
284825
1024184
889138
237341
1108304
634276
655023
758306
935802
765017
447484
406426
361204
804617
1034986
439453
377895
534226
284643
1269024
784659
355508
1275705
561338
531708
217520
969313
675371
1231707
896974
187313
871279
193082
803675
857177
359193
775819
451815
547871
1017603
1047287
533703
1042952
488872
602976
442022
521657
783959
342604
650046
674653
955329
643510
685269
449874
790248
1068978
608069
621962
791739
773400
786519
1030196
22119997
19999472
17972483
15913654
13856582
11733505
9674407
7600389
5476993
3388208
1293299
8556575
6428971
4383208
2306399
4141622
2017620
4217523
2136086
3092760
1064559
1715641
1599420
2142253
246359
363144
483307
767127
983431
1496191
1840288
1348831
912057
1303457
2569623
446030
756798
698914
953855
1688602
555513
1176546
1288114
996061
1368050
1973933
1210356
1120338
1465806
1922649
580718
514147
457842
1477749
1321393
2112499
625729
1509983
979445
898327
972653
1634086
1810593
2228476
736472
1726530
1715208
356830
1141254
1696906
1648400
527552
428181
305852
235669
1701365
1308539
1145958
1117655
382267
1200027
844470
939392
925290
603366
664561
650273
254371
888127
577197
1072389
970962
210669
811098
1142006
593931
1073259
752728
692242
684634
973107
648416
1187125
460294
306018
574906
284238
959595
686488
971798
327053
786253
692586
496933
915189
931986
707502
828589
1017170
714508
932126
952998
963162
786679
875743
818034
256136
870373
604276
629066
999271
673224
962634
854649
535154
651221
934888
678660
834600
820049
885167
1037447
955283
643635
1044073
767183
434030
801842
710730
949963
746115
915651
905469
955061
728451
1177218
849337
1045743
794291
1394858
1149296
972783
941749
828886
994275
1131612
1317486
245937
1069479
1286893
1273410
320777
1244118
1331747
1369681
1285595
1220072
1531522
336578
345818
1276219
1215914
726938
978580
1333187
1333705
505998
1148070
972523
1113948
693446
555497
1007555
1058021
673873
1046419
540931
919412
255254
900689
714105
717569
883587
896590
274708
845471
1196462
602658
885452
977335
326356
699009
759976
813826
685421
663096
668579
941792
385974
537820
519901
654594
892069
701879
762729
770061
451203
430095
476146
427034
609161
676962
370942
680007
490473
810246
457918
781096
544811
432506
532540
507140
634686
503571
835293
472184
660490
332027
468919
436117
624953
657707
621519
582244
385098
705913
764429
617472
1048890
666358
508333
757152
698551
773076
548424
644514
849102
299492
881945
598803
631710
610533
444289
765933
561642
711005
266164
719720
700124
782320
833225
634603
524951
818145
662438
923432
699005
329558
711850
822542
1037807
940972
249568
625548
1139520
479178
1178690
912493
295081
312568
657337
658281
1164705
1050234
1086841
955313
617958
976271
967486
683747
1037295
835992
835663
898898
1021260
279813
625053
284827
1079957
559606
485815
202120
771319
501092
687430
805128
322519
522024
928240
1085117
420150
747633
771690
956331
980476
426934
306133
187621
959477
367513
586558
933364
1178590
278717
745647
958316
374614
931212
306496
903440
949999
691259
817121
577636
196641
1218677
1070865
1024590
385809
724337
737601
1014218
1004195
231666
904936
874157
1121548
325124
1056142
585586
207585
1122168
665293
558505
1085039
640029
528753
682172
513578
243645
893769
524065
1036229
530746
1154584
1008332
405536
1232942
411364
242737
577546
494134
445743
198081
961230
841349
903659
718603
912167
1170215
1188378
1054110
554272
878326
884719
1102294
523739
887555
1159443
502230
1099676
621818
1013436
240482
905231
939275
520211
592193
546013
719829
1020139
594576
262008
1251725
607337
377642
911681
404575
866326
528439
589062
1185775
523313
254056
1219447
984001
277603
1190547
957752
1162082
829235
770758
279529
719789
1038347
208751
766075
1055230
263666
1149105
1039487
210504
1090492
755724
818541
833097
568229
701886
467365
894864
644983
762532
657005
912995
690339
765822
725133
379564
712328
305304
420413
708857
655079
941152
580854
484126
877346
938902
971356
804807
850697
705329
697448
697105
717386
647965
600179
634617
716749
809153
531714
571611
590451
659539
568708
596007
627434
590819
833037
686382
845271
672061
421075
364117
1060803
336821
614100
1212530
568504
771746
309884
985350
1182422
598530
721994
694985
616075
855543
880253
901008
654462
721595
767814
446847
709806
804226
760525
876211
988449
1200231
914738
851189
746375
874464
881286
862311
1061633
778392
685059
1015009
1134744
805671
580866
800628
664720
746413
713544
461583
705023
681928
773212
25781613
23662498
21585664
19539353
17460515
15398741
13313317
11184888
9099464
7028003
4901490
2815381
720257
1154770
6249784
4185630
2062619
3402178
1332508
1704146
693016
1037677
977770
1134744
1598085
1468876
2168777
1116281
1476650
635646
1457999
1051165
1436465
2551942
431188
1178241
2015031
2459245
333048
1255036
1772550
658462
1636440
1543396
1424759
770952
1705872
1731655
1441179
1286690
2013913
1255710
1134404
467733
1081115
1396544
369804
1058003
1338639
1252408
1515004
1429027
466299
1002581
1123846
1056038
1309366
1957627
1112336
1262351
603973
1028880
1073127
973031
666221
397756
1490393
782182
975723
697365
784966
907902
992538
1317996
1433253
329475
1169346
982100
1057855
1263819
1470442
1446452
214415
1231914
853473
726358
826044
631775
550607
716821
751805
422935
843058
805667
737690
826240
944971
844704
887006
935400
1068215
603502
679907
830039
567916
629810
943392
787435
965190
395010
689143
489513
816403
791148
641335
829270
641750
488672
627836
835442
765999
718314
535101
551135
838850
704914
588309
445028
685921
393622
695990
712923
951417
708631
353446
682990
729747
740132
371909
428529
637447
922357
617731
408500
832234
637912
501002
356537
699877
239229
870474
525371
938014
854233
548350
205426
465624
985894
1088197
457154
833916
749423
636101
573140
382483
832941
516895
942150
212995
322354
740921
507336
254354
796584
236170
631223
270033
417500
417473
357279
843066
170137
331006
553575
709395
794074
336361
732023
946736
516098
713610
646002
548878
405723
907180
820605
488332
687496
636791
808674
494172
793425
670659
842330
294028
628393
872697
1186338
1062724
818872
739632
489233
776417
598449
805607
914831
617253
761827
616522
835491
547444
992211
486682
577508
1051799
783511
468649
499609
442732
534186
817826
664060
850460
1163037
766370
602052
1091618
746915
926072
1147642
1131381
811457
642556
1084643
622788
561031
722622
238187
520766
657621
683891
522359
178180
631419
724777
526621
1052285
618001
630075
834794
1019438
680607
832571
674488
737524
353999
561989
711493
707588
630247
881067
877062
224006
982315
552561
424057
363279
558303
572592
623877
516059
931649
646781
687070
257374
258451
771842
546522
460379
782534
669511
756087
321374
658832
789593
549578
712879
934433
317126
522634
569851
418714
1016720
798899
501851
1495670
646528
682096
303737
1073210
474875
721725
589459
1025294
604076
1101177
665051
298392
948215
304902
511255
602485
1222117
841664
988580
827326
861876
755354
565318
431420
1300523
1032339
1025451
610914
196424
755374
421128
405011
1219521
951607
509979
1202301
856529
318171
696269
1341301
949148
247050
784684
201897
697668
1275390
503957
1229494
764719
941314
277517
1282756
982974
900510
730363
1090607
1348890
1233403
1203599
710995
1526602
1298171
791302
1414552
1003604
1406090
840505
1112705
422015
1357384
807917
1377870
878743
1020082
875567
232241
810067
1095066
1163364
242290
595349
1126353
366089
867856
598068
519809
1016507
533901
741733
875682
812655
1069699
1051466
1139349
239072
479071
654344
737235
732753
1329904
668800
429501
224142
1524916
1327426
1230249
1400073
423619
794322
844908
1395600
1030239
1162742
1067273
1215906
1591401
356127
1215214
962474
831329
446922
1137865
957700
1249301
930525
880987
844173
1040382
544500
978916
825389
640074
1179823
966338
1402510
1035323
1233927
1032510
1098481
1382217
938246
636874
1280070
912039
950890
1152207
717365
958140
490595
1186982
878005
907533
1215463
872984
869017
1065522
1179286
510241
1077788
751431
1109429
1007375
1426902
1285539
1031493
916732
1264489
778197
880408
880787
1292290
1021210
886819
1046139
462424
458144
652436
218762
335986
1313369
904226
1020638
361401
807930
1320584
424784
829734
982829
883254
931739
562238
806434
235662
719070
796632
770057
851877
968974
877277
897541
497987
747508
864646
764778
1191795
795646
1052863
1291556
382005
1305995
723971
982353
375271
1185885
717849
262960
1119853
977407
715675
777973
625414
795305
448132
1476289
1217716
1034943
1172794
1396184
316688
904100
1204536
1496519
633076
806096
23943196
21824456
19788656
17744612
15608309
13548792
11484983
9398139
7332533
5278706
3163769
1108504
6144137
4022989
1977022
4653783
2526207
481000
1880771
3144236
1019746
1564170
604187
797464
734982
1182317
1099575
2103213
492709
585148
980793
1071370
1989692
216491
2266515
1058585
1447604
1043709
1922631
1203210
1270185
719156
1022546
1606558
1596871
1970034
2138870
602632
1065665
783434
700589
782799
1523087
2063962
757142
531488
1090534
901569
1300155
1694958
2028830
795729
1063462
1605118
2211355
2250927
1266904
1981223
993570
1248735
1226899
796024
1948679
1159454
618733
901379
1431340
1446439
1308718
1151087
653466
702300
636942
259192
1010280
1005687
480979
1020498
893126
1057040
825429
1180306
230835
676424
736434
212176
513829
667272
784664
1196137
1117037
892698
773063
701173
343051
943258
1158977
944081
942514
592335
679364
698215
1063759
533950
302849
440549
939903
756754
1326566
967857
949589
939693
1305275
334936
1122982
269340
714484
377863
566512
385667
592729
563719
1170455
384346
448919
667581
651369
456326
565708
523385
1376081
823888
562056
600068
718050
468689
1237483
1161626
1165781
878499
1072239
540913
564145
888437
1344595
655194
1103973
638553
1003453
945616
1223987
627754
688379
221915
799633
869194
1132382
660094
1178193
541099
873378
620996
981543
718650
1006078
321268
854649
1192830
968873
1278992
966940
194860
1230323
1057564
573409
1440290
721725
496007
1215607
1042144
539873
357342
419734
298477
858070
1399421
878408
1353024
749357
516191
646819
960151
774140
430825
206979
634987
704153
1147744
897818
703864
1210082
873508
1204632
621304
441481
897232
389584
1030155
894917
759106
215165
994269
263749
862020
696692
1394757
1157666
864388
1355433
720782
889863
674944
1283367
1227393
997547
1327125
788899
1110359
1150648
681788
938959
984945
1313467
849043
960812
412981
1141517
616583
1408560
404983
879327
1107310
170253
214392
991152
1289192
1196891
737976
791291
1046791
825085
644499
682057
1102609
923512
1139249
1254027
1319028
319959
893375
1269650
1285714
1512932
1545108
1641995
1698717
1626187
446000
403038
1189320
1021493
1030210
710557
923447
885692
389607
1439207
803047
1072399
689646
1594258
1639792
1083847
1286538
1316173
234700
401831
1465689
960268
1318839
800661
509894
827397
584427
811221
1433410
591778
418615
254004
1326383
653952
699474
587825
1094128
636800
852135
638530
372809
1067286
527870
611829
658813
548978
793750
620622
1278184
791866
1357830
503407
649334
1044988
727849
504372
1111793
626959
1336908
371137
398169
167159
1119303
1500742
1524175
832045
784199
745626
1288834
544165
1028307
913054
969818
905227
665656
1080992
1032931
1095942
990182
1309450
375817
896528
1105016
468432
1096411
504366
968876
1518559
1583414
445171
882399
639269
1381944
1510501
610542
948676
1099774
1642464
791798
904031
1129707
843527
848021
1240697
1419623
183193
298304
1548692
341193
299347
261153
1271812
1252005
739750
812547
549533
619227
1097492
717304
365691
854216
853489
1149294
629241
410831
829732
500954
1073356
541810
1108859
458792
861155
1154175
932311
478036
1429080
1231324
1188206
1166850
769044
649828
176793
700027
516693
1313641
652151
956641
627700
476758
960866
1067665
666002
526469
770211
738929
1019529
571360
1006286
634372
627622
1111766
739750
278641
348754
873025
437802
943993
609017
685156
1040838
1157777
569911
881223
398198
513419
439320
876634
220772
676634
561544
478418
641365
576315
534522
204479
650577
988739
709519
1035133
813049
1078206
337249
1082265
907732
595409
841584
1009018
543577
694696
408010
1257410
1222753
545511
1334224
555999
1208651
639287
454971
1171854
424351
1191488
382532
465651
455132
475615
1349380
416710
447393
506496
439064
653133
1010332
769410
1163220
1118897
1217739
1031924
1184574
1591060
1489930
1442422
212929
1196074
1400502
999857
926240
884893
586857
649889
822207
1034615
844793
312561
265376
1169751
1093963
418885
1358200
369992
508634
340031
1015608
248848
927193
442606
368533
781917
772519
274454
1245711
594837
1145506
736264
796742
708691
798636
883851
710865
646978
1137437
748577
878611
787103
624530
25608005
23521917
21530927
19451018
17336459
15297486
13220369
11092705
9015642
6938468
4813391
2741277
8204354
5945174
3812567
1767093
4266063
2177982
1594453
2567853
433984
1648166
247121
1731370
204822
205933
882482
1619419
1686819
1570049
1560868
887465
1377934
2402598
275912
1124037
1975363
282354
1508118
1624642
630305
2000637
1504688
1535755
257731
1406460
1210452
2153591
1709310
1919201
731823
1486830
1224458
2729575
693025
1658944
1964315
1148922
1698802
1392342
1477677
834374
487863
1230894
462775
1158685
1181829
184200
486125
772137
525426
890206
715402
733698
417306
281165
177054
226684
326585
1191405
615054
363314
1380116
855367
1275492
839240
288455
191176
188392
1037448
1512574
1132678
910522
1341368
651908
587706
487996
892709
311702
1090841
589228
1257466
508283
717441
927759
207754
639518
182355
837265
930705
1428204
842666
1440564
1305934
806249
1475374
661952
227707
1298426
318967
661153
1353628
197364
385461
1257938
1251849
657628
1211518
1185617
534035
654469
702057
755738
888151
372476
945832
323665
790602
516376
698134
401393
647327
746090
651529
783028
1322596
843152
829071
1309861
491385
702152
1272002
976179
368609
886450
1255063
827439
527876
1096525
448947
603516
304224
340511
641313
672892
537969
335237
359382
1297057
513339
583887
638139
498966
716468
239114
393980
744973
426037
1435647
904382
441004
560017
1173841
721799
739108
1357000
551642
362876
1043806
419349
513025
1031468
612639
562508
319270
1408646
931723
845137
944233
1230288
1513330
1049023
665859
1150225
403745
250240
906628
794478
585748
1153571
1049656
722828
200479
207711
593615
641011
732175
975509
1355197
597960
1337782
1008550
1036732
639265
598888
987147
1200528
623159
921514
474736
714210
765958
1069558
1276172
1339898
1182723
910430
442693
511304
407616
1003499
680745
1387994
667910
1347698
229760
403963
786001
933079
1194377
1476310
528036
550425
492383
1430258
1367017
1172751
861100
1140537
1017704
723462
378036
802096
669628
844294
1125459
1682635
325761
880489
1033010
1820138
684903
901253
1131969
1372221
1454385
1575428
1619029
1327282
1043666
1152374
1796514
1630080
688719
1177238
1660198
416691
730303
1109702
853781
781569
1448957
876488
980039
584199
187752
926418
871323
214096
1167424
797165
674631
185238
672758
654146
1101723
557612
460354
845490
432568
281233
1186247
563563
999170
436546
819830
653114
605198
595521
643578
828916
233090
723896
730903
1082412
1056340
569765
376877
459595
696147
1006457
819213
440202
1039921
1576740
227319
728761
507712
514352
1465048
905100
454802
1067816
176008
961663
1327642
1380601
452889
728966
906292
236819
604433
1306366
524760
663532
436603
1186593
908023
289470
661130
809419
242875
900563
915542
848062
689599
749458
742387
674233
787432
523448
1232769
467833
948911
501271
933690
634307
1227874
513457
496143
662905
720999
619395
681781
1407901
751372
1040300
710016
853245
1038345
625212
541780
1435920
669393
1125780
318340
1006128
1446342
381833
707437
584857
610154
1609528
1154242
657522
473746
1133615
399082
800620
497508
488234
204826
1032814
1255891
1258719
890696
846292
970277
1187227
958641
1039976
1099686
1298654
1179973
878775
738144
933538
899064
788333
1487777
859141
811517
1477439
1708299
1121931
789671
940874
287645
1154062
622547
674083
214847
437465
264347
287730
1105296
1044738
399324
456016
530631
642236
838546
1455255
969673
821327
1518929
1389510
953552
1312020
814627
910366
730116
932195
1018697
807956
1396655
737945
837910
870271
296666
659084
821956
533003
537285
942133
946605
1272360
1303316
956756
828541
724987
1172085
1023648
1084741
583774
856787
1222667
1169948
1474432
1246118
939507
858527
853590
613299
795948
1045734
455475
582030
1298360
1036537
642350
1050668
516468
813869
239831
833913
742174
1060493
823675
233856
974171
1027384
995103
935931
922421
577974
840953
1140094
893115
1332673
1061222
1415355
733144
1144570
1165172
558623
545585
1369830
1080192
1237228
846489
1514375
761548
1217982
1363793
1363311
1136985
1226403
1324172
1395890
240938
1225329
328732
1182234
787942
1287589
511554
532576
1093849
230395
26162945
24041514
22019217
19970480
17914609
15798086
13748148
11680734
9561248
7500151
5431539
3299005
1237856
2120031
5117115
2998135
936031
1914073
1857666
1835695
1008996
2508652
427699
1643103
1248046
2125379
907010
1654363
1139448
1941720
1968913
1580813
2056827
362382
1045518
1198503
1655596
1102126
864213
2451769
334324
1661378
1347589
1236774
1968262
2099302
244775
278832
536017
1429994
209864
1197238
937103
1339888
230229
1667837
2221565
814915
1478996
1194153
1554987
1288071
403814
1646072
2241338
645904
716792
942488
1285926
1672367
1678615
1192740
1220799
1319528
831069
1019508
258950
1363384
569229
1232679
518536
1287383
1026201
1877034
424574
729317
788554
788070
1181845
1005635
174605
590969
936567
463124
772917
421682
1225872
1204145
748205
776345
1297956
959428
1367666
1150701
1206460
1683154
626258
880919
1438281
1012142
777197
1414414
784227
921474
175455
347834
397521
788722
1106158
1236525
1025132
1476492
541470
1321182
907346
1149768
870517
556958
1376389
989135
1512020
1090972
1319386
726925
880887
967911
606108
294609
1389354
393268
806033
1079904
447926
615370
560210
1346344
837044
842386
362914
1276247
1165715
1507344
646171
260018
680927
1453716
654644
427580
1630969
1109188
756996
960489
688694
396350
955359
994340
599858
853669
1193360
920505
1495341
1172991
623318
668536
418448
938574
704345
728548
1542201
802657
1208701
1155367
777991
816547
1448510
901077
1009797
900220
1128147
669142
1012593
1520639
1081274
633069
1128075
1145921
985079
939179
1004256
1359973
887979
491206
1074056
686269
276802
1083992
917895
824718
779768
1491434
1317616
1351338
907189
1046272
1135655
861662
802676
1525600
954049
189623
966097
1943312
1183611
1546764
354772
519751
532864
275498
1666444
1447653
932903
633670
1592498
755766
765260
236848
1359969
1164788
705530
747222
308428
398141
1137557
799927
278447
746545
743895
863687
865299
1326437
956944
1012748
1256247
972286
1177188
805868
1067134
1203602
776888
1084417
1210912
1035805
1070213
1063755
872390
1039949
555297
1055556
1107192
589862
635404
1073536
1089951
1210208
777719
1314111
769292
988161
514452
1233801
600116
919291
744825
1088865
309945
843288
629248
940517
1307383
1241077
740027
288057
946614
1393255
877937
592508
295981
909028
585093
542048
848440
588248
1198470
1106254
730088
646856
1304692
537674
963885
1248291
808205
1158120
618336
1082618
396204
1405664
669040
1130305
453465
878513
1523270
669591
1343676
770553
1029464
811128
1023848
1121188
643536
999972
891541
919909
712907
349723
1540542
1144682
343643
365455
412439
427913
346987
799120
921024
1152335
494577
1547222
899854
294288
1141375
1303595
788567
1041354
678523
887708
565098
1256042
1145087
830235
436391
748832
474649
700562
784887
1017226
970373
992941
961874
294312
1065917
914193
1015290
664647
1438573
623242
1004760
1137747
1068957
1085155
376210
1154090
1246245
384213
1039725
777448
997973
1156812
1511646
218241
580823
190374
1251079
687413
791714
1381763
1152772
1027416
845604
777521
1040736
294587
357286
1261075
1117382
1166531
1101132
593893
1059933
1224175
596938
1046250
825240
1033755
650649
1650002
1165029
1475037
783317
1573597
1102968
1155155
808956
249581
827272
834210
1008063
967598
1585958
1223122
1154278
300096
1648643
220484
1657997
1121129
573310
1330444
672388
185690
238769
289942
756732
724599
284230
944043
1124376
1535310
1409070
684188
1033497
1573502
1296700
1116782
782687
398326
825886
1042219
1003925
1021696
814080
1093985
782958
792360
395766
1154392
839330
1039527
493370
1018571
284622
647945
787270
526730
1445620
1142175
552691
1114717
312734
680872
876623
609514
1283025
478030
918446
634090
1256217
838398
178619
949304
620174
765979
782111
1243018
878473
202623
1595992
997739
340834
1173479
1536664
654014
715837
1134732
538977
1340190
644670
1486060
867641
438270
784205
461257
969166
1175863
225508
734185
1026168
664017
845281
803764
524694
1145260
958292
635785
1211180
608167
986556
803673
950809
1234710
1456231
562599
987827
536402
967144
483143
579111
1074818
1270802
1026275
303433
896383
1184041
899724
189961
1372468
251740
990247
1368987
769917
389639
407809
21398042
19280019
17230289
15188214
13068082
11013504
8947786
6824446
4767523
2696496
9980158
7858944
5800063
3729000
1593856
2909227
848038
4761671
2636793
582448
667186
1531319
1591220
1300722
1203188
847276
1080267
2816075
744669
639396
1338294
1055061
1704348
1047173
1104989
1888189
488429
1539938
1005785
1901626
1346752
2112654
300729
663190
769557
1320027
2330577
316170
2322056
232327
680767
1945568
1346108
1786829
1370092
1708101
279888
328066
1485156
1041596
1105182
759846
804678
1246669
400827
672204
1187043
770010
557621
1229627
481559
795502
504827
855375
395064
1254190
628860
570619
660155
650896
794412
1383187
632265
981597
1077998
215270
1375243
1133656
858137
837385
1174277
756880
691291
1106329
971978
908288
1069226
931742
765065
555638
1269224
1013583
1288026
787740
1019895
688473
699936
695371
591440
356190
1167939
1084449
986279
1067274
550093
1227449
732656
715794
1072244
631725
482073
1076527
851909
709765
1229769
907798
693693
1271799
1134782
695057
460629
1165318
301125
991353
778145
264801
664552
584970
968917
364826
1120759
918411
721684
1176212
613822
272833
729925
1075472
991227
1291005
238519
941468
1151036
219047
1063181
976723
814687
1297484
209376
801278
773278
448913
1805954
518618
631976
1040834
925579
920672
1065536
969114
1091063
1261040
929349
986680
916818
605018
781822
787770
1024687
693112
918611
1009349
463163
375971
1123808
1201592
533870
913393
542041
971325
596808
623042
1042794
737489
266463
570551
839309
522327
806903
1100251
686773
779148
1055791
863960
836493
1083366
845705
713503
917539
648366
606932
692301
252482
777369
746389
793980
492364
185131
1133909
193639
1234720
359748
556089
860174
724703
777358
844168
757359
806488
230817
880775
768185
773340
1099112
773341
730030
259932
212200
935389
866541
323025
939551
702853
365258
859739
579592
793977
322578
744325
1039222
853791
837969
825506
933460
1047921
1208234
1246409
1201184
995942
875636
702720
541591
747257
609798
1014544
926560
1250792
913227
1190883
858967
486960
859233
917379
1093543
974629
855533
749609
822552
1136598
492815
957629
1024999
1103764
1040512
926697
1033226
636990
986611
919590
633415
896286
860259
938656
869462
841121
956303
795043
551647
603380
659361
634907
810521
643490
837949
1084504
816720
1185323
507292
1023869
1084536
699612
1191032
624658
753744
634158
921142
698605
1025092
282086
1132075
792913
665449
712657
558880
635366
1189888
685970
994862
757062
200694
769484
905481
727003
230276
582849
424078
399591
854760
439594
245234
618589
548121
794142
632547
679554
241826
691799
386113
861833
857462
1269192
825743
823032
430269
1006502
899086
273878
789769
481908
783266
748053
302899
1163408
681745
769038
320131
1222879
815811
857002
457048
217654
255781
1288133
1154028
1142407
878107
1073324
889307
359590
772037
366633
1060407
563905
1176695
698675
967642
620727
1064733
588086
915511
1194548
1065112
857420
934448
737010
513528
188438
533585
907035
1073962
362200
909993
244592
495200
581801
927234
789357
610576
460051
522557
191253
556818
844220
374902
861985
588585
427997
735257
590747
788078
607872
915097
782297
354655
509614
594595
533575
771909
230345
949222
574102
940138
727395
391434
767515
565235
679014
218584
850339
642495
1166400
503270
751739
451668
781449
630775
309593
853982
901757
574040
598477
620723
812282
789027
816809
512277
515137
1040188
776862
452871
642490
927057
661518
656348
1003372
717399
559579
661679
769546
808476
489986
843389
1021584
928357
986422
713306
882388
393132
542189
512115
899958
1034773
869806
685898
955894
534168
1061662
578350
904097
644348
1060913
788141
769164
447769
1075601
985540
686197
658097
450895
1112304
1031602
733910
637762
318373
1060972
837844
697933
1044596
979013
361039
1107804
747622
295740
1199278
774655
924727
1169855
1312542
1152367
1372058
1081984
1027579
882207
935570
1097452
695770
980357
986250
981590
1146042
1122460
972997
1104335
906623
918460
582987
274909
725334
931926
1013597
1098672
1100901
854567
1075674
960338
934463
603948
1021257
1123477
845025
812076
25565486
23442947
21402445
19333408
17210832
15152491
13091105
10960382
8908447
6842541
4720510
2643016
10036388
7914995
5862710
3804965
1677371
4586987
2528448
407342
2860395
740222
2579850
518038
1388510
1418992
1880625
495327
1907945
2216918
1288339
1027472
993784
894691
955907
1630017
343990
1252907
2291803
1370041
1212583
1187775
1557699
2729808
614665
1962560
2322902
202966
581513
1325917
1609499
2136510
1380025
1311563
821105
1227662
1094364
743597
198826
1307582
217837
1116385
255844
1061460
1105634
317899
519063
386098
1007974
610171
1056195
312255
271949
618998
680786
406410
322912
360363
592452
766248
396524
729462
694820
710771
554122
1108010
555820
1067635
541237
977441
470324
640758
667350
628987
1054252
424784
740938
326615
538988
831414
398659
757326
728648
279109
224364
405178
338040
470684
668289
988649
358832
513772
450349
300916
1039886
874277
227551
519978
1081078
705711
314072
396550
395450
679504
419170
237329
462850
409376
271955
243942
928746
615416
600241
869838
612176
569537
464413
1135063
778692
795078
857940
806957
824925
776319
609062
574398
594838
563186
896929
405303
902136
661275
209435
699260
560521
461379
822117
721034
1223597
697787
569108
916600
794888
577580
749974
541289
660876
323712
563192
724402
852279
783408
1061765
1396920
978065
1160508
893883
819631
1048422
1069931
754496
955648
658182
443625
899667
617563
1037252
1051375
1144112
964735
885026
953104
1323353
1067434
1224009
728224
961969
1063674
364086
1288536
1227131
636940
1227485
1199965
1158255
653803
1135955
585253
866632
330722
983421
775979
586191
280629
932927
1143652
896771
890301
840838
951748
754355
670349
783672
739370
698420
583432
597821
673427
1157794
1073408
495953
776866
1362101
720253
816315
1060903
731381
1210701
1211499
1204772
722455
616113
578604
910256
1128709
957468
615688
566885
590120
916343
550680
1186883
945585
551536
797398
1136635
1117361
562209
1035169
574538
1017739
347240
1154530
428421
587070
671700
940445
1090446
985775
474598
1120667
1151112
794496
380621
959488
916358
984825
1063531
1097810
875853
674478
323874
1341338
845632
1016794
522543
312096
854987
980503
892933
737978
1010488
1000156
1076938
1156236
1255666
1174907
962035
493728
909362
487766
1312093
1024708
675092
463979
592113
580611
1188092
558375
274977
699286
849898
1216828
870801
972985
815453
440962
829685
988388
1082860
789070
258550
735768
308491
805258
1313799
615123
456736
565810
601491
589232
844690
1070460
871999
792703
781867
877449
778379
594058
559910
875788
667798
923540
856737
372502
545149
636099
707478
652944
583111
729445
754451
809713
445299
730135
906225
745712
537124
999271
840945
488860
625403
496729
1153567
625214
440656
651808
230453
708326
926523
774971
321454
938368
1076291
831715
217131
893703
371159
815736
932839
535572
643706
392746
830587
587126
759268
790276
735382
851497
609498
1052547
695111
818939
926921
483451
986147
794839
988700
1210394
598755
618684
1018879
1472198
221511
883244
1450580
694653
1068030
1202636
869517
865155
743488
252799
939939
851819
1223584
1019114
969338
1016159
1037671
1015709
1303983
1241310
1138443
618356
781308
873439
951422
807041
936287
786311
694502
1116904
742896
951753
952646
1292402
932722
1321839
978770
524198
595339
1287096
1083347
920426
348538
973672
858563
724149
1125845
753115
951853
1220978
807099
978004
1158135
572370
856766
1123223
332326
755744
820659
1048937
792125
927338
680998
729793
1183840
1088912
1079797
514950
853261
508079
1013002
663447
894287
605064
899133
723421
764104
1000097
389050
675984
1076054
635632
979324
655454
913060
1047712
1043371
381196
561570
972470
1294404
1076612
712427
638480
498924
1207122
1125271
856244
1091190
1234594
193731
616292
443678
1363635
908505
936941
346280
1023283
829269
1194313
873330
521833
804432
754811
1074770
1069357
695396
948653
1036269
1068566
831996
1498437
1013953
1142409
1111981
722537
961631
931948
714594
1088091
828753
378447
328717
1061633
614926
1141561
590325
1248181
305685
314895
854219
1076861
561433
1226218
669780
994216
954213
866227
22555481
20430238
18411721
16352708
14225574
12168759
10101822
7973260
5908745
3838508
1712468
11267887
9153040
7100762
5045278
2931947
2037919
3796092
1718687
3095221
1034901
2629410
506300
1330670
1213311
1222169
1418068
2741517
654712
1607463
1302026
758640
1500142
1429491
1969358
2077318
1951819
637628
1045382
2001686
321419
1336035
1163395
1472781
2282091
1596570
1607270
1089228
1715076
1272602
2210617
1557194
731467
564899
1666788
572150
793275
664891
884166
402586
1179670
1341254
1276315
1363089
1402834
1301947
954778
286571
901702
1399626
1005612
970908
622002
1307079
945811
336848
1031528
895793
336723
1256319
1103184
1001354
993898
1161134
1040439
672753
328280
563090
493495
818594
643163
1317597
245950
839228
996056
771974
705248
469378
837079
680561
613521
532552
1065047
199990
1076501
768495
495008
1151543
550156
985184
636395
1008697
494727
438297
176637
814107
1093576
744360
504024
604790
817645
881996
1179695
1055635
674236
1014670
680395
687026
793150
941516
781565
711688
936623
618944
1246687
571050
862331
724638
655644
186935
911591
709892
774834
1290720
591765
700102
1125515
236756
1089682
1270456
984195
859298
640536
979475
933693
802394
632278
806747
962992
921853
827473
800460
177900
519296
1124107
852361
238314
737413
258228
1085444
354729
701598
318829
892902
958061
394507
176024
1042511
627143
845631
1098884
1052458
1165757
328170
1090840
769055
1212645
446901
922121
750857
966854
564322
636473
998380
883951
806279
1150151
1019468
571281
551161
1204374
697185
838936
1261381
859352
1209802
1254832
1012747
665245
1131235
969012
1121307
674368
842877
808188
641342
601886
916993
752357
1055917
1016440
1145218
863577
506044
850389
823427
638415
676671
533592
544007
979778
977104
736073
592303
677050
682726
1071595
881826
238994
618135
469086
810012
508814
615593
381639
1050850
1263607
1101699
522312
612790
827245
859408
536499
1149377
1141237
492279
1059957
633474
185793
1115960
755781
1139728
609715
422156
463864
585081
826458
213305
1213428
630946
1152486
680115
712702
1139101
938223
1074097
754189
1142472
1081177
202727
623880
597513
1083863
1134380
990614
731226
551267
691044
410124
563254
1017873
700415
794292
689398
906364
503420
653918
221565
798343
305904
403458
372203
935810
860794
437255
1214110
1083255
1114726
425758
1372339
792421
1294656
1253939
744334
802840
1155273
930645
268615
919892
359128
854781
1135103
784186
388585
451611
270632
858144
949409
743715
397064
193779
810767
1060421
724649
696946
490977
565545
540995
797770
993723
728019
721989
346871
1151007
644149
806993
840549
798922
546304
323474
566534
1087207
1063501
941425
598045
283272
654874
673128
1045719
954789
843541
964158
322324
901647
648920
1169930
817655
539385
853783
573095
660074
938148
979449
831186
384929
572145
275809
911895
936510
605541
981678
949121
642491
769319
338791
756448
483292
553057
527578
718983
727617
491520
718901
924466
322190
799262
438907
760459
872472
688616
738158
744509
584261
1067435
300995
776725
720196
252122
947661
834896
426040
657591
416322
1022856
997394
686554
843360
571645
850143
616543
298556
1263371
1175809
1210059
307117
220053
1130095
1099724
1332376
1312578
850375
702573
731200
821162
1160626
1224138
233052
628803
1128101
1115534
698496
882776
1124857
1332548
1342424
1380775
1237927
1257151
1394766
400485
1337755
1008704
732080
1112259
1096355
1013862
915026
1083703
786170
610542
1258073
866169
835687
1083865
1205113
948653
636462
527774
629545
1176580
1308685
307602
467264
1024604
1012118
1273295
207748
1269432
1263050
1010156
671351
1211491
983019
968271
673551
785007
786378
587338
723342
841547
935528
730361
580974
1060975
396262
620784
967980
201193
930045
579352
598062
726431
203659
641380
841826
635176
738080
721300
701475
784166
239847
978803
772946
721460
668764
643746
674312
560240
815975
686638
762538
582360
894530
837483
762381
1037327
231583
520437
740163
400690
794406
676925
600217
790523
1216120
778612
1040160
756823
1001025
829371
770801
662641
1273578
847445
576672
948427
684010
941613
965842
215499
29184424
27061736
25061926
22995211
20872406
18802295
16728342
14606166
12520428
10433451
8360226
6272904
4217072
2164970
2427742
410624
6341472
4218369
2159364
1315522
3469925
1410223
1210627
1824784
584607
1303633
1423711
1094641
2811849
767131
847188
981528
1455590
1582762
1817229
2177850
2024263
2785355
658336
2355472
252689
1095845
1248649
1670572
1306200
2287308
348799
504989
1086769
1178243
1127735
1244571
1362100
827797
2050562
1458353
1240061
2197361
1048701
1068551
1167182
1251573
1266026
2284036
1223425
1038848
2497465
380032
1837968
850031
738304
540438
1265594
611560
1654226
809484
1180368
981062
383626
795443
1119719
1449325
282422
835873
557157
788335
803138
621710
796587
431854
1214237
765195
878929
817033
808122
691876
794668
236068
527195
734275
729218
770739
679267
655989
802912
283464
1128287
1005935
1053848
1273920
976497
995754
983562
647017
1057656
625061
765336
709954
719111
588305
1114249
882592
983504
1126770
375980
1156269
1183811
656012
714531
167712
1128585
1114088
1114477
282942
194530
289028
371461
405893
539787
621535
232433
1079901
926540
757917
760984
236451
498277
1057092
777583
305824
837636
810688
1217490
1102907
917301
702306
561177
542696
845473
926144
834707
950380
1079307
814132
993456
931766
843912
556517
835598
1037285
488204
886266
545764
757856
472751
868784
953160
816440
901970
827930
966453
813843
760407
207307
526089
823929
738027
880974
710567
806722
519347
838707
741208
999074
1008216
395859
910709
763470
334159
997709
471115
854162
778990
617905
458597
416586
566357
692139
581191
816171
550938
767528
879216
436447
777728
609343
349007
906696
940524
866427
417882
984801
690285
598951
979783
648875
1127514
875440
957093
1011223
752727
661550
878487
792375
510485
711154
564493
840281
468648
767877
504468
590205
957995
677963
1030771
240921
613984
962407
1074381
639215
193768
625654
753897
719015
1006255
190786
548604
849441
405445
425151
1124927
1037205
753500
602124
543135
552607
1026398
890121
1059075
689657
704506
634334
786147
1075115
897974
877298
694550
446850
479980
698838
840540
775944
720684
784019
650026
973290
699562
918835
896167
502326
786088
1156858
965625
208380
660865
748972
801118
886434
785842
607638
509211
915590
752356
741426
215789
591436
567283
621536
357105
634135
695586
669636
638296
668378
398873
736973
606471
614595
878337
567645
449985
817061
622418
393253
468084
188355
847290
882027
798910
445497
761631
748434
612331
320664
340848
726286
817913
673710
826214
462742
583151
372138
717960
321466
915698
639263
473362
1157382
813996
883785
655212
412875
321018
1390827
933588
684927
567074
772495
1016501
745760
599591
595563
1084564
709211
921877
202821
781092
631021
1271844
723215
1249793
623267
863007
592556
1172773
453860
558750
668399
343606
437057
723279
370490
1368869
1088701
679421
532749
908727
623531
1287430
236589
538245
397645
784258
855430
224404
979797
177686
718068
970356
640194
579820
733115
679286
485641
847800
551678
662271
955450
173879
403334
242197
724227
752753
624394
699988
923211
561033
706604
1060363
290633
687835
524927
726876
692427
628570
697682
629240
1235030
432819
878892
534393
614883
804161
598553
839633
301022
1011146
708396
983640
1100606
402345
1318908
881842
1007545
370833
225666
293529
1279270
840473
946679
800428
418043
1153718
815018
720583
782108
585949
1314372
919062
804008
753402
525004
605085
904921
345468
610256
181334
566515
832188
680845
876934
265496
701780
324092
1181995
761780
423334
1095331
643235
645316
399828
514345
582755
1227178
1109929
542935
599132
1267545
1590973
770973
1253663
1165636
807525
808095
394209
829222
1010679
700598
1105882
595601
937766
1145941
529110
992821
1056343
1096361
857991
510810
306624
349504
1230197
896505
693270
1157883
844862
664812
1253200
622974
949633
795864
521838
394802
1194132
558002
588050
502906
1018025
334579
535301
570037
603157
597002
657831
655477
779405
590087
844168
523424
647074
624707
644422
733133
308540
472748
206417
452710
1031016
794248
166698
476823
345092
23710820
21582659
19541977
17488334
15370865
13311820
11239074
9111590
7030613
4972994
2847008
803175
6079444
3987048
1953756
3611162
1486050
3802807
1677820
2163220
1510377
1595489
748613
1374827
966474
1654322
2064891
211072
810463
1025628
2214648
708733
1137514
1558861
1574278
1374241
1252058
1271670
1625251
2323116
197320
1348413
1265924
323481
1193672
1885553
1150397
852816
1650612
2377572
251701
2040951
1553682
1929432
2397841
260728
1337364
923937
1256675
440342
1305661
836626
1516102
877141
744001
1237753
1125679
1065594
955514
1069759
707857
465345
919696
588829
675792
576737
1349071
1051265
779232
532811
1072016
603985
249119
820043
509771
1167460
562612
1188778
1051727
905902
584096
783813
702327
502998
843227
833818
768214
925771
737913
666267
462280
586801
729675
746475
980473
432634
236937
794036
535689
484306
933360
1088372
585736
700973
466574
816630
622486
519847
515447
582521
376310
368288
493971
588626
786980
841995
1111145
1379596
579001
776395
1070223
1036491
353547
459898
759437
639221
175874
485068
914799
1039300
1024281
910845
910023
814132
830273
404948
745159
1253239
379165
292271
582023
652894
1268000
845816
293867
1093135
533048
355843
474781
164692
759091
801878
371883
721804
1314302
896237
703228
451336
631850
1320941
443857
388566
645815
639896
192454
1417113
701511
466293
1134260
1056438
731922
1008463
1221582
926773
595661
740336
497919
795573
872181
512848
1376861
1064475
923135
1052406
328818
408167
381422
847242
1161899
823931
648197
864064
1251565
625500
1243821
607194
707154
551587
1127519
702070
959640
455322
901491
1306356
453820
778827
908439
430000
966039
1033096
873326
764433
891069
630417
480795
919078
487731
739142
468914
734309
620456
366940
394362
628208
211926
438260
656027
936973
325956
798286
331230
1076778
799675
176607
444083
676103
799686
631780
891921
1034713
433301
1033607
471171
183027
716529
1117896
796000
1403926
515037
671906
866644
528817
435115
416736
950223
568221
822213
624442
1045370
994668
972427
949064
1446459
1157914
1047618
1123845
672503
620035
218513
848880
1449847
1113840
437709
1466529
648969
528535
1353636
676259
1087024
738875
798245
733842
781190
676003
1667061
1092979
547591
1543449
1349118
624224
885686
932104
1164393
694075
982314
1463509
1004099
833622
439281
547061
180578
409738
509304
643826
566159
675554
1223322
751800
192515
543441
493792
940809
453543
767031
1045354
672037
836814
709851
447202
1225223
596217
1199454
1350828
1147896
1276441
314426
1276458
445701
1101563
382232
424333
515902
389192
474733
252068
904359
782171
256976
383327
497062
421411
805488
365219
676921
743321
480788
916939
564541
952308
445724
368934
423782
548685
183983
674548
361206
643469
460909
1121503
617167
185211
213014
572717
1337275
786096
1041137
1152760
926203
660440
908748
663230
739258
603582
434429
472549
1148133
1123568
1158939
673196
1132633
838702
1171229
1022325
1278982
282048
914613
1065176
699456
1206173
366137
1506046
800319
985331
408626
454334
1153667
313846
901474
526547
1181848
593094
1199154
360018
992730
1524419
1299041
984554
645448
1265347
255959
1310140
1568711
1277700
1288604
996356
402981
446451
1058344
360938
939009
1310914
752495
854287
1134258
889495
1220993
736982
568126
611622
1510564
556084
771226
1283969
781331
693913
1025385
952846
1042460
714999
746084
1135553
834024
967912
1287810
426815
456152
562269
415583
336292
1197855
562375
538362
1038298
522660
1284735
972004
771595
215148
618677
720296
643748
381384
461951
534522
1229797
1120792
904559
295938
639567
656392
423011
416160
933775
1304889
825464
632117
643485
826591
562600
805761
633255
1007283
338944
665649
1228477
560235
827884
723695
1259823
1369937
1086980
782414
1136804
407197
583828
941589
650635
989784
365524
453990
960552
1425145
1163509
1005421
505167
898358
857936
1109259
963715
1058835
1078713
1007662
393588
1453212
205686
1439364
1133951
442193
729374
1382518
502543
1303700
520440
1376394
731103
573715
1193127
899353
231532
871542
869071
894278
1128914
288694
776611
1151385
304483
784496
1172523
218973
17726257
20639739
18505164
16437069
14374632
12250877
10180849
8098480
5991621
3957925
1880336
8043997
5909664
3873725
1824063
4653738
2582789
481765
3501365
1376620
1703500
1138116
1452898
699301
1478873
1508467
1292002
1132980
958822
1892597
613928
831930
802591
866476
1732311
1644407
883811
753037
1159223
1691018
1017207
983010
1387813
1294033
509980
1510082
1759013
970984
961462
1645239
1577616
572427
1524332
1400161
1261819
1177790
1220282
581510
1090993
1628923
1976823
2161654
1710665
2911930
842012
2449806
321995
1213831
1634753
1393848
1409757
1789095
1762858
1785554
1091987
259866
490235
911703
987972
1163155
785626
707870
710331
1021826
743292
400500
1154572
960199
1424502
394881
1087122
1320809
456913
888591
1027769
897044
956006
651996
1167177
934120
1260354
1021204
1202696
766965
634582
1080200
416326
635509
554807
744158
544271
448114
625478
230767
609954
1076185
729094
1208294
745706
1040805
456566
560556
183541
955369
1029146
809560
500480
934864
1065129
1113902
1006786
780776
452846
321918
573086
760512
661673
1080085
744874
327667
947023
975726
1023147
858006
725594
478241
761591
744941
782328
693016
786729
854548
193961
731091
499488
526104
569215
961266
949134
488342
592829
1093912
850765
1315625
667219
335769
944257
1029111
488526
599047
429133
576833
445966
464909
1527313
486202
818609
624617
675210
593800
600608
769926
1630053
831765
986442
1117915
783106
834369
609273
590082
402100
961987
796692
778142
876386
1226898
820576
815480
836471
1079633
792267
871297
715443
782075
1132874
1002543
1126400
633485
585606
345984
251083
669742
773260
1116421
404198
1159322
548376
1169325
1123260
1023119
908865
987669
866670
923005
733183
1081618
838138
746089
809670
630670
1100137
922468
842770
727135
434455
233937
291886
335964
1484893
307639
1299554
894265
1117672
525098
1473153
1077200
884054
564247
1073426
674987
276870
734039
1353974
494711
1026839
496494
851689
1149283
1290298
567902
876353
402535
930996
619819
1138938
484024
532646
470374
470232
746518
1166313
1107107
1420621
460371
517965
1451449
980961
1033823
288044
1206789
604940
899701
546771
891954
1308080
356500
844336
358502
1062920
1275434
1411712
1259991
995247
956344
1332727
660688
739783
613591
645971
1130412
1343540
502546
378486
719746
1275173
462699
1377624
605447
1166462
490550
1075297
1356237
503165
412882
274107
831965
476718
945983
385463
574644
567157
847406
227537
533332
1404470
739462
978604
485133
1043488
197158
508906
702147
792671
183827
678285
1034651
196222
749719
1176211
484431
1099232
1186552
603048
676790
1252347
908648
693652
1158501
409577
1028944
1105809
258315
511953
1029730
908759
954032
406304
1202102
717610
722142
603793
1108379
649131
774805
633292
896759
622814
917893
560388
651440
726611
431962
1162394
956902
962424
352506
734900
505916
192763
833604
448355
616816
254079
858061
1109112
905082
890847
624738
555918
299753
997319
367550
1052962
618165
634035
991655
784352
818167
669822
673457
378066
357870
1069306
722878
924180
799983
708877
805188
828951
698960
875321
502852
561348
1038070
1114170
230156
437297
711087
570168
503239
894389
423364
713249
617884
569778
465767
668071
485577
605271
559970
565936
818059
908275
773600
1074004
1089626
1015924
827682
1545628
522960
776585
733229
880286
297631
331563
972085
739768
943686
566057
1416184
838489
790137
1405067
960235
602268
1174267
589183
1023094
982524
1089107
1007658
1021474
1128285
1112078
960302
1148667
975790
1325682
885963
352938
1172939
1091682
1451039
950580
1141476
518844
939973
1370287
789534
955983
1211919
403335
1069708
1125085
253646
734821
701852
865565
1162806
1383454
693085
790179
760859
687920
1152144
1152082
1277587
1013923
402736
1193345
1352990
887507
328033
886409
200524
834725
1032061
177913
794762
987851
995731
357089
647450
1262972
667754
746247
669543
275334
854665
870949
434274
628268
182134
509606
664400
811395
698037
471745
1146205
1196265
172795
816745
328766
466031
311368
1069006
747324
1137471
1104763
757293
949113
971032
509578
234842
880379
554274
551742
669587
665400
674788
820395
20044732
17927680
15909124
13837943
11731078
9675002
7598430
5465129
3418208
1334873
12563416
10446062
8429961
6394179
4250395
2201247
1595153
2964393
900684
2871080
788945
1599909
325253
1303906
992268
1213329
458157
645840
1448669
2079214
1380381
1886464
1359109
893870
1350519
842274
1118189
2331291
196881
2024872
793536
911694
2620586
554987
638332
864924
1060807
2036168
500623
1964807
259687
740593
1021015
1520582
1016632
463757
1438183
1379580
1871772
1524847
1641768
744401
475363
671501
1301173
1373488
825738
975139
1050864
1177794
302778
1365781
1132818
731563
620151
1198145
708326
808554
231068
1178496
1111420
1035224
1186799
516896
931250
838382
1102948
389092
551799
550494
1236195
594245
738224
1249335
912540
969846
636728
523511
456060
1034441
1328171
742529
785517
1227987
1128985
626349
1247043
674957
948738
642952
1001503
504645
879464
610797
515668
202493
1366318
206777
557155
565903
1558930
730172
293233
1261892
1093095
978719
507389
587013
205901
1078224
1076015
412830
960897
721663
202802
553585
436107
309018
1104874
607851
955262
794004
575751
766720
984043
1097429
859806
1060478
828572
739341
1167482
966740
541528
571562
559645
706897
1291569
1063035
885314
326597
440654
757606
1066077
425325
987927
702438
626976
1168018
836912
1220647
726856
264294
585963
458542
872501
892132
876274
986253
1036394
957926
861292
465724
410893
630351
508004
484769
349684
352428
352673
445856
517582
499833
283168
432942
359246
365940
314652
339337
275779
263640
294351
299594
216488
260959
320565
353171
259590
357819
261384
212854
229977
210109
209980
202757
207214
300482
199925
