1180192185
384056
295237
221941
243594
237575
186745
208954
180092
301105
368681
254202
348376
240318
220332
384635
369187
327056
354655
228807
268363
284134
296188
170088
325769
377155
307777
281101
196162
272322
160284
271826
329238
253492
312201
207518
372254
246960
227675
258556
269085
245036
234437
228798
242689
176451
180130
191270
246604
196663
188719
198524
210680
306098
210327
213883
212945
235741
211165
232433
219632
223796
189458
190953
228850
190772
226594
226190
206268
200758
232509
211140
201511
288063
234377
218741
198425
305800
236005
275753
239663
241693
214483
277343
240477
209393
282517
207174
243402
318988
274136
272396
248697
242373
245941
207593
216791
190369
249753
202100
201484
199195
233021
208245
227216
201518
221413
201134
240853
206557
217031
303825
212353
237196
216029
207618
232366
200918
202955
304703
198360
390033
285947
185030
253488
194154
260834
217999
267989
234945
304031
220647
236119
222440
226191
211910
262347
236994
243967
225588
203574
268828
246578
184563
151046
248758
239811
276103
249069
238356
313655
227801
217864
250515
340699
249144
206838
326065
202788
203932
202027
231614
227065
216056
195332
212310
254984
230529
203228
204415
216961
204555
225267
228176
242073
322088
215131
225884
291748
248657
341341
245812
225332
215617
457159
259927
293613
333934
181255
277093
227647
210325
353393
284779
206655
333337
300939
342211
245403
308416
213910
385429
279812
387528
301910
265987
343518
344872
372814
457628
458526
427507
263175
411209
473792
394967
304186
219914
445247
238679
449060
429642
271923
397538
405382
432125
467243
362620
426229
430030
230512
339171
207067
397263
444783
253856
305651
310628
419701
391509
434857
368291
402583
330271
364206
339785
362560
200203
361955
342911
342483
386929
365288
326708
193767
305861
325285
240211
210613
251482
281867
216121
284978
312933
226279
320877
312885
225005
286305
300386
202645
252906
250046
228729
287660
267678
206713
254722
409950
330923
220902
193304
368325
220577
337545
271264
317082
181227
344788
221895
275771
188943
338272
341463
311530
327425
335279
239025
300170
300362
455801
318285
421475
330527
393300
335103
407813
282610
199934
212154
353921
350583
306349
203832
287765
257513
255271
232271
361231
288453
290166
330499
226643
341096
296515
244331
258712
17130120
15012066
13421393
11344195
9226897
7141142
5065994
2953183
897430
7056473
4984925
2894303
795326
1412909
782412
941130
438203
289780
317164
711661
386792
408972
210768
428959
311342
259391
228195
306758
412086
318387
231406
288272
265475
261778
225617
357777
272757
306359
250339
252953
322202
342045
275830
224901
304277
298609
397240
280012
246671
317903
296330
252510
217103
301781
227116
325546
271372
299291
251480
248882
185794
298574
327513
314608
328045
185248
241773
325015
302056
359587
309643
230311
385523
238587
215229
257830
255271
246898
243006
312575
308596
217631
280227
304435
316827
205812
281974
300631
344011
237989
393613
352031
269917
254526
308523
277898
236567
384711
325951
206439
281603
250772
322155
286321
223469
314616
269116
304231
277381
235361
268959
229344
251080
315287
312834
286568
230942
260343
239829
209273
225449
250404
257798
197268
257020
203056
227573
224400
284624
219037
190252
243022
224553
223675
214325
204867
191973
189992
185997
225313
214790
257158
179761
178279
203864
164307
185693
210027
216795
247076
188063
187682
222026
199763
222423
181625
192155
194378
218070
196862
203876
208390
194145
176587
218400
206030
186439
206813
231593
208200
213798
186692
209244
197154
183810
210779
217172
182357
214452
202337
186434
191751
167463
242913
179383
169506
189243
208702
165250
174635
172580
183542
212691
214978
163705
189947
166027
212823
242860
233311
240099
211132
241172
187948
276278
229668
236978
254613
314099
214690
231979
224064
213648
255515
203521
200132
196497
238960
241817
195819
178451
218162
236352
254987
208214
212523
221794
212797
240195
251337
210459
204835
291019
363632
306761
316594
348540
417145
365431
362649
418184
542461
427651
436653
568386
634587
319754
327463
197819
262995
657959
640310
436325
546178
568244
328022
184650
234289
446627
442303
190119
219377
387004
545973
696813
345244
344867
584133
235400
477643
716487
412049
583275
390525
525930
666006
274853
421909
497562
580918
548786
514233
342854
572363
334440
502927
567486
461015
334685
663997
393623
272342
442842
239459
494982
314882
340910
427726
441922
502971
214310
195819
449734
499853
522561
387269
594749
687947
191694
296795
497595
290840
690718
606246
161017
187857
507167
587965
601761
594793
249077
821280
732815
447559
487257
741274
788519
563639
689522
539765
451482
410710
202354
739701
674105
535928
634972
741981
405609
770735
683423
320400
406972
479087
768263
497726
553039
455259
610788
522018
733025
713173
648988
468774
801285
745377
706872
453970
596923
554435
780880
274763
446965
672601
450703
727411
622495
639867
698266
725249
502664
837879
845338
468686
611245
401941
411363
882537
793626
914245
665184
839342
667648
812810
855617
785849
393642
846970
409606
868363
544205
807077
625645
699782
632792
552663
423362
891385
669836
615056
524441
320723
628292
491951
885733
277535
551006
782334
514509
779600
571607
388883
553836
607623
588498
746011
393002
833636
712057
791564
880525
685681
196679
611669
707446
304189
461955
638192
883400
637292
533964
827549
635338
572765
562390
835037
212844
757050
715919
558303
573133
835996
579641
341758
717230
791506
578247
513718
690910
769219
910462
548848
579091
845847
833537
732124
215552
550879
505355
551390
598911
649361
420962
804332
739085
679863
735963
825352
458760
548707
468477
525469
477519
751127
605919
447221
474389
822670
201679
721241
706998
470954
680934
576699
267203
391973
628536
723765
442800
438758
700253
698284
612119
535816
418142
442273
339791
398685
456582
651053
780169
540804
485928
320155
545112
370343
441513
448571
179971
199773
509889
453294
534489
556628
393001
429292
614850
581317
733963
450872
679099
383552
565916
643574
560602
504221
670002
746003
667893
703287
590328
658391
736153
306935
801157
669924
596069
635382
20143767
18022889
15977662
13955520
11842084
9797168
7725960
5607936
3576147
1512061
2907179
796329
1127226
833551
2180126
424566
1216129
1067080
827662
783312
732867
202141
596810
1074754
819193
466259
572251
572236
523944
657838
530610
742566
619664
657485
267816
630370
692217
692407
494833
658996
768967
467849
185844
576833
279856
704551
705893
441279
603402
590443
518078
631913
667994
492637
459077
414133
475543
776822
615979
298353
730148
488108
538447
362709
188423
243043
207602
332304
749083
577719
567334
596759
595572
661082
687257
694000
744900
585245
742389
510638
675873
676738
220633
405698
648158
760460
514478
778757
506143
230570
290029
412262
233521
612962
708767
429307
718270
451071
527912
519057
567793
647436
511100
469424
574295
652139
577869
534331
555637
521938
741976
346341
481276
521891
783059
301588
603831
663059
908721
690788
507318
593403
778720
656353
700131
379365
600846
384194
584754
180637
399401
527319
759855
362787
603039
584847
488676
687937
711872
323067
614807
790726
521378
384451
795582
512188
404487
626479
507939
641490
418427
702599
440342
557700
780017
568899
559577
725107
565193
560970
377801
464893
395339
890805
252280
515939
288720
651611
717117
417078
564392
769116
682991
528524
643987
746674
655405
575953
531591
750413
647046
294909
677899
473323
850845
622866
242750
353785
634167
483646
798434
569586
707029
655594
267250
732503
724601
457298
772513
651617
772236
737304
630813
780795
351000
537530
655376
831619
779208
677993
677370
408404
275265
568541
790711
579027
531988
703891
379755
443993
658177
672348
265723
177377
733923
240018
678122
805769
204636
662898
710337
505786
593621
793706
321386
412281
931460
433910
979136
693935
392478
803750
858823
614868
587445
773322
943544
479616
502297
826320
615988
490107
955955
624782
1032829
184464
1116099
731423
687661
941670
691003
710700
649374
624442
396345
532068
525903
279728
529869
486506
620288
610803
816506
791490
729474
349002
526856
511573
529636
537081
376716
810454
773826
847254
512144
541737
537217
706870
221728
560628
628625
846800
239910
487977
496903
194600
670163
607525
286093
772553
545862
802770
716356
851959
736196
589919
645592
247898
515331
803246
659641
436438
422670
775306
695219
389071
349019
278929
751866
280325
567116
439770
431869
228826
474179
535187
736178
518933
756734
529166
673716
761378
721768
719100
499416
454850
626884
499206
512451
492113
667626
550711
780853
733170
259537
276024
344795
320805
478934
753535
419483
655589
582311
529919
639306
631670
474107
663318
682235
499618
502820
487110
200612
587433
669731
681639
626172
481356
603065
757662
446726
277263
516430
716994
656034
685642
588109
645099
284325
500754
650448
519621
710275
673015
632662
657401
501405
629157
572978
424884
603284
632662
505374
520455
209546
613210
574918
262766
250282
609719
628575
609424
376622
561006
502885
541162
566166
339395
212097
542398
313199
537976
693749
358313
561943
461456
570664
547941
381802
453844
548913
661835
266155
466265
584532
451561
524134
481844
459144
515075
627925
667136
253217
584342
508732
564965
506789
504346
310927
599455
517689
625272
534161
582870
406230
565962
497791
307104
424997
336354
377943
421234
250223
593054
294812
404090
277439
621632
424666
609466
550151
300068
605098
341558
561318
607188
427762
420135
413139
334079
466372
490616
348817
481595
625071
562578
452910
510158
280507
338170
362138
301327
379074
270147
444050
583874
261950
377652
587602
512133
296775
397093
211160
462676
536263
424428
446189
598341
398115
453528
511032
308162
389913
522899
500813
283605
457889
508412
229921
417056
534949
423777
404007
345606
300043
469922
631335
492603
218946
556462
352450
402907
550094
511788
337783
228747
333611
412185
499027
224922
536551
326628
578276
440941
297835
498269
493577
191947
193092
451992
480357
491914
518901
539179
593486
200657
15754980
13636959
11611137
9565091
7445564
5385136
3337270
1219033
8039967
5922578
3865373
1778889
2829588
701850
1540335
822110
939568
1051794
699085
249575
622226
527039
556870
338345
396296
505061
347641
652295
644533
264968
256042
419405
342242
264753
428775
215440
477376
194671
303793
313890
424240
194624
423388
249665
277333
243762
425247
494760
293948
323771
403082
466271
209896
430321
353751
441539
499951
381147
505560
295479
446594
385157
261586
448331
466012
362564
354293
219937
282562
257987
188310
256375
277823
441141
378745
422945
204588
467591
305304
222451
466412
190798
254149
341823
467641
269073
346299
323365
327338
223881
283024
476555
289098
534624
336407
437805
373566
388762
300867
465857
204042
364932
345788
265102
204398
439257
389648
445260
369241
546473
383482
400800
486723
389842
429924
273368
323498
321669
413235
264282
201496
296436
345085
266992
338610
399718
263985
430954
378619
218614
212132
367162
360082
358657
233367
352911
360097
369846
392198
381517
262765
332821
328257
208718
406521
467469
397176
373349
388302
286988
387440
423744
441182
250339
253466
409935
244515
411823
329205
385658
370662
402886
341591
223333
387663
397230
368776
378013
374487
400847
434086
199734
326255
370497
204498
389376
418942
390826
237547
437279
390633
407292
272982
426293
513116
478521
428784
487260
389857
380296
478840
366845
352307
316326
394540
417388
381392
560183
513373
263492
415134
421225
387064
409108
437981
320785
170671
431541
434524
211822
450414
504226
336863
420958
440007
555457
421803
483858
364475
425565
332728
556461
481928
239039
360036
539872
536441
419340
427182
336277
503747
370920
455618
522289
213009
257677
555132
541144
260700
328715
537977
275774
332737
426533
268087
365325
275730
438684
519177
201720
508990
392445
534091
384892
425966
409303
381966
373840
402439
359201
339169
334927
284447
228428
266853
309958
314726
296632
281356
233703
279410
306974
228800
218422
278962
254724
275853
325138
302717
195602
250810
170780
229287
291144
331126
332857
276952
320240
367211
295103
350877
251305
298715
241889
298539
304439
202106
223213
299865
230763
340635
329827
225400
430500
235952
231454
225945
244217
250841
333066
251505
181310
234100
238675
390578
401597
204065
431696
396765
321690
273186
315077
469175
426857
393396
408535
486951
272841
198307
338278
423178
472750
437742
263721
283870
246298
194768
234007
513053
538462
484360
331929
470324
189274
363532
451698
374489
480010
208696
409972
520524
513006
527442
168719
463705
467657
243534
543345
267356
213618
336758
202047
284484
427356
360272
257381
397290
357812
488157
423856
478521
357248
332089
382884
481334
494625
514582
334942
351741
316859
362001
198581
461442
639421
578300
211353
536965
480078
257689
579269
404946
361100
493468
454682
523896
462871
237889
361951
421620
461546
286334
362804
369265
335082
478065
239273
407942
201139
262088
193650
338786
407261
329564
503206
402910
229470
390668
462751
380909
359139
347225
378339
418795
235307
290196
324395
292777
243505
352767
406127
459662
292238
341401
450580
376018
217936
320756
201797
267870
352204
465873
400543
230674
224539
253996
414923
389227
398583
285754
288105
402578
434839
253586
279954
242224
456762
589209
477921
499171
486072
440799
501725
499816
413436
320736
405631
402689
369095
365299
377139
382306
500838
339250
378121
276150
503471
518244
316564
435243
516344
371345
293537
459469
218653
371660
315829
436843
415653
227247
208475
323168
204419
356735
379137
211578
234945
209345
318392
274252
213404
272889
211698
284385
366793
322646
197605
290281
293599
207580
299034
297946
203077
239962
385572
202574
292408
286716
344616
223207
347660
281680
366545
327679
296069
326351
357083
189039
404655
324475
209411
355569
372315
254585
321498
383349
394405
201057
298444
241598
388545
243428
363770
219081
377960
363152
248128
443663
16129427
14010846
11978073
9907070
7791266
5753166
3686821
1566414
4666591
2546917
528033
3406004
1305660
888131
1028181
445213
297018
583811
658289
628863
516484
399936
396196
255062
361772
537054
419749
249661
470123
313279
369466
424114
372804
367176
409837
376645
372957
283825
364793
401635
449111
319446
239299
468179
265281
357357
201139
483599
435813
332298
235811
222071
280036
265619
397022
393682
257122
338837
415319
397840
213787
403981
437510
252714
384290
286611
308182
365145
274912
346200
379217
362892
392188
293443
413010
310352
265726
379969
341740
372203
280458
375371
239672
360835
362223
366515
230655
384040
401860
275482
240814
218142
335222
234227
246417
287767
275083
412080
220404
304044
206447
292522
328780
366907
262398
295129
342320
245611
253002
209459
315086
284660
233062
221286
236615
335990
179733
260441
250775
202741
280354
295918
279232
208301
260885
294601
260111
265956
207979
216997
235720
220355
258210
259938
304776
269384
185874
197772
295126
209387
212607
351960
309419
248418
192672
267360
255939
326173
301324
213303
257828
1797084
295456
250149
225929
204875
236973
228807
237647
247378
252388
220298
306237
244983
249050
185840
206634
191371
216658
177835
203839
224347
197179
246783
180281
212134
240031
223908
228461
221665
194476
208567
288660
196058
204326
218207
192151
223258
241480
224067
209417
273176
215994
227213
201821
269607
233195
207593
225866
198815
201831
215122
192428
240050
184299
203253
235760
201288
236292
224085
221945
203372
212458
209345
225278
269758
211896
212679
240016
282605
285262
187194
251287
218810
251793
211081
218158
222428
201497
165945
189897
248074
245864
221908
258133
222813
214432
203818
201810
221695
300263
203799
224030
192105
212196
302074
219215
222841
236953
209836
208209
238610
226289
220620
238259
197827
202250
210894
190802
217798
198133
271862
211188
268719
189543
318638
263848
295851
283416
172792
217413
210881
198871
233368
253436
226425
215092
263787
214286
192702
189107
204876
207810
214926
215052
209145
204469
282263
220514
223414
217617
212852
191453
211204
204209
256695
266573
242480
261311
232314
220732
192484
200369
202938
251604
209572
246657
201870
255123
185768
194446
186305
170570
176228
185912
227634
199219
193485
187453
180355
239092
234413
211701
210814
215452
208802
244314
212285
188503
201189
224618
223867
228131
176404
180879
173952
257473
233827
263042
248661
232187
206386
231048
281535
266772
301292
240677
284294
224450
217401
225010
240746
229684
241191
246344
227043
263107
268585
263468
256723
203931
239949
244433
220462
269773
221851
229482
178831
201853
220080
239688
274807
222552
222383
243264
190203
223863
267675
225798
179510
258304
242125
274869
341660
205281
253065
247917
226647
233119
228845
192646
176715
209020
245170
238073
188260
171806
223033
181488
206996
180791
248679
165234
167225
204045
184412
187969
206261
244621
208091
203580
201305
201773
200325
193707
237450
191473
176062
193626
216555
207494
198789
220307
223416
202622
218447
196845
176337
218614
226071
227598
231661
198359
216182
234637
213046
235536
239998
248114
179745
197809
190449
194067
213989
190274
175616
197518
196434
224244
219294
244103
267299
325467
218384
185780
225442
209639
224823
289950
212041
237597
220813
217595
268176
245513
274870
225101
307891
290027
291120
189480
187090
234900
231377
229384
206336
229836
225171
196682
189290
168997
192049
234246
198022
247174
207616
261729
252013
175277
202875
220824
259901
219279
212076
200744
230083
235181
259653
242146
221578
229130
247570
185718
265005
198741
193895
226952
201573
204991
235090
340687
166227
179025
215597
184531
196130
186749
195791
205100
198863
309448
229594
209489
199396
216352
260075
219815
196154
207359
247356
219500
280424
309419
236408
304575
228350
245612
208814
233451
227611
227965
207555
231402
204236
200972
208463
240092
214920
20723261
18605957
16577844
14501943
12384760
10339922
8261232
6132930
4057697
1965357
3548091
1430531
2556975
480901
1392969
1159209
1206471
990433
858808
360305
512088
502510
607420
410496
371908
405778
503870
354401
452734
311444
209008
202055
199838
236853
182972
242382
244797
197358
208936
203223
216551
197704
204717
212467
205024
312043
219516
191005
209836
202129
201364
266214
310441
238698
245585
314766
205441
201916
202440
198246
235638
219705
204137
219636
214419
267981
241203
258908
202541
261477
287481
198869
210933
246211
187986
225214
200770
204926
248709
216132
263436
215171
255974
219600
225077
206711
233080
213364
201894
210767
205690
199689
210089
199660
187526
202216
201888
206217
210248
219632
197500
199123
209791
196036
200743
204178
198104
254278
216920
201265
230036
251352
231520
247300
251624
231260
204910
237498
201792
197112
292050
192228
280825
218316
270713
200891
195499
278207
232834
213913
225711
182913
251783
202194
213346
201815
212942
190959
214720
264529
203293
191740
228390
203149
220263
263384
243201
213503
286230
204505
258370
243563
242658
257761
261903
203993
239648
235088
231670
232192
215593
299701
229338
258905
237556
218241
236457
241551
251219
225063
319387
307427
249962
193770
1420863
234232
273049
232429
247634
269682
248220
271475
260812
319192
217136
237663
264645
204101
297020
424667
261339
254375
225362
282945
284581
325533
287725
325322
232941
307968
330900
273176
262713
245413
218594
308715
239621
406844
304820
331768
228429
338829
370977
238772
283819
285555
309686
336920
331608
250767
299603
321492
311499
233184
320390
312463
295122
279677
341123
245414
250144
198668
260933
273136
311730
253933
322757
328687
256796
264561
303126
285031
191252
357681
431374
210247
296281
294861
254997
330029
223784
274424
256093
339356
339407
367252
262905
347075
233815
323039
308598
414629
325022
258765
256169
335398
342280
406111
318939
302995
213344
316099
307706
232558
255814
219864
218381
222035
205378
238413
267090
203791
199408
206229
237407
194818
200888
314846
239323
237120
215181
192873
207007
232435
209174
246386
283163
213159
237501
245582
246876
205554
221552
208742
208181
186551
207148
202683
215451
226585
224969
214807
196971
232185
280415
205904
216168
238777
261526
259123
148940
177748
216042
212597
211742
195872
210507
194932
195662
197404
201616
213342
208984
193623
184521
218630
206006
201300
213667
215117
193368
199440
203586
211516
225643
202288
198006
210780
199060
226512
209350
205570
221100
194993
192409
216222
185747
214156
211126
202495
212592
190502
200184
197650
204561
219741
201692
214221
218440
195112
178297
225372
186037
177438
186506
213226
199522
217094
202835
251632
191013
204882
200939
211447
196280
181981
207541
220268
203305
201651
211509
210059
204567
191963
203342
227811
199809
258684
248692
204298
235078
212039
257546
293752
210124
233335
201535
188626
201858
185491
200419
209783
194460
185620
197104
195296
196580
211276
200540
203012
207079
198901
300215
204721
216566
175011
182943
263831
201648
172988
176036
249006
198470
184771
204279
202112
205008
217981
217280
172513
177353
194911
225717
208046
223671
189064
213197
181091
208532
212223
188714
210679
217617
218427
224315
212860
228695
202991
225252
189979
211356
206742
192854
203609
234675
183726
206199
191499
214384
191152
214626
205407
250188
244445
222709
180551
171052
180278
208985
304701
207403
188617
214733
228790
189045
248135
204935
258660
207413
232684
224942
203947
220901
199123
219396
251815
239578
207020
242537
207321
220657
226912
292006
263976
258115
211404
270521
272296
224354
228150
217968
228154
214770
217775
245849
195015
193939
204185
272052
298645
239449
199454
260032
293905
188296
220127
204763
198585
193745
224813
205820
207343
240096
192609
204360
211786
214710
201713
173618
207373
232957
203290
201245
196525
189956
222530
205682
21848360
19727515
17698858
15615458
13562781
11436456
9405993
7391630
5271095
3217661
1151004
4004584
1946776
1782433
1761201
1241280
489358
299035
209877
481445
379515
306766
202987
341156
453721
457583
438595
386932
384885
350718
217816
231101
226676
214102
218684
210242
203735
205407
233926
193733
260914
218097
204788
226894
226080
213775
227669
262748
212075
221843
210487
211622
193282
244265
190184
240202
201683
212768
208557
221345
241265
235498
206221
212220
217073
208941
217667
233167
257300
191942
197680
220307
238402
221883
202358
221573
205034
192730
197899
213216
198609
207329
258084
225951
283776
237618
219655
205568
220590
196414
261165
211141
212006
200210
275228
217757
257485
339687
291462
312745
262993
302208
278880
254656
249290
253881
296687
278540
311867
289794
319821
268842
321673
370722
262774
264427
347890
321170
212983
242160
301754
247587
229874
224404
322347
259100
238159
232836
236100
234286
236434
196471
213581
272117
236373
219582
225542
275516
253682
262684
223459
304966
225212
229021
216209
282034
207510
309889
216200
247462
255953
290486
254501
223170
210400
246859
258375
220949
217192
259564
200914
270189
193661
246276
269327
210754
251385
257691
222751
228791
219112
227387
207921
207182
209393
213074
237103
205102
204978
276108
223962
213057
221463
185755
241541
225168
227837
219437
199051
225636
205857
235071
199678
170776
237065
224878
195428
211730
184418
208283
200764
187305
227134
222311
233546
222850
200873
222129
263458
278655
219070
225601
250061
215491
258743
209639
218530
207314
214719
219063
221813
220746
197530
207690
199897
206814
278804
219061
202041
202646
194807
218567
209281
253204
273773
217100
246129
232776
251542
260564
249418
220126
229070
219499
205740
234696
233136
259047
232474
244209
248436
251940
202945
231712
257662
215426
201919
224716
208861
209627
253963
232273
228799
221979
207094
226026
229109
219503
258319
225252
223899
246774
200876
189108
245001
292152
248214
209891
223924
259306
205809
214678
214904
222540
218538
217569
243210
201443
209432
218735
232559
204788
211647
279569
205180
199960
224648
224472
218484
261700
203955
204625
205158
228206
232814
241916
223520
202237
196073
206489
197277
191637
254651
210684
262382
237662
237240
259451
274816
275597
198979
249942
184032
292499
272270
291802
282308
261383
235559
244649
253458
333271
290935
205432
272764
273605
272757
307534
246325
268110
241977
202674
210850
232429
312424
227820
241387
247382
246381
191552
270733
217135
199583
246274
294734
307041
253129
291661
253904
308015
257663
273267
282242
253468
256809
381056
195412
270459
229812
258011
295240
288777
270488
249450
201538
301181
275013
289797
250961
206872
220019
278987
250399
203571
220025
209001
211449
203497
246680
232050
216470
205694
199945
191539
212127
267788
204013
230466
206150
299544
240893
247896
222534
207154
250461
199346
203454
201455
203025
213902
281692
200179
248351
291076
195257
227741
205217
241521
233755
241314
208495
224514
216032
209762
214470
263350
197878
195712
214814
270110
222343
211254
281268
264369
237767
235381
266746
250537
227684
295270
238600
204020
212121
211565
218844
209013
205475
202808
207315
221268
232735
219927
217543
203273
210805
205766
226065
220129
227601
203496
207734
189518
264827
204657
200573
208297
208626
208165
198584
217429
195350
224173
204741
209181
203735
204710
214722
205995
179276
210670
207581
217228
201931
199052
202012
202503
191956
231871
233263
213977
183281
205996
225661
203322
203339
211500
234775
226502
219296
190255
237444
211089
233487
233094
231086
206359
217804
268210
226086
213768
192881
211979
228100
202770
227332
233036
199583
222466
184236
218600
233486
220893
219944
194199
216848
212944
199320
200318
211681
206007
214815
204425
201943
221171
228540
211271
199064
240653
205407
193379
228151
261692
220805
224037
263723
213011
224650
217808
17678853
15561080
13508782
11465935
9352926
7311904
5261390
3138190
1094545
4388178
2334470
2014083
2972552
848017
272300
315087
510135
477666
390916
422050
357833
276917
319818
357280
273127
235461
428323
372936
345437
329771
191397
178317
290801
179980
170473
219730
184556
208767
192164
208296
198614
192553
210749
198313
203169
205801
190340
180156
235274
191100
183713
206915
189254
211135
185743
188128
175150
204570
195829
205693
195459
214521
207222
190824
198235
218044
225257
203194
268598
230892
231160
207663
242805
211925
222860
214413
198040
207954
212555
196552
194549
203006
217364
178392
205592
215560
206041
215428
257236
236829
235553
237540
227198
221609
226848
259202
208374
209712
236314
218273
246291
196279
196354
222439
212290
244277
238171
208220
236886
233385
247989
207453
237401
273389
197547
217327
255240
254887
195183
221056
203519
246563
200285
206667
255571
209548
196281
207378
233946
245687
210547
209676
223087
204807
213789
216495
204581
230285
232073
234465
263341
216850
205226
234830
211078
199950
223406
203473
223914
203880
241165
230702
212612
237324
231225
229522
249212
247277
198560
196957
245072
358220
357823
261004
317966
350752
266299
270410
247395
308331
318865
239082
237924
232477
197268
239263
250062
236200
234431
252630
244362
246652
199348
386129
225809
224257
228591
234631
267917
234103
198264
206221
337592
183446
274779
321587
232713
291825
981166
219313
313373
336831
309508
416370
200604
515586
230485
192131
316541
267527
591656
365281
377174
466099
663765
388585
557214
402851
319064
378030
662173
397385
512176
650892
507103
923293
538116
392988
249857
271001
944305
871454
593527
950039
867689
844854
491928
701439
860928
451485
610203
454727
1038621
778106
744672
1094635
644632
582562
949956
1026094
821263
710147
590807
603260
776099
1052228
223153
254141
780650
1080012
966303
399537
919659
360116
664667
1049180
295684
680251
635064
224699
259096
650633
511398
679713
829656
540980
622171
307639
586878
546505
555648
315944
770935
1029435
947441
904803
585082
293554
742481
292359
990602
816167
814788
916684
425474
223847
1003698
818898
1028078
824916
738396
413420
506894
670362
275568
563102
361951
920758
452099
927136
420568
446835
187038
885127
437447
677786
809088
885775
612417
880298
371913
744114
314932
517604
819730
818000
663610
356889
546095
814729
520821
787250
874863
715594
691717
351335
704522
649729
519164
774136
639704
750993
644866
864071
885653
350129
685635
772012
714266
672126
278435
536921
680427
524639
652859
943529
508593
206768
554548
754013
719055
665292
818285
680012
744001
863032
572324
213387
235689
792866
531999
831172
223946
226014
274369
270195
600225
770400
468440
680532
744540
579695
525001
361872
827652
773251
733803
772093
476734
692544
658144
331709
705138
685632
616730
189600
697432
628857
258861
762405
811565
285779
831988
221037
778592
830729
593594
842113
817322
532712
819413
668578
759374
681134
748479
579775
703761
712450
715969
715033
660379
338610
492057
672841
647368
268973
518194
509068
278240
511254
731942
306287
503783
649463
302672
236307
786918
394729
725374
316574
618730
652516
699166
300012
638731
526518
773155
566380
684899
726626
544695
646368
615471
725410
642382
630019
568113
719284
728887
592870
730635
467007
637398
709538
693915
613133
683597
616351
502348
684470
549327
592872
664350
610450
248268
732272
623283
751677
706863
530495
392566
578514
694735
237347
378800
705312
673577
412707
526835
511562
594671
624098
581011
319322
576931
261114
590189
614255
588338
288117
572132
539798
605275
647421
551518
475132
475591
470601
305635
455362
594406
284287
615926
574970
529023
544587
533985
565516
562872
481280
584447
315992
317622
224394
223339
468605
567547
610121
608441
482124
442224
682274
707355
671373
796083
536403
678274
480406
284135
685822
492156
663601
644659
568610
709434
639024
567297
19120203
17002271
14959325
12901444
10781087
8726836
6664587
4544566
2485669
6599664
4471650
2419868
361657
1654066
1274974
896507
1045731
973699
496552
887087
713439
706922
432225
1097263
1015510
842615
639749
749599
780276
669293
526398
481649
710188
576397
786895
696741
497794
751644
768534
652585
639909
697627
718459
718414
270548
706130
713024
538864
330789
223355
743063
792385
721477
392138
321732
651624
787825
584051
196505
581541
649937
489332
473530
683542
184016
304685
542949
608068
743523
691039
549830
667624
298182
768089
285373
358035
591652
216748
408432
363411
567174
591379
702752
696176
628923
681960
745602
273944
257834
476698
581539
680327
344708
642471
762255
763830
378549
520975
574059
317602
683672
639485
609700
686874
540897
809202
715784
711311
532284
738536
655659
476235
385123
201915
578019
893727
634774
695389
611830
564771
306966
257113
646436
467320
560739
557697
728652
695592
836659
469327
717208
629721
720823
666250
603296
482260
229384
780737
278898
681136
796236
688338
243223
625261
845908
456101
363945
625090
353897
675824
747404
181172
667563
485316
703528
774802
666432
698404
305458
530622
768658
275422
576234
830152
667685
745013
650089
631832
709230
606031
703473
648105
513048
646241
579175
896633
654056
463702
608826
526424
295359
884772
359959
239306
599195
838457
843299
334042
345472
318032
635629
951811
635756
526876
848660
467688
329441
571830
649035
327545
642734
856977
711929
257162
778003
451600
698749
350952
340488
712315
261077
213464
698282
800645
663749
398844
665284
615205
655825
252553
798710
536998
440677
665753
654348
708325
562835
284604
653080
667515
778777
510779
625075
709922
735110
660085
686050
776936
638252
913070
197237
738822
685387
691243
614862
675965
806120
412590
202810
193793
292638
829078
678935
714063
434707
731955
627345
433140
880139
551220
629396
612521
610341
752661
789705
648091
646622
271905
681665
788219
850113
646065
535902
686817
779387
582629
749915
599844
528528
676816
334558
741780
561630
460836
758000
671530
633373
271079
559332
578690
714614
583007
632351
605199
639091
594280
201894
760052
522135
578995
557679
734886
578099
745164
385655
724620
529960
380467
427031
552701
782066
512627
498023
723222
736525
710639
633584
685991
691932
522011
672346
668634
598320
262213
265058
650976
539688
489532
452618
752799
656289
609062
643254
469759
629045
572245
233844
675461
531981
426925
717564
516240
354377
403947
385812
710577
462249
377710
655700
569248
461258
528711
511510
502980
750405
461670
508796
501072
609109
598610
709371
619943
558616
725874
390324
389015
439168
591919
664854
693258
624213
613941
620360
464092
247532
561236
694145
508282
406435
469486
680786
469926
417895
601157
192500
530118
257445
566467
430997
461136
384001
595380
652132
471738
230811
515624
293481
674279
623961
466018
717815
596177
558117
302624
532897
539814
677192
552604
678648
549601
250682
419648
255935
638268
456025
466792
617167
492752
626941
640148
412678
370563
494160
543020
217809
652352
336339
577602
387692
297024
457107
391088
410088
556407
474866
180913
359760
298100
497327
328384
234235
359187
434515
313308
471574
406236
399548
334713
303777
388927
337834
179979
192954
364678
272782
276918
221232
393849
367405
374478
409995
468750
209883
339664
450627
446694
224526
223881
232744
457427
249561
398439
198246
248767
227159
388442
324490
248938
235109
234336
244640
265291
312871
221960
267782
273340
331408
269023
315934
219370
302242
286977
230045
243682
194959
273534
345792
212492
288136
249288
288909
267801
248851
234888
307606
271791
386443
239620
389611
300959
381482
257637
221181
324518
208087
291421
321638
261566
289734
290477
273438
220547
253339
346026
334062
233335
262261
256335
245687
214606
330489
268217
339528
348231
336397
404660
317796
313242
234513
228369
261520
214759
293088
357174
199146
254849
309497
301300
20949866
18830509
16781055
14717131
12600158
10536199
8472767
6350711
4290888
2223289
2947605
814778
3931570
1812188
1570735
1020523
623464
459342
592548
255469
267533
591328
499754
506180
551985
643212
293140
565644
369911
295124
280609
350370
371128
303935
222423
346507
198786
348404
289708
242414
289331
249419
260161
329020
326712
323861
263036
290819
273071
233075
278918
199462
272665
293379
285243
292650
296269
197921
284825
324703
254964
218916
184040
333197
369929
215591
329671
216125
241521
310165
274869
321996
264699
337770
339453
210551
309037
217873
259956
209904
355158
305415
224076
268445
257872
244031
292458
200527
303999
279235
343641
248621
319141
328094
249735
337177
351884
370875
322422
313884
275037
329467
221437
355739
346884
294819
189808
190835
230175
320801
361369
287941
286521
230634
305649
284549
225288
320221
250376
217675
267150
202991
311319
324871
246719
353447
349750
242097
324711
263442
167138
303196
225164
236962
306293
253691
249216
398966
223739
288739
395549
362517
313708
426236
304800
307947
426466
403221
303023
376980
221777
250226
265722
276735
223853
275502
162480
253451
223578
258148
247313
195386
253348
212245
218166
189560
217816
178215
183289
267650
232267
174242
224330
253858
217520
224500
269285
265796
268183
286209
267823
202421
253910
275315
365537
299519
216301
288146
310802
240356
391817
245446
202583
248246
359407
238678
314515
212372
355271
184023
286859
297824
220017
260138
241743
274172
286351
283691
237572
312545
273774
320664
281827
249244
361099
331829
280355
261801
291869
332215
226065
207019
335200
220201
274315
209142
245877
258102
275733
301333
264821
311955
234503
218471
244929
209443
186062
234648
234903
272126
234692
189251
302834
209654
163640
291638
194532
273688
188636
272035
257218
204995
344546
317526
222914
216424
198762
191114
212940
236904
205613
244139
235369
207557
207051
219483
189187
246864
179067
195991
297593
254076
325225
298971
263971
206130
266190
243892
340436
370054
219812
242930
247780
308042
299143
230629
240908
248761
243121
372521
212020
179871
198803
219595
300726
214316
245878
204722
266118
218074
228719
267358
248705
257743
333429
208933
267690
215945
250203
268790
201498
250749
272124
212248
216446
212723
246171
216601
245341
223086
213647
267958
238070
273473
219513
271317
238875
285558
198097
195957
214032
267076
358697
236909
229400
233151
195077
254770
230304
214039
241819
186034
224516
215774
174724
233583
195128
227815
197670
222222
172931
251357
262482
214338
264215
213458
233352
235055
233885
229702
257450
209872
243300
197382
265071
233544
258188
295079
205914
322845
208232
188193
211961
307902
240651
201704
291686
221302
168894
276877
193778
251861
227152
244578
218827
221805
206858
219955
240201
256896
231162
232606
218492
212869
215606
281815
240848
273884
211486
202981
208986
318618
182734
229099
196192
252649
240074
221554
232945
250679
234985
261929
277357
232460
237922
253295
301978
226770
212100
218674
276437
214225
201564
246700
197824
213702
217272
240009
199404
222443
214021
204105
196061
219725
200915
194329
231901
207324
206744
207421
324279
219692
263926
201954
213184
217263
197019
307157
181544
220780
238131
190021
229436
233686
196848
207510
247545
244875
263811
295672
188060
269769
262357
185171
232215
311494
303002
252075
223791
257360
177589
208007
258745
167814
242894
246434
227244
252032
191127
212170
231361
255511
184806
192421
205090
254155
248972
164095
206612
241414
240077
185318
245875
220395
207355
267276
220512
196400
341004
281758
249372
212090
176943
250884
273337
203201
253453
191369
245870
200547
233166
205517
179382
315464
245198
258298
257574
240461
281867
323962
309266
308158
243700
297606
328838
277920
261249
221418
317193
289081
199367
280348
246217
335872
228019
229053
190705
289168
265199
232876
250644
302267
274265
209764
201923
255582
286900
228602
19530932
17411195
15355952
13309451
11187782
9112748
7046402
4930517
2871199
797827
4045228
1982019
3564626
1491033
1214283
1295949
875444
974423
575179
211610
623695
534495
457193
450965
508998
555851
518013
576578
447905
360319
311723
355002
335567
265508
301361
230805
366811
266459
426799
254043
209082
298823
296855
296677
298234
210833
267185
199531
223942
324954
230577
294093
156065
224160
194107
209096
257167
205081
239841
289401
236718
272143
182800
246214
242337
255546
268352
242440
210718
240548
269490
216186
212826
204762
280146
191228
245842
225381
287911
202060
239135
298085
259449
322632
265370
227858
274944
254711
223998
227288
364615
377768
292810
280809
304611
262883
202044
337152
200745
333602
332247
278178
190185
307717
431491
382020
355871
200069
479145
348971
292102
256094
440522
451679
271987
367418
464878
372858
412757
352959
482170
474234
514529
249570
491878
299980
455005
328404
489547
519819
457361
303407
459481
395911
449644
484052
527300
417704
412798
209090
483215
219366
346696
532292
363837
302169
221481
537569
511227
437672
253202
439693
458901
223417
328799
411395
432796
366504
424562
269355
423302
367016
388610
378571
387163
384119
441033
432678
466698
521176
217955
252788
527805
199814
277119
415061
330804
249006
567454
354512
510931
261930
469970
500399
279423
506335
290866
526324
590608
567952
353879
525167
462913
327798
587014
619191
452503
355989
485847
502074
581255
304636
499859
502959
622740
454749
495076
334635
497502
495655
343080
460155
289462
274414
434205
314088
570796
359453
465852
425946
439612
474301
509566
275304
589431
220841
281809
706102
315192
686400
530608
522026
258948
517698
701926
666597
213197
306212
460762
615593
257081
626479
310952
701161
542093
540240
649357
576972
491366
460726
356331
383950
573509
365978
365696
202256
274238
673739
326177
550314
387057
374656
510839
372688
409828
415372
215139
595642
582199
568434
572698
393012
608387
638429
421595
241266
575664
305778
600219
245114
409897
334573
585563
554054
504544
391890
613263
366528
482802
467878
611985
398471
282970
564035
591323
325150
606035
325057
492265
556846
259005
533218
449262
367375
418557
269670
544912
286535
189324
278388
382652
284064
221386
483943
522319
517405
571956
344104
569548
636722
509777
314301
509637
272164
265247
248631
460361
260247
421242
193544
425600
445354
563436
420166
243516
417752
367029
456431
477822
497298
444416
356546
445310
400491
291714
382283
377205
250169
309220
220193
537750
300484
536757
534685
314861
502289
237413
485907
311652
525897
458720
489145
244152
468744
206820
450236
395643
231059
466029
310057
241025
221810
229556
356786
517616
560770
552041
399849
331984
217584
509772
544204
290882
270748
583984
515095
603565
495059
456896
511336
513610
272226
201172
470083
546176
336095
337956
259196
273060
498326
454395
258369
436096
230994
473661
456407
453943
508938
462543
386404
413975
284509
238485
407777
299134
522930
549392
471089
480263
500297
261375
326940
472639
498297
453106
453138
583547
500084
500201
412058
206532
367155
412771
339623
311755
252518
536531
462086
376738
463700
301190
537613
500827
308848
296980
421356
594584
506438
338518
569037
502799
421325
439716
337344
354459
373977
217318
290420
411848
255178
308254
179321
394824
212363
203727
505144
289723
523435
516977
499851
660182
328854
460277
592147
438479
282273
414976
457063
474451
487385
593627
188675
514949
520593
492693
513885
570954
458910
619894
468853
619087
558314
537930
484331
400685
625198
494071
225013
277391
577776
477078
351314
504753
317719
537552
481604
261201
376345
201848
533979
325403
379441
516226
390457
519805
307923
216785
577061
499566
520133
520182
422181
469071
529739
309149
232761
575024
595009
546400
625541
320296
460009
436493
320534
503186
525758
375535
460428
468192
493925
625699
542895
459520
394574
480108
535867
357864
308988
15980681
13859581
11803857
9751561
7620271
5558147
3494655
1372507
10082962
7966329
5913018
3869254
1753242
2978306
863358
1773683
949196
973076
1105111
1007718
542771
617804
322678
753628
614820
189065
514697
293391
489903
228379
637942
621810
253206
198293
633098
629078
277529
429143
264044
611911
425879
475073
484908
274841
517181
300022
442193
523149
467258
550721
203977
561470
461961
605255
496970
611892
604773
314417
319898
308967
412763
706353
563134
613462
532815
537439
508353
509650
452466
510109
517751
513506
451525
428612
629664
392283
512533
550115
461258
259865
424687
646026
441454
453565
428075
538596
472395
216051
488994
485076
525115
416941
597296
530358
299126
476889
271063
475176
343452
429061
301414
384741
305885
311692
270440
333105
378038
230085
369001
342773
385515
362906
566551
338307
442452
284910
310138
538813
354147
335467
392755
333416
471511
266490
410338
314801
355948
404718
298089
228548
294035
296676
357661
271757
369794
374050
410910
529870
765392
466299
500163
310696
244815
461145
344824
214237
411558
379068
394771
238098
263544
437208
509439
322076
255943
283033
510308
254679
231171
335611
481295
465640
238438
452796
278315
252756
495769
516623
275826
415300
409935
318800
427581
237801
307629
382091
264034
323875
438198
207383
375572
378735
256402
450368
326859
244743
203878
282464
435756
414754
213258
408042
418820
399610
241568
367410
308445
272337
230597
269572
444146
377651
197899
417647
357903
363248
285324
290081
233264
273669
289292
454206
351525
360608
456270
249313
236427
218644
592840
258467
424262
403872
308367
338221
261498
240829
381031
252298
271384
478682
449581
459803
489062
482512
269747
414180
515095
481573
374008
227441
333353
432651
223389
279652
400637
421401
332812
492055
230435
425967
462800
469170
310304
189346
424088
432573
407970
319807
445063
525560
365107
312735
330931
492696
426850
497064
489146
576883
337486
402599
541926
416241
343798
337631
541444
454493
262663
429524
490791
415420
198655
245840
464933
402150
268313
459358
549482
530326
214626
311799
310568
249328
424195
496247
475774
340863
508932
470328
440912
225450
261819
386243
478993
307353
527182
509866
514154
369987
320123
471192
444535
222612
472153
342759
517970
573162
523631
265120
254134
507598
514193
200435
399154
327153
520913
508920
180408
554952
236653
239187
313889
240596
498052
343811
320399
525141
356586
556872
569919
460181
255607
355059
504257
623755
301299
213116
449509
232861
325147
249105
273711
178718
541721
555963
235374
387709
628244
571197
310819
567256
489370
582711
347358
544755
345810
558060
599326
396266
365185
570591
476448
590397
524345
318650
543549
497693
275456
419680
313162
670099
636092
349412
363055
389382
281419
469511
567643
532102
488100
615257
735503
765034
541569
666726
541198
719832
391241
280606
583012
247930
586144
472176
283766
285947
468735
527648
675900
610078
683357
677757
287045
662668
373044
684693
430620
556978
715546
731652
208425
304500
514172
407857
624444
559200
598172
666541
588276
372812
606364
602035
241692
560243
276502
249653
526115
536969
273157
628440
598387
361040
595858
476176
518927
355381
500587
619210
240544
602264
599981
372718
455792
306567
592658
461993
356143
477238
620895
605046
201485
495162
588167
248538
601051
507917
464318
507080
317953
474328
556891
466315
539980
631871
493849
528576
241885
628962
524533
439571
759392
512664
646324
259699
688914
602372
627860
269417
434933
673163
685393
628748
360980
559052
599642
728318
722152
596382
718023
482925
624333
560087
560135
285121
724031
790343
694698
466131
289912
222825
595781
721261
506540
681927
342034
623126
584460
617854
537218
670581
487565
358081
567224
516902
566821
673500
635521
465434
491333
468574
389191
664620
577820
520524
470131
434313
469414
616531
606811
554903
661800
619283
701617
547468
441469
599590
609779
184697
464972
235652
22923812
20806184
18764711
16708449
14593354
12541497
10489180
8373719
6310329
4243604
2114848
2847296
779818
1324680
1300724
1181727
1026356
656044
1008730
941602
811261
875916
700501
709771
707444
819665
908962
727688
855036
743859
745704
685187
581164
601456
554794
416297
751985
557142
628944
420801
587270
631805
726944
644947
699325
672307
530902
683137
665416
462187
501574
624614
422765
536641
742812
637549
701470
575548
764162
713657
665203
618184
675513
590845
300578
629686
439816
700597
808345
297605
731402
541102
361399
445143
680481
422645
619560
733504
474122
602969
665252
450806
778517
438362
588502
616003
636584
561615
608091
410816
553145
607483
661898
587128
586955
763684
251909
773268
571614
768586
231957
500285
767594
830323
688280
719172
688904
739928
467170
869213
644249
757942
599422
212681
612596
786540
630365
206643
843644
740402
785775
650639
661357
743101
733236
577368
758648
654708
235894
300771
657107
458214
541763
645703
714397
565814
637260
237530
573593
711790
480635
638157
574997
593323
654171
325530
565086
324541
605139
592144
441233
508838
285759
445629
418508
411873
417386
598896
413271
580771
585382
426121
447654
702704
539325
396084
512482
332472
321113
679605
422465
550871
630989
794670
694522
299611
397347
593683
434817
579372
618923
602562
686566
608449
701914
242331
614411
462418
593060
509324
431727
580035
439638
466422
475813
600106
587600
698450
423512
672835
651270
375282
531333
560159
503124
408798
213576
593342
247897
562306
546857
371965
602912
293079
397733
300903
507847
357231
597932
622529
281495
455503
557935
322694
194537
593671
600842
554267
526311
242679
644552
546139
535901
559775
356683
530343
544651
322368
599112
535931
404849
486782
271789
488864
494086
492678
538240
205195
236359
530619
472734
482733
432821
552199
526272
411729
547384
307468
491581
568412
365014
560353
457937
370469
476161
560880
557634
431703
258789
404468
443210
433627
549718
531982
452628
484387
427250
443590
307324
416015
493978
486248
389053
351592
329613
377560
355108
448327
408818
473996
440272
470864
455269
383241
469939
477825
438726
427257
249653
453799
429996
389201
412943
437322
430555
331594
431616
450112
440314
452253
236153
465551
277206
392566
324873
371419
326949
412341
439343
417206
365436
415386
363547
543767
293619
477794
502109
453700
439759
275573
365984
322506
429505
380509
455708
419031
523310
451605
396386
459569
473007
360153
379000
352812
261076
290722
440708
440838
222086
283747
386638
334018
424982
325735
297573
272059
264050
258258
388911
299517
213641
382609
331633
253009
297179
314576
287546
173573
295648
212495
292397
203540
210559
303707
335940
322553
183344
287202
259772
220063
228314
267679
200997
214616
184744
183349
240616
233806
206966
213228
189502
208480
218433
219155
240711
208569
232506
204966
207683
199805
208786
202589
213580
190312
216478
206908
206454
189410
201426
204108
204240
193180
214841
218431
211772
230421
194030
234262
205842
338775
209354
205463
221374
289249
210014
284258
200853
202571
224810
205319
207181
207592
210266
219658
244951
199189
218118
204079
219934
218217
243220
274072
226780
206158
225937
284930
223112
282595
323133
214654
330051
274423
298845
212653
244937
233967
227084
264616
279507
257866
212349
265149
217806
197324
254025
371082
224351
279182
235497
250545
262336
278477
209635
216773
241335
241364
219117
224230
286910
238089
207509
213089
253061
291369
289483
268404
252227
278489
208649
237126
225040
269701
217034
244801
226069
201087
235857
201654
185974
228596
238698
315477
272460
216888
195434
270313
292133
251709
261476
217064
237837
262541
282418
232637
230910
224216
224070
263502
249742
193901
230280
218221
201823
248396
244040
230777
223010
208409
223041
213924
214835
233458
233376
218873
253635
240595
220066
284677
249889
200117
205009
193203
275647
298457
256812
191818
186857
222550
221092
16303990
14187010
12151196
10093373
7971552
5917290
3855396
1736493
8655782
6533982
4494541
2414204
835173
2282078
1121385
729381
349864
320337
258713
452070
392173
224240
417450
541137
457231
407713
463161
362091
377193
231055
173129
226467
230016
181771
212402
194297
189132
241098
234305
303242
294810
214543
188096
253584
213043
210777
195969
245720
211332
198067
218260
242473
222850
209237
194731
271913
236611
264431
185764
218588
207257
187840
222689
221758
228032
231505
204469
227479
211004
224297
217678
201983
254812
192449
218588
186619
219108
264151
219005
200336
245196
234164
277360
234364
171638
237265
268323
251636
261048
216101
258988
201852
220301
213327
212179
257028
206662
233665
234241
226954
242343
192593
207504
244597
225632
210224
234428
211455
244169
206886
237752
230916
209431
272655
218080
216944
204737
250166
237043
276843
239654
231172
221577
213798
243589
230754
202272
234302
209259
252340
194321
212460
207265
271134
208279
269053
237051
204200
206717
197785
228496
230617
203048
230228
217803
247384
303478
248486
218078
221256
255940
229930
274469
235046
237995
218091
244612
211628
223963
225920
281791
201884
202220
207410
214943
227806
227275
226416
290440
245029
240159
222256
238709
270477
244677
200489
211081
277917
229994
263324
207249
252135
215442
241843
215858
228998
208696
267219
206269
227502
249967
187003
200144
234438
256912
242948
269150
284600
287365
269191
306459
227345
288591
331583
237903
298549
312888
206458
278717
235453
275738
232231
246677
327374
282712
233802
254761
325654
237989
284548
242039
276178
225856
255416
204588
210219
305744
235512
216209
252223
216484
313601
198196
290808
224168
214431
237936
210306
200590
279257
290603
213295
261147
260507
277217
234661
247341
281988
243516
236847
261277
187231
194367
265310
220936
212580
267225
250150
201993
247898
287577
227240
1594902
224744
917370
415000
525437
726963
880161
597419
1019150
888381
653111
724955
680891
590053
584292
304147
518759
259087
443572
600849
661083
304096
590184
651525
513170
474751
610083
678005
659212
626792
202665
624212
641014
579780
319076
540747
692100
255235
178402
526724
641104
613249
167630
539529
623765
612477
512234
563250
267754
505596
235680
293481
279649
615330
487053
289517
474224
323000
226180
404266
508645
469326
571541
542555
618481
292977
240063
495764
441043
455365
366102
448104
218216
429028
444007
448642
383618
501881
472035
374246
431663
425950
373160
531024
379420
283512
328731
408034
336244
479314
383811
188366
407161
385994
427626
356812
416650
445499
369524
300812
466704
256302
448694
346990
231593
376048
331696
453638
409047
428187
415289
379807
219891
247705
330251
350402
453159
209222
348330
275058
310592
316572
268318
444544
413000
343416
420821
321108
369128
314390
373978
274195
312458
419582
317945
319083
210146
307445
318151
203263
280187
216598
221470
250793
251982
317330
352362
214758
231543
187871
272503
178294
273149
237521
239579
214181
223529
269702
253136
233143
230864
180706
159917
216872
229335
259740
253543
227062
247868
188675
195838
284772
237793
254221
229808
205052
210355
164607
167211
181271
185995
184328
201298
206322
213068
209340
250900
209632
211090
218522
294876
266157
278186
236268
221650
217947
225701
219629
225264
209391
271560
226540
218070
276067
298637
269281
208424
201877
286124
221808
194181
183516
221917
193564
208787
235730
219890
209998
203592
175818
229739
190821
193530
199950
192017
175742
196439
203418
170568
184256
187621
187059
182955
199601
235738
186253
204002
219857
211718
222071
221985
207103
195157
233672
215159
200515
199614
251288
230423
239624
215531
163187
182226
220113
188073
219226
226003
195926
199985
192904
213111
204766
202546
245959
236051
222891
216372
221624
309429
197364
208835
224608
211835
241011
210647
318191
204726
183398
203804
223592
215475
244246
239375
214959
189642
197329
20482831
18359327
16290528
14214067
12091725
10023860
7936716
5798613
3726334
5583033
3512644
1380510
2622595
497078
1803658
642827
315434
418430
441591
351671
195635
949430
451247
647683
1121248
910524
205283
546877
609522
725751
566089
600444
527962
417506
595590
794546
460608
389800
388321
263310
440856
812247
678920
495947
489424
871474
1016933
511321
848328
793959
937884
621363
598361
680864
879964
336250
388246
637069
365737
767373
927826
626831
633341
644626
249352
541813
375974
401351
723314
603439
596343
826476
574627
526013
596027
484817
657470
644842
396767
358099
339386
409128
368326
651293
729142
763140
212810
361143
696459
541593
679397
493677
524833
708612
685009
763007
836289
581864
208112
473817
602118
750629
562335
719018
465002
614717
201501
665375
666415
909088
618037
795915
697117
748142
334796
889943
552957
829041
747167
525739
539156
759253
603407
810968
678045
503878
562703
622978
602984
351784
633008
502215
461129
569144
634828
839282
679690
743609
701715
356601
862184
275869
202086
660328
384844
765354
496041
624310
762645
790743
855616
801036
272570
504298
847249
527228
305713
443445
605549
577544
497423
703368
527823
355756
647434
510680
653375
698424
568046
493477
253756
744005
258451
492149
212972
662652
664815
575196
615458
355399
388545
336836
599220
570484
473971
369828
608015
549723
371827
219128
501406
643377
586404
592384
520753
428395
628583
789689
291716
516330
634268
600822
505985
644809
591608
633143
654779
378730
357239
385000
596926
474745
660657
604744
349755
590437
478949
563703
355966
644959
531059
596270
644057
563214
726969
269457
469842
502520
693430
622094
527375
580856
629102
298975
349322
294769
576494
538246
510682
622351
513768
580501
591174
486669
650723
519730
707887
702968
504311
661101
566268
645101
210709
494482
721189
503751
602255
637789
591124
502709
636175
646819
613093
626573
540209
582375
754354
494775
601132
703542
680505
626170
527141
510286
482684
570534
570024
675312
479142
318839
248364
511801
548686
242463
528029
419403
661110
460151
525258
530398
499085
526296
217961
526913
601323
680278
512325
252123
553505
611131
546127
343128
265494
606277
299963
711975
202252
665701
459711
598852
642969
283444
588222
625629
553072
574428
695266
622240
721856
623482
619279
713159
195797
612861
447940
493564
548868
654556
422604
621847
378442
498654
642233
340831
633030
569685
524372
513097
641536
632931
480663
308037
689373
232588
400432
670032
576373
546872
266245
231081
632010
688063
499897
670168
662110
583823
595452
566100
651247
602312
591644
477339
512763
555911
468210
632210
614346
657576
175773
486976
624681
597371
430414
476086
463694
641356
483017
458028
503064
521910
611531
517796
662381
616804
607708
594718
311216
572764
584774
559078
456378
510692
449384
596671
499975
525639
477075
621384
547369
634721
532408
228223
650885
644703
580693
532888
558005
528565
524046
475112
336547
454685
645669
243866
559669
533720
414934
503769
410805
342478
545365
648615
217553
525157
412229
473887
528461
635405
604299
630057
609903
556892
491910
430179
629386
535992
488679
457816
289927
507512
291183
533766
398979
430428
459065
472362
481367
301766
429535
453904
538888
429240
489477
579878
570703
514785
472819
409283
462627
206389
488995
512287
397001
365578
297807
575153
333318
337407
510478
375471
244320
399935
495129
363913
291200
423183
214902
461358
313005
477818
489607
484635
600794
571059
555461
449152
616364
459251
590729
412159
580374
582244
565131
363102
354263
279421
555541
440294
533206
513601
462874
523599
478636
453165
427808
219065
333117
273003
197150
482890
455450
431734
479190
195282
255436
206937
248107
408237
321195
440077
325901
520691
473033
395061
444577
429803
402255
505687
561601
399489
408447
251610
488928
470199
369481
182363
406534
353786
249991
376547
365125
309810
350275
412520
284909
467787
247958
297055
17381266
15260708
13199396
11136102
9012475
6953095
4889541
2772353
741460
5373445
3252065
1153534
1775141
1271937
1280257
998567
740006
391617
668323
298336
369883
592870
230286
592741
614553
354121
330506
346977
313982
403345
390041
436574
469528
343633
287357
234650
426734
404714
268448
399835
266002
513210
476632
269111
215764
332323
406873
281295
270688
504752
280206
407156
213079
266913
270964
269567
240422
323171
232573
425118
384374
204822
527810
327024
304666
296359
276791
444352
240519
472264
380976
311027
495474
197318
228943
387602
406383
509883
336854
455189
272764
527772
216488
232118
276826
338040
344982
353446
431139
256282
420596
411642
396274
460510
340922
415007
235996
416845
207517
187085
417799
202240
358877
464985
225508
387000
410763
367184
200436
286018
420724
411553
342507
397088
206948
327362
317781
303373
319672
345962
224785
379794
326050
319321
390062
390882
357673
349045
283224
258537
361254
301795
342276
347631
337941
331324
196945
221138
201705
394941
308035
210316
300451
213531
257263
191019
263227
255528
244659
193680
198210
307559
236080
371378
334607
268547
203935
304391
314417
341707
319747
377065
255991
329810
299287
301036
236243
258267
315443
316747
350559
324822
310803
372357
224610
317425
399116
239009
367240
257482
326572
378003
455864
256060
383207
253378
393875
416921
442151
354191
208664
273878
343485
374215
238597
427188
219597
208976
352790
383452
309212
239647
247717
225849
238852
304990
347982
353098
313528
304968
234532
309065
255093
342282
337123
250687
297675
291426
281362
310175
249289
213596
287249
330612
319246
258788
239387
246191
271089
296088
223277
314546
293365
226543
232482
326926
255842
224710
248790
364160
259929
422535
350145
290512
284567
287834
231968
378134
198204
318957
261930
286451
237936
324744
356916
288810
299009
260503
285138
235844
286758
310354
278405
279501
281757
274127
341753
320674
288537
205423
342491
345440
347624
374811
352974
322130
256882
276521
290816
445294
327209
315299
284520
294532
279026
209834
217737
276635
334506
320420
210510
324445
294124
253823
213716
311961
302077
228627
285463
273770
358118
346006
222202
296506
322841
211773
286944
339929
349073
338171
242838
220698
321796
288315
300327
306513
330104
203748
233216
221569
399104
314345
382164
271571
284126
385932
356528
308942
307216
201811
317996
383711
301382
317464
369291
264299
399036
383417
365471
308115
293115
336363
245788
238726
294969
331627
307904
303848
391706
389956
231412
305682
264511
360946
290305
210257
244145
285086
209442
303011
254529
295258
204993
300060
320229
207096
344848
234276
285910
302910
342470
255378
370469
225336
257937
251530
244552
303315
257467
309684
274067
267329
276053
294872
285135
283950
247566
218724
249130
281236
272193
213049
226304
304137
282948
252694
294073
261694
183636
213849
271467
218997
260945
215533
263069
241841
194901
277238
276915
219479
229225
187327
255408
231565
192229
250181
234849
205538
324883
267390
238669
305844
209360
245716
287994
230270
288007
250254
214750
276137
243790
187467
266996
202871
228855
187429
270829
230734
225731
178346
290154
236457
263684
211218
214324
256897
199969
275527
279035
241345
205901
225313
224535
211822
234951
263892
208749
210654
258391
239948
250640
210460
259167
167612
274253
239613
296778
261258
241184
266852
298669
216021
307044
222389
249184
261819
302663
335958
287196
311824
266021
216953
358776
250629
337305
191671
180973
341707
317473
318252
274205
228617
270920
241153
283061
289234
220605
282629
248811
336306
257594
274636
301441
195427
258301
342358
248638
284822
332673
261996
249144
261456
229618
287839
301832
311698
243573
365124
375424
286932
257992
363683
181988
285484
219754
258571
412651
280071
248001
392038
263628
272427
282343
279512
303691
224866
395913
320631
225777
343807
282546
293184
393210
378360
368569
462446
222030
375381
21443373
19391213
17275762
15243358
13163783
11106741
8992385
6937965
4880197
2750402
723831
3797782
1725525
683051
1508307
923360
905866
313110
387503
544296
272142
759854
546821
599895
669259
196536
534440
567967
438254
214829
307632
366257
271206
260022
333280
260175
342015
200134
204881
421377
195917
258662
199851
389836
326741
278849
452352
418367
382538
384607
212503
369152
245555
224371
437100
458043
386757
375365
200863
378648
252537
347297
405847
308663
408391
253055
474341
277004
234877
273052
386602
235664
186114
490039
440051
367924
506351
297529
262453
481984
271017
426765
257106
295754
453410
208194
506916
437905
378835
440523
273163
535879
553874
260727
247328
382803
589656
239878
543081
502184
425671
385151
448821
496093
448232
320443
397236
393285
400627
494468
502897
438382
381362
275724
403697
247834
503897
212169
410311
414252
349526
390411
430562
319309
384189
423255
445819
400369
464610
438933
353408
247489
493287
404482
203420
333141
508134
194140
421405
367175
275281
423144
408326
221678
225280
430051
276475
358286
391132
235303
413383
404525
246809
244089
182331
276696
286282
354993
242188
300782
241782
325836
318805
242365
447577
345208
301619
301768
230529
320291
201131
343600
431120
437359
231740
259345
301657
381168
186638
203228
249013
320780
346995
257638
221803
291931
201725
241148
342232
225425
269315
280102
215972
355176
272590
244333
230344
207978
280488
251512
231327
206853
219831
276791
292907
237778
204360
214714
272227
217551
204664
207023
242536
240060
242973
236529
273499
201410
260578
217558
226861
311613
193925
384172
245780
238224
244369
207163
184228
240674
239417
281652
196462
270982
215237
244458
240227
232049
286146
172524
349727
307756
261972
252784
229279
267136
256605
204118
213646
450805
246808
275125
262059
289427
216677
215545
307505
208574
298198
278806
201337
276114
258343
363030
278577
234609
291193
217917
230454
187778
392919
244682
325435
216455
338244
294217
238462
198908
213172
219857
184190
178654
358179
228309
300697
300035
244130
175356
261123
238147
440705
231027
194924
235091
308123
231353
221763
213129
201630
268331
220616
222699
304071
225278
167311
232520
253178
255305
247749
229349
222600
208474
222541
185452
266553
216354
211181
242016
265981
182121
181217
169364
223285
270561
214637
210077
254343
308728
274809
228438
217195
214399
281340
238693
258377
237241
290577
281071
259266
251121
221196
295762
300618
283715
235327
214830
287384
221372
312073
207965
211041
248031
293683
232933
225795
251663
201593
297551
288697
241282
218283
250364
247567
243520
231772
268767
241634
262137
241947
242863
307487
248182
195353
230327
274385
320891
205335
319928
242790
320880
224094
218878
309310
284799
196210
375803
275307
212420
232372
215277
224697
358138
217858
228610
333666
250745
235380
210404
240406
348942
236750
230080
234303
234488
282522
212401
223356
330758
176931
217381
289218
276392
295191
341418
263463
236380
315665
241392
224973
326525
269358
243801
209047
242490
198333
166325
247917
187789
186376
208309
198795
203061
242230
186363
199687
180669
167747
203639
226118
205143
267911
239093
234576
202735
219049
228943
217570
267594
218604
222810
237691
264417
206596
279761
223920
250802
183183
238854
225305
225360
208500
208121
218930
209835
223154
250195
208735
228380
201912
226783
224078
208992
202775
231791
206800
207328
198983
223622
233318
239715
192329
215195
245945
219203
213246
194206
229585
230609
207605
229168
261591
210285
297278
221044
219351
222404
202835
202163
253569
216960
212073
212704
227255
235771
187075
241793
216246
231315
373433
191540
250381
237320
206564
240264
197056
237642
192443
391289
233074
264032
197158
206180
244641
221853
201049
290098
219706
212783
220733
240501
231018
218731
222228
205854
269910
250672
197944
298407
286935
210931
230207
214459
201389
202095
265232
206516
207392
232040
202819
21115328
19047939
16930940
14879019
12836683
10715918
8655440
6596480
4465380
2406965
3495553
1378802
1049627
478875
1141821
898570
435000
530743
517201
351608
362034
212313
214613
206119
364106
452689
359500
305827
372767
527638
398835
369901
226757
271147
266764
229161
234873
256899
300476
235759
246022
237889
281932
239535
204581
316686
287923
247285
265853
227120
274187
320066
271624
239952
274342
232993
231069
239005
225368
253533
279772
296496
291986
231147
254373
229828
251411
224671
246736
278756
203326
310931
234695
278643
241268
268458
293530
226209
227402
274609
250140
225890
228316
225245
344402
272636
220641
192893
219273
228778
233280
291847
294062
299164
231116
203637
214443
226595
226464
243160
218641
260501
217527
226142
240447
222912
222947
211185
222320
251205
213728
254419
219824
215710
208977
202954
311259
194283
201373
213782
211926
176254
240183
265425
218638
203509
177633
263522
260685
180784
226315
176339
214718
182016
264395
197442
324271
276780
188368
259175
341071
284418
185293
192273
209971
251533
273864
217825
238085
222014
217087
208904
281329
295042
231688
229774
258845
232407
298463
203404
257400
213504
200573
237523
181956
237619
170557
282881
267725
237726
226854
229891
286004
180085
255139
224860
256604
237959
265194
235407
320417
215785
268853
233154
329614
217546
190146
215751
209187
220419
237010
214572
175304
242485
245620
248976
181169
212310
223242
220173
224819
220569
189745
257042
233634
243874
213709
199653
251364
213665
292614
228530
220524
250322
220245
228505
210991
237186
214876
200863
249129
236519
232613
227173
253678
229721
213075
245885
259709
197546
216661
208361
199444
206786
256395
277950
229535
274832
213764
227875
178288
178263
209554
190901
179483
210907
332622
218623
196690
226275
231150
246271
196021
204707
192787
268174
171390
188497
284001
248973
227059
200562
197489
179511
193875
175936
222785
190978
289268
253005
200942
196540
184064
249742
281172
217000
236837
291890
224454
211486
290509
213877
226184
218123
219982
182097
181793
176439
270660
210593
197996
238001
249377
174935
184091
216954
252400
172238
299988
280754
238437
206545
174589
190096
163984
194865
206885
216406
185288
218301
242429
195049
221083
209916
228816
202513
213218
217893
200466
217385
197919
209223
225698
214041
217230
201587
258311
172334
217313
206357
207590
206617
200501
234652
243401
221589
224148
218034
176424
183909
246440
197922
196975
221073
205927
198629
214240
207978
214531
233109
211278
205776
230520
207357
205865
203910
208872
240295
213468
217851
229373
201617
200181
226150
213177
187527
209312
278896
203751
221208
186659
233708
262929
210930
259331
274321
200424
194958
233584
187240
208898
231234
273482
214726
241951
285070
201084
242903
224552
187533
309150
204122
200960
235858
203861
233308
242888
202140
272982
242255
216540
211247
200278
216391
240461
252959
213735
215591
199642
203984
194320
209517
231775
230856
246692
227378
253532
199954
200204
203255
191214
231849
214217
203696
199945
233087
217370
201406
183995
225438
223939
192889
191443
231979
202918
222370
194853
198628
200903
203779
322065
229340
203565
205130
210685
210579
200669
219375
198848
230508
176495
195319
216065
222032
223333
225391
189302
228823
218805
207687
176035
216405
217577
209005
198165
258742
224934
201682
197914
200085
198991
211881
198153
199255
220642
216945
206186
195496
251114
222050
188941
225212
233074
219363
222392
205460
194388
196539
211573
201093
211902
186700
191511
205971
186974
253742
368648
202976
198015
184948
291206
196845
197200
280807
198019
276636
254376
201389
252039
175198
208436
184459
185386
168087
290322
207312
230852
193409
207062
234532
302459
207993
238634
207577
191612
195108
197729
188191
196002
201102
210785
219995
204260
213789
204106
340959
246557
233329
212619
282854
262820
269212
213126
262386
346282
248868
211008
248378
278606
20242962
18128731
16073035
13981980
11846590
9753861
7695839
5573920
3491631
1402209
3360008
1270488
2840113
718491
504539
798600
625952
227363
368882
252747
357880
191240
344528
195581
360563
255041
302992
204870
345850
217821
198468
199342
216208
208344
199019
206168
221173
209167
178430
208671
195172
204962
199859
193930
202138
197979
235710
197223
220337
223137
213618
202302
210476
218841
213169
202809
203791
209774
209187
206717
182946
264804
196128
222748
204353
218394
196560
243432
344827
201815
185568
218592
210136
179801
210370
226516
201593
191356
195192
200903
192942
185871
206203
209772
212848
217511
203883
199994
199042
212594
245498
229938
189530
202446
218659
168491
215620
176543
229146
221820
229208
225979
216310
194261
202158
240050
202610
218258
211892
201619
181895
212388
243371
214701
222012
211598
225747
205370
219522
194559
194023
216458
204941
191187
210238
198837
202956
202329
210578
206426
204529
203236
191802
207502
218970
190199
210832
188504
201882
208167
209382
198527
202784
217058
194862
188391
199249
208287
207370
194626
197157
215269
209233
206767
203106
187942
206780
207485
203025
206491
201337
181789
215031
205579
202752
202151
220473
205227
209186
204416
214514
218872
201932
195159
198408
205387
213669
210532
210964
214086
212043
221747
205803
207989
208199
221511
203480
210096
205863
206046
214214
210124
201428
204935
198854
197633
230556
241102
211512
196686
223162
221030
204081
193203
212501
223073
203037
210186
208540
226462
205450
206167
194981
219123
226438
216273
212626
196941
221426
199762
216798
214124
237648
207098
213924
243945
195737
190099
267674
195524
193370
210880
197137
259595
208139
212857
231517
198110
192915
213934
212914
222394
208571
202500
233171
192775
229790
224542
258660
214004
214018
198671
226407
174598
200221
193966
195918
180161
195377
206486
207586
202453
204210
212962
231634
218264
199665
249866
218370
207331
241184
214798
200740
214911
212847
212398
204267
210162
172872
194110
204884
237043
209115
245151
199272
205799
252950
190122
167650
189055
174290
233311
190674
208394
236851
190735
210262
188407
224204
217053
180954
245337
181373
205988
213107
205122
213990
226970
229024
245978
207580
210666
232005
231047
247589
164011
257333
182791
171574
191051
258301
227860
236969
209536
263984
274857
200268
213655
180704
252767
205583
229076
229623
197940
204772
187093
209802
225207
245795
234963
245624
222475
206133
211836
219014
214076
206898
247840
217580
213080
264876
243850
217988
210409
242341
273337
206755
221862
200619
198467
199806
214228
219724
202320
213850
228378
202926
205224
234660
208995
241669
206656
217520
210657
206274
194928
207021
246100
204349
226274
197074
201265
200210
223644
232063
205141
205075
210508
202208
201823
236263
220334
223958
216097
225745
252728
207564
457167
223731
215424
222568
215201
236152
211003
184953
241289
223864
242391
267953
265227
224029
217836
185752
210883
215681
210055
208114
222679
210669
235477
198895
219503
243085
243856
268056
242585
238664
270338
226099
200758
206829
217508
225576
209244
194515
292727
276153
218753
200551
178173
247305
209927
239025
188767
170684
204029
199757
218939
198369
180289
227736
203559
237908
202520
246872
223920
193283
259814
190969
246749
205711
207009
243393
228785
211214
201224
251067
202470
239851
231357
206926
218318
228494
252708
205383
220044
208597
275623
232516
178071
201349
244307
314608
235986
169588
174415
194381
258181
246769
215757
200798
193145
192134
190737
244229
203319
215584
261522
226823
212614
181902
213738
211041
232495
226176
267299
245208
208236
200900
221247
222088
296724
183337
199398
248706
217488
260776
287525
270080
293725
335387
203627
220968
223237
186808
216378
175461
174494
342025
186725
308973
179141
221830
202925
201141
193785
239384
351321
199070
211881
209755
261791
239198
189732
197810
183836
201606
178694
16253383
14133396
12084768
10021122
7897561
5850787
3801742
1674520
8701434
6579528
4521233
2455310
332444
1964551
1748720
1795126
1718398
987107
667843
512943
264189
548084
472409
240212
384034
378972
548098
321963
422425
445776
222561
250260
397908
201237
293781
292492
295245
261724
296539
199659
190897
203680
223413
311247
264956
379855
266422
289379
204432
405140
444966
333079
327220
329290
339609
326435
465532
254066
406741
555657
236501
376207
351576
247825
418464
247311
461697
442324
433109
477295
278798
311448
418547
207669
585017
462987
528178
361970
265018
269261
301889
561144
567332
415341
467960
507360
252895
265122
318214
445489
489001
249251
350172
456532
476160
509162
382452
318005
433669
709214
344438
711003
388170
706305
633827
465179
515177
315298
578725
605670
237535
503739
638134
439295
749254
443708
567830
519551
481380
244061
468826
740454
799545
470288
421219
691720
651740
245886
377629
432234
710637
544982
551588
802143
627400
306503
358707
787418
585649
334195
397837
676756
371144
694846
534274
186259
274012
732161
486415
655310
550123
435994
577106
290433
599203
209347
582441
208564
456316
673579
676055
855692
471132
662838
163057
391582
772975
603530
668925
873656
299920
332819
402484
674876
652492
492752
526291
850140
584629
550247
650910
557928
775047
279141
244359
348086
484902
691750
288495
506626
245961
537284
484005
572571
706220
434646
689900
673774
682386
696116
366510
692954
669450
686768
640084
262935
695204
261061
446561
267793
432620
478348
378545
609881
591292
316718
742090
326753
499199
289634
739983
396008
542913
564361
531758
599733
251616
728854
194621
591567
533487
781613
529318
480485
566316
670836
662682
613548
513054
547839
334076
506807
640397
527721
380886
417300
217803
645365
670545
569624
330448
232603
647636
230284
235161
591251
663437
642610
505912
681601
676963
561736
248424
194797
577250
446322
638971
624366
428573
647173
622112
391754
529294
258434
185618
624891
196604
595488
562043
211991
533347
473863
330868
642911
385547
459272
397299
276152
436919
490869
237313
591980
464599
366574
543927
465227
545788
471259
555548
201121
603005
256801
546836
425651
558371
550405
491305
411800
527587
546650
275457
363620
379106
483930
544298
558316
513136
600786
478995
540309
532737
226723
307007
388199
270430
572490
541766
644532
463006
459358
426776
533935
507939
222614
479770
378331
400792
423001
299257
462911
249166
449498
265458
348764
205474
252054
434953
402370
359249
440256
211248
423699
330577
515790
459512
261370
360354
249710
472430
298951
382665
378880
300243
247187
390985
428589
371434
227632
304717
220909
188442
496359
303521
228618
233692
435857
488089
303704
472404
313712
395542
452117
484870
446932
367966
560055
191305
424850
211267
415384
274249
246246
331509
345297
305301
391585
515955
240897
393166
550486
285323
433841
265722
502707
286638
240516
573659
393996
474982
438890
393975
517302
395329
589112
332267
503474
232689
201695
235016
436582
397385
571991
445600
379326
398713
221514
560709
477179
588944
514032
453700
224150
484794
387595
481556
558194
467525
396134
422081
302834
526454
507029
436226
480094
345226
208335
241553
495022
517859
500536
550806
327900
553588
513644
535316
435762
476257
488065
266025
552841
628561
373111
287937
270012
596594
356451
424910
498578
476355
506868
205017
564395
597837
566684
575786
548284
527130
361857
464331
531217
309363
559945
398191
516169
619473
396195
636331
575077
636134
559454
497410
431087
597501
296762
428738
676339
472184
518162
427413
575411
425699
552397
449813
566024
697279
513685
543242
468634
278240
521729
465029
527087
389921
219480
444527
347006
351792
386909
296416
518795
446389
459805
489776
204242
360886
295357
440333
316591
560493
181697
375042
294226
437638
351686
361337
414007
412124
398994
492037
351313
388254
254024
247957
418922
559625
380198
520779
308731
547234
16250666
14126902
12092976
10021375
7894075
5824159
3759241
1657953
7107952
4987544
2952718
823715
1977967
1841876
1657670
922474
453773
953184
584078
640848
754735
657212
668155
858574
731648
653997
475862
383643
654058
716141
446990
429371
183387
602982
200795
485468
505261
324068
464063
392582
447290
484493
355156
234921
197156
378567
445073
231174
231163
461093
376817
206031
242182
292409
276893
302333
398163
366327
345564
351797
358217
358671
398873
472813
413192
386876
401555
455079
312013
296769
424036
235972
240551
330326
432087
409512
211362
230999
322577
330249
470855
462978
444540
534588
426366
471018
244173
325426
210164
217736
231593
381993
452329
443719
300066
350009
176588
338670
208804
354042
246424
251106
211169
278189
210926
234180
295104
239415
252373
381427
237408
358583
281632
182313
227369
335318
374303
242183
212800
370734
286527
246360
299227
270411
260787
313346
258861
286401
186290
347888
248601
203792
338998
252121
273440
261451
247006
215394
276143
336998
297488
331926
309056
235504
278100
327683
341152
272138
353350
486466
352328
210066
308871
242806
274494
278662
181189
359779
236797
239859
291137
300701
287808
199165
189093
377004
311519
289424
285477
226875
217783
265603
194973
222988
212932
203078
226750
212101
235811
190100
272981
214308
190707
194718
204815
204457
192580
182370
186779
206215
245452
285530
217990
236748
158779
198613
284320
252836
215125
310189
217732
212095
321531
227695
213849
260015
209410
186870
247350
275644
180872
241414
208460
231002
270948
199826
176519
231164
249398
238501
194541
190646
179063
187112
190470
184684
185342
179473
204120
209129
207087
209586
194537
187980
208449
191933
200814
198204
219800
234152
193421
211304
172836
212101
191616
197361
217306
187149
222034
183902
189722
192114
184394
175494
183740
179130
183217
211674
198626
222113
192794
188440
237551
200247
177720
209380
185724
194331
190153
222327
195067
192529
203557
194754
197922
198681
176479
214342
216148
201176
214120
200460
187628
214698
252593
187107
231024
239991
201197
226554
197945
191527
223796
207025
223212
211037
213944
206807
203702
210340
221588
190979
202376
212040
249039
203898
198893
220887
213473
254437
240320
239540
202226
221367
212512
271401
244433
250220
249436
215926
224132
220025
205265
247483
251724
254626
211497
230137
192105
223862
213390
221820
204877
212098
226604
228631
234355
234996
233923
212351
206483
209142
227790
235353
201974
224086
239551
204665
233862
196337
180995
213291
208649
214468
218076
204936
199418
211065
198535
263094
205463
227083
218269
220197
222315
219479
235852
246216
206316
232104
254148
205923
242316
191018
215628
244601
213971
220958
204194
195187
248999
241072
201022
230948
239941
229110
212373
249524
220950
205985
212303
203400
214479
243519
206609
210313
209775
201602
239464
207463
220642
205996
211351
218787
250632
204877
221114
226270
216252
192375
206193
218852
215539
213578
222099
202417
209265
1370114
688585
310818
210247
256060
208721
291832
168691
218790
226297
200901
244686
208983
201278
238607
236223
198412
222658
203751
198698
229293
201199
211868
217168
226510
224286
213535
205125
201844
220287
196807
209035
224047
216129
196476
211030
226226
224958
246269
214733
202440
220069
213582
217648
191445
202882
228174
192206
209403
213250
222097
222088
215983
215905
206698
221114
218494
206298
244132
241898
206208
239421
228945
220796
209711
227092
229581
212655
206174
233111
208135
198562
241673
230486
218744
231233
185823
224219
201908
220936
226545
205455
204770
224662
268205
257257
212801
217138
244774
195853
194994
211503
228067
229832
201114
158984
193487
209772
184681
210178
222547
238192
225003
197460
222478
196666
226511
216141
227205
207031
231215
233994
287553
220478
204743
251511
276755
213838
195694
209839
229607
253607
211014
208635
247295
229484
234306
229991
200178
224703
228919
19876323
17757863
15717847
13657892
11539785
9489047
7414234
5289294
3218918
1188514
3927480
1811289
1462781
2164614
1600127
667457
410939
218344
546481
353670
550250
369325
476601
408487
470225
334529
202124
490424
342513
429836
220715
282264
221292
207956
209978
306227
207630
221429
210384
230530
246063
210741
233974
258360
203962
201890
267927
230168
203948
229879
206664
263061
234073
237484
246136
285589
177894
174560
253182
243579
214453
243465
192259
213548
220092
208219
251536
211007
230663
232191
292394
294215
255595
250770
197451
209635
204922
234692
210959
194062
206495
215508
206472
253870
256769
210653
213241
212817
201499
223316
242101
215472
234234
208483
203663
197506
263492
218201
225560
209503
300207
231304
228480
257987
242669
234533
205110
252713
207694
242647
236317
216849
217959
224534
195964
215046
247286
205243
222809
224183
188012
255590
247489
202685
214088
211806
269047
173832
235347
219153
194430
238643
236624
244230
225985
210409
219212
229033
211267
253471
203745
217183
210097
199708
216252
212981
211507
235934
198965
228358
210966
210432
234639
225517
206359
233534
203234
195879
191288
234348
248751
259234
221086
273283
230924
241292
201319
242435
236302
215823
222830
304614
169568
214013
224475
194815
225108
224240
230127
215496
208508
263838
216031
198000
217746
176369
195445
251097
246247
254451
209611
228287
203781
245123
193869
198369
220646
204047
199777
210175
239893
226509
209678
212445
241431
227475
189105
208013
251579
178444
247440
249401
230027
191571
273437
198550
246754
237621
220372
207653
211188
186848
278497
245592
205644
209652
224972
232061
177195
223278
258043
242958
270025
255540
236745
211812
235715
192057
236507
200842
210849
239529
165632
266496
258371
231869
182209
186422
276236
223906
242559
205863
204444
222241
189039
203619
241732
229756
267722
329201
227324
230104
271608
254814
190811
199065
203566
239930
197810
231026
233331
188855
251504
165812
218742
354400
187399
206975
189523
187136
217538
197176
234113
257044
201152
215101
233183
239021
246213
269196
223832
230487
239891
214226
220715
234417
234604
232917
248560
201907
256186
201271
239496
207413
230245
219199
183343
269714
226633
238244
212779
215712
212909
213397
252052
252054
244911
211884
260044
231246
286078
274295
249950
271008
225557
233817
249227
220921
268834
257426
204315
247335
199621
220713
193945
290376
219012
270065
263935
204466
180586
286700
225851
226392
219646
242646
213001
219962
215495
246215
217939
221565
262929
220653
266645
189448
209184
205248
212572
192657
188948
238981
237157
220700
243231
228875
212020
222461
200529
226235
243670
232975
239758
220939
215742
205394
167435
264023
209103
214531
204950
188070
199979
236392
238650
245319
220099
186914
239303
195683
194494
252777
240973
240572
209349
192145
195085
234864
226040
214635
241724
241216
259534
187365
227606
195047
185297
243665
171699
229871
196165
188917
189220
183188
179958
184696
200811
211653
193065
194852
201588
177962
181003
253861
195133
183793
218204
193799
203826
233328
247440
250570
191700
196877
214054
246645
209223
244457
166233
184579
169130
219084
266389
346850
265929
206134
215469
258466
276186
274773
238255
214787
231102
226549
301729
288333
239264
323301
231212
231120
245813
264971
240259
212952
230768
254999
228770
199700
207943
231183
228587
194266
238644
205025
198597
211677
252262
227575
189875
241036
246656
217036
220064
231836
214145
240177
219694
264963
195595
213302
202440
246291
269726
235995
249913
243563
274452
248264
164243
246699
194719
240278
290814
233886
221640
230288
242099
266488
292959
319539
311068
289817
243615
270828
260052
198718
261351
236622
235216
221032
201801
234189
255484
253763
297954
284763
238034
206234
225096
208691
204548
201455
223954
221531
239317
209821
241252
225522
168814
222482
181468
231361
218287
247393
283500
212761
215673
235814
221988
21837388
19784062
17658610
15613191
13548897
11432921
9380160
7310916
5190705
3132014
1061360
3718104
1605380
2687539
610310
2612737
531579
1263732
547127
988494
630648
494369
324313
364028
358736
249131
294034
317471
213027
493043
244384
331940
356968
484808
279851
224224
215679
171028
202339
451389
365328
257817
571946
177144
212766
533620
551721
451194
297499
298285
439996
601385
343004
423998
665220
468282
694646
484272
473196
550989
339241
629613
988533
452253
323505
853755
835971
583439
1053504
292667
469292
965730
1052739
533418
465956
516659
241349
849745
582954
996295
490782
703629
739492
196241
916999
538608
998110
835052
545449
675018
1038735
845911
851055
676147
758867
665814
778075
748676
563271
613688
836022
627980
363368
850731
363942
854946
432033
859569
251350
428206
638404
476246
752106
663066
792053
729971
727499
780623
645125
259856
838425
866394
472305
789221
496965
443382
797806
839009
561516
643561
739532
514205
828003
870681
571367
489256
856991
700741
587047
1011814
639586
223311
787275
671879
211602
297128
717224
1029897
149939
428768
709706
1006474
289388
954879
267450
1022139
917191
962178
590866
605858
789481
203699
333302
726029
617226
473944
738309
1090400
877046
1072906
1116933
180747
1049379
622298
576913
337552
451729
1014742
541813
546013
402065
530072
1006768
751487
193045
818156
423218
556251
359063
470747
630646
481073
877027
815029
875309
357205
453175
403974
789769
625768
733715
459035
650537
848422
910512
551390
422266
416936
821736
654425
862880
721872
517434
813334
913686
806855
621532
768867
365957
871825
626916
357092
686856
778741
540537
306370
310169
375622
827181
698216
679197
349857
739819
776616
721742
845156
580007
652803
630553
294300
894699
770506
218878
679693
724604
590993
340338
804952
565994
383308
778182
624743
615118
566640
550884
824104
187622
850147
270082
429454
332807
312655
638824
333842
630872
601613
349876
572643
677116
686118
576251
590088
287454
644540
464481
465716
595706
301139
841851
291505
599260
632741
221935
528737
531952
222602
547020
744763
658381
483069
494957
540473
601581
366501
530277
532523
695996
630314
672187
711895
714710
460761
312668
532747
646443
571034
657287
493512
559370
748961
595658
682288
608759
711470
650760
356458
519462
629508
623355
540791
476619
171563
563741
729697
633381
525431
338941
777246
333579
648275
533768
694277
592331
718083
712774
754773
426342
557075
635174
678978
649378
627351
541851
619164
607320
614151
252370
325744
529349
721473
417866
726455
321054
637473
556441
241886
503019
336869
426419
403223
634571
588268
335704
429791
701620
511357
715046
288040
335306
323622
643829
490563
247023
761024
495556
480476
583564
638604
552944
634743
548400
534903
342536
616536
401005
499488
378888
356941
295552
403079
330122
474323
297157
261733
481561
374780
350111
574620
611086
630913
541452
416137
576214
516970
427284
200419
374800
523706
439694
215525
438242
485036
428180
427172
440761
494441
403139
523107
383555
398476
512678
531091
462305
202973
421726
531141
450244
552185
429093
465227
545496
473295
455391
421992
478615
337831
270411
537536
431553
202816
446240
491585
306704
563510
354996
539723
494707
425898
367927
546254
213948
218148
473190
483631
452685
251718
428517
291377
416203
475423
416166
373983
235271
372550
495844
372294
436498
478831
471842
434958
362207
394085
446539
499586
175276
447627
449834
524459
471164
351415
517730
225816
457947
403616
475610
414854
502776
418387
471103
340208
510374
455078
537213
428339
443116
478555
502986
443365
471584
404201
611115
496091
557505
329228
410869
517057
433670
477502
647847
393468
277536
290438
536105
612450
273986
369127
400908
583939
400820
296413
580419
426891
570681
462823
474627
579152
561609
546807
709466
515627
649080
273830
344612
493298
631870
654366
769966
571183
566284
521361
542200
768080
719421
500113
728813
379165
215554
440922
15801544
13683621
11658652
9598085
7475057
5435066
3378778
1252037
7944239
5819267
3758596
1742609
2074810
1132030
1628119
1055091
671749
960920
647506
880944
830483
498991
620150
478641
328392
785158
555388
513079
596422
599947
292706
195874
572546
491243
549565
194454
210789
294710
466869
295628
282681
527449
519087
506719
237132
248213
524869
528150
272169
260832
235129
431992
357271
193729
268032
257912
522010
209166
204272
235990
463124
240073
493963
387851
502702
297230
340181
491260
579275
515842
192753
495141
529248
303229
247857
204936
481423
511887
232657
219250
555182
783113
627834
439229
451978
493502
227862
275108
436521
459797
256039
456461
432209
186933
437295
522621
472700
487982
220430
485348
271855
453987
397876
439255
230233
540414
532383
530122
607612
323427
541330
214473
504847
240241
520590
418531
321764
445833
187234
455462
274213
219606
459956
575908
546686
202397
544010
510792
545068
419919
227958
501577
336118
423852
350765
497798
503774
258411
424016
498371
265964
186932
517066
493589
432986
324366
214201
460919
252895
462054
481292
528509
493021
497156
531592
229808
431880
360272
595284
522609
278917
554434
483291
443463
556796
498632
579667
422969
460145
481520
535452
455654
271768
508774
608588
559911
309451
298687
360387
535660
347771
266635
314872
523937
381405
432624
476669
449244
641706
208555
456456
582169
397219
493932
415192
570154
591187
474388
609628
604167
208742
582944
585773
504358
438977
579221
597110
527074
229913
640465
519097
601755
692981
608953
388160
247635
429254
532172
455341
494630
524640
445959
540486
529016
417733
412562
477063
483997
352401
443459
463950
487112
432872
478513
464730
543041
260131
257453
510228
504519
390387
251864
499778
499085
410250
570039
474513
573414
526254
495275
609351
403840
558300
502597
600964
304762
436188
408184
244446
192070
420400
342987
324889
301569
330669
489286
449986
518260
396698
398705
383646
431551
360621
334690
232350
492932
396030
492281
547069
461474
598987
413619
512094
446809
420504
411419
469121
356558
435687
319749
480836
377517
322641
405639
405126
404440
505293
398924
413028
463602
431473
436397
496909
512172
518098
295101
290129
293517
486069
436205
485748
465771
393646
347011
316823
451974
465405
417457
475665
419113
505411
460532
442954
546293
608700
600529
288026
480808
495635
554919
514381
434365
493771
454563
545070
423467
212294
466860
205480
469468
626579
306243
522305
513125
335074
555467
369767
188578
205485
359656
684123
222763
229527
535836
520320
182736
477037
396841
465069
521522
249409
585038
550667
568541
521402
475193
484516
459093
212770
583428
497319
223124
512946
262096
548313
211828
522438
520972
539456
522725
535375
304613
530654
239418
222407
543556
234168
459622
204386
433756
516008
505129
485931
593925
488681
579011
430089
189580
502861
433391
387030
222908
538441
278516
466060
378170
467760
461089
233463
309127
201990
200991
485221
524073
186716
415093
413671
342745
479578
252527
477419
468697
307175
176418
399061
551643
325882
505235
459521
397095
239149
397657
491000
369704
464495
475025
297027
343225
366106
484125
383370
351686
339105
383967
212443
237045
325492
170721
428918
203344
357278
329360
201033
406201
311847
242780
419391
369540
377014
301726
287781
378991
307224
330501
263910
293305
370087
388478
361877
312171
357160
378417
352459
350937
377250
391464
245448
403774
410408
382174
317949
357906
314370
348024
379510
345804
202003
308611
431039
417062
348515
325170
450738
396160
292759
327783
366911
411852
326493
287728
242442
407746
433379
335471
197567
393274
379492
264258
300948
298838
508640
303830
247082
264953
332318
274558
298686
340219
330553
276926
290322
284648
258378
364645
278349
431923
296958
217702
393138
403516
300805
219787
410678
259418
309892
287661
259956
275294
337642
258861
313125
294253
354843
376385
331166
244258
305001
200535
375999
17891812
15776037
13732130
11668518
9549266
7500369
5432352
3312511
1245793
3946292
1884640
3236382
1102626
793472
1188708
797083
1209580
1015219
823955
474313
194993
269008
523112
483202
503189
742183
762955
688864
612534
336443
350832
284238
261072
280294
202378
328860
287437
331898
331796
194734
269467
232309
276234
227777
202091
190133
213120
183823
208171
168571
165891
175539
183509
171484
181346
186903
199693
213302
214235
206082
220269
205841
202048
203823
210218
195873
209045
200988
186025
221213
188460
183154
235308
190253
214799
203246
198911
197215
