1012839608
223444
217414
209745
210567
192934
194855
182734
199306
182612
190957
181314
187327
178416
176604
189026
212345
201558
201878
197484
205129
185073
197446
192203
198991
208639
194863
184477
193273
196666
198577
193381
187102
197828
198381
190675
191104
192010
180402
195060
181357
187973
188237
182051
177303
221132
181648
168589
182088
200557
245826
181064
198677
180833
197854
189267
183858
188069
197336
186810
198792
181966
187200
198012
185204
196744
191564
197167
192212
201982
196457
183455
196412
191655
194599
183820
197656
188788
208046
189631
191752
185951
185232
189444
193720
201905
182404
204926
186993
192325
209019
205568
192636
195540
189423
196742
191248
197289
189564
217874
181402
181042
187187
197414
178413
185101
187307
207873
189572
211126
211707
184791
193729
196189
187665
186471
180211
183063
206333
187540
185057
193734
202582
191646
203914
194141
195267
200531
189270
201540
200077
176340
198646
195619
204857
181124
210184
199813
209097
188826
190385
178955
199714
185964
192615
181029
203556
202771
194707
181115
195647
186542
214753
185768
194273
191709
193837
196604
197394
182066
187262
189008
196583
187534
203525
187712
187745
196149
205193
190385
198711
179646
208800
185084
193994
189721
212095
189469
203633
182466
192990
209448
201278
185843
195420
191131
182759
184096
204703
182516
203726
183888
202914
191667
188141
188129
182203
202004
192627
208446
181309
179231
182308
180058
183567
189396
197084
179736
196932
179707
201974
183834
190832
201360
202873
182442
225292
199708
182156
205663
186750
198356
184061
176656
176296
195055
180105
212408
196057
206818
205769
193635
192871
202625
194871
225676
203810
194428
191299
202865
193667
191151
196558
195806
199274
205829
203473
193774
181065
197625
191232
192469
199885
180873
188057
236492
186966
186098
180835
193193
185945
179355
208784
181012
208122
190227
200567
180504
191296
192606
196895
191393
204269
182364
193361
184481
211671
200007
186088
188979
192585
195393
190035
191106
196478
197680
201080
223617
193068
194163
182536
194286
207129
204158
211734
193924
196396
183695
187536
209647
216207
184224
233822
205195
195835
180569
195061
189542
179158
182779
177972
206399
185417
191624
207591
179218
192067
207506
219850
196207
189793
183123
178489
198373
189615
199274
186562
181577
209553
189148
204203
181770
204766
190505
194708
194826
180011
188496
175428
176113
180668
190675
199196
188655
197303
206639
207993
192593
194448
198002
190489
186683
189932
192654
200385
197663
197659
190238
207565
193635
190316
211824
183951
196413
183810
210116
191772
189679
179698
213865
191602
204866
184871
187461
190931
209366
198342
198828
195462
179317
190801
201230
209172
192282
196300
184717
216406
183611
203396
202097
194799
179072
175796
184433
196302
194543
181060
228270
193543
193672
192073
197006
191689
196464
190055
189568
185888
208322
182947
188949
186216
218094
186736
193167
193632
204378
189154
199488
189304
190890
194710
183562
197805
196354
182579
187864
192689
202957
195814
210788
187190
208138
181258
196639
198104
197907
202735
194101
182776
200939
186059
190538
204611
192090
202609
193121
204556
186947
194401
191345
205099
193633
195237
185473
177163
184887
184570
177534
190475
197619
187672
186983
201261
214862
185712
178781
190958
197459
191573
205408
188270
191499
193710
187114
191474
196568
193514
221498
204573
211868
185821
187825
190040
188142
207103
186977
203049
189646
191918
202719
191663
188048
206981
186771
186896
184078
185160
190619
197412
191582
184870
194843
191833
190584
178760
176790
187889
191950
207632
184702
179632
192174
208799
189208
207833
187518
188519
197338
188609
233117
184293
183649
202674
191097
186491
185635
199656
188776
192920
188251
189446
194005
187496
184244
195380
196091
219096
198032
201466
330605
211063
193404
204199
197354
217458
202761
190881
184871
179862
179290
189202
197206
181025
192993
203751
189137
188799
181828
192049
198996
187855
187999
200585
192056
185836
187881
199050
189407
200488
187440
184973
193297
193218
208090
183655
178209
191327
189938
202458
178130
179684
208652
194693
187141
189691
210734
240131
198851
191834
198011
191599
191008
189734
182255
179966
201881
207866
181967
187738
202242
186967
186481
204888
237333
187403
202154
198284
198407
187567
186969
186162
192860
193457
189546
185038
179694
180428
179354
199844
185164
189955
182474
178157
187294
199435
191998
187348
199907
184969
193611
178046
204028
183902
189135
182175
208922
210600
195554
193401
191713
186501
191188
186135
186624
197035
194237
185301
197735
188586
198258
195464
187276
202149
208267
190470
193299
206534
192485
202520
191299
181980
192053
190657
185685
187403
216716
197686
199167
198450
196348
204953
184329
188629
191842
195029
183565
188793
188613
186399
182977
194444
189394
199131
198026
185891
186629
202642
194710
201904
199187
192300
192667
193063
183863
204834
203708
215299
184653
192262
182017
182080
181805
179657
197468
192178
193682
181636
181470
196932
189717
196458
195563
188340
180371
200354
193018
196798
185242
187705
194266
191451
188820
187071
199845
185726
189799
204510
199255
187611
198512
186660
202270
197086
178654
208361
185301
188895
198434
195096
185170
199249
187272
188549
187282
189641
186263
202365
205957
186084
194861
193003
200749
195788
181631
182791
199991
189587
188882
198064
203037
202195
191586
214457
189614
202504
193857
200278
185946
177198
188126
199749
185066
200710
198011
187973
185242
190729
186133
209210
211389
189379
196713
191671
201888
192966
201032
196609
200424
189362
210318
186152
215638
187286
199666
186654
192044
202986
185354
187501
183679
182993
188574
211172
200783
200338
194474
191445
199421
194678
199346
189074
179973
196227
195594
193774
216829
196131
205793
190122
191865
193064
205382
185629
189193
182576
204574
195899
200222
195734
189875
212514
183590
189923
194411
199915
182222
200768
191202
202087
197381
199103
194790
191023
196069
199721
214731
190680
186541
191652
186390
181094
206330
202221
183958
198029
203335
184864
202486
191849
198533
181676
183396
216153
185686
184211
182432
191101
192277
200485
184473
180294
190008
187250
183454
192171
184929
199670
183482
200294
197324
191239
196248
199587
200180
204433
184454
208992
200732
192450
186877
221978
187590
193067
214296
186983
181761
200193
196498
191246
189955
195724
209512
208712
183550
204238
184926
183608
201659
192777
194674
192592
194200
187257
190653
199364
194736
201121
193843
196583
202386
186295
181353
179125
199263
194659
201197
183797
186770
177725
194195
200148
186400
197453
189291
195481
207120
184332
192960
183451
188217
181174
195321
189742
179055
181520
197572
195983
191837
190176
207884
201568
192265
193708
195854
196653
186733
186764
184639
187473
191100
183904
187532
190470
190713
184536
209760
193995
183140
177049
192284
190052
192332
192654
195542
201560
192894
197535
193993
187420
193445
190768
197365
195338
189455
187976
199237
195739
186951
192377
186669
195697
186708
189608
193942
189262
202749
209976
193790
185412
203146
181342
191459
182930
191595
190096
190755
194900
205314
209134
196772
188033
190055
186244
191205
189609
179112
182227
188915
192485
181511
180278
177781
178896
176465
191117
189261
188406
207569
196416
204253
187671
188753
214871
188199
187915
188323
185352
235458
194135
188703
199569
215769
185307
188285
188148
175397
196463
181087
199625
182659
211209
184056
199241
183456
198020
186490
201632
201596
198767
192792
196457
190925
192735
188098
196453
184397
187210
194747
188332
187562
180627
192710
216820
194220
184361
194582
197606
185789
197810
189811
191397
183665
233723
191488
202907
191623
193904
210679
196825
185117
188485
197815
187448
185137
196858
183684
179931
189357
180730
202131
196802
186911
189309
197036
220952
183294
190656
189598
189240
182134
188774
189576
231514
200097
187196
194492
203362
193895
218072
196436
187207
185986
190912
185301
199783
188269
186984
204358
182091
189886
186218
185594
202397
196271
208495
206843
196678
190326
202007
192359
199364
192279
210550
191905
197482
197516
184581
190723
181255
198721
201697
190323
182569
182513
180190
195439
192936
209356
180647
178109
177505
186661
231388
184080
189090
212068
200090
205664
178909
190620
178179
202508
183972
189679
191704
199274
186981
206315
189006
217787
196743
194932
181671
189769
198144
187532
196763
228334
188315
197377
182229
188639
183160
202020
189628
189889
204417
192482
189001
200826
200319
207989
186142
178983
187519
177909
182401
186013
188969
184580
180237
193214
182344
196811
190986
202115
193839
209922
195321
210913
185526
190682
190117
184359
184127
190859
183980
190439
185297
196158
212829
191251
186379
190698
186804
193779
197520
179901
205398
185640
201472
182255
201696
183566
202138
187423
186135
180722
187368
190909
185617
196254
175566
182632
195543
203276
182178
199598
195076
198193
201885
207177
244537
210574
186963
206599
187751
175829
186530
180231
196173
189634
184726
195533
187277
201114
185656
200148
196116
209022
188337
198550
192992
194050
198645
186942
185276
189527
203824
196475
199730
193264
215151
187220
213513
223813
200778
183985
190238
182056
205498
192677
193875
186033
195378
187501
199830
196222
196028
185807
189105
204153
200235
195081
214696
201850
189427
178070
203875
195044
199881
197528
217296
195402
199494
196810
202227
193993
221595
196027
211340
198491
199087
186186
195095
186107
196753
207313
190421
183915
201984
196491
197000
199007
186175
181769
190733
187016
193580
200778
184530
215079
186940
200747
188358
190180
191739
198589
185171
206030
186795
197165
203510
189860
184224
197948
191255
187726
193713
202805
191339
185001
195620
211802
189081
199773
185321
195884
205045
206396
184115
202496
180997
193140
178782
198873
192138
185494
202546
184518
188596
190492
193099
196310
187440
194053
187344
197647
205973
188487
200198
186129
188433
184460
189380
194372
191972
204434
184822
190624
200128
204081
202613
199246
190293
189506
198272
187649
186285
177857
196738
199986
207755
212843
196165
197410
194384
187240
190577
201681
199200
213323
188794
186598
193258
180891
197656
184559
189536
194008
190122
185540
200004
180696
204176
203072
191198
202693
185173
204642
187426
199909
184216
189611
195574
193233
188869
189700
197067
189968
186033
200175
194976
210166
183187
188414
194235
211650
206453
198438
204122
188760
180703
190727
190679
185183
189736
184912
182690
181586
181536
189874
197787
205091
188865
198091
187367
184018
189279
190606
196226
196389
190851
188823
195176
217450
186623
199758
197800
179338
212997
182907
193762
195174
199089
207911
200728
183632
198066
186037
190746
187041
215806
187930
191791
209750
186520
189811
184366
182884
185597
192864
199002
181259
180545
192565
191296
197023
210272
189045
203746
193715
193120
208480
192571
193104
204669
204106
200374
186748
216305
196728
198985
182493
181036
191331
190197
207676
207162
197863
206905
202692
198556
187988
211624
195937
210189
194162
191422
207438
182755
181793
218435
192976
186441
202267
206415
188646
192363
187998
195988
187383
208650
196310
178853
179514
197554
186927
179136
195005
186375
200145
186655
180304
189892
199931
190941
202138
188206
189111
218354
191960
188949
184628
204060
235990
187630
206679
184273
191985
191739
185866
190025
182524
183082
177042
179868
188453
176841
192448
186060
201591
201232
197452
213674
201557
184132
207251
187613
179191
186057
192282
186015
195722
217915
187650
189221
197447
184084
197868
198908
187733
190824
185562
190723
183942
182911
196228
191178
187043
214042
186656
190126
199063
196241
186587
183154
191080
200144
183976
190077
217648
186748
181022
182915
193633
192022
175995
204275
195396
213421
185294
200674
199261
191927
185253
203391
186070
190609
188043
188177
204560
184243
191349
188588
201913
188206
210475
194462
206222
191103
187792
186884
208822
199533
192471
190820
206453
188337
183933
220701
199774
192599
199692
207522
201128
191200
192265
197203
201425
190852
204404
184905
210031
191113
190929
193553
211377
192131
190491
189249
212098
184397
192834
186053
191059
184533
205692
183347
189127
192429
186931
197220
212952
183744
182952
189255
189296
197367
194722
190608
193930
189354
192359
200263
191426
188425
193405
197290
200723
191967
205438
187653
188452
185389
240834
184927
189344
188060
189647
193358
225000
190677
190576
200999
192928
201180
251783
192036
192780
186831
210875
206953
205466
194540
193411
193695
194111
184531
204136
188233
198876
205568
195808
186442
203149
190365
189337
198979
193285
201366
192696
186786
197499
194152
193835
184477
193451
190491
191727
188544
211469
197033
198576
187839
190946
198517
189311
215502
183052
191927
181705
184492
179576
208097
214675
183338
190334
181231
180767
191585
200450
187060
192822
183119
193202
184362
192631
190210
190960
179387
210325
187921
187742
198328
199314
192966
191338
180806
188391
192985
185182
183244
206858
186402
179791
180171
178910
208484
190123
183810
199020
190304
184482
203297
190332
200609
179277
187915
212213
198278
197491
196582
177977
197080
207262
197513
186675
178628
183908
187743
193546
183475
182389
178607
207723
187910
196873
183915
194182
196856
187756
191921
183547
201074
201725
185830
188820
185063
186857
187117
201480
182716
198769
199506
199665
188796
212496
207519
186871
182131
202062
180119
195355
188929
181138
184664
184266
192319
220210
192922
196164
193289
188913
184032
185138
184774
189864
182611
192555
178009
201447
200487
197879
201021
182817
196740
186304
192353
210092
192432
233896
179108
210936
199105
196418
189369
198975
185592
175037
203256
207600
180154
202076
190758
192199
193244
183600
198085
184428
191924
194131
189052
187315
199697
185276
194766
200824
190303
183230
190625
191636
191025
184867
189793
194990
201293
197441
192745
186167
188887
185927
188637
217951
184058
171206
190109
194807
183888
185117
186302
205988
190425
198677
199553
192544
193251
195292
214411
183131
204350
186017
178720
178283
178748
196996
211635
201338
199709
186740
190726
191445
189555
182214
188093
185661
201559
191718
203168
196949
212497
181559
199876
196830
188984
236881
203220
183470
201248
184209
195101
207830
192393
199423
192578
192672
182297
196070
193135
187491
179195
188434
191558
185014
185109
205003
183177
180581
1040720
190609
191463
190801
182430
573316
197168
191022
190712
200375
187884
184765
201284
199479
185194
199880
187624
200272
192732
199251
206282
189580
191514
196457
182662
188416
183742
182873
181909
215016
199130
188817
199356
193628
185537
189510
187750
189374
191914
188084
186423
192375
183140
194539
185299
185622
199474
193098
190309
197982
186068
189966
198156
199116
182505
193946
183778
201952
184327
188734
191073
198682
199862
207182
187981
186230
188082
208321
183678
199443
183779
196584
184113
193987
181526
188789
183164
191504
185442
187286
201640
186666
184996
187411
180759
192882
199461
191477
194856
187836
207830
197960
192034
195281
197060
191561
193982
186883
187740
198095
190502
183571
197593
191086
188904
203867
189167
188934
192709
209602
183207
194859
183964
216735
196977
210158
187846
192533
185619
190757
200195
196565
199004
189245
189522
192320
178890
191261
202297
196773
199036
199575
184618
182377
201591
185964
185851
183930
185147
198681
186689
201502
185908
197879
185421
178571
193842
210508
186921
188811
186829
203123
183690
199513
185990
199361
186590
183558
197789
197313
190119
188193
189893
190796
195861
183218
198893
206887
185897
193456
192711
190856
209442
187488
208420
205852
185727
190494
197510
200440
190537
203670
191551
186431
199418
191871
188665
187861
191251
202307
195031
184539
177882
199918
184614
214253
185792
202422
210007
193607
188395
186216
185097
190063
186860
179680
190716
186161
185987
192574
192359
189784
181462
181303
190891
186217
192822
188748
208216
189115
191100
182740
189546
199412
186590
189261
181657
187647
190047
203881
185705
197967
186104
190686
188254
189369
178524
194375
188672
183226
189920
202520
187873
201957
202244
206101
195040
199546
185611
186959
189253
196238
216266
195478
208620
188323
181824
204416
194453
211775
195957
189332
197984
192008
189264
190041
203637
197510
194376
194631
191024
193296
192918
189656
189415
188228
186403
181202
196931
183442
197092
211807
221039
189730
177020
206419
186424
193026
184467
201316
182566
191776
185651
187635
188844
207672
185103
192146
198645
183755
202461
187065
195894
183718
191168
177479
180813
191355
190614
211583
198935
184844
181702
191121
181581
184759
204802
203835
216108
185310
209026
189474
199904
211511
206130
185643
198079
187927
189722
202035
188507
189322
189974
191442
184984
201043
181480
190380
175315
186383
190353
197946
190158
192662
190838
197396
188012
194997
193678
214761
183056
206077
180920
183572
202586
200701
188656
181153
188480
189458
202243
181676
196031
188991
215060
182902
189242
190777
194853
193177
182103
196459
195396
203256
198886
200469
193006
208872
180433
173741
172364
186348
200787
208153
191242
185876
199085
188533
193734
177858
197959
202228
195356
184155
188722
189760
188725
197615
191575
193376
190354
186733
203291
182719
199140
202956
197320
192892
168440
192244
178001
206510
176079
181194
200651
184622
202486
181879
171737
185399
192254
187959
195597
181808
222641
187801
176056
193860
184601
196328
183164
193210
200784
186505
197320
197383
186012
184489
193102
200352
181274
210907
183178
185535
202519
198248
197127
180573
173929
174622
194101
181368
182070
177363
170809
172610
180851
198293
202719
193485
186199
181857
185544
196306
178302
193839
194630
201006
194711
183531
178552
194336
196880
183165
196580
187877
194701
190709
195138
190311
192019
195844
191975
208324
177884
185488
192420
198419
191864
202182
190727
201029
191344
195591
190972
194052
190289
194601
190109
191989
201291
192843
206019
198981
190744
192892
197153
196355
183394
173272
186095
177292
185803
177737
199272
184614
181468
180729
196522
179840
196065
190174
193116
181820
188983
204498
182767
179458
197906
198924
192991
184088
209563
200956
200466
192239
213708
194616
200495
192869
197701
185911
185507
190259
188105
191548
187709
208905
182026
191942
203841
191228
196084
182541
175713
195972
187290
193221
190310
196687
195962
185418
1137623
194367
187999
191702
191552
193616
198037
179130
191917
196768
192794
197504
192519
201440
197903
187368
202068
179000
201169
190122
188844
190074
187622
187694
180546
185546
194031
190615
198303
190811
207044
192967
193474
197284
195279
205066
191036
186088
195328
186461
181500
203678
193267
205812
192802
179536
195889
191300
192739
191758
186796
200669
187110
191203
192966
188474
195928
194521
205034
188578
203608
191023
194056
191612
185811
199080
192909
195038
192050
201317
203440
216666
194168
197121
180546
194018
191494
192137
194771
195778
199384
198495
193568
194547
187146
190985
190485
194864
194098
201802
181261
192511
181739
196626
199760
202123
181402
219762
185889
195636
203950
193606
203546
205205
190969
203016
177769
196135
188712
195204
189831
192669
186673
185599
190232
196254
193392
187868
193928
194429
188256
198040
207781
190814
183507
197431
180978
195486
186383
195734
191442
202394
191273
178546
185311
199335
178814
178839
184565
207729
196866
193951
189438
202696
182969
192305
190481
198492
187147
187137
180486
201064
180190
193287
190326
195186
195714
194110
178417
178050
183399
176363
179159
189413
193637
217381
183646
190067
184851
194669
179097
191809
195482
187068
197151
178386
192261
191421
198159
192631
198315
198326
190690
193809
189293
185722
183653
196232
182438
207681
191365
181682
190255
197756
197511
194292
194820
181627
195922
196411
187660
205351
197674
192927
185129
187668
208849
186806
206435
179906
177190
174573
198061
177640
191852
195374
188459
196607
182071
197306
186574
191416
195233
210099
182582
194429
198526
205544
179162
194088
196007
210278
186870
195377
191961
189632
183448
183066
200352
187268
185549
190359
183116
185598
195046
196802
193507
185571
193180
192667
186373
252602
184651
203452
193327
189548
179139
189439
188334
194174
184601
197541
191511
202737
186534
190753
192980
186798
197221
258759
183620
194859
183109
203903
225474
198142
183583
206991
179762
203799
182573
193081
193088
198834
185195
187734
202770
179351
194153
194853
202543
189240
184735
196535
189026
187464
209758
184156
179654
199627
187286
195535
179291
177694
178972
195498
186339
210889
185755
193881
183807
191456
185933
185372
182532
196537
179960
200257
183723
190887
190302
198204
190056
202418
186221
201976
205438
207737
189565
187705
193743
191986
210419
191628
196574
197587
193793
191430
186091
201514
187936
195502
187664
186468
187413
177173
192372
178828
192810
195073
195055
195177
186589
184403
182242
177899
1768374
227390
187480
209619
194794
190429
183625
202865
181720
200284
185712
195914
183900
189653
184533
192304
192850
186251
204784
190785
189879
191911
178381
181519
182413
180990
179687
208464
186014
186926
194725
193678
192771
185454
193357
210365
200266
188283
198011
182389
183404
194260
190143
198620
187014
198749
185385
179658
193246
176754
188773
174327
193208
184927
177409
216999
188526
189558
175101
196460
192131
198418
200390
175657
178499
181458
200606
194880
195863
193873
176239
190006
197758
186489
187918
184246
197187
198764
188193
190888
199947
188575
194378
185849
181586
190520
193393
185167
176754
192643
182751
184311
198499
183452
181329
185058
190270
186977
205044
191637
199944
180016
207514
182074
198510
191042
187501
197498
187683
176269
189717
185576
188672
185747
188619
179977
210354
194355
196635
205431
188628
199975
200551
212685
190712
201337
222080
209510
215910
199003
200724
187056
180666
203231
199967
186176
190529
185147
194255
198205
189629
199542
190754
186097
198616
183664
181597
179157
184139
180564
180272
179976
181413
178823
190043
213233
171552
193464
193093
213586
189122
183047
180008
214471
185833
186134
184409
188550
190603
202079
188086
193169
208329
199092
185590
203290
190678
194337
194133
195994
208022
195000
178229
199756
196042
213811
192266
213632
194648
191772
183620
201757
185263
201065
203064
190582
188152
190203
186021
196706
193868
195932
225137
185668
197822
186291
190158
199553
182733
200218
194759
214036
187420
197729
195251
200510
193980
173604
211201
206394
192367
194552
192643
190504
188976
202948
199100
190991
202302
184913
180343
186632
176250
195726
184981
196855
187754
198485
184391
198385
186502
196460
192221
188395
188131
198188
185258
210522
185059
196215
187520
198558
190371
196548
188514
192130
204137
190087
184561
189170
190521
191027
194125
192046
203774
185394
198719
193649
196786
185148
199816
215307
198798
190791
190366
183234
185283
179672
204277
186903
194536
197432
188312
194367
181402
193330
193701
185705
185559
168638
192895
187609
187969
200223
191302
194071
190510
184457
198429
191282
197566
190535
187947
190115
201146
195957
177477
208453
194584
191588
189307
188325
199590
200979
190129
198323
190989
189291
192438
183885
188334
192596
187558
201295
201214
177080
197943
187775
200681
194090
188112
187175
196088
196935
197688
185539
180542
186531
192148
179095
200998
186194
181229
179823
179603
178806
185873
182932
193357
190446
194477
198558
196501
194475
197944
206580
188290
188885
196295
187444
180878
195602
245929
185812
190444
189540
181975
188901
188470
184993
180926
194213
184977
187447
200921
189136
188307
175378
204428
200607
189007
190688
189976
193099
198120
195760
201733
182737
182142
186849
196033
187387
194780
190189
179495
187867
188648
193137
186119
214451
184631
188384
186606
187676
190476
192268
188823
188579
206145
185461
194776
183187
180399
216142
188785
190298
198877
185985
187789
188166
187938
180942
179615
231211
188312
192152
189726
188769
184462
192360
190992
184647
188807
181714
182038
180302
188472
192123
192251
196196
187690
180697
193106
189378
198512
189577
184519
188461
190079
173901
181715
187006
179550
176783
178453
194119
189256
179629
199599
194900
187572
186199
185810
198344
187000
196201
190151
181358
191283
196293
216641
190482
200971
182569
182424
184495
204624
187244
190620
192237
206777
204582
193910
188985
195317
189880
179624
191159
184568
193774
186889
192545
185263
175080
198338
188457
188603
198605
195722
185098
200904
187245
188040
191645
201739
228923
194696
199837
191639
199677
185825
186387
185540
190198
189772
186421
184985
199696
184912
186728
187351
180449
191380
183470
181707
199217
192322
187532
196927
188480
188022
184858
191322
192723
189175
183939
187301
187463
194152
211416
191500
187804
195974
187251
186422
201385
199995
178975
188228
186241
193317
187784
188143
182431
189840
187240
190804
195203
185868
188380
190830
181333
181376
178911
199799
188562
191176
187202
194674
187564
203810
187428
205241
186411
186583
183231
181488
178782
197696
184253
196347
189995
200559
185337
196900
186881
198954
193438
205519
182288
186194
197048
194204
188369
184739
188478
183596
185456
204077
192556
199899
188444
192068
186610
189367
187551
180270
181603
195372
199163
184342
184773
177778
179729
193587
199635
191532
188601
189101
193872
192058
182393
182625
181439
176548
190215
196312
191133
184244
179552
177796
190217
189784
193630
191889
199320
188096
179065
210320
187148
205776
187044
189934
201040
184693
193151
186192
180217
181146
186043
193998
183562
196348
183767
197684
185043
179368
182430
189912
182099
184057
189173
193321
187725
203030
191301
192598
196030
189098
186278
188487
184626
178512
181128
189756
189692
197558
184965
205499
189100
201530
186269
203800
192500
194071
197223
199740
191394
209033
181768
186715
185206
189782
190197
197342
185517
197402
185718
187384
185409
205024
181266
210772
189490
187559
204410
190604
199445
195248
178846
191205
191745
192769
182512
180075
176606
197540
197631
197248
192494
196567
182787
191060
195289
209044
186392
200085
199174
192047
187037
186572
184096
182385
190584
188731
186515
181899
179866
193355
195280
189623
199411
199078
198241
199546
192761
182017
181671
187847
196772
187074
190922
186700
182097
189371
191952
188896
183551
190093
178805
191063
186883
195171
188053
185987
189003
203196
182372
182069
186182
191682
188057
187394
188411
196518
186668
187309
181316
188574
179392
184989
185332
180633
198506
193342
199178
198483
189554
192607
180924
196357
191037
188778
186724
194983
187429
191177
189237
191090
186041
212514
194349
180882
214051
189562
180039
187172
197629
186997
197729
190679
187091
186737
183856
185606
193339
185500
209459
183606
179406
188444
191424
182600
200155
183095
190559
190463
201717
179722
176203
193514
185561
180839
184848
178810
198252
190482
186971
202028
186525
170847
179346
218677
189874
180287
181758
181551
181659
177235
198172
189362
189152
186837
193076
188562
197239
189386
174880
182139
202783
198480
197773
204073
189484
203728
189805
190247
195046
184232
189781
182002
194110
183323
199947
186064
186707
197139
191894
189778
172497
193038
188723
185733
198161
185522
179610
189221
189798
172763
201421
191096
192606
182400
204901
184515
188988
193078
177741
185504
183725
176296
178544
188965
192037
193703
194633
191574
191260
190367
197825
200684
184178
184088
195916
189974
202116
180823
177919
181420
189550
178643
176203
191287
188681
180466
176933
190332
198447
185681
182167
188153
178324
173237
177035
190575
179900
202597
191326
186874
193523
193241
183491
205738
179913
197125
188612
185299
190278
199628
181730
188418
184372
174303
191917
190552
178222
202195
185103
184325
178709
189845
187641
189966
186377
190298
185983
185021
185825
186792
189701
201507
175076
196635
187936
188720
183103
205329
182781
215568
179868
188076
198079
190600
185119
188493
184735
190219
191372
184615
199177
184730
197507
184577
190607
184147
210343
187067
198003
194028
186471
197889
200984
186261
216031
189393
188861
187356
174558
178101
198608
192359
192885
185264
200884
183049
188740
183271
188076
181489
197081
200619
185125
187459
204858
183600
181752
187320
203030
182558
211001
197881
198135
193642
195073
190241
189036
183504
204381
188804
194376
186555
186582
187743
187969
187721
200840
190018
188356
183251
192922
190052
175257
195087
187075
191075
184275
183639
179700
193512
193022
207471
180980
205572
186600
192194
185974
184069
178735
188994
190877
187000
190427
188924
183639
196884
184743
189254
186942
185976
189818
199550
189181
181057
178120
186119
185405
197980
185498
190036
196059
202956
206394
183199
183335
201641
171846
188628
191933
187484
190069
185383
189739
189527
195567
190644
200201
190369
182011
188369
178449
191280
185916
186827
186705
181840
189346
194155
191848
194404
188924
178087
191001
211182
187161
183840
187788
186453
187940
185160
179426
180790
182576
182675
206040
180388
182121
194265
183166
203187
186357
186867
180377
193337
184667
206282
184762
192690
200567
203448
195115
200369
190931
193108
186914
195637
202437
199714
189562
203437
188952
198394
200980
198108
187840
181678
202107
182775
193848
187283
191321
182415
189777
204755
176279
180058
182648
201707
191313
207693
201657
195859
196266
186922
186236
188886
186613
192754
187860
189575
177010
176821
185912
183081
182045
181446
177701
177472
214415
184088
192154
190322
185073
197964
186174
185552
194844
198235
187425
183498
190730
202314
201787
193793
171050
190175
197497
185870
193324
183701
193779
194839
180389
198060
186383
183990
186440
195048
184064
183660
184892
183524
187665
180607
187355
201983
189038
179187
180209
180659
189285
193567
187941
199053
190005
197258
184839
182139
186986
186858
171582
197154
196751
187383
185924
179092
175763
189412
200148
187745
185902
189426
181750
192995
191508
228038
195997
186882
195480
187188
199834
182652
178991
199247
199379
192055
193265
178518
186799
196497
190622
199549
187439
210612
186434
196066
180872
186714
192401
184372
194278
198513
196454
186664
192831
194819
198979
183105
199814
201523
189282
189493
194518
186686
175898
190190
197625
185076
198718
195157
188039
186238
191615
196007
194187
186766
197066
196997
193659
178405
179637
196513
183620
176536
184067
186336
179298
182453
181314
182218
199064
185286
201519
188081
197864
191150
201280
194273
197391
197608
208303
210503
197742
184094
185955
186236
192202
200907
195421
186287
182692
179178
195491
187707
191544
187095
189661
186164
212490
191579
181017
202978
187095
181419
203452
182394
189200
199512
186584
180961
192183
193493
200219
184999
182898
182843
192716
190002
171437
209853
187105
196682
195257
185266
192781
182214
205244
183058
197472
191844
198030
188459
209181
182671
171723
200654
188771
181171
176443
177498
201647
197245
193709
202579
183006
198874
184703
191227
206446
186672
191762
189486
181161
180245
197887
187747
188206
218895
196522
200839
197388
186516
185406
176760
180610
172007
181133
179052
187349
185074
176538
186149
190771
180219
195991
193975
174547
194722
181662
190170
192128
189523
182045
183436
174802
184220
182690
195929
182572
195295
180476
200601
182385
193402
181728
195299
182944
196495
182827
202098
184215
175840
198107
183940
191132
189086
187267
182964
199769
182481
198194
178363
187149
186210
189838
182205
219534
207998
184931
211812
190828
190141
190209
193750
181231
194458
183808
198527
187117
185701
188752
184607
202234
204050
192761
185270
199859
187497
189211
195535
184917
186548
183568
190663
176226
192196
180466
192512
202388
192523
194490
192964
198044
200301
196302
193940
194391
191372
181841
197219
185781
191283
189087
198729
181988
190410
187124
193746
182754
181154
194358
198893
192946
188052
189577
191375
195106
191436
190399
187218
186389
196280
184807
195011
197458
189534
190964
186961
186754
187269
185435
194022
185849
177095
180580
187717
209658
226480
187324
195856
187982
179928
180635
184507
200282
185070
190322
180721
178937
204632
185255
195216
196545
761957
194450
201828
210763
187040
200590
180885
202981
201140
199387
183161
196918
187351
191539
188225
200589
201744
192617
189338
185366
193374
202208
192952
205290
184732
191137
190242
186824
202024
191330
189390
191780
195530
207933
191287
184250
190698
188772
192870
188014
201896
228327
199202
184049
212242
185083
198739
190387
185180
200261
199475
201014
186054
197760
195874
200725
194713
193619
646601
197133
210643
199161
190642
209853
192692
189291
190725
180312
195841
189866
190623
187267
187613
207608
193630
206345
188979
181368
183554
197790
204126
186201
209307
200323
194812
194105
196878
187623
197330
200863
210710
209557
201519
203382
201659
194340
189962
195523
192009
185280
188330
188547
188256
196277
196366
197344
184307
194341
197151
197333
194205
189653
189921
182807
207377
185372
198628
185588
189557
182693
193872
186534
191346
193203
198108
183578
190867
187170
186660
186776
191261
188362
196148
195305
194867
185898
180405
192207
184602
200981
186426
200518
182941
195072
177001
192550
188083
187350
179423
193785
181544
183318
196675
183216
196040
192310
192267
189088
212554
192202
188324
187714
196330
189495
187147
176693
193359
188187
188423
203121
186411
199986
203674
205147
186658
199912
187023
195665
186753
198921
200719
191297
195048
194937
197020
187053
205226
195186
190399
187963
197382
196582
194693
185845
204701
188380
205203
185898
192404
177307
196372
177097
191398
180744
181418
185834
181645
185165
213512
190727
198035
196118
187614
190075
196498
181682
198360
191950
191752
179078
174676
198696
186719
198620
192101
192907
193794
189704
194372
179035
183015
193599
196478
196926
195322
178262
172069
192861
197180
179332
208688
176061
184960
185735
180589
182014
200118
187028
189418
197176
199577
189360
199846
189707
190945
176789
205530
176023
189807
185613
177002
173395
173250
178257
175139
176943
176280
172989
199350
178745
192895
182289
187671
183649
191031
186753
180863
179437
181501
185025
190221
202864
191618
197776
202540
201232
188530
200674
181725
187583
201262
193690
183404
199761
192574
198660
184340
196966
186546
195569
199521
200893
200010
199458
190850
194932
189878
201714
180626
194941
191213
195532
186559
204927
189058
195567
186548
225077
195179
200120
187566
182588
192373
208376
191362
200436
192369
196236
192450
187144
201075
186854
191156
198967
216206
180074
173993
198903
187530
189165
194961
197770
191495
197625
188432
188698
211712
194282
198716
180703
186999
192590
197843
189539
201798
178855
176318
192538
193328
203731
190960
203662
190019
184431
190476
197227
191325
196432
184782
190236
173459
173876
172017
185934
199124
180754
189902
187746
189664
190511
202045
185420
192558
189125
205752
178800
172331
200164
192760
180627
195012
184526
179920
194016
182443
198291
178563
172518
181878
189657
188321
180396
181327
193355
186210
199447
196994
177500
202161
194573
195560
194860
181281
178823
174867
174300
178136
197875
229294
179423
170764
186915
194354
194932
201577
191901
180078
202414
181712
201678
195943
202819
189492
186491
187160
183370
193510
181570
196800
194506
182964
185403
207221
191497
204791
194239
190275
190750
188937
207360
178490
198629
200122
172425
197329
185092
195355
183988
176760
192289
183614
191638
177631
187849
184363
181840
181387
192558
184796
197191
178942
171956
175122
178237
202481
188838
189625
182755
197992
188304
194491
184644
200940
195674
197310
201394
194506
199249
198114
207957
188901
201465
195376
193232
199837
196997
207901
178980
181440
195202
176799
175463
197212
185972
179631
183111
173888
190423
204707
178624
196074
202612
175469
175166
193646
193609
191768
207276
192671
200998
192324
195295
176924
191080
190946
180097
185764
209351
207820
200258
208677
189792
205929
178147
208221
199270
205014
185251
199004
221920
198932
180504
189466
170734
187502
185340
199353
186529
197100
198030
193856
205115
192031
208889
184948
196949
189900
180145
197269
181189
179854
180518
209575
190039
201490
184648
175906
186539
177407
195870
203963
180696
199650
181296
175877
190917
197317
182942
192291
191396
185425
179898
187022
183626
180857
184155
195421
187534
204257
200616
197125
188152
192413
194058
216363
186612
186784
197878
195127
179419
199446
186275
202273
189681
180347
180625
190254
187096
189606
183555
193833
201648
191662
205556
190856
194802
182872
208834
192575
197281
205209
187843
198906
190301
170983
203344
192062
181267
203912
203423
177036
201791
192984
193608
194809
204312
187395
194147
171102
196874
178948
193890
185424
188562
216003
199916
188760
194001
180036
197075
180256
170319
193311
189173
197551
188247
189460
191153
189667
190990
196124
213445
183545
196167
207008
183734
187758
198037
211862
192825
196854
193375
210163
189241
182937
192296
195354
205872
203626
189305
194645
200253
189539
186575
197846
176253
193858
207699
187751
184861
194907
190910
187268
176536
211651
185182
198384
205710
182330
189800
193941
195934
191570
187367
201665
191859
196132
180177
190566
186573
182618
207300
196293
189518
193661
192072
197767
184633
197980
181104
191560
192659
204485
192952
195596
203115
197281
198343
195897
192719
186985
189159
198860
193422
198343
194558
208387
192254
216589
195069
199468
185588
188364
194225
186517
188299
194051
200137
180954
176207
197203
194406
200151
196879
201337
197910
187509
193246
194376
189131
192878
191294
197353
192833
192873
196421
198435
193238
193458
213810
194612
197425
197825
179538
198030
190323
163679
199514
189499
194497
189634
172945
197376
191514
199176
193480
198987
195009
193461
192943
201737
181106
189052
184191
201353
193550
195294
202449
177765
197934
193178
193647
189151
189830
196730
193795
193824
178589
192968
176383
182444
209015
185405
202844
196381
209525
180271
190035
192128
237111
189725
170934
180554
177806
198674
177661
192196
202410
196026
190792
192247
198507
177330
189702
200383
194730
192749
194959
188649
206716
196150
194133
189643
180015
197060
194175
184692
202647
183799
202406
187074
194712
211393
193792
198485
186918
200180
200952
176614
191374
188368
179490
198145
204441
178575
205748
191965
195097
200689
179550
190261
194255
200655
199797
195938
195002
194681
190896
218636
192957
190323
193327
179682
198883
191986
183606
177062
183793
198019
184015
191259
194454
196062
193584
196878
198312
192543
196971
199797
197192
201190
193459
178689
195690
183901
192398
192017
202241
188758
198956
190469
195324
209135
195722
179060
201923
179874
193682
189629
189358
175974
190160
185929
205950
184819
190717
205068
196377
208728
183054
176079
175651
194713
178406
182657
179773
175270
186327
179324
196659
180499
186839
183096
198000
187734
171676
172027
198590
195432
186880
174887
192430
194436
187200
208665
196211
201213
192915
195926
193541
192387
196883
176511
237967
196569
201971
189802
198635
190248
184155
189871
200221
190460
197416
197133
190979
178671
172744
180864
185201
173505
178415
201773
185636
195013
201231
190005
191481
202841
183019
211204
193958
203299
178362
177501
176680
177673
198778
194775
201691
179135
184147
181050
195885
186350
193879
189727
197978
201044
181320
199177
185040
198502
195625
197322
186625
213626
189983
196890
209027
192798
217763
193858
190765
193657
190928
194968
203741
188268
199516
192184
193294
189999
194537
188719
193822
191249
205498
190484
191362
186733
192802
192123
193981
188900
188655
215348
203240
185273
209681
187066
201426
190262
207468
194234
199019
209506
195796
209103
206003
187552
191354
189573
206236
187010
182642
190883
190665
190995
180433
191466
185323
182497
184460
184538
200966
197663
192815
191308
194024
190737
198174
186607
194872
194779
182867
185412
181379
216520
190402
189010
208328
199216
191378
188482
188455
176491
207893
192277
191093
194359
201891
196964
181244
189375
201344
186652
197057
190935
199455
192408
199697
188857
199895
196249
200165
191923
200392
195057
187511
191397
189482
201899
188364
191996
189912
185693
200007
191847
197319
194950
198687
190630
202750
187984
208679
189424
191800
183760
196035
204686
189456
192030
194854
201605
179861
196689
201097
190925
185225
200083
186049
201300
187527
202909
196865
193751
188301
193880
183994
192746
186845
188183
204075
187705
194768
190314
182323
191292
192953
186294
199649
202339
203091
192591
206825
194399
190709
187736
195061
182993
194383
190796
199904
177383
181291
180535
190630
196282
203137
191142
186785
201590
193343
189573
195780
190998
204452
198143
194952
183462
193626
180804
184523
181919
179626
191983
183707
201401
191517
200121
196065
197651
199095
204186
191653
188905
197632
189449
191112
185471
185543
192181
191835
188053
190319
192399
197586
190660
195128
197077
199335
202391
182202
203412
195046
206977
186878
199325
187036
182991
183574
191176
189583
200201
189101
187872
193871
186711
193287
192601
181410
186226
189916
183371
182651
189542
209199
186256
181256
192916
187862
190293
192551
192716
190446
189183
208168
186934
202510
185811
177650
190843
200704
205513
195600
197564
183588
189829
191136
177421
186573
190747
197902
187226
195776
183202
189299
201733
199797
216578
188863
208229
183529
187035
213218
184011
186160
191910
182484
180174
192436
195367
185275
179723
186735
200898
192233
187555
187259
190940
192058
185958
184572
187788
197529
188517
189776
197173
191704
184837
180452
190501
180953
196876
183156
191351
179450
202180
188506
180484
190391
191183
199324
188630
187499
196771
202042
187342
175172
187413
183865
192386
185942
180964
186647
202779
184705
186988
186806
180260
187723
205291
196521
186270
186467
181640
216706
197914
184472
190153
184746
189137
185511
199371
198185
195786
197982
183712
191764
182863
190681
175314
194648
206837
210299
186915
186213
182064
180403
186862
181115
180680
192085
191095
196552
186857
194682
191392
191671
179949
188632
194893
190260
189788
192418
194390
203724
182506
210298
181900
188530
184261
186195
187517
177596
184713
180763
212883
185440
198656
183174
192109
207440
180528
185812
227192
187906
178181
179139
197658
185150
184469
182592
180258
190483
182180
178652
202855
190556
200129
183295
192225
200173
188114
180104
211117
184842
200288
187135
199562
190054
196605
191784
194928
189635
189674
207013
190790
191911
195813
196670
184472
183187
200298
186707
195861
188330
197598
187207
203775
181490
184445
185280
188211
184264
184879
202451
174251
197725
204190
196320
199327
207176
187122
189546
184213
186263
189180
187062
198919
189838
181920
200552
194405
234055
183800
186632
193287
194863
198786
185482
202831
180439
181378
173469
185423
174108
190062
182477
193926
196204
182234
176699
195519
186708
194571
190216
188529
191700
198078
180123
212966
188063
194706
195279
188748
181675
182922
186721
197719
190751
201514
179335
186362
188601
205773
194643
190731
192057
206485
189044
197589
188672
184161
192326
185502
191199
192055
187308
187427
200620
182198
199844
186829
184073
179653
180688
189512
200655
187964
224136
185316
188705
188930
199786
177489
184015
186049
180798
188043
182283
189023
187465
192232
176494
181683
175833
181344
185189
199400
178040
199594
198475
193836
183222
179966
179382
183827
179728
190835
198976
187443
191672
194923
189123
179722
200194
198593
201704
184324
192932
185342
194010
200985
190509
197261
186264
178844
187552
205172
184415
180318
186449
176261
187018
188597
202787
203662
187627
184316
202034
183970
182939
187286
189928
185183
183462
237657
180090
177377
183175
205282
186813
177683
177422
205889
189706
187050
183833
174900
191843
182528
178902
191772
210133
194541
188317
198929
191113
185448
184838
177202
190637
191728
206915
192129
177097
185123
192426
182737
199560
190112
193110
223727
184157
195997
199532
187720
182383
197780
187736
187139
185872
186209
183721
175645
180658
178644
185216
187933
190460
180869
179014
174438
183677
176014
208406
189404
194299
189008
202757
183124
190161
176321
201890
192933
186035
186511
187707
179140
182055
188831
180083
189852
187623
192570
180714
191759
190865
179457
189836
185645
176801
197538
199164
201741
181634
204634
181554
199970
185193
186625
180480
198505
185872
190933
192120
198719
197165
193589
185332
187755
193676
193545
190862
184518
186346
192174
188044
199600
191368
191357
192074
187165
203790
178483
179329
183599
197965
187134
189569
178130
185465
190152
187027
193394
184871
198690
198594
190292
202668
206598
206451
180382
185070
185766
197476
184137
178190
176231
183683
176156
193018
193737
184470
182192
185642
199107
200720
182160
181192
176127
192278
194810
196118
187338
228835
184747
189536
186315
180917
207612
193961
175845
192535
176858
197462
188036
197416
188549
205621
188993
188917
194519
209289
200212
188704
190474
184740
206041
198093
228972
188286
185226
178724
192282
187074
185076
216829
194347
182236
178488
190060
192726
191478
201267
192969
187935
188870
196626
191197
200051
185608
191393
197820
204616
195442
194026
182535
186733
193228
184689
190564
205512
181298
184466
182869
212729
180818
183676
193176
179685
191432
184326
199786
187688
180114
189205
185313
196624
184294
193651
182623
186903
205291
211378
183226
194639
184710
198342
197786
186925
186935
187887
192182
179955
205838
184776
191237
189896
208696
197658
203121
182708
180672
204239
206164
210878
197363
192402
194070
190329
194843
190303
231186
181435
180466
189958
202952
192371
190406
175871
196838
177835
179013
198537
187263
185959
205247
190309
190231
187441
209179
200826
202466
188961
195469
186631
184654
232434
197962
191502
192522
194516
197281
201269
187818
220465
201011
195913
212227
192391
196554
196380
195491
183565
192416
205660
193210
188704
207124
199134
198904
187033
205372
197599
214187
200767
183794
191303
181273
185042
203328
196404
188838
199465
203890
187854
194349
198869
190550
198720
189576
189339
198496
186800
185606
179150
181529
201262
219402
202680
197219
190934
183836
184901
184183
198465
186459
192987
191607
188083
183682
182873
185069
197077
196213
184721
214183
185610
182511
193745
193072
195526
198728
197626
184756
197715
181963
178976
187325
178318
181269
190356
225843
190058
192848
194202
194778
184405
192132
207121
198678
182654
182624
191594
179441
188336
183259
214986
190257
196003
181756
209023
181192
215874
205466
183056
192710
180294
186350
204826
195797
177420
175600
183641
205061
186054
187568
200755
183933
199493
177744
197026
185298
195724
179970
186379
172232
187843
182397
199411
192875
211583
183489
188618
187764
197091
206940
187511
189161
180669
199075
194468
186311
188457
195175
180350
210537
193894
212020
189378
186773
188398
222566
204150
202329
186281
181552
178537
175599
186166
203911
202529
193046
194108
187678
193366
203547
183542
196515
189486
209963
199523
196543
186165
179998
181714
177779
180054
177922
194009
187915
182012
191715
202266
181757
192583
201735
205311
182509
186398
201667
198301
181231
203084
185759
176628
186004
192457
194528
187753
185174
185466
191523
188723
209014
179018
177246
189912
194829
190158
188446
196093
179859
203154
176130
185423
193535
194946
184170
195896
186970
187789
185388
195895
195047
191102
190152
189121
195916
184900
197061
177036
183639
186919
185555
193346
192413
186712
183087
187447
185863
192526
195481
184036
187357
183010
194986
194742
185410
197554
188153
183382
178074
187703
188847
195430
181859
201122
183228
187626
196856
190652
192723
205380
184216
187271
209893
185467
188020
199770
187125
184892
174117
197024
183318
174418
189201
180198
178166
174384
205038
193849
200201
212261
197498
185666
188636
194122
185636
187750
184004
176951
198229
186444
186083
181969
197059
195804
185326
186444
191428
183116
188744
180671
184672
181545
183056
180503
200350
193434
190424
179609
188048
200025
195470
187984
178405
185336
188158
198142
184032
197977
178545
192209
184673
229906
182883
185593
210429
207267
189704
172443
190174
181285
178285
184927
187598
182598
194188
185209
198184
180423
179859
186008
189346
180337
215113
183288
189566
188738
193233
185975
186037
185093
185611
187549
186068
188721
183105
202914
193996
196123
192632
186422
214332
186238
185854
187748
201681
191091
182349
180721
196178
198176
186431
187210
200553
195543
183962
195300
192593
187858
187627
196751
195542
189780
186362
214667
182059
195571
181782
195709
198435
197303
177764
180094
1199204
196866
180140
198835
184997
182722
186640
183870
191527
188997
207284
189925
201205
197795
191553
183388
201231
177379
182786
197681
188099
173085
207458
183396
187214
194971
179656
184608
181881
206982
201222
183988
192853
184043
182825
206690
187853
180507
205849
184472
191052
187197
207838
182371
175849
191942
183741
177942
198563
182794
180425
186500
193321
201173
188597
193335
185018
188015
191026
182389
191113
181659
183033
222270
190234
191051
198307
195379
189013
188103
183696
181973
183133
186572
179771
192334
186772
176347
180818
177049
192933
201202
189653
187307
191248
184789
186131
176348
188657
186071
192621
195108
184896
173077
185415
186853
204615
197612
200426
186957
193807
179815
191725
187889
201473
208583
193890
192720
197695
191151
198370
182589
189207
229672
200512
196840
209005
182755
192853
184352
200481
185494
190340
183136
194327
190260
171062
202218
185890
196792
199634
190642
196065
185572
194226
190032
171985
200298
182290
190533
185496
192910
182114
186629
190904
181449
193024
183365
179807
198676
190693
196098
178918
190166
181411
210982
184607
209682
189379
176402
202366
186198
187888
188112
190599
214427
186687
186012
176141
183678
189340
184338
203372
180779
181549
186052
190398
187789
198299
187365
196317
179693
199181
350130
228734
200881
209193
188073
190173
185147
184939
201617
194052
212111
189346
202318
203271
195769
196805
191251
192664
192037
178912
191615
209260
197631
195625
195605
200149
190443
197272
191479
206373
200654
196719
187441
192000
186559
180191
188622
199701
189350
213927
184722
181634
178232
190003
187152
197387
184454
184314
187482
216609
187632
197620
187732
212991
182534
180814
179566
179957
187919
189148
182787
196226
190459
196602
210655
193595
199556
195774
180801
188377
200532
187205
192113
180787
191424
188291
186123
182853
188353
195222
202597
194706
176682
195928
177461
191360
192417
191087
186708
188559
187169
184901
193975
194688
186987
192248
210386
196271
200244
190256
181430
197698
197582
191905
204531
184081
229957
179588
195304
186953
190044
190870
189656
207428
197702
195949
192123
200017
190029
193424
185018
186918
240830
180823
176890
210434
178104
193876
194575
190850
191911
190437
196555
202962
190843
207272
175702
189892
184607
201931
187699
189413
197094
192831
190539
199212
183992
199281
191183
195307
175871
184604
196147
195248
180251
185009
184406
194511
201254
203365
196666
202806
188662
215163
192463
207213
192681
179620
204867
193871
210342
177408
194077
212857
194820
189910
179307
178471
198096
172750
198812
228963
214430
192720
202347
200631
205676
186514
217134
177715
204355
198877
192685
200025
200968
197323
194397
188635
225127
193158
179363
188507
185850
212368
175647
194743
191675
204144
194784
194206
173950
184126
187975
180952
177925
213622
189230
209457
189902
180845
180538
199657
191827
209438
203758
190224
192773
200686
199602
212299
190469
196808
192068
200751
180621
186958
175368
184093
171262
190594
179597
207981
184019
202528
177723
211929
180456
206681
226859
198248
182663
195011
203171
190327
189872
197149
182814
198729
168793
184608
174400
178153
191210
187923
199143
195442
195981
190507
191483
190059
193162
174943
190636
188360
194720
203766
196652
193551
198455
188599
189821
184652
198510
189794
201924
188792
206778
184090
169139
175848
216261
182610
190522
194515
181383
185740
176203
177820
198602
203119
190089
202755
173592
183149
169402
178066
204364
209408
202945
189271
180376
180735
195166
182334
178500
214006
177248
206898
189704
184336
184257
197750
190353
211805
199100
204579
189110
188252
171693
196284
189925
205312
209046
206533
181745
194437
194712
191108
183818
192306
202247
194474
186983
167321
205350
189761
204912
190243
205298
198112
187587
211082
184939
205873
192778
211593
191188
217427
180983
204792
194074
198224
186637
189941
205475
199183
184396
203928
189888
202020
189068
186665
180311
196439
199229
190137
174999
200992
175749
209046
187611
211690
172219
190205
185730
204006
175596
194153
181540
202250
189674
191912
193438
199660
218574
175470
195053
178920
188217
193226
195887
177122
227944
197459
179757
190301
195010
172051
188677
199530
189861
204080
206405
202075
205549
187302
221315
197656
192281
208860
179125
201967
190986
209851
173667
186010
176772
198850
175726
204558
188636
204779
175294
205764
194952
215006
197978
206866
185461
209978
176648
205894
178317
195317
179375
185614
200677
191658
175403
192387
220947
199439
199601
197335
208933
201596
189628
173161
197011
180838
212241
186295
179661
210285
202758
201718
193134
206729
190872
203677
190193
198782
180203
214892
184418
197470
182208
174241
194795
191383
196153
184062
194285
176504
175525
194222
187995
170800
209326
176183
176813
186032
186487
205570
210322
185638
203427
189619
191630
184724
232971
202648
195459
177075
180011
188030
200423
197475
185718
214857
189652
206385
192722
177844
203594
190703
173666
219533
195343
212662
183373
195424
185828
209818
188719
190677
195892
195716
192522
197171
192551
196301
205465
187703
214447
209720
194818
186814
176606
185177
193251
192586
194583
195843
210726
194013
203446
185460
212552
199725
208591
219030
188804
202258
183837
195187
195667
189829
193769
196007
193232
182724
199137
188766
203133
190770
198506
192852
212590
189863
202921
181806
210873
186958
209882
187886
213554
193616
204377
195898
199119
189100
185426
196171
184825
183965
195229
181778
188805
184534
179174
200973
187968
215007
187824
178254
178654
191835
187728
176152
199038
194266
188565
188820
182376
199426
182719
179315
176669
188833
219969
197820
190389
198448
186124
188987
182673
177675
178388
189589
185974
194353
182896
199163
188773
182978
179143
199100
189759
181639
205650
182369
186241
187692
191961
185111
203990
182275
179924
189999
191544
181704
192409
189849
181169
179294
201748
183231
195479
185174
185393
192509
213254
209071
186106
192741
179884
200766
190467
191697
194567
212107
194071
180049
217487
192280
192904
194569
184738
184671
200882
180627
185977
187078
191564
185749
182832
191337
214376
197059
194890
186110
190894
175595
177573
178096
192278
179376
190322
175146
195262
196585
196297
195614
186729
195259
196367
189967
190672
185127
188458
184636
175178
187901
190309
182668
189504
186777
197158
188691
191647
180478
200948
194069
182045
201540
186234
196233
212658
187969
175611
187397
187590
193006
192970
201363
185359
202818
190700
179537
206730
183321
212542
208871
201440
199724
203547
197745
209529
181846
189349
177816
188273
178865
185552
197031
204417
196658
196635
185917
205551
191065
200795
189839
185766
201548
191542
209163
186046
202550
181273
175512
203862
188468
195850
191020
211891
196575
186798
189119
176214
185501
176243
211818
189774
187338
187814
190363
186404
183036
209628
191811
204006
182841
195647
185936
204677
189357
210446
186394
203560
182284
203040
183145
204958
189132
198489
207890
203464
193937
192436
197036
182228
178410
189651
186397
192925
183852
195691
180383
202067
185940
203234
182682
200193
190005
197633
195199
188727
205018
181980
203293
236167
199847
192811
193369
212037
200705
207979
181308
188820
206011
186992
212795
191660
203869
186444
193278
177755
209205
211934
186772
193243
197318
181316
202871
182935
188018
196466
193026
204739
184525
208936
187624
195310
181357
210880
188935
200097
203950
191048
197881
184284
205752
177562
188852
190791
184522
191402
188660
206250
181703
189983
232438
214299
183444
209003
200877
194069
205924
197022
188749
194788
197297
183038
197954
181613
189093
208766
200092
246669
184520
187744
181168
177507
184742
175377
180489
195773
191954
187455
189920
191137
196254
183539
199546
184089
187307
194510
201462
194908
194624
189204
187796
182976
176305
222734
182841
192598
210162
201239
203481
182160
193236
180530
207214
200322
206395
188260
187474
171271
196671
195342
184664
184301
188697
196934
181552
187567
181490
182336
184086
202434
199221
188460
205926
192111
189614
179578
204580
182172
176840
180798
188806
179339
175487
200253
182463
189788
213201
195118
203416
188761
194097
183574
193568
181992
182732
218275
194312
196715
189779
181805
183838
194610
177769
192794
197855
182206
179496
185644
176717
188805
205796
199831
205865
182957
178961
198202
190643
186442
185776
183966
194435
193281
198696
187236
202419
180305
186947
196220
180212
190313
187157
193344
202970
191473
194925
189574
195707
182273
183482
194091
187396
183820
200405
206463
188056
185701
195043
187616
198466
183034
200794
183417
199235
187142
195530
191362
200436
187447
191129
182716
189711
188546
183891
196936
204301
186960
188671
192150
188109
188647
200921
179826
200140
201665
184366
201044
183157
195046
188141
194271
186880
179706
184760
187039
201375
180625
183929
180236
186610
178339
207987
183894
196905
185742
172933
185631
185501
197098
190679
197416
189678
193363
176330
175899
175580
206831
192615
189919
183937
186130
176230
195094
188089
201121
181962
200420
193689
197148
189888
186656
201940
188239
196638
192174
184442
193264
197926
207740
180321
184902
189951
184320
191141
180875
183123
188190
185793
186420
188944
180118
204528
186515
205544
189585
201165
193537
208959
184687
194338
233270
219015
187019
206978
179573
188264
175272
183628
205003
197814
207878
179130
197490
194812
185651
194432
201306
210833
204217
189292
207859
179041
197501
188979
186025
187359
207727
191264
184659
205011
198944
183650
188036
186493
200764
196917
189814
208210
194171
187870
208300
181095
192321
188018
201779
177122
189480
176970
192442
209883
180885
217300
180091
208905
190466
201603
179543
186168
188087
202722
192645
206952
204198
208219
194447
204802
191016
193693
220594
185280
188128
185900
197764
191956
200413
200973
198872
205222
179432
204994
183363
212259
180931
202549
194170
206701
201127
189029
196182
199979
195796
185697
189244
198374
196451
193230
211307
194186
195168
197030
194227
196636
190805
186632
198950
185638
198224
182475
184070
187873
245027
191430
200174
185220
190987
180329
202339
189431
190617
191494
197974
190170
192594
185101
178167
183506
185656
186885
194532
186814
196429
209816
195515
214432
193641
209822
192197
203543
180237
192051
200136
189098
191751
199643
184986
204418
191932
193560
203791
184970
204714
207927
208855
185596
190675
190610
183190
188273
194229
205030
195583
216781
190620
191800
197274
212866
184241
186502
191519
196902
202231
186988
191097
182971
187763
186431
182685
190859
202040
198519
197887
194566
205023
216652
183852
206333
182956
180278
189272
204070
191277
185113
193239
191537
199619
198098
211090
193101
204609
186705
201722
187431
213447
195040
205190
185781
202144
183917
194501
195083
203004
196357
186023
187824
194431
201085
191425
191462
186951
208185
195286
204113
183955
191805
193335
187653
207001
187916
189725
188426
208740
207945
193036
195855
192105
208980
198019
217493
185998
200934
191586
204182
199418
182459
200398
182462
191061
193491
209903
188111
210611
192606
213718
192787
204782
185719
184745
175495
177397
179146
210354
189276
223033
181453
204875
183063
206563
184666
212910
187631
210280
191080
191754
212583
194184
198461
208368
196283
209225
196288
210256
191744
200646
191629
183374
192524
189805
228588
184250
185032
189364
191758
196377
194043
197720
208116
197913
203449
198071
208757
186699
195605
192669
209097
191318
185064
188986
193459
192185
208076
189698
194368
201105
204406
194308
201853
194035
205333
188796
207996
182011
219544
189506
211290
191102
191314
181392
193964
190920
197219
186823
192231
209049
199779
192298
196208
208480
200581
199737
192943
194248
196657
197775
194725
183661
194885
175185
201780
199130
220238
204905
193468
206223
203767
205042
190423
212605
189074
201794
187568
182651
194199
200422
235919
186445
185396
205736
196460
200954
182844
187959
200932
198086
191719
195607
193549
208133
196105
187632
196779
204372
192289
184428
181580
188106
192162
190488
180080
193139
191283
276178
186942
189968
202021
190790
185128
183735
219127
185612
207649
203165
208288
202588
184702
195220
187263
180799
190162
179215
191812
176762
187485
191651
200647
220049
192102
195688
203166
198066
201507
182037
187484
174912
212789
186380
192411
186133
187141
190483
190217
188467
202677
209161
188247
201300
178756
197808
180716
190843
188944
182823
194927
174565
179538
175820
203762
183772
200897
215021
188548
193414
196519
200853
180630
203291
183468
202420
188322
207377
183989
205328
187773
199381
180267
180363
219621
195684
188837
188494
203374
184332
185839
180461
184048
183550
203256
187482
190185
185064
184267
175028
183320
196090
186604
187797
201211
184258
209331
186459
204522
189803
197697
189348
220877
183836
188419
203914
186192
184665
195333
212680
185641
197033
193173
181660
199570
190604
196875
207012
200790
187190
181535
206212
191299
200215
181910
207819
183390
201629
194297
200922
197599
194121
186943
190954
202793
185694
211958
181526
196713
183071
208342
185507
214365
184516
189366
192485
182769
209253
180004
187348
188659
199069
183078
189224
194201
198916
188370
186017
182167
206972
180511
201638
179212
200401
193032
200130
182243
201653
198070
195398
195099
192065
204883
187171
189392
183353
213221
185734
194940
194605
199746
190245
200842
185124
194925
201091
211975
184041
203482
180200
188590
177861
197852
198762
198189
184683
196594
185744
196590
203317
186392
178076
194575
178371
193553
185443
192308
201791
183736
182682
195124
186540
191870
194088
177436
186358
186218
209575
182767
178159
189193
183054
206576
185524
200861
180911
187454
211538
185330
191923
200316
186424
201084
182574
181452
178243
183594
192631
193473
178431
186273
200201
197943
186837
196924
203356
199701
203447
182996
197167
193400
194743
186845
189746
176362
203553
192435
187645
186603
191734
204662
202343
206877
210354
206196
187972
190675
185451
197446
209606
199431
199873
202135
189204
191842
178981
183924
188576
182996
180262
184108
188007
184374
178556
177728
216510
202599
183523
177078
184461
199043
181790
187866
188396
187977
190554
197603
193885
198634
185312
187360
181003
189018
196029
196977
201718
190592
185344
195289
185163
184311
202445
188302
175473
179032
184813
200799
191239
184490
181623
189871
199004
176814
193012
182318
195228
189107
184307
176837
202486
185191
197447
183882
195957
182312
190788
187518
207930
180581
177851
189235
200013
190713
208825
182818
206581
194008
191338
207693
185341
179940
183652
177992
210793
199869
204981
186704
179539
197114
194178
189633
186961
190789
184441
193837
195087
185412
179635
200663
188509
186672
175018
187893
190922
195778
196265
189819
198532
192573
192725
182603
183904
185214
199800
187028
192819
180518
201798
200757
189335
180182
213599
195610
191265
190751
182017
188801
198098
187563
199848
203945
191053
200415
199722
187110
214532
185566
202010
190780
182738
181855
175569
201530
181774
190302
186344
190450
195327
186088
181735
192238
176678
200191
199147
184572
202660
182158
200832
178032
187081
187418
201430
205553
187086
205954
208508
188384
216290
189123
197713
189700
181222
198895
182320
198091
187763
195304
189343
188470
202787
187875
203562
188703
206899
180951
184085
184397
192088
187474
202274
196522
190047
203932
195205
185391
187383
175903
193880
193988
184504
186975
185525
192650
185893
202594
181055
188651
186007
189711
187231
185345
182011
236126
184524
181287
193020
185005
200671
181859
213445
201021
198574
189288
189232
192054
192280
195397
185921
182110
192769
204502
184687
203109
183240
188929
190331
195552
185632
205773
196461
182635
175672
191035
185249
172016
213634
185272
208960
182617
187369
190728
206199
195247
213297
199517
182121
195841
179392
179973
188607
188314
198113
212654
195217
186640
200476
185193
186844
199915
186759
176273
192598
177177
208246
181604
186870
188224
204380
179258
220640
187429
209297
204555
204279
188343
197613
198957
187197
194272
188647
192209
192071
189163
207767
187535
184811
204827
197745
187916
183560
208925
186983
188736
177072
175640
203703
196147
191380
212727
181228
201713
179846
187666
202313
191801
202299
195890
204019
190484
206550
192127
185282
188615
201804
193868
185568
193931
185424
191332
202691
193177
205123
189222
210365
191378
203520
186055
209727
187050
200038
180560
185195
178716
185417
213761
381535
210641
198594
209594
185140
201984
181010
207125
188409
204208
182402
203216
193871
196806
1254602
192108
186098
197856
185109
188072
204222
181741
187461
187235
182992
188927
196442
190138
195611
206595
193963
191878
184997
182074
187634
181786
214142
183551
202268
182586
187111
185821
188266
176675
192277
194675
190651
192047
3354503
1239077
197699
206183
198764
210868
198940
179478
192886
208301
199617
193796
201457
189280
208545
192925
224200
183866
197733
177394
198658
199051
190419
193948
186506
218669
177916
191889
191077
187435
190141
192568
188296
192779
195267
221745
184161
187213
186623
185228
209415
197125
191430
184724
196817
181953
194037
184610
196959
184657
203137
183130
186978
176851
205242
192912
217515
188952
205489
187075
190480
183363
174775
191792
186258
190926
178069
186774
187500
206743
183887
199641
192165
212656
198556
205550
182779
194952
183937
201587
185978
203989
185335
192281
188026
204671
181732
210690
198748
209585
195191
203324
186021
176673
188493
177940
190789
189682
198003
203509
191496
219057
184436
207949
184452
211301
199683
199883
186426
205887
180717
213115
187444
202509
179993
192092
189601
184555
190542
197767
197721
198566
203230
206600
196998
202179
206414
195766
208941
193871
187753
192696
206306
199823
201501
197205
202739
190846
200199
190175
213003
203796
187899
179178
180390
188894
205731
184559
197393
194263
195014
184113
190180
198034
198274
185055
205663
184076
199873
184951
187836
189752
206340
183767
188049
185375
187438
187786
197702
193018
172714
199249
185513
192263
179868
214341
185789
198389
191594
195750
192071
206577
195430
210472
196700
206980
185635
204930
193165
200522
188203
204570
184201
187437
186025
187342
202392
193047
189379
196446
184138
192545
193479
184692
183894
197741
183495
199222
184619
197594
207250
189518
196862
193837
207800
187729
199734
200607
196390
187812
178956
206463
187623
187955
189639
194918
202861
205947
183685
205638
188303
183388
196406
180139
187834
236090
206590
186798
196169
198021
198927
189136
180218
179898
198023
202046
188947
205465
188920
206073
188404
197740
188338
186886
191172
187608
199369
195589
178894
181085
176330
211292
179997
203186
186250
180304
174902
172796
181654
185151
177701
207095
187428
201806
184219
177697
183643
178711
247438
188594
207597
203664
206164
192848
202981
186446
199010
206370
200277
199860
198766
193946
176519
190014
180464
193831
188949
209874
188089
195867
180382
199144
186764
191864
204563
205441
196019
196308
199052
193632
202945
195314
476521
217019
214091
198969
213037
199623
188569
195039
201982
209950
199091
200594
191579
207977
185288
199468
200937
197168
188016
186745
193265
191654
206616
190237
184914
187574
194636
192108
189637
204719
190139
199697
183186
187435
194399
182043
188053
212053
191301
211541
189539
203138
194065
207859
179017
206305
181398
205744
184181
186998
193606
186481
202806
189536
212046
197569
203247
199458
204400
207953
199181
201196
201278
200117
191716
203939
192338
184852
185434
196534
194122
192553
194703
204407
199423
215452
200792
206737
189973
196671
186149
198248
185595
192809
257459
194335
200722
209763
194563
197477
191745
214710
188622
209771
191766
196113
187605
179959
192254
182810
194265
188513
202117
187784
206397
188978
195527
192987
185065
200109
186087
187992
214953
196961
211469
184887
198217
188084
173944
203981
199243
201945
194591
190975
192810
205703
215116
192360
199872
201229
192799
195583
189517
207007
185970
223812
179914
193802
194632
182981
198084
177963
186039
182585
194022
189194
193590
175019
207105
187779
204783
193377
211987
186432
195069
178833
185919
187410
210862
186089
198011
186927
202700
187270
191073
189288
205131
193477
206210
195242
206707
181777
199269
188375
207723
184489
191550
178829
192703
194400
219553
186146
187998
174933
185144
183131
188759
172840
184110
171837
182494
207862
182792
208932
192400
196391
194321
196081
195634
192080
186181
206855
191330
203753
183324
203913
186752
181671
208098
188273
203216
199388
175008
203939
194377
211504
189054
208814
185795
220165
196702
195903
190812
207027
182336
192373
192323
199740
205262
183682
198081
199008
194180
209970
202511
212075
195465
210367
191773
202556
189509
203042
191814
182756
204239
194182
190772
201620
190433
193621
199419
195753
180892
204432
191070
183961
184131
186605
196236
192394
183840
197279
193128
197100
184422
192340
186986
211203
183310
195038
191787
199802
201499
197368
191410
209767
202776
196025
191196
197265
190759
197147
203658
193791
197579
200553
206085
192854
194866
188678
187950
209957
192868
201567
198526
198869
182730
198085
187906
185581
211190
182727
184741
204316
192153
202624
184448
204827
198845
186780
170806
214628
182923
200367
182975
188290
193491
198280
192480
217358
194230
204746
204542
202359
196652
191280
191114
190920
199495
201963
197819
191517
201285
186585
186016
192173
204935
203170
186845
183941
197973
192318
183521
172196
184823
182853
184210
171970
188755
173664
188874
184257
196508
201799
197109
177907
194023
175058
186558
172152
185036
177131
179407
188968
192788
186847
176924
183223
188781
197745
191430
195991
183661
181702
182118
197489
192222
198530
183720
196259
193380
195483
199281
188602
193385
208390
200561
185529
173302
193105
193057
195165
186713
194960
192323
190383
182703
187255
180965
186458
195163
193383
190532
190631
188704
195142
186889
195896
191212
197805
177950
192118
196788
180693
188342
196549
199853
211901
188938
183956
185919
205071
198302
184977
185377
186723
183373
180406
181036
187682
176802
203276
182186
186016
176199
180472
180912
188339
187880
198237
187087
197142
185884
186442
179455
182078
174011
178918
174157
177703
193010
183493
201243
181255
194022
188962
193808
184212
187995
182228
185167
187767
187338
187716
191030
188651
186701
190403
184835
177428
179287
192262
193191
189993
196812
177864
193085
188086
187760
178930
187754
177623
185923
191516
187774
185664
181844
177734
176901
189907
178809
193175
202709
181288
184001
187141
190993
234324
185516
192352
186958
176441
191957
196021
207559
186963
196473
196675
189238
195654
197690
193161
192390
179329
191108
196327
192830
205275
193559
181214
184967
198715
198744
195901
189462
168839
210012
188880
195825
184160
191050
197381
194220
196604
210808
197737
205401
186727
202029
215388
209475
206970
203241
189113
204800
197103
204106
195209
196253
200087
212100
182068
199212
190728
185764
200225
194895
204311
191425
180857
205606
182824
201462
181794
197014
195484
205387
187160
202064
185339
183983
192297
187846
199786
198812
198170
210569
194693
212790
187513
183432
218308
186484
203711
201410
208624
196408
200747
189513
200680
187059
207843
186708
194520
203839
197779
201123
199438
212929
205321
186043
190033
204089
201091
215290
194289
202774
189964
209447
190636
184300
188521
204583
188012
213295
207667
187550
190045
194091
210879
195791
195271
204468
193403
202130
187015
188531
198940
203495
193001
209329
190665
206232
185164
202063
195185
207287
195259
198264
205310
191588
179966
195421
212533
202691
198533
182355
182770
196336
187502
185189
188467
180419
188630
192281
193172
199754
202486
201585
194733
192617
189596
205185
196666
190619
206837
198265
205964
190433
187616
185752
201264
184703
190345
201706
189144
188136
201789
183967
192890
201678
203342
208643
194571
206348
193497
191718
198215
187903
209664
188739
187765
175712
193961
206322
188707
193273
212317
197275
187702
206859
3049894
934103
187752
192417
202568
227156
201734
205029
190727
201074
195512
185025
193436
203297
201235
201036
207453
213190
203164
193150
199867
192805
201122
196234
189776
214040
191307
201409
196048
198047
198261
202190
200862
194702
200514
193060
211471
192918
194562
195644
199736
192244
204747
200559
195007
185025
209607
209979
204061
194065
203239
194388
213457
186414
190685
227311
190673
190015
200284
179796
206154
190686
205678
208616
197770
183142
181392
186322
193147
198736
203095
196981
206300
213926
196603
212679
194526
204177
187442
215899
211451
193369
211721
183587
201471
194438
208616
194592
216364
201237
193655
199710
188285
198057
189051
202893
193688
199323
213278
186430
208175
194311
196736
195503
209684
202489
214685
191045
191996
210294
199033
200418
204507
189490
193245
209874
188843
198964
184596
211888
187808
213955
215065
199462
185624
206639
183236
214432
200076
184737
188996
203527
186523
197743
188206
200793
192065
194775
187232
208856
196954
202882
195550
204470
199756
216640
196182
246398
198905
204431
210857
205447
191790
201438
193239
194310
195514
199781
193265
188278
203756
189664
199728
184601
208730
197899
203866
191512
195641
187815
202694
185335
191321
196935
195256
219699
188115
213652
194377
184278
180760
189896
193706
184315
212249
199736
203194
193977
210449
217722
197341
198115
199557
188839
205088
189448
191076
191121
204142
191625
208655
187967
186463
203370
187624
188496
194244
202445
188509
198538
199099
202435
186661
193833
204591
213879
192356
202859
184790
205012
184891
191698
197302
184770
193935
188552
184193
195394
191986
178334
189745
188074
193032
183764
198301
185374
179932
177694
185424
194098
192184
195135
201538
184636
188678
182029
182225
177933
217867
190942
183448
185909
192048
184059
184064
193211
195638
191356
197589
187462
188520
210050
186862
186629
207528
193643
188208
189497
194352
200836
200069
197762
200675
219582
195246
199695
186449
185110
192498
189985
190448
249465
188476
212819
199123
189140
190347
197275
185192
200058
187507
185682
207566
202170
208369
185743
202302
197938
204567
197524
208964
194762
190031
213145
194655
208760
205194
238179
193213
185778
197764
186329
187454
194951
200759
204355
189021
198258
187998
185411
196042
191681
190792
206276
192982
194327
188045
187587
198336
199896
206581
199199
203094
186299
183969
191132
187289
186272
176711
187163
180777
182276
187209
184314
193925
180492
190351
195032
199748
198526
194932
208612
188694
186912
189737
197032
198299
215898
190698
194711
192623
193879
183434
190847
209182
199457
192801
194121
194200
196446
187647
210724
188538
192186
192378
188689
207795
184837
204752
185099
180617
182410
204736
208662
192216
193524
184051
179709
186380
180073
185922
188008
207589
188920
183177
184827
175856
199487
186060
193799
207772
186447
191514
211372
195595
197878
191520
199417
185681
203827
186674
198800
200197
188162
200882
191919
213296
189705
194052
187298
180276
206298
190924
196407
198931
218328
195435
189844
190401
202721
196607
201112
209335
180878
193401
202003
193313
199320
196897
198920
198678
202758
192965
196117
187368
197410
211435
184978
192242
194716
189021
210866
205934
207576
185091
181602
195760
209922
189973
218719
199537
191322
192023
201676
179755
194983
195179
212654
183319
205717
190069
199925
204966
192444
220168
193314
201728
186809
197381
198765
183472
181482
209246
201378
204031
197038
200416
190538
190151
208213
186297
193965
195596
183183
182794
188340
182995
203610
188873
207775
187553
197002
191623
201066
185068
183173
210041
195637
204969
194177
205296
195082
203727
190987
183062
188034
218221
185725
193261
214151
218118
190286
199687
187603
215550
182496
201862
204650
200315
193217
178787
176933
195001
199038
184861
202895
192437
197275
186252
204115
189390
195502
200866
195291
198042
190115
180995
184560
196445
190733
180232
200740
186745
209222
188922
188161
190631
185255
228888
196043
209487
195170
197660
187915
180997
191873
180409
193259
187361
189440
190512
207739
191075
191814
181749
196836
188957
199855
180355
197275
190272
185519
197421
198717
199696
180900
197168
186527
179314
193508
189678
172917
200836
196572
201576
192217
196309
189961
196956
187923
200222
207962
191288
212648
185914
194587
186942
207688
181656
197477
193943
191989
214625
200008
177205
210207
192912
197592
202996
194426
200072
199949
191100
203347
185781
196149
190956
196918
200557
196982
197242
198802
210934
192159
196790
184237
199054
190507
212862
183991
179574
187070
181794
206267
183303
186910
186983
200237
180770
198588
183905
204833
186067
187314
189333
174742
190194
181465
177510
185150
192414
211599
199328
198234
181203
175285
183434
195671
187526
197770
197879
192110
188190
195073
198929
193258
185350
194976
175997
194517
178577
197683
180674
179436
187947
190823
188423
196520
184155
184987
185767
197236
185205
236450
212136
182877
204791
193194
197011
179098
186161
198952
199305
185958
183591
172453
180767
201457
183429
192233
185461
190134
194097
196869
186091
181597
180194
192170
188887
196951
180751
192139
187029
181033
191458
199151
189926
250442
183011
179434
204465
183165
179823
179499
190908
184949
182624
188331
190200
194178
187222
192868
193661
201247
187839
207109
179838
191148
186163
179406
179089
180616
184255
192311
195677
182886
176883
186659
189408
202388
180298
179084
196752
195160
197398
187588
194414
202171
179873
175816
205954
183176
181022
199036
180607
192073
185034
201592
189300
181614
186055
190563
184888
181335
181629
200302
192732
204707
184425
191633
187397
179749
201623
185399
176706
183404
176565
197787
180871
180834
198548
195367
197560
184530
206379
192415
195978
183264
187888
192839
204370
198793
190061
205356
185955
194835
208335
186577
187554
180327
203554
192567
193137
186686
188426
205776
187115
206216
183876
215221
201030
201709
188444
191052
191618
182786
204555
189213
200108
212151
179023
211118
194453
207541
204943
204990
201552
193392
193346
195744
200705
203628
180787
189750
195202
184850
188817
190644
184529
186627
185183
192932
205042
200206
202536
181257
190101
184779
185128
202168
199472
196571
187020
187107
188324
181968
197859
195851
184734
197396
195273
196487
187850
183646
185993
204760
197512
202942
191442
185749
183712
191318
185326
182881
182667
192431
198111
194374
181173
200400
193790
195250
189405
191189
189638
200911
181361
186707
173853
179803
182653
211552
184848
192893
201083
194314
182179
185492
177458
200942
179182
187308
176368
196418
180479
193518
191131
203567
181484
194847
197659
201034
187972
192907
183222
206719
182583
179658
200413
177695
196707
206153
180323
193870
184565
178660
178276
194310
217097
197433
197504
198232
181880
197899
187132
198915
184349
191444
186331
220836
179078
186839
195472
198204
191937
190062
205066
206725
209772
201829
202781
198079
175711
182081
192749
184246
183041
210985
192620
197582
192786
201603
207624
191271
193359
183333
206113
189189
203852
187948
194778
193252
191422
206719
206775
211760
194271
197548
197655
198103
199773
204185
188824
192475
197447
202975
192065
231801
183027
187943
196330
183859
195449
198862
195605
178016
183809
173870
183278
208021
193844
208317
202735
189443
221214
206805
203163
203039
209460
189558
195436
187055
180540
187599
186148
197786
193329
193767
203912
192820
200053
200691
200636
195100
201632
191065
204952
195867
189634
207595
185205
196789
189000
192416
191726
182001
180727
183609
194592
188238
194358
187738
194193
185760
179250
196073
202961
185468
185857
187354
186055
210078
175621
184796
184236
196262
193421
182704
185973
185594
184570
181474
183340
184313
190918
201482
178058
186624
179991
181458
191829
196311
213463
194557
192381
186523
181119
186326
187164
187367
215023
190421
204529
193292
185350
184575
184364
183608
216812
192777
182438
196204
198126
191935
194265
198486
195422
182354
189706
190567
177330
187535
196440
184025
202999
191917
202110
194269
192443
201250
193698
207823
201536
212172
175286
180647
203379
200523
190716
183437
184429
189015
174892
184307
202498
191779
205460
186558
187095
196804
190049
205111
190361
186479
213196
185897
192371
199826
201555
184253
200498
192647
180248
211510
187520
203053
178364
196119
210140
197806
205543
198096
204433
193245
203678
193403
198548
185470
183752
195119
186577
194574
189050
176941
187712
220139
183847
196254
192909
196361
180437
184869
183764
188839
193494
183807
174671
185546
186600
185598
179360
190156
197568
194197
186075
183403
196101
200380
189263
195721
196601
201346
197953
211847
195784
200361
188426
195066
192444
190626
188696
175930
195298
205573
191394
201269
199668
195395
194394
175490
210188
190446
189924
205327
185443
189696
202754
179008
190062
180735
190953
193398
179799
194690
197887
200466
189847
200419
185697
190725
206384
183726
181615
176469
206665
189812
205776
183440
174754
197629
180052
206582
199630
193169
208930
198804
192084
185029
184503
196383
197019
193503
196842
210467
195244
186528
199482
187496
191961
206231
196074
197991
187557
204202
188654
203043
195048
196735
194695
202830
196668
189769
186395
190249
205738
207829
199546
206797
192516
211858
192478
206809
201060
210325
190135
199983
191540
203710
194679
186218
203735
191207
181138
216569
184003
195231
188993
213354
187462
201679
196631
188899
201994
189080
199437
206852
211292
201043
245718
191728
207627
197435
186933
210160
194637
214054
204648
210396
186437
190676
189529
212679
187680
184281
188109
207476
195525
191851
197048
193863
188041
188566
200384
193594
195300
186528
208197
200254
201157
187599
195235
186476
207804
200624
202852
185507
187811
204945
207033
184973
221021
186205
198687
189226
210297
203111
196250
192912
212973
196086
190151
205997
191642
196002
191656
212270
191616
198614
209253
199251
192285
190845
207095
182338
185880
197757
205114
193833
193288
186290
208012
186690
181137
201693
199876
205229
207186
194516
189113
188576
192129
207751
192756
187876
203123
197583
205198
196241
198502
194669
211506
189544
189689
178762
194268
201530
192092
194786
192465
205430
186770
211236
188811
198839
183900
189371
188397
191736
201666
189008
186397
181792
196407
188514
199202
197057
192074
187214
185805
177401
194166
179730
200334
194581
179521
180479
209143
182683
200335
192530
187359
184786
189835
200759
180743
195083
207355
193720
201044
198179
221466
193848
202122
204822
186644
199957
207075
191310
202447
198436
202305
210380
192633
190388
190267
192979
188210
192197
193133
186201
194870
184530
205471
188052
182823
215141
207972
189614
209183
194646
202458
187267
199311
182469
185607
201207
197254
185861
205938
198712
204311
194315
193830
187922
191745
209986
191201
190124
188235
208525
200681
186568
189352
205685
183495
205459
201882
194928
198575
191035
202906
193696
204529
184545
191139
178724
210816
211523
210577
201585
175386
205530
186508
192771
204936
197733
194484
188377
191398
201812
184834
202149
184081
206508
190475
199623
188106
186801
178010
181224
196681
181666
203435
195972
198506
188234
185883
184134
184570
189406
180050
192698
188436
212080
188406
201402
188546
208683
187311
192870
195350
200568
186895
210262
194294
209016
182865
216266
193967
207349
196993
197866
200666
192560
201801
192442
199854
200203
201556
197742
203070
193608
205092
193168
214843
199957
217353
205695
198328
203917
205190
193649
212423
202665
202884
203107
192851
212828
212498
176512
201547
190197
214725
192005
200543
189722
192462
181003
194144
219658
199349
199093
193150
206229
192028
194246
196128
208255
199549
217391
188992
194474
205795
203837
179956
173362
209595
195245
189014
208380
199458
196496
184283
194385
215129
196040
212451
184492
196295
201698
209628
190831
201477
197674
205877
212539
188067
190745
202582
168884
185725
195728
196780
194815
207262
187763
207001
183197
182949
221495
189876
191401
191963
175109
219949
203811
190833
200494
212126
215427
216627
188447
206685
187542
192090
203057
208544
179727
201144
186411
190877
195138
211639
193919
232399
193057
201988
204151
195893
196194
194045
196276
210460
195814
206846
201919
206536
198791
207985
202833
207034
208193
207123
182005
212260
206607
209871
181311
187813
207354
196314
203219
195284
186448
190384
199863
189803
205649
195229
207707
195413
204523
191083
196959
176187
195203
214111
204817
197844
214539
194837
193943
211161
205026
211833
199242
201126
207948
208372
203326
207243
197824
198817
186105
189161
216631
202068
204504
200931
210346
204743
227233
192500
199777
210574
191919
181234
203004
203355
188929
214094
188891
182316
181102
200054
186648
199954
204365
1102196
194471
193456
190038
187063
189647
204912
184818
190760
208220
178836
190800
214426
192138
203651
195906
195158
200044
196693
195328
227650
189767
193916
195596
191995
207779
200542
197174
207587
196808
205018
196531
190067
191257
207531
195729
204815
242813
204398
198404
195410
195143
193869
201684
193569
198943
208923
192400
192264
190699
203927
183750
185150
209386
198117
193692
193678
197572
195427
196209
177775
173452
197793
194753
189611
190589
202386
189277
191426
186273
187608
173429
181743
191355
194932
193369
179682
191473
191622
180936
191925
200495
202717
196839
188595
203470
192796
193933
193199
201112
194598
193646
202236
197043
194647
192171
207961
181158
191608
197963
200588
194306
198937
191785
214565
195807
193721
189620
178714
167095
190076
186759
195925
204735
176165
173639
209401
193358
182096
174287
186182
178921
182462
205318
179306
183278
182857
188613
181104
188888
205758
203232
188268
185812
187665
187056
178852
187773
188015
186376
187696
195601
219250
191897
198973
196992
198221
199636
206418
191976
201743
199976
204602
193054
188861
191085
191873
204249
185161
211008
199860
196649
191998
188624
218205
204415
206539
198762
198838
185180
186394
179724
172139
188500
192776
191671
206816
193525
190848
199628
196781
200814
191526
188157
202014
198079
194677
203501
182346
209227
198523
187675
186060
209008
190200
200773
193526
195381
193995
206969
193567
197657
174700
173481
189970
193195
202864
202550
186778
198977
192105
197037
186219
189745
195135
197925
181993
187932
180720
185117
191491
183739
181178
192266
167165
173986
171777
197640
194286
193561
197316
204052
198875
198607
189999
203592
181319
188512
193747
192042
182205
196030
180318
173002
193924
190173
182500
176600
205356
189010
204442
182456
184160
191174
210841
196808
229792
195119
198790
197151
184511
201918
195637
194992
195707
208106
196325
194603
198417
193127
172356
197254
192655
200778
191457
189432
192329
193166
202370
194511
192417
205155
198184
191251
183855
185213
194632
202104
207460
189651
210491
179665
193892
195725
197715
181995
186935
187470
185789
185526
175750
198979
202190
183581
177883
183648
177431
184913
197074
179606
179092
204470
188277
185052
189781
208056
179048
181918
177501
211524
182308
185426
196909
183488
192439
207051
206421
207081
199818
197505
199242
197999
200385
197549
194874
201142
197253
176637
188589
190834
202916
201444
185292
195971
183490
190935
186431
180584
180492
212452
185972
187485
189129
188102
187471
193627
184835
197970
192229
184746
179826
182431
183515
198420
186068
209366
187430
179312
185226
179455
178714
181331
182802
201883
186372
182921
187949
182024
188495
198400
192794
176250
185820
201121
179462
177140
197638
190848
184108
181343
192496
184908
200951
180456
212733
205348
197013
184126
179858
185000
184865
189450
197904
185857
184422
198333
181842
228918
182681
180774
190548
180841
178687
191542
184890
200812
188690
297249
235027
202103
198070
202506
187600
191057
196100
188573
185273
194927
185740
195095
189701
175170
190740
180125
180784
187661
195644
186090
189536
183874
199792
187378
200266
195139
187399
184785
190536
195339
214773
229546
188040
188809
216521
183488
200094
185629
197754
179477
205912
186728
199296
180297
186998
205591
189843
184723
208163
185599
188049
190739
198674
188959
192488
193348
183875
189297
188458
202475
186723
183456
191014
201759
184831
199941
190559
191492
195667
207136
193919
199793
188895
211413
187447
200344
187954
177571
200140
189038
200131
186538
187639
197107
199132
195936
188408
184357
189434
181204
210342
191637
190759
186189
197137
193131
198270
183258
196711
185120
195006
192278
192285
183463
187708
192559
191137
190341
205362
183468
199994
184732
189864
187222
197826
198537
202326
186919
200379
189433
191105
193263
194028
192772
182839
182485
199617
186150
200188
185388
191324
199760
197744
198804
190354
188779
189093
195441
192756
187105
201167
186782
193469
203225
199839
190245
190399
190022
173685
204289
185415
206870
202766
200444
185166
191781
184471
196421
182637
188024
178954
192700
192515
188360
199760
191764
201174
192391
204259
186720
198473
190007
183688
191919
182695
192970
217591
196791
188194
191905
205715
186248
195817
188225
188001
185922
193531
201335
183531
194655
190316
203903
187434
194663
195843
196240
188439
187805
186597
192733
181630
201636
189282
209073
191651
178052
189753
193316
186475
189979
210419
194237
190152
194372
200725
185626
187088
195779
185691
200212
198795
192026
185668
187494
191731
204813
183339
206756
193932
189514
181586
183287
195748
188469
184428
197189
198993
188271
184685
187362
189581
186091
198025
184519
184059
191970
191746
195163
189107
215538
188618
178907
179715
190752
179051
181210
189247
184293
197770
187765
181860
197464
185588
185309
184637
181621
194875
184999
193873
191757
185648
199495
184374
191837
199915
199690
191958
207696
187832
184645
190442
186350
192213
188821
187581
182344
183610
185156
184576
183827
182753
236689
185379
174944
203087
183986
188361
190584
194530
184040
197784
184827
201198
177418
182123
203251
181062
186690
208908
183442
195141
185049
181260
192932
183289
177053
201693
192789
199498
191322
189197
181465
184653
215000
181731
193590
188410
182779
176688
200504
181468
208205
194877
190938
180337
185174
205011
182301
185741
194748
180107
187791
184754
187470
181447
193930
184577
191280
186423
188338
196855
188805
187155
195287
201750
193399
198011
187993
186078
208692
194203
190804
178838
204535
191434
200026
185762
193152
190149
196426
192143
180042
191013
188297
194415
183600
186532
185037
200712
189134
190167
183199
194939
195133
203703
190961
191739
191255
207748
199474
203248
194260
194917
192581
197352
189790
196437
194891
200907
188170
180364
203154
191676
201505
185011
178870
179279
176923
194080
178068
191407
185282
176073
194459
188298
184099
189057
191370
206416
195557
194563
183466
186217
183344
174720
182366
179838
207549
175068
204163
188899
184293
174476
182327
190738
187306
192278
193088
176904
173546
195592
185074
177814
182828
198867
198900
215763
189439
207353
186563
213752
184590
191484
190878
193501
196326
180796
180139
194310
181938
187620
178453
176047
212251
180425
185958
194936
183539
180907
180368
189316
187129
195783
185788
179864
200153
187657
197504
194328
192009
200992
201444
183091
183777
183227
188561
181713
194550
197721
183608
174287
187200
208204
193397
198810
185826
175935
200359
182265
200193
181899
181743
213715
181570
195471
184132
208825
187452
208266
180575
186355
186814
181418
206073
197161
207237
184050
204664
193503
200976
180442
194393
185024
185917
185199
181807
186042
188380
187057
193562
188644
192325
184039
202601
193534
208979
198149
210127
198244
185477
180834
192759
183596
182842
185931
187080
175754
202298
182008
189050
181089
197697
187331
186714
175030
186467
188933
189214
188195
187505
177016
184517
184934
187466
188354
188696
180277
197672
185828
222434
191229
183989
196240
184149
177226
184735
184393
199177
195833
192322
184009
198061
183734
179257
178678
192112
192636
197916
185646
196168
184740
180561
180955
182547
212485
