1083870422
216386
199539
185141
229549
193237
188194
190936
205928
239897
210828
201370
191874
198636
204054
205661
239605
280312
192619
186785
176738
214788
201568
222151
218913
201215
178525
194137
211445
222111
209080
215663
200574
193767
199175
199609
300940
207863
187688
189342
181433
182905
191292
186144
213729
207757
195711
186550
208477
219689
165959
181046
185821
195181
231646
191401
175155
206809
194553
204194
182516
6796018
4773400
2653816
1426648
475691
255892
190392
184737
241463
221440
203226
186486
221476
272794
233791
213917
211070
201103
216375
213132
222737
254657
235187
220591
282349
245969
272819
232973
216401
240790
225631
288037
179771
221908
188172
197898
198856
205411
267583
194443
206718
195954
253323
204750
227703
174659
246913
188930
172348
220004
233143
168525
218040
183324
234472
172786
191134
186172
182952
184724
173362
364606
307023
189184
180222
250453
307523
284783
185631
204587
223752
225980
296110
180058
175026
191797
193182
183806
206427
191627
199450
187868
188162
198987
199270
199227
187242
199079
191266
188530
239421
189303
190661
202506
210843
174577
187318
188548
208023
190039
199886
196275
224548
200949
180502
186745
198930
186795
189860
194685
205843
191917
175386
166766
178105
195575
177441
194793
176318
235157
187142
177698
189761
188015
189556
196146
245826
174632
196805
202455
214436
181528
227056
189921
197430
189127
167638
209494
168395
192660
184723
178703
208706
180156
210238
195748
184630
255745
201939
213438
238451
206994
170485
175813
177558
172740
231522
179527
268264
210216
184992
174039
215424
177152
274951
175817
185882
199698
182545
171329
180333
183593
208460
219078
188932
244922
179273
218407
234647
179022
204335
165979
201456
183397
202148
201169
180354
174309
190732
178973
187623
202497
197809
198866
198576
189522
205164
183338
183381
205962
223616
203562
245183
180832
191092
200145
247186
226622
239501
177779
267006
201525
172451
236669
172255
193773
195512
198349
203375
167272
185562
190089
209982
192287
257276
189145
199860
197863
185260
199715
205209
194559
214566
180988
207487
229333
184867
209720
183551
194945
183863
204325
197456
192961
201737
184443
190498
210624
200113
219106
216409
214458
236888
189631
217869
192494
198788
205471
183976
244818
184255
226268
240085
240859
227343
215763
237678
197188
207692
179009
232291
186683
316888
285001
293764
199238
311584
238405
202085
297996
228715
201867
176596
183115
213091
209608
190678
191024
180832
182344
186149
185767
177721
194376
181841
188845
187261
195079
181650
209778
198888
308298
206769
198192
186505
184963
232098
223632
210965
189446
193666
187816
191133
172446
165031
258212
195758
181246
207343
201587
214313
184080
292514
274025
288891
182295
294085
285341
193873
196205
244088
290929
204633
206217
271458
209808
169532
206065
262343
203010
222688
194352
209070
232638
203664
230523
195633
187571
220129
212806
201293
174100
194319
209238
198090
200462
207614
187370
192508
184399
180969
191390
187686
221977
208138
169474
194165
170289
196552
196337
208157
188878
210608
183723
193279
190837
193169
211586
191814
202698
200796
197053
201961
203943
220647
219722
201303
195158
227464
177484
226244
231468
197112
174655
189437
195288
185650
185451
186944
216887
234404
206286
269699
193154
206790
177687
185708
196315
190650
216781
187563
216570
200156
190464
203281
205172
201247
193992
214482
183648
197058
202368
188871
181128
193673
179250
206973
211943
179978
195903
207563
189691
190200
224148
191388
196649
191162
196490
183429
184592
187737
185304
203273
205392
180592
182792
187990
205853
222620
205225
196547
220621
185671
189789
176844
193295
167633
214798
197934
226525
218268
222302
180979
184114
234029
189372
211550
191457
203116
196116
188999
182750
190609
199562
184867
204045
199183
238274
198776
177040
200820
183983
194565
187813
209455
206374
184907
181240
215931
181934
201484
247615
198225
210118
185506
201869
202161
208357
216067
186395
212534
197821
175525
196314
211902
204066
217303
7420011
5302876
3305299
1241661
859262
252790
222282
219169
205257
230442
225345
173735
221983
198902
274309
223648
204700
215983
211085
200914
184317
211753
213928
199260
193173
213784
184113
175589
217089
243596
181436
190466
204460
175614
205068
191154
223359
209132
189329
200074
227092
183141
198184
226853
248753
189523
207944
179657
269750
194106
191143
202875
186171
197244
185367
194422
215456
193587
197184
200954
206531
185355
215282
188181
189118
205739
186758
210059
186009
201013
202340
210405
183545
170215
187150
198141
213635
195799
193348
184383
183805
191009
191550
199881
205291
194495
187955
198959
215201
195945
195166
169633
181979
190413
203179
186122
201463
190352
170530
184570
194969
179409
185941
210874
190800
207172
194214
197525
189651
202574
206025
192433
181356
219068
199928
212185
191167
192250
205933
200547
200446
192778
176927
200640
194105
207612
169107
201772
200519
181038
205985
196335
194395
182258
190056
184666
211978
199644
203248
206689
184613
184550
202173
205284
182101
187770
205417
187512
201892
172908
188359
196167
187513
194738
199857
185865
183418
184490
198902
214655
195013
183457
222382
197752
189314
191128
199325
183942
199357
184399
209111
192224
194126
198840
194503
212131
187766
199757
200894
195427
206216
196267
192072
191249
191050
199756
206961
195132
195895
189074
181821
207696
200505
189325
201525
195358
207929
198092
197663
182556
194725
191528
200405
199270
192660
175483
187585
208684
196406
189100
204257
194908
190847
193853
200753
190944
190362
205497
184182
185202
197609
187613
192101
187320
208204
211541
204062
196252
188980
192837
203860
237784
194045
219614
208621
180708
195845
197375
195385
189464
204080
197673
216253
186818
211983
179904
212332
200444
182149
199997
198978
197892
187880
193256
203878
203871
205863
219145
180514
203475
196235
210458
203371
223454
210609
235686
180249
194274
194713
187905
200521
206429
203360
205160
205450
203676
185003
201631
204812
196370
194568
191615
198104
211207
231481
251717
223158
224995
197312
199074
186851
182765
184321
204934
178433
209781
194933
229708
185685
201113
208516
197546
210747
193700
200924
205727
210224
194888
185432
189727
195826
199373
185207
185397
191108
196051
186503
206777
209465
187273
193912
215122
201511
186802
188941
199144
206265
204123
190779
205112
181535
198809
189992
204283
218661
198665
189485
199649
194558
196898
204794
193709
215672
212304
193393
211736
195570
188892
210401
184373
212848
205896
193368
193372
208432
180829
220986
201639
201893
174504
197628
173484
188897
174613
198990
203197
178224
177276
201449
258554
205921
210772
206348
173010
195270
189787
188028
204732
218078
199803
224854
203457
203272
204436
178988
230685
208897
202799
194509
204121
179263
223339
189297
206456
190978
193733
203627
212004
188826
182561
219715
189138
196153
195444
188658
194679
174829
191672
222026
200749
189506
206576
254952
261887
210891
194728
200527
249178
207021
232423
193347
205883
212193
231452
176737
187381
193494
1246889
190757
195218
219880
202438
186063
207618
215649
196733
263363
193400
278796
195658
196172
232390
198184
176018
210309
184976
216856
213794
196980
243521
210137
201120
197552
185842
180450
187317
195474
236987
205841
206571
203976
223953
248002
224604
224821
301565
245914
198290
187600
202878
218836
326218
202515
253607
213568
199027
188900
198983
254139
224152
301251
287496
229443
265368
296549
201733
195428
297764
278616
202857
276311
281990
264620
265449
261181
195321
270209
209082
226619
227565
194031
221167
211398
242429
250548
218223
215953
259628
192093
218809
208217
198316
250789
192325
173815
181937
222617
6575456
4454749
2408449
1707504
702236
324890
205977
232708
179570
211336
225641
202449
188900
215584
258568
195868
212180
186174
197108
209774
235866
225625
249798
216804
251715
250624
195771
191579
178127
180298
194702
197397
190780
183753
192111
188895
207884
209152
220211
191404
209794
195369
247141
164973
207859
222321
183734
191371
240569
203032
187715
209735
189882
191110
204820
193330
221041
172795
196985
210385
238360
195542
216827
217996
220004
220974
235308
214387
222744
223639
218684
184252
232124
200245
215601
202018
177798
205808
183956
188657
171487
219956
222644
247555
199693
213232
241268
204596
233465
208203
185188
185370
218622
203700
242403
184353
223244
228580
182991
216712
199683
207532
204845
188735
219642
233878
188029
178911
193673
191120
196533
186493
213131
205965
208135
202197
217122
204532
260152
186342
249777
249612
257980
261099
198522
273262
274139
332984
242196
244727
197320
185625
203664
205777
244711
230032
232674
195944
253738
270166
185589
171898
182020
199141
226386
193668
180977
184963
267274
211946
223182
228938
247729
237389
197099
194985
203946
192604
192062
241111
177503
161764
193065
200035
173238
206662
192381
232803
204501
203761
210486
193373
203971
186554
196331
224053
200394
214231
204468
220311
217401
197195
200268
213356
188133
216203
215492
190206
219128
186593
199175
205207
191995
196856
214999
213280
186251
216748
210385
188091
183765
213223
200133
191378
210924
180355
186785
205262
192215
190638
210185
213394
185924
199790
208943
204766
193119
232204
190331
206725
241673
198194
208831
178231
201395
191096
189290
197319
194952
203731
194225
208369
185341
229359
205624
200354
201710
186678
241583
190411
244871
187173
211153
248002
198421
199091
201286
186822
185750
206029
221044
203265
208263
222988
226720
181011
196123
200515
206937
199654
208909
213311
208191
207802
248529
190869
182672
214770
182635
225822
199299
208494
184051
186454
168011
226226
244469
212784
272996
208830
213104
231564
281773
216243
222823
229536
197787
209733
185035
206953
207125
219126
190493
190116
202589
179514
214915
221737
187946
292047
226457
189510
242232
221461
212671
176578
245756
217252
263344
222628
228214
184215
225200
226246
195678
217544
234430
197460
206666
201478
215026
205902
215973
185441
227498
190856
198676
209547
180104
225202
190480
240194
218017
251898
182959
203989
304068
222642
214252
236497
272447
226239
249679
200966
179186
180320
211596
210581
193334
197831
180910
187595
210356
199463
188208
172513
187246
203040
233513
188455
197227
188186
215553
198979
190052
189533
206355
198949
200641
173097
232251
192897
168672
189034
174540
199036
235838
200692
224459
225352
189108
248997
205834
302584
234052
199337
187441
196212
198810
190897
216085
192904
280491
266787
199288
177689
199281
266066
179671
207295
285858
243716
267130
201503
187921
218297
196705
180130
259946
270090
257631
226315
284686
205370
226978
238997
204147
221208
249419
201639
205200
191335
182035
224575
211385
206578
207468
252657
248493
283017
183227
170415
191671
169012
190903
198584
200963
210696
226529
210323
199345
207332
197063
194128
210063
206498
174834
178769
208291
196060
193624
196402
249545
238282
232857
232121
204874
197242
187924
209278
182892
213431
196890
203155
181352
209533
191143
167970
169202
181277
208224
188437
202593
246077
201326
201338
232493
202898
192884
181870
209457
185911
189410
199620
226177
204728
199660
179694
182768
203417
208015
191150
184403
196520
196758
198965
189285
215600
181036
195162
190345
188701
204999
178749
216176
178700
174209
194799
202025
202709
219106
194193
239738
192587
185260
188054
6952333
4846993
2793101
2307235
193227
217866
189034
204174
201932
204822
184676
187493
192373
184797
202480
195293
213511
205133
185012
196945
211975
197244
189757
221099
216794
198754
195671
188943
180985
210309
213562
183333
216951
194971
216802
189121
190738
178224
199665
223947
232763
194449
184346
216992
200043
205233
195546
213601
197438
213518
214490
205270
185119
213429
195358
225204
238463
209321
173924
198121
254625
203501
240612
220813
178372
195635
197948
208728
182814
223112
202831
210203
212756
220481
183269
202213
198221
203112
214448
202417
199876
254679
209826
204524
246128
226535
192069
234848
236850
244045
215515
256305
222391
193006
259362
218257
214424
235373
215140
203788
197373
223652
203422
242052
193582
210968
197821
186808
216992
218458
186429
266832
212030
194364
210770
211861
200986
207017
202952
195721
200246
196505
215079
208128
230212
193272
190828
215685
211086
189169
219647
202347
208327
197745
179079
201453
206266
210168
212927
174343
226535
208621
238896
199965
187127
214229
195027
229321
212866
203379
243716
224231
215309
247615
182138
179731
196356
207180
196231
192415
246931
210968
170166
217167
184831
196334
232992
204558
194863
204020
182243
211324
211775
195853
213606
199749
206623
240078
180249
218810
187099
225318
218094
182008
191830
201545
222137
195804
174324
161947
202980
188107
196601
197323
185086
205974
213190
193445
189177
233643
208341
179555
190539
204859
183012
205122
245938
192716
244694
206883
190772
233265
212173
250373
197360
212742
197166
203558
224842
215887
185033
228423
251773
190211
250027
198910
262497
182424
181643
214631
205015
203106
189097
191612
213842
216888
196719
248186
224415
190085
217986
186988
213756
224743
197189
194840
195194
189705
192680
215987
215159
195063
203894
206279
179849
198726
221463
189814
183227
222238
217679
210454
218833
216325
216706
227187
205719
249214
188950
232819
188253
209186
227312
197667
206307
209859
205223
173167
198861
215651
232625
262718
202005
221738
192863
205900
194656
205679
311287
215382
202330
222429
303430
309932
291403
302068
221973
195362
244238
303346
276262
235029
327092
286371
312220
176353
290564
325002
315376
204701
287547
296733
323031
356214
299639
296682
292940
222178
302544
215109
242517
286163
190367
283614
353426
236744
206376
178766
309302
310834
212004
215870
234594
222346
216652
230788
210116
300549
214212
240158
244080
276103
220404
253345
171849
205157
232029
216251
188194
171069
192366
301970
348506
199099
194253
277076
205826
185464
204831
210074
213173
191689
190752
199690
210744
194231
201217
227894
247812
193220
222665
245010
206452
189759
250283
216363
224519
313642
251573
244971
225067
326945
319368
218773
186492
208934
222129
262062
270217
270824
379048
296690
215643
331432
323334
184621
303180
240955
201970
295812
214383
255800
214686
258448
303763
268432
295627
248822
268032
250834
246008
191403
208195
229405
213363
350627
247822
217985
350774
310412
281025
229679
277784
306771
286791
240980
299845
192013
223806
218095
1263505
194411
194158
203173
221412
198225
215896
197986
189309
188237
189792
189712
196455
211481
281323
288374
223069
211454
198955
250173
273475
266500
235292
192001
218720
190310
204806
204101
214892
308583
246576
278254
277556
215776
270658
186590
246054
249768
200333
196843
194455
210464
208986
269833
211161
195591
184147
186530
189788
187156
185744
208249
228125
198217
209254
199159
229157
212384
241096
221124
233928
212050
216302
223349
196690
207417
178133
199018
201042
208963
188234
203589
234397
195536
188478
229717
230783
199701
207126
181125
209536
205550
198160
198338
188263
192014
201204
194081
5722826
3653521
1536053
873344
376069
281437
286210
200489
215147
211153
180294
199355
200126
189421
214757
187550
187853
200782
203418
210469
196724
184657
201795
199380
273946
220262
183207
193398
218003
272780
183099
191312
214419
182007
311532
202118
192487
186601
243245
179310
280113
253118
270372
238864
257994
254801
208367
244955
199680
203943
193664
197245
210571
202165
190277
200121
199549
216855
200378
182797
211284
187631
202964
201113
191263
193290
224538
219379
205988
246481
240581
198054
243445
233188
193735
195511
188176
193790
186768
220045
184583
176833
199011
191185
186850
189166
190816
217434
193592
191575
204022
189218
201541
229138
190909
192454
226412
204899
227905
193169
195335
211536
240647
221517
203676
192208
200984
196042
198159
204922
199338
188331
178525
221788
180190
200856
203431
198751
194178
196389
201923
243162
196082
235180
220289
191501
204078
203300
195081
197578
207784
193713
188295
218260
183377
199079
207141
220044
184798
202704
204798
194745
188198
194855
193755
189153
190582
201005
248999
190151
193864
205921
235914
222417
189589
209743
208844
201961
194047
181925
203298
250100
212013
210157
241173
192597
200378
201128
217894
197292
225437
205450
191397
206938
183486
215163
190882
196294
177439
188384
224978
178771
224853
266513
193418
190723
191806
245576
180987
247509
201382
248534
191061
199819
187965
202052
190667
206794
195535
203306
192051
196875
209562
189295
203892
204278
190409
204436
195110
206523
215347
210445
198662
198998
201710
203650
211173
205551
199467
190688
200938
200241
212501
296732
338946
291468
194884
198796
188332
206099
192336
195706
219780
185126
201017
187779
193596
273061
203485
206062
193043
236050
215387
208614
181244
203040
199295
228211
223433
209520
222843
218494
212468
237566
218408
231440
205962
207643
184096
178798
213636
199071
207653
195056
179578
192529
187135
181019
214305
233190
212147
181230
175933
178335
170668
176388
184796
189678
199457
169231
190404
211583
185429
249766
173226
186379
197885
193004
199582
196871
208001
209098
202400
200263
223714
210413
187981
180080
271169
181510
200111
198428
192970
269267
177567
187353
191382
180338
226367
199145
188665
187892
205633
205441
202609
175362
195302
179296
187238
179313
200273
236616
255693
192215
196180
189595
203215
207691
212950
195252
189320
244365
204181
252323
204295
172576
209504
219222
200713
220100
202851
198458
198139
203540
176980
322380
191982
205361
196752
191989
182382
214334
183446
224283
185096
187229
173780
205618
207406
208501
196472
247307
202545
200566
187075
209991
187774
214959
199316
189150
214953
183332
187970
215388
195770
216123
167883
170495
244721
207007
221652
181780
189527
234953
206434
195211
213658
202110
181216
205460
197627
180239
199651
190631
228033
194094
200791
184691
195310
210900
195093
218400
220656
185295
182295
230994
197377
191641
213924
201002
171206
191941
195378
193886
186092
192205
194255
197468
185231
178422
173826
209142
184089
214132
182343
191063
186632
196907
209359
181475
219643
191343
206527
201040
190779
211558
203920
189337
217221
183520
185737
210970
186710
235368
173792
215146
206567
222206
182881
179761
236496
194938
182696
204398
233773
227732
196421
247594
232420
221757
179184
183796
194691
208312
175821
208424
189858
194979
169685
222474
258087
379029
277627
195163
233425
237083
263107
191403
268479
199648
197549
289306
225263
289530
229820
238218
212337
221161
184851
204680
228196
226191
208185
314495
179783
257406
301710
255981
238832
203178
198981
228310
212251
194796
181721
220379
212233
193535
191688
205613
203454
202320
217652
256505
195481
190159
192336
7050336
4925485
2851815
2107475
663787
245517
298721
233684
236318
219897
247918
203743
231256
280940
182159
221767
200205
267942
175059
234770
218221
185523
180558
300902
205632
220862
160659
200724
206792
233867
195105
173218
222560
213473
205010
193546
210549
191227
200891
172646
197438
204533
203059
184836
196021
196054
263916
194410
213907
187356
233851
196601
209317
186999
210147
188195
214508
262935
250983
187266
187399
190818
224676
179925
233866
323019
269205
225777
205392
212000
221758
324273
188143
290972
209633
212512
374792
288529
188062
210294
217809
319474
205941
199649
193912
226892
411788
204542
202135
232402
214482
233364
216732
280135
332569
200869
193204
205630
177946
220424
214504
199781
196168
211764
210965
184182
172316
201065
187806
242136
186628
246125
260010
176833
264975
242238
215551
221893
191291
229457
220930
180644
185256
190693
174971
205131
181754
196834
274020
189278
237704
201087
189972
197713
203984
190968
187951
182640
213582
187158
192429
204517
187197
195936
206063
204931
176652
186641
196690
199021
174794
188949
182859
198028
204302
191537
204073
184642
177518
185535
209158
172081
178346
192956
203125
176558
192652
191367
193068
175812
204230
203556
211169
215118
213820
191291
190770
189674
185809
208022
222354
190955
220531
194409
178203
194770
202102
191454
207282
202860
220360
218603
221935
222621
200857
198115
212252
197407
212839
208746
205709
207188
247175
233885
257993
220872
196691
191454
197832
202058
275811
199722
209173
202706
199985
202457
258780
209896
202955
211287
236886
219782
185056
227949
231463
188388
192679
224200
227477
212491
228088
180101
192164
232484
216766
190235
200512
181557
217073
222443
214829
212124
194016
188117
197818
190892
191894
187317
222191
211405
177268
190671
205984
201569
213948
199872
204807
211756
223954
189649
174257
187460
183341
195441
192888
211527
187665
185871
202128
182843
210740
226104
204897
188696
213919
189040
210342
206245
203452
223991
202880
209366
204854
212168
204616
198491
193380
210720
205196
204299
196303
191672
190599
205560
206017
215842
193521
176683
187055
182428
221109
198757
201690
204254
199806
182213
203387
195572
174793
182129
175203
213762
204905
209860
181858
190456
184757
190010
183619
211875
189779
180153
206731
192798
189494
201236
206839
204473
196944
182371
195428
202778
196255
199095
191481
185773
180228
209671
216102
179101
212035
187473
211269
183781
205063
204507
214766
197424
205279
180210
199827
182257
183917
201515
201240
201029
173483
190820
200376
205751
193921
186105
195563
207201
203650
234518
188994
191336
187336
167429
305579
220993
218010
235283
220042
251410
201028
221712
179845
195229
227386
184619
253380
194426
188461
207400
216080
221207
185200
247706
190901
219317
196708
234660
205470
200888
261786
224509
240879
198168
255035
178894
202756
199888
213272
231337
203698
208994
205607
206500
222466
185910
194577
188228
220969
188517
200348
231105
187435
214857
244003
189842
232672
242022
223917
187175
207930
205533
193198
209012
201269
188564
197979
191698
192113
210640
207338
215980
183007
209675
184581
190674
226667
202966
195169
187989
229309
216110
190678
185922
180296
196921
197185
198372
193396
184716
183433
206760
204333
202909
210277
180791
201876
221935
212609
198480
224352
203332
194994
189560
193142
227647
195627
243417
198320
192483
181483
188323
186300
219359
178462
278768
179478
179441
268484
211870
185656
223433
191303
200640
189890
185623
178546
187053
198236
201158
206588
192552
192503
190480
184550
213174
199632
198140
199455
212862
197190
208640
209411
185407
200482
191221
202022
205362
195066
191390
179047
6592454
4526714
2407557
2541827
463290
250271
183451
193503
210117
184872
196831
189553
198712
208096
176709
191637
203439
192117
190852
237795
205866
207220
207879
228598
210723
251317
192743
212578
194466
195951
201768
174660
228930
178025
199159
197315
227593
204385
206333
230292
200024
209598
220746
199533
234829
198464
222212
195321
224012
238548
205929
180058
199431
205093
237144
216686
200653
213974
204645
229330
207089
186670
216676
208263
231326
182420
229958
230978
196893
238473
190934
187355
168911
233466
205851
205741
201655
209569
217108
211601
210128
184003
215171
185969
209988
182347
193500
198232
177819
184032
197510
209568
193025
182360
198692
202386
189929
195755
202137
199570
197096
200389
211633
210667
204389
190283
213911
209088
197785
207027
200172
214363
183172
190559
206602
192687
226303
200787
194499
201829
221026
211021
211249
192436
227779
195148
206819
193137
200161
209142
195037
205631
196151
196691
196278
195026
199314
198635
197505
201471
199593
225925
187456
197799
188478
202588
194173
203025
202651
196493
194279
203701
204569
202561
197202
205472
200607
190298
200206
191363
188885
208398
208870
209914
223646
202405
208078
303503
214467
216335
205018
232323
179101
304305
185745
191609
185418
294719
222464
208078
188329
223966
238859
209017
218350
211624
221023
282404
196844
204818
190811
221550
215012
219604
339529
205250
226664
184269
206137
205121
203650
221402
346751
204492
219289
248243
212929
195412
206828
191935
194547
185710
337618
213315
231991
207488
206304
292018
296322
189164
181777
235618
215701
190797
221394
224391
186639
225252
220421
291295
188741
247223
233561
176925
207851
217010
235770
197664
229771
216876
259160
203416
196835
197677
190272
255769
203848
307969
241201
199614
197246
242893
208898
219344
176747
205028
186368
203392
218868
234869
202315
221770
220576
187146
225018
259879
212093
225021
238230
226979
221325
201101
182469
201421
193347
188959
205095
203226
185219
197868
202736
216642
198567
247064
194715
219127
217376
213318
228869
208497
188756
210115
195216
191802
216801
192745
194547
237828
215513
201596
188394
194201
195326
208326
205035
208729
197387
195409
229246
174201
182710
182621
174172
202962
190965
180984
203581
215414
214260
219853
207159
199206
196557
205173
194904
212446
205056
223794
195883
200423
202923
181477
211246
206323
227867
211077
243907
197582
194920
208503
205693
183393
205538
187280
181709
217190
231746
194484
245073
192953
239206
213391
190607
198360
181331
196465
198390
214619
200821
201074
191534
198359
212447
208457
215171
231979
207833
186322
193631
182115
209770
212515
202023
200966
195086
190402
199847
219785
210664
202625
218323
204155
193245
185394
223618
188292
205441
211972
228764
222339
211252
207590
198568
193130
188465
223755
182300
198956
200812
203557
189745
207251
185559
207162
215532
194540
190833
213822
190748
210996
208760
207275
197635
195464
184042
200524
218551
189133
199724
199743
206721
185356
193849
216547
187908
217129
230965
181075
200749
202592
209731
227201
205157
187377
195365
217983
217713
183857
185562
182004
203522
251305
186423
220108
197742
212582
200497
209360
190790
194415
195064
206083
199435
181808
175349
207147
242053
207605
201896
229564
194464
203565
207754
192736
202619
195360
194022
204876
232711
327709
224052
221030
203353
219456
192173
210159
215423
211339
210123
214703
209704
225219
192929
242822
215250
219171
184600
218307
246881
216260
184190
203871
206091
220030
212855
211314
198249
259307
290790
311323
238314
264432
200028
192503
210044
205954
205668
229457
190311
210705
207373
204216
234731
202639
199124
199046
189039
192059
7949544
5827144
3792537
1718770
1024687
479312
362203
209494
199090
203338
206180
192330
216777
243046
189593
207775
200048
202962
220906
198295
201435
227645
196820
205727
190334
190581
217517
246214
204776
227014
196911
252474
207542
220888
208516
206335
208750
208732
201337
216221
215228
188500
215603
183967
220992
197737
217678
194739
201357
228142
197764
192610
196732
198908
196652
240053
245313
263341
182241
199292
203933
281920
179195
184392
184593
202293
233039
197069
209319
206074
195593
203161
198507
190486
255160
186281
206279
240039
184259
190125
207458
181694
212926
191453
218644
215524
217514
204513
201518
272765
202958
258600
271760
181135
230691
199413
226553
192042
220775
265610
226734
180490
230846
253319
248613
217838
296630
218989
178133
210149
212032
256677
205249
215533
230839
219451
199369
329573
209365
234755
248998
249569
206334
219423
234898
268627
201746
235229
290510
197403
236764
221424
265575
194196
191123
190112
204386
192073
203414
235264
295565
193041
285543
265803
213351
247936
257509
290444
220153
188652
179273
213150
209294
274939
197018
183186
241178
240108
255388
198577
354954
193720
254193
192035
205951
236904
243916
207147
204061
191636
258140
191009
177535
216957
205820
230119
181670
205522
207645
201751
194600
187528
180944
183807
204607
211771
200533
197746
195787
187801
212255
202709
226487
211166
177486
194519
185999
194820
221395
176296
238923
238832
190400
179462
195783
205217
206679
198068
231173
286006
256663
207998
214282
186169
196713
209382
205443
238240
210512
211274
234177
218864
190894
235650
240693
226350
177011
335900
217084
209624
174507
189620
289240
225611
179638
204468
257574
221044
239995
219783
266205
198187
203114
200420
233599
233249
232299
193587
210810
254749
259200
299721
277777
224038
323511
267106
194747
286644
204737
207571
244725
187453
228562
253752
280941
237414
263031
257971
276968
278299
273788
180353
301907
327284
313852
223447
316083
194767
291403
279436
267745
299975
219069
248267
273201
163237
237126
169111
194921
231644
324725
239881
270612
268399
192751
314827
231391
249885
256776
215240
208942
285493
216667
181695
198680
196298
246172
217034
214156
292941
207072
216827
205170
234361
203627
235949
200891
184193
177389
188408
218229
180029
204601
220447
191674
169568
189277
201401
203902
218239
204050
198372
220265
195688
213070
186514
190662
175319
211204
199741
190444
204533
305772
212148
202660
212822
189410
185229
263996
205977
221158
198156
195287
188567
174160
181177
183237
183858
226899
187947
190251
230435
197115
189088
182905
194878
167953
185169
187354
187732
250771
216427
178991
190486
170993
197963
198964
194845
174267
192468
203594
239164
240195
209160
237712
220035
210905
205619
220679
180581
203915
234411
185260
206129
176610
182382
251289
211497
194860
181623
257482
180140
181564
192986
211685
200614
174902
212793
199270
202644
213286
203811
204988
199231
205046
204463
219692
181708
193851
222965
193202
187996
220169
216366
204434
226002
224824
192843
188635
231158
185929
194954
184988
171149
183311
205864
219630
189752
211457
183142
211050
230961
199409
189998
182521
182797
206618
183811
209546
197937
204206
193353
194992
223672
214384
194822
199955
211857
195019
204929
195201
218720
222120
190946
210286
190807
206580
193628
191985
199858
197828
212943
201548
205961
192386
185674
186526
203146
203048
227347
187582
193878
206294
207028
208980
215771
211069
194058
211220
203897
213978
191208
200412
185699
200924
213275
193151
194941
199126
204100
197292
211454
191303
190537
202451
209353
180784
211446
176364
194870
198279
196476
189336
194324
212810
204382
6603193
4525410
2400736
1471427
846421
214382
171765
197783
201922
208315
194657
196706
187410
187282
207411
220575
198428
186648
180252
196430
200270
192066
226988
202388
202555
177240
208707
192828
198350
190041
206752
169897
199631
193381
190770
221226
235866
200142
202462
199383
187543
196560
234880
175941
198151
193967
187365
209899
193948
214287
210761
193702
191507
179772
209688
175912
177609
215623
181896
217161
182607
176852
236336
176563
193048
185501
185183
195011
183192
177389
191509
203011
170534
179917
193200
183858
184381
183031
213070
177807
170872
208955
176179
183808
173169
209934
202268
196762
183658
190563
181691
196526
196853
196358
210257
190917
186975
190926
191884
189474
178724
213401
199931
199972
163864
179040
191761
172289
186701
188947
190560
197649
197622
194263
222873
192736
198857
200225
168491
179230
167029
212671
188881
180412
186911
187024
206481
197558
201225
191681
197067
197421
211108
206147
202689
215189
190929
177210
175190
178937
202239
212831
189966
186799
188061
207894
182509
179707
181449
186930
191934
267503
195211
193640
206800
188031
213130
188354
204606
210393
189862
215474
185094
198071
209646
217580
182114
226067
174034
200863
224514
189934
207479
223345
177328
188678
180149
204875
186277
192495
217550
204536
187626
194701
190091
221734
178873
212335
197842
200450
189621
183330
189405
196575
194381
214743
186811
200917
192078
205273
196219
193532
193957
229655
241717
186397
185020
233844
190571
183035
210399
235656
200280
209672
191859
189287
205058
198421
206529
197653
184578
195781
183792
206904
185309
218243
180522
198972
215409
183072
182800
198418
169189
198393
192542
199621
185111
183675
177106
181456
190511
183797
200829
160868
178642
215243
194337
185131
196979
217542
183088
208007
196547
190021
208716
180769
187478
182499
192262
181896
182589
175174
193977
179281
199777
188050
194299
207726
199913
176511
191373
204106
221391
174987
169236
194974
180564
177591
193479
185057
226017
191114
198866
201090
182198
185758
175356
203201
200387
224199
194438
191025
205212
176010
248853
203881
201851
198702
207387
185160
217467
218761
197055
203159
212312
183596
220071
188283
178417
183375
213458
219192
195098
187674
206310
228822
178335
193599
189437
176526
198020
210939
175870
183273
170542
215104
189842
194892
184661
209213
208212
405388
194363
228050
214467
191182
208608
208218
186750
204747
198836
195523
203775
201001
210898
202774
200566
186515
194602
195759
207982
196438
184379
206642
199271
212489
196964
191875
206363
201978
206344
186870
191046
203415
202314
199166
202571
187899
186159
191525
192049
202236
220465
194972
202266
198395
205898
179302
199268
192725
197996
199812
209710
190201
180516
201630
195100
192868
204722
195809
188584
191162
184314
192515
215752
190464
196187
199950
200707
192272
258639
209775
203689
189989
212018
232198
192606
178973
212525
197600
227294
204884
214535
201886
192166
194716
190796
202655
211790
212954
213668
196580
203353
197684
195448
204961
187602
199079
190127
182957
192039
199215
187796
178219
182968
173027
182594
177444
190319
175612
181455
206283
194551
180756
202072
194649
204816
203980
184370
202101
211220
183893
188961
187865
179303
196752
185396
183981
182334
187036
171858
186125
187712
188144
195173
186492
183998
169590
197647
187004
187144
201179
182751
175429
186939
188294
188106
180844
210621
203869
207435
212224
207229
194987
190465
198053
201467
194900
203213
193571
187244
201895
185556
206457
185210
215939
210052
203665
190991
192686
226965
197611
212008
201242
297569
235165
219651
210551
199391
199018
179411
209714
202707
195722
198747
219615
197814
202720
189510
6757467
4635781
2907215
2836324
713957
233108
250141
205514
180597
195789
203069
200439
212408
184337
193985
176530
189343
226110
196602
190527
192254
218857
179686
188956
219401
210127
212986
177908
203251
185850
244774
207892
192137
187284
192591
190758
209190
187835
223810
225222
183563
185194
212600
189578
212086
230729
203692
175757
178573
207093
185477
198940
207222
183448
194573
187289
192900
219164
222974
181880
215791
197886
200835
192698
208419
226045
179244
201141
207292
203158
184044
215486
191542
179548
215789
175763
247434
213825
214421
219171
171987
213553
205507
237458
168226
183797
188542
193776
184316
197797
192541
180180
170998
217880
190618
180663
175933
238880
247518
276430
236662
169268
268525
211157
191680
190328
270851
196726
273008
193898
178890
206044
187064
192468
202645
207240
204449
195730
170727
197863
212455
201812
209622
182699
195265
172264
190308
242027
217804
163635
187999
195356
188080
204380
191147
199810
201366
196151
225788
207417
251602
181720
193394
207525
219730
219484
240452
187033
210650
177555
194646
171194
237914
173356
176948
182465
194978
280459
196294
176042
184562
180537
192847
219210
176424
225082
198593
221985
213219
173056
184653
216080
187579
219322
223921
194529
194436
198374
174838
199236
223333
197036
227694
235665
189755
178382
205216
193669
205037
239437
193978
274882
200035
198265
184166
191365
166850
188169
205381
197090
212822
180473
243686
205792
187786
183558
181488
187962
180051
196611
264672
214792
201762
188348
194568
179246
199347
195326
207689
186441
179638
216002
194887
234087
179767
190875
199584
195804
182259
215845
182419
207644
186780
189266
196872
206796
192631
209965
206779
201141
201086
185040
192531
201916
205373
183303
231988
186533
200460
194376
200682
209996
199733
189802
216477
190673
199582
191241
196404
220629
223324
206041
214934
200002
208829
183732
198599
177667
195827
194144
202691
199053
189698
178328
230466
213740
202559
198073
193516
192251
219776
184781
193322
167778
197212
202114
215197
202418
204993
187786
238532
185289
195797
207098
183091
192641
195085
202265
243937
194104
204018
187666
221379
193375
183382
184761
195659
188870
190329
211656
194078
180977
199174
200994
202433
200779
207110
246539
208133
210824
219712
210722
200710
190708
210835
212777
215267
210641
200357
203427
211308
207499
207119
194809
203985
177345
217016
186429
198414
212585
229127
207447
232598
183473
241239
225032
239139
185922
195229
194389
206886
194036
203919
194037
208520
201394
185714
208343
207463
209726
233079
197096
215212
202315
208204
225733
182999
237186
217394
235237
222888
223145
240716
193656
220407
202778
195184
193355
275593
192429
196182
195233
181269
255988
184069
199358
191476
199446
198691
227596
199762
195717
192881
210200
192466
186729
208925
249007
214212
195409
256927
187943
202754
186242
194833
187915
198411
192690
197450
186649
213604
186748
204390
193269
220248
196707
204161
189862
194972
179182
194146
233222
204168
199470
203387
195797
194398
205615
202992
214115
197860
188239
201144
206955
202680
205212
197414
202179
202959
203063
220886
184268
189274
198129
196734
212529
197806
206950
202732
201610
203747
199260
235604
205930
195024
208974
201075
200580
196180
197783
194098
203084
183122
206902
188519
197801
187743
196741
201221
188090
191335
213171
192931
192528
189392
202924
213397
181123
188626
239128
206397
277866
203007
191205
220166
199320
192396
192980
195973
199494
205292
194357
192802
189182
205724
203690
188094
205590
180401
201657
218017
215203
181506
197395
198136
188584
182704
202986
191971
188630
202262
192784
194835
185249
185034
196944
184358
6458063
4334823
2292130
959176
212524
214234
206741
203742
187573
194662
201039
204945
201668
188840
198327
188068
218373
205388
195831
204112
220506
211444
198756
188339
195469
186359
196653
194416
197569
201277
190845
201387
206318
195690
180708
216396
188017
234035
188529
193534
187108
226307
203449
205890
191042
205667
200599
184812
272275
187284
192150
190393
206068
202959
184733
231769
174846
199392
232875
269440
186302
195130
194894
266094
252911
217094
257206
279521
203887
216730
216405
208394
205318
231556
217994
237816
184173
193373
209383
193354
197018
210245
222762
225641
242020
241359
188224
227828
222896
216845
230220
208997
221504
199655
208531
211023
202699
207039
199827
195506
199250
198832
192123
203744
186066
206949
207886
219735
195564
197754
174254
194431
201343
204895
217141
184591
192668
190327
173612
178831
178254
189200
207704
211921
185760
183660
190164
202828
205435
197841
211274
179269
206189
190899
180913
192345
221716
180631
195776
193966
190573
232614
210529
193085
290312
205008
200921
206689
194861
197284
188490
220104
185956
212080
195826
190836
194045
186135
239789
186921
286528
236773
226165
324831
254176
278380
287316
280374
235207
190856
254759
193747
216458
203438
187170
252433
206508
205347
262960
252190
192005
211868
232714
207163
200067
197872
207018
225049
201282
232199
235521
205773
229501
262246
227706
226224
202837
192855
210060
190261
222553
210402
191865
193616
193113
196545
234389
208511
198080
197844
190000
193893
183745
242724
189938
197658
228582
319296
188625
186049
317839
234631
280339
295858
264071
228178
205543
242825
245081
327472
247074
281282
262779
224080
254710
180517
275296
187712
199897
243987
204786
181711
249684
227772
217290
239476
213408
234462
227571
277161
271226
194850
270547
206405
198672
230784
221258
198255
196789
256126
203475
208166
212999
211639
230601
201646
269086
214945
218877
212634
223577
198673
203439
184042
248662
201819
188902
235647
226525
195238
179526
206116
191436
192876
222950
206181
187088
204650
369405
193772
184854
193961
209337
208587
207375
209226
206518
219063
202100
212227
197129
185879
261084
220409
221143
192969
189974
188394
204320
206646
200448
213328
193008
230922
202674
176484
217126
213203
214047
206686
206011
195356
200471
273311
272543
217647
201462
222148
194738
205598
249528
253499
257701
188841
208175
244268
206995
199495
196765
200081
208373
217842
192213
242913
200933
206922
188982
184591
190456
195120
213725
210128
222217
195138
196862
202522
215710
228947
224698
202174
190391
200668
193433
182844
195283
202142
195240
190077
245700
182488
191666
197152
207048
237521
195480
200458
194141
200624
193487
203367
196990
210630
182285
198486
189004
208573
194791
232092
192445
195418
186128
192042
203342
198389
183739
196820
200281
188224
212972
182745
189417
191569
189465
203929
204513
220859
207067
241888
246072
209968
185578
203603
226203
199638
181232
207675
203962
208509
212217
197688
211619
213689
214346
218552
211238
220745
218165
177888
180796
196471
174662
216733
245594
225110
185479
209928
178908
217111
237140
212149
203390
250349
201613
219012
173459
187304
190938
212936
216929
211906
182617
183741
190937
252762
200731
208387
237812
208405
210606
195620
206277
194906
203110
278051
214592
191672
219183
230608
192632
202540
238174
1874764
706514
184108
251644
191171
227986
242705
205480
192450
221291
242929
248118
182021
272786
208583
249425
226039
250977
193314
254891
213823
203117
272741
271120
269803
253470
173942
278044
222564
305469
292895
205363
243174
239419
212596
222245
213521
200456
212098
200973
218095
191051
202159
233219
235191
7915273
5796680
3759548
1733527
600085
253724
260603
197793
204398
195594
197634
225049
176960
188531
200885
212620
167575
233747
172753
191260
203423
277219
216649
226530
191869
232135
169056
212252
240565
182077
248941
236938
194187
264560
237157
210721
251389
227059
185362
255289
235414
223683
189196
232735
218734
206152
219500
207960
182714
203593
209724
223045
195867
188790
229689
218038
210293
192350
199464
187238
228328
212012
243339
185426
227417
187718
188516
190493
205487
241545
182933
251080
189230
259438
210335
182713
203414
184866
179662
211438
225085
190661
194243
196751
194450
196296
208330
191433
231751
185972
201528
190902
200350
186154
202568
199404
200556
181655
199370
203842
192530
226200
192966
191793
204135
198792
194471
192218
196359
196259
198823
179973
217337
199749
184527
205717
203809
445552
191330
187203
201747
189277
194801
220337
189318
184634
197361
212961
210220
204952
202265
199664
209117
196849
188064
189449
208678
200675
205043
187083
190005
188808
184677
202027
194839
186282
192879
182593
187368
195105
184714
208824
186383
183204
195717
203147
193204
199438
212795
193193
188148
195062
189140
199035
196073
186976
200894
204465
190219
200486
204411
176462
192918
199444
203337
194273
189802
186347
218791
212651
184731
219720
193925
204204
197475
192669
204886
215202
200565
198058
195646
198455
188898
184569
208443
200770
182384
184992
212410
206121
213342
178369
213907
192742
177623
198327
223541
177926
186960
200474
195115
216154
204859
192804
204893
182735
219884
189141
181652
179279
178911
209041
204171
175622
205499
186728
183631
205642
190082
183197
183496
170742
193111
219766
233433
192625
196540
198889
217297
197041
194041
200913
218283
232659
203559
193455
203612
216449
188506
181024
204180
199975
195536
190529
226686
198764
198929
202713
188988
184848
202886
193355
205871
197716
221563
216742
200391
174656
207019
210192
202466
203288
189129
185682
173947
208467
200131
203901
197368
217575
187209
219498
207224
197496
196264
195585
209132
185561
178326
191814
200496
184925
194955
218776
190121
197985
193833
199162
210616
185906
186779
218944
194666
196842
191715
206831
200462
208064
235145
258785
175490
227451
232203
218504
196685
194762
199679
201788
205255
192167
205743
215847
214545
184930
202849
173256
200171
216620
185322
180569
194099
192545
213949
195027
216253
208746
198265
207244
200483
225518
182989
201486
222589
203757
192756
209518
211322
189635
187692
210003
169484
210015
193793
186834
214558
231948
207582
211867
203613
195115
194232
189225
212066
223330
191613
219884
187661
190376
184136
195956
204362
187352
195417
226302
195502
195628
176318
194095
185405
205647
201874
270176
212081
236194
178995
208462
195976
255577
199506
314296
185373
283109
269866
211405
203213
181567
250426
196076
227083
204042
188169
203474
246777
204967
252786
193658
188243
205272
184599
235302
282511
193449
253017
208559
208346
202636
202791
206882
186740
195692
189066
221748
201715
199550
183585
207080
242693
181416
190303
228710
187551
195248
189964
197996
212531
204570
203060
205894
173155
191577
192701
203302
197493
194905
196186
219447
218545
201559
227693
208497
209916
203544
196425
186346
182283
215309
240748
215174
215237
260294
190107
223946
189783
197902
226518
214751
193038
206630
197621
192285
209483
197034
207322
223198
215963
203177
198485
202754
205962
224948
234916
213426
232313
210345
222941
247316
246094
237506
254168
219745
222337
269402
204786
231361
272748
262564
223472
224713
207733
225457
208956
278642
227942
199371
299691
174942
265689
302408
284552
211731
181449
239894
196045
212738
252573
278349
267560
5540455
3418767
1378034
388153
369969
318944
285100
236747
250891
229009
174321
217755
217214
291944
213137
210377
189274
192272
223543
226380
200717
197312
226517
243018
189201
206608
208268
201359
194488
197066
193708
190034
179233
237559
180919
200287
205346
202637
217560
173199
197336
198704
250124
181750
208631
208571
242552
247119
185198
211086
206947
238023
241622
229767
236533
244774
265965
193452
282831
197282
192996
219092
204420
191516
263699
253650
227257
208194
212888
261992
248382
294146
196619
197813
259118
296203
271098
311801
201550
186122
227885
230138
238130
313619
301141
292217
299260
340051
340156
343819
235530
343549
249959
222614
226551
368874
352341
216017
211974
291984
186950
369339
192251
257813
202258
221468
189044
217248
272744
224739
180706
183036
189106
203863
190290
226566
260180
185731
195539
180559
179348
192775
184708
203987
205293
232752
175574
207975
196287
213240
183048
189535
193950
197539
182230
202022
190287
204619
173957
209243
220894
243153
200486
207718
223768
252163
247387
189145
224298
203359
194512
206620
204621
187946
184329
212123
182858
182906
200830
207166
208235
203231
204007
191745
208099
196132
184187
204164
210090
221771
245805
258596
196638
266747
251932
214846
218668
226141
182585
211836
204526
210320
213973
198235
210223
205407
178715
210873
243274
194534
235805
200199
189592
211741
223898
242404
236790
221734
251757
318672
217592
276418
308744
205949
322935
254152
258124
311547
290670
321336
200195
287619
199191
194506
269847
266689
284453
210390
173641
193557
304149
210982
186531
235910
248170
302758
295301
217298
353896
352177
310958
350123
316360
291532
353071
179100
359977
318764
303631
303000
219680
196117
210384
386635
181087
225207
403103
308326
294614
294036
334342
355129
225572
170646
310525
389444
318080
347585
182480
284521
320483
241864
198631
201535
195574
303340
267353
207039
298244
205997
185545
206838
194964
180408
220433
242695
204697
280493
270760
342039
262154
307566
212047
179165
207708
338750
273497
275998
205203
256315
204468
423121
427785
200415
368710
499835
273544
175779
191888
272806
217968
208709
286374
212751
206606
301658
206341
315035
221892
238582
229082
188031
193820
254713
257213
347773
256265
340443
241732
334346
214276
243995
243597
216153
373759
258909
206243
215132
197210
257663
193002
238395
185170
327057
287091
178005
264534
266853
226575
241385
210234
286553
237957
407943
286014
212022
243228
242288
207398
209946
199748
298674
254068
215200
212466
229589
232574
190875
213450
291588
225568
208227
280165
283767
295718
250203
215976
192693
219518
206626
250977
246911
236534
233686
270181
248430
250542
254209
233890
242386
235464
222655
384237
189837
223928
266246
255411
238464
216335
205963
283150
372992
218469
342721
215151
329673
222620
334997
187301
191679
219477
213744
221034
218105
207060
248664
360297
190251
184863
232175
363640
383186
213128
404155
191414
256109
223567
326970
222431
213720
222388
367453
370743
389700
282286
364813
340364
272796
366407
272836
289369
225303
302879
323590
293959
344623
256247
209478
204801
355644
221952
294073
267833
248339
191585
189173
200146
279870
215248
189677
223272
204173
215872
247131
233960
358234
211924
271469
207909
201977
287125
245027
230988
229897
300060
262700
261585
213924
256257
279367
259524
264259
224133
203734
274425
308836
229360
242458
196183
190114
205674
197997
245114
283325
271109
224508
208969
223351
271534
225983
283948
201919
271092
224807
208894
200699
233384
192359
177989
185994
299798
299591
287703
233477
194130
199946
205952
182814
268724
178225
256180
225486
236909
369589
331076
302727
6764670
4694912
2574367
1310365
490208
352546
278983
274752
285754
210879
247557
233004
312619
211058
214982
177601
192424
205798
240786
223814
267455
228392
212940
181492
224083
182630
215761
188017
256038
184426
195161
198783
205580
192570
192635
220613
275334
244038
232967
205767
190505
230711
218854
245005
265496
233804
217973
232521
222948
224701
221695
268371
216398
261183
201996
258570
263539
242869
263169
224379
209087
208607
239558
255525
237441
200081
270427
195317
220249
194218
290358
325662
234616
263597
304784
178227
250705
216412
227904
203231
256093
293262
238559
208878
262608
209580
219230
199293
314522
203487
233498
197655
188917
187908
202614
192589
204311
196729
207043
196432
234865
280648
294204
203718
243957
317434
204758
210819
192430
246142
222954
206487
235800
197900
180423
214820
233005
277248
232871
231695
181835
278957
188313
209547
274893
184956
240009
237266
244502
242144
334229
209119
222099
248787
180130
215403
199331
246250
257717
289089
189416
262148
283302
228923
239209
219685
230356
287893
231757
228188
250392
209308
319127
234748
332582
383606
313203
320518
218491
250891
197052
207362
225564
219520
220070
204471
317965
239820
213513
240062
368803
275146
266234
241634
366847
233666
213967
194616
309787
286140
202828
174595
311642
354156
294679
316472
277266
296174
238539
203181
359562
354522
199435
382277
288226
184700
306129
248434
247514
186735
358628
333998
361518
213860
262034
186161
257575
369505
353229
184594
371639
175232
304773
191278
199126
178384
198177
341625
206493
224429
369792
208277
290436
272310
218164
288185
322938
197701
224097
198540
239624
270312
259392
264482
252946
296676
283440
237384
1010392
207328
205809
185747
208158
198246
189139
186342
201973
196367
202359
200090
191830
193200
205561
202454
195483
234449
199507
199235
196597
179748
190434
207619
204497
192528
214930
217518
218961
205127
205800
200040
184436
219613
180698
200462
226518
233975
175250
196351
234465
229101
223992
219734
219448
220692
187383
214356
200960
201416
220547
208105
181968
204964
207559
201942
223674
221984
212492
223541
224195
201492
207935
203962
269943
267020
197447
226337
260632
213385
201039
221090
217329
226030
205406
233053
200000
187814
230610
267201
239566
197265
220335
222870
213189
221432
220281
233945
197351
196321
192954
216488
222713
212757
237112
259393
272926
235003
223280
226034
246422
267218
262594
235543
244787
248435
258431
221143
254094
246967
249713
234505
192958
245325
189431
265271
189309
210205
218710
269347
238692
223041
248766
219177
259241
191830
266638
258168
228348
238664
241933
221825
217457
225877
277532
246536
280270
240575
238387
218630
236561
229559
228893
241594
196789
209873
202478
262167
209210
199773
205896
196032
193324
219479
248309
197118
256004
186211
228017
219673
190485
207250
216212
189793
220132
195312
221433
206921
191164
197541
198021
191282
199125
215414
198366
183435
208530
207011
176571
216662
188121
179223
199001
178603
184170
183756
261424
214208
187866
173001
189338
178243
261662
219808
242633
194484
252170
217696
226628
187173
208544
221034
178223
182095
204088
271680
189995
195895
188276
229150
201212
196780
359365
221842
208302
184656
205758
191359
220774
168051
193899
207380
179504
178155
192617
202795
202982
187376
196764
214673
197280
174953
190365
183376
246306
170340
186874
202212
194412
195458
185099
200388
192945
183322
205911
211900
203707
197914
194793
196147
210338
189762
186464
189698
186249
197215
228404
193062
198516
207494
284577
175897
211564
262607
202329
205257
202794
202392
189892
187968
187247
187683
242801
212709
210371
231577
224451
214631
7984160
5860421
3803703
1721160
760894
301454
200357
267196
190122
180714
229873
207890
213236
226607
232822
199827
213904
200198
206805
221746
182873
267682
205008
230546
254604
258275
184613
197926
230297
187662
202362
238959
188978
205996
183927
181689
203601
207614
200103
195713
206683
213127
198928
193160
210063
239440
207190
273622
245460
202893
230098
208930
192533
210705
221545
252909
193260
200802
234780
177904
188070
199499
182811
206472
219308
210673
205848
200726
235138
193859
182785
221996
193878
175058
223124
188671
206856
194619
202758
206753
186235
200677
223827
170419
201043
188133
198845
190117
197594
211198
211987
229330
203726
227249
210739
191964
194186
192594
214636
194296
208115
182908
307527
197672
277486
188610
195883
185939
186340
197884
191854
203400
196186
212140
201149
178813
189478
225732
208853
191051
187350
199788
184179
220683
184016
211861
184105
206303
186744
206450
191754
197586
196918
231090
195676
192184
242067
200354
195282
202373
207521
195251
182364
219324
190046
211954
223087
226897
204276
185716
195842
194899
206150
193711
217822
205916
205577
208365
250111
185758
185862
204864
239426
245598
270904
201231
187119
263758
205748
263540
203160
203595
186726
249856
186711
224531
222569
217549
206560
205452
232662
187326
202176
189726
204929
183702
201600
192279
184287
210181
188203
191114
187438
197664
186225
202571
212168
205702
205093
183735
228487
202665
225862
191333
179887
189467
198752
182925
183496
220196
196191
188563
202209
190700
180183
203684
198525
227584
189849
227198
196679
204761
217081
222386
265834
174689
217455
202494
209781
268949
192348
293455
199310
213748
192430
278520
211098
219067
210398
194398
218646
224847
205120
218725
202967
194106
186702
226413
201986
198734
198300
189657
185475
203544
213113
257286
281348
205400
211921
221086
194713
200188
180557
199492
207139
196340
218492
228289
191899
212021
226300
246740
211186
215587
246123
214021
269959
221791
203131
206948
190613
183022
183823
225534
211651
183614
191020
207882
192670
228428
205082
196325
198463
213547
209785
183066
202023
216424
216142
185251
215541
219013
199480
195233
183862
199176
190674
218884
187804
208372
207547
187140
283772
209338
206287
205920
209448
228135
198440
195455
224173
203419
195917
213137
207325
184400
190286
247034
186512
182284
200943
204507
195582
201966
191187
197750
202228
198816
204153
191110
186573
227442
191381
226160
184377
200089
184122
192064
204972
220710
207622
208158
197069
215916
181023
207192
209561
203895
209088
198741
192501
216281
194367
204390
218360
209682
186249
241860
195887
190468
218704
186574
192083
204753
211299
196227
195901
265184
200071
209849
219743
206128
231726
292371
213460
207830
230967
207901
224938
190320
274910
237489
228240
240971
275226
252547
265763
197517
215875
251988
286184
307356
196506
198230
204299
289655
199299
198599
307277
225126
298927
220680
200639
243534
195248
327306
282848
237435
226789
231391
233504
230342
244929
242369
342251
283473
199349
278896
238699
264505
295321
199487
204992
248897
244378
275137
224212
233167
195084
210167
229005
211104
188950
223303
201648
206713
200242
204484
238215
286793
194497
217297
201477
244471
228200
237260
229127
272372
253823
200664
228737
256376
196958
240502
233201
200204
229535
202134
213919
224803
207990
219181
220023
215221
206431
221620
183876
236736
204423
242393
207422
207768
214088
208598
210503
225105
263548
249547
217294
211840
202058
253694
228281
224654
219402
231879
243069
288912
226562
261712
207696
236998
227980
252931
199175
223948
238051
192713
247758
218079
227682
210972
227073
192351
251986
208684
8692543
6570525
4511695
2446744
674785
322876
238210
234384
201190
225950
220093
235737
193307
192661
257554
187501
224399
218190
179554
207711
224221
244409
250589
189450
232958
222404
209423
224616
220801
206789
204113
194963
284581
198986
205590
207948
195867
207157
213466
211318
190675
199652
188985
210780
188567
198306
219602
191121
213373
192743
190453
196389
211904
199279
333856
233586
200684
196660
203599
202569
178722
193999
199014
212751
192759
202749
230435
181001
184988
216059
203487
190777
187841
220339
189192
205860
203163
186971
211839
199230
208700
202951
177939
207309
229873
187989
187978
189883
205677
194197
195336
195032
183959
216296
215103
212364
202954
211294
228113
201202
224981
229494
200064
194611
198535
216023
197626
272235
197707
220788
201575
212905
189055
202438
204226
233761
195085
181782
176462
240763
201523
233380
214010
199413
194963
197106
184939
195858
204417
204854
209358
229911
187864
255664
191191
188374
196020
198153
204027
192742
180780
183023
271961
219351
200077
201602
225754
218133
206990
229071
250842
194573
212260
182688
188742
195807
215466
206712
227887
199690
177266
192351
186800
202157
231049
191891
193001
246066
201697
191279
189740
212336
209390
217134
205162
234381
205092
194164
195895
193353
186813
244700
233613
250579
210341
218423
199458
222142
200052
218932
220853
252288
226771
207126
182597
228001
204088
212425
202091
207239
190588
216426
229949
217034
203955
183967
201863
200618
212879
220798
185977
217944
192031
186361
192734
203912
186892
200312
203198
244510
171862
199014
191797
210368
203318
187617
218638
192475
209108
193495
219628
211075
204311
250778
221529
202499
189615
202753
216822
196592
220442
212538
208330
192311
184300
199154
198706
199455
204836
252982
208899
200854
206891
204717
205428
196336
206659
178293
216670
179160
212971
191481
201656
184370
218236
200605
197094
215296
200304
191856
201636
274763
191496
188294
210442
190261
217563
220246
240051
228357
175426
207229
227463
284182
255989
249200
209561
253130
264758
258223
279759
185371
274606
231832
201899
240482
213475
222717
244896
196789
205608
197614
214927
223656
200213
193602
276252
186707
226853
243614
261744
256519
215093
213798
196774
223714
227317
229747
255078
275500
263014
195555
226604
195483
203110
184161
206250
326563
230739
206095
196964
322155
199095
177989
210729
231006
229411
174629
345680
214325
207013
176448
203168
183998
234787
220898
193312
246750
185263
196563
231258
201526
201127
215653
253152
199588
212630
193134
199514
223463
193825
217300
234837
212607
230846
197964
221270
220773
210275
208835
210931
216467
235131
210440
222507
254320
230082
271979
203495
219479
214049
214633
279724
232129
182661
244209
224943
235557
250486
206641
198928
235192
226793
186414
220759
233721
228690
215944
213093
232634
192524
234598
209645
205592
225860
201967
231266
222510
247052
210292
241583
225868
209247
224213
233601
228670
225434
231350
223468
208711
217637
199005
195820
210377
201632
187310
254260
234304
184201
196084
263990
225049
215863
232246
217705
197214
212444
234861
222195
238716
244117
198066
242923
217170
221926
200069
252503
253474
207062
198610
223012
247085
203670
282774
203480
218084
203990
193601
197567
289718
206295
205589
241122
192757
220939
215961
194009
245279
195127
258225
202468
183614
201611
229860
219842
180327
210557
219931
322805
234521
187265
249941
353836
188524
221091
199692
175235
204402
212138
201177
186546
214388
215251
195491
234616
209084
201753
198638
262728
214339
198650
223217
194164
210495
214775
206297
219832
208708
226190
195575
231146
222503
226538
235088
226970
211574
243385
217646
6612436
4491030
2441539
1835889
243111
272889
272631
220784
194237
268537
217244
238630
185830
189660
253221
202601
295540
247933
198752
229754
208027
198540
209070
239627
199382
202315
189853
211334
210121
202933
219376
200566
221878
201661
205074
230697
231880
208343
204522
199099
210982
192168
184784
187272
189325
213337
213682
189045
278273
205851
194363
197610
334880
337333
239141
184700
201608
221940
180606
192500
179193
203774
190387
201945
189658
200373
181324
198949
211568
201767
220007
203019
206258
224844
187768
209632
199304
237654
199239
231516
195168
227628
247645
241208
197412
182437
231476
250263
223682
247678
185757
190871
188084
258689
181358
239512
192070
177184
199926
235703
231773
216320
190736
198844
191182
192141
251922
188106
186232
194858
196915
204174
211188
175997
209128
210638
220607
199744
225915
199141
201849
202354
182127
252397
239974
249537
226489
199718
210068
187323
192209
243387
203902
184465
201171
206182
190152
201666
189472
223985
194504
206740
191189
238174
195646
201519
204626
229537
203033
214147
195539
237809
196109
224211
201345
190976
194614
195953
200090
194848
221149
196804
207811
192471
214471
184403
222242
206759
186448
203919
260292
186019
192114
262385
260566
190599
248333
189093
228472
235368
197215
244430
245904
205295
241840
216647
219327
221724
314695
196186
212551
235427
218171
230676
214547
211111
193287
216632
211486
206968
215896
191133
183487
203696
202762
205539
201410
194388
213753
191163
201303
261042
191618
215527
192285
210105
197915
219273
269907
242457
189685
196803
305043
268433
225025
197804
306625
188916
230710
289590
386709
287657
288531
242563
286626
359441
209564
337467
240433
195568
237605
258562
317620
347459
221908
343585
248179
244296
322661
278573
254393
196425
341287
372701
329397
346975
245924
303301
305213
364253
374726
196581
271038
411290
415675
249214
257655
237727
353401
234661
206591
205699
195307
351390
338492
202556
403971
214979
337284
193144
186304
406668
314833
196796
345098
396455
422076
308380
293465
202000
189746
182347
220344
211274
236716
194295
268962
218173
335176
385740
412072
374707
217113
235882
411050
195374
236006
201827
277539
229129
301992
264356
263867
284814
372724
299359
199809
357033
323025
392729
333339
206509
247803
207337
260707
224823
206065
258058
279796
229753
312884
252827
273998
266742
256625
182467
220096
193527
337104
194165
216376
189884
192892
299290
196383
265623
192747
245337
299380
254976
263836
206334
228283
293257
245947
317125
244692
331874
246988
342390
297799
316095
330401
277335
289004
302560
309706
230058
338578
320257
400611
279244
204089
336536
313040
198669
346832
245953
227539
236978
368847
224587
208989
219723
295710
253702
325406
190272
212336
215663
184266
239107
360088
195825
202600
208588
321811
226108
220084
214074
200023
198155
217857
195892
210416
245533
182410
196600
219924
219085
220163
245860
209809
202292
189600
206105
258117
194088
209430
196964
202619
207846
213155
196257
238585
217883
201172
192065
205301
210682
200577
204416
226247
192846
257913
200288
204078
202252
192017
223056
213518
221893
223583
234527
192711
175352
192572
190929
193829
209807
186676
187106
225451
230501
228530
208207
225419
198311
215658
212217
233847
245900
177609
195613
210392
187611
217027
222640
202256
180383
229932
202863
207755
215152
196919
190105
238497
200963
212802
199010
203941
211314
210418
194253
183923
170026
177701
198876
195404
192429
196329
217098
189513
202637
223268
197485
201986
217373
191630
183873
212600
191225
198550
239717
188246
215238
186819
192540
209430
238180
232001
224966
210255
209762
205353
209919
301407
8055020
5929484
3881647
1802119
1245784
355781
259155
191574
209964
205164
202463
199883
211930
184010
210869
183611
292927
196591
210197
200482
304351
241055
184426
237832
192597
194989
275919
227633
219057
214440
252910
207526
298134
184695
274558
317226
301133
292307
171417
229787
234372
214804
225007
216750
202324
262236
289152
194154
255085
197289
201802
241874
248370
176956
182908
254186
245016
275112
200555
209628
191025
248135
239891
202163
263394
249594
235092
201079
230407
196648
232147
215124
242857
225617
234699
215105
217261
194007
238503
208305
277578
183911
213061
220564
214881
213057
209658
201354
190224
208817
201910
208074
198083
207442
205937
213612
215328
210281
208554
202387
204116
209824
216104
209310
214289
195978
188351
196917
195106
208170
197138
197402
180822
211594
203244
199562
221000
205525
184497
207198
183977
238787
191669
198178
199529
228456
200660
235140
197255
213410
193807
216045
215538
239920
212197
204817
227789
212342
199149
226755
209838
190835
194935
230524
218880
188584
196634
214551
215163
193803
207855
187904
206783
186171
175204
204619
178055
213049
190962
216812
191230
198311
185494
200235
192049
193559
224219
232533
197451
230377
189007
228067
191994
202342
197143
188428
206091
206012
193971
214883
200250
205025
217236
198998
203750
218763
213374
216337
188099
198661
191250
172936
186661
185538
185528
196833
194352
206026
195369
207990
196907
191441
205973
198632
183315
195439
196017
189997
189150
205984
200600
190038
205136
203142
196875
189692
204241
195994
193871
179332
187028
192045
211751
195612
190153
229851
191242
187669
205444
183397
202856
195927
201614
198062
196220
183420
208188
190069
194306
188041
200027
194057
186089
202184
207010
185405
192097
199687
199420
197365
201349
184342
200568
202359
193055
200874
193300
202549
196486
199732
197318
192809
193598
193678
192444
206984
190898
195315
187996
200679
190419
194499
221087
213516
191354
196660
193497
206171
193632
214710
200078
215458
189157
215487
212841
199800
198085
196781
208221
195023
193061
191027
206159
189282
192348
193470
197600
191927
203714
202822
201491
191003
246634
186491
201810
235043
230974
190320
233160
184788
241174
243633
233486
187449
230253
181468
193155
243446
238036
202187
222658
216374
217274
215486
220080
184064
193722
201400
206710
208921
204243
217375
217316
196265
242620
200751
204015
198678
195275
239299
207353
194186
204955
250183
202001
204242
254426
191659
194007
221571
231689
201670
191666
212982
232496
186730
211949
219552
185374
215596
208455
214043
213018
185443
204313
192618
199939
255457
219369
195102
198224
201159
222850
183350
193361
228429
201146
207244
183016
218162
204688
203992
198076
196947
206576
212579
196539
214037
197669
194812
201047
198492
209519
198665
208266
191733
231504
203222
208864
211645
204446
191229
212616
199855
204732
214727
217403
198344
188617
198196
199597
203494
205261
192508
193895
199882
194583
209421
191561
191829
176273
230920
224563
205415
202547
199717
181582
195707
232407
200191
227793
196699
205224
219747
206771
201466
196509
190039
175044
176298
180609
187527
185464
187062
183185
192679
175580
200118
194468
206171
204501
188371
187708
235544
201492
196381
195252
211009
244956
188870
223870
208728
191534
204363
195154
200512
192128
225413
230011
199880
190200
231009
225303
255472
201516
199375
249383
200635
200789
203533
183388
221041
211317
211512
216647
182240
225012
175348
177623
191393
188775
199392
226323
201724
233074
185039
211651
198188
202938
192676
208375
216108
258456
221901
200204
201478
183698
213337
205162
229185
218502
190991
179472
177358
215215
215517
205332
8437697
6364114
4233479
2164853
960146
353345
315949
193493
309900
184344
200255
187009
199699
224159
308550
255536
291009
263849
284534
268607
261006
198922
214673
242378
204898
205721
311000
200392
236132
206580
211600
227178
181751
199453
199475
201925
222329
192899
199910
194061
196755
200905
183422
209742
218781
206519
194797
193859
201440
182959
217670
188358
195993
216784
200147
195391
192070
188698
211890
187010
230037
189977
215592
208691
191611
192781
190732
203071
218922
230585
207614
216602
227925
195010
215505
213052
236131
225018
249424
229270
233004
243900
242770
254248
271100
239803
241274
188274
268671
330413
255743
280857
269206
187622
301795
209229
197617
199346
214635
200707
203368
188116
181871
187571
202732
198265
265180
245279
194164
187391
202947
186431
183942
211975
207817
195475
189751
182741
186792
185188
178520
183515
173721
207264
180316
191455
236305
239671
203829
192034
191855
219370
195436
192816
202903
1150444
215692
194049
186190
215653
292274
202414
230801
263421
231900
187537
190983
219669
196665
223103
273547
302273
269629
274747
266617
183204
254961
206131
190717
231334
268707
181233
184702
328309
319569
262837
303402
217755
192986
290368
269332
343031
225536
188799
242112
249915
205735
301078
342766
274070
283154
322182
242342
229370
219393
368941
275798
272411
219014
189868
254171
200846
183982
203664
223213
267250
258325
241743
268213
207626
207609
336160
303929
182587
209884
214821
260682
212992
237334
221738
243653
279415
336423
253404
219158
311312
315561
252190
307210
296566
222955
284046
196586
203836
191461
237560
274456
257348
334893
216985
284422
335480
297607
273990
357155
284019
264807
303321
187343
203630
269795
297260
219121
340949
257605
251688
298409
357366
308344
302550
427431
249860
215433
248819
395895
180320
415231
303992
224648
269728
197269
191444
196457
201601
207849
256411
377448
351291
273695
384413
378156
319609
354969
321407
358251
441331
295015
229566
335771
353064
268967
381046
298937
208756
364521
381874
294875
338723
355659
201166
283953
307267
264552
243898
181285
317467
281662
279259
318472
249537
279632
229790
350503
336441
198106
321700
363173
349376
351905
330439
369240
356108
282257
185266
238489
265200
337353
380181
326065
380075
307172
284310
307524
231817
204199
322142
184988
304344
257484
202521
196560
317960
287017
293708
285689
281725
223876
200645
283877
275226
224425
268008
312590
213384
223607
209239
179894
204126
210678
292919
230115
321415
243251
266845
214348
313336
232436
321617
227057
284136
286163
224409
270744
307533
246165
316699
204395
260617
209533
246379
278448
285436
308411
258719
261452
268690
252265
288315
296297
262534
260054
253523
279277
188489
268893
224035
205657
317426
198106
203513
217083
198124
328542
206956
198074
226053
272136
202784
198958
260980
233764
264107
297126
299468
269861
312246
207011
286451
230598
188634
326773
292424
198744
201085
195389
182903
216313
199913
201702
277887
199978
216677
194223
185557
228038
191270
220743
184808
275974
180892
191246
187799
215781
175383
185604
190512
257963
186747
200901
179692
231496
191212
203377
206462
236620
280842
195874
250619
209902
192407
200743
216890
195655
269645
198983
187107
195210
239639
189529
242990
199621
186829
252807
199019
254871
208523
203071
216873
192155
196179
222119
186690
225702
184786
180927
203032
195962
287687
198134
212613
352333
255773
208488
191777
264619
288060
292850
228910
241771
306885
222793
235371
272120
253709
295097
299804
188357
323616
344993
200750
313645
267350
198325
303599
229404
260766
272574
253708
279338
213444
217539
287928
312116
216976
238526
279511
230118
7978119
5864091
3809475
1681830
592172
340926
331997
263039
211908
212726
216910
220503
189798
213061
283716
219039
257886
213495
225581
198846
198516
195313
210647
235751
249571
236422
377704
195736
296551
242053
218094
193230
200194
331535
404848
338459
241702
377016
220931
264330
255077
242783
329403
283281
286775
198488
269979
239961
316063
220736
206602
256312
190500
185645
190256
212648
265659
205701
226801
202152
230665
370290
195065
339340
187138
310030
211129
191133
228305
196487
195887
192190
283176
183643
221900
203958
254702
192110
215585
205699
201813
212829
201045
244438
223893
225208
230487
203492
218798
255299
197754
200303
331338
229520
243847
219249
189394
189179
226098
203438
257999
271049
233362
213477
193839
212194
203619
225816
207709
191183
220876
247083
273022
209805
205554
187318
196486
192932
316007
191119
212166
189448
268266
218195
305118
196244
398474
199712
332477
260114
249396
198041
207119
180673
227575
242209
321790
194872
216304
196918
232713
217479
195724
211864
200717
205771
264890
204577
196946
217088
181994
210886
197420
213920
223562
192023
212458
227157
201785
201473
219891
248417
203776
288090
183228
261635
208783
262891
203545
187029
203876
202807
216809
192919
218235
212609
225137
197128
184457
222223
196096
219022
208712
298214
202744
190754
217030
204260
304401
189126
227415
255859
250364
204167
236849
207506
175276
222540
230222
223741
198752
221567
187031
197648
214123
205725
190423
204231
267829
214557
299919
200549
172874
206293
203750
250740
192976
194349
219864
234263
203972
234357
206950
191077
213716
209253
187887
208968
187468
207609
226554
192204
218629
243312
191545
207365
205076
194394
192574
233760
236561
202787
190574
184374
198224
208138
226719
184106
247940
208096
202780
180045
196478
201196
226722
196325
288551
183311
245095
292636
260945
207801
255958
236791
184005
202318
211842
288788
263807
241876
214158
238387
235178
239899
228350
225565
239617
223777
229907
187955
193727
295425
194501
185521
199251
174424
190116
221586
243445
186266
233103
201353
192413
193949
222006
198067
239476
237841
210183
239208
251475
193208
179757
218085
229557
193716
191424
217260
208856
190583
313154
204671
222615
181706
194679
200702
192309
194096
176618
205454
181240
198052
201774
263557
185784
180446
221015
196628
240557
218103
208460
202770
191450
250479
250168
228027
194748
242307
240371
233665
191377
200255
189373
185152
183455
192710
239878
189895
212547
194678
201510
205109
250184
182134
189502
207704
258282
240750
204655
185140
190293
240467
244414
180002
208141
205381
198487
201855
207533
213302
210232
215227
218810
281084
251238
196602
222796
212948
228497
241750
197311
210149
248424
213988
245858
202641
218413
184457
209109
176236
231976
187122
232559
191957
190560
181898
203105
192125
223986
194041
219188
188303
205845
200224
205370
191254
206234
201365
238706
192804
210803
209354
192967
212304
205350
208346
198961
205495
181924
189567
199974
216503
196273
207135
199466
216369
181286
200164
201865
218977
186251
225644
188604
211706
197607
221840
203869
214323
200268
239979
177301
232311
194058
210883
204657
213109
200487
214491
192858
205347
193399
185561
204839
216302
210622
184767
209261
241740
203257
175895
180771
196124
222463
188941
210320
212017
200752
201576
204612
203967
210421
221345
205233
214073
181012
203933
200147
228625
199324
240225
206675
197541
212201
225658
186677
227053
216269
204168
202336
203307
202440
198729
184966
208850
205780
203965
218077
208422
208407
233400
200814
204989
192074
199080
247372
201824
196591
197933
248806
223368
182157
205014
200317
206314
202694
235801
213695
189048
7546303
5422729
3363454
1304875
643628
214346
198118
209495
186274
251573
217893
206888
181565
209695
212115
216366
178570
231823
189846
191073
225438
226869
201841
231278
210995
211745
185160
233038
205691
230581
188460
227603
200732
221844
213184
217844
213680
210383
212498
219469
186354
239621
224412
256012
193313
208481
186839
185457
225596
207635
186138
230297
228625
207642
189308
202424
181068
201130
194246
230651
210953
233363
202802
215624
182050
248312
229101
217100
214977
254184
189016
307667
215362
287719
206046
253842
248062
291369
212234
219797
206275
201726
183811
298913
190115
239362
204141
210031
235561
214744
221871
194520
281284
215412
263878
212280
206701
198875
200278
206173
185637
203730
219225
200922
264683
198948
224519
248590
228777
217476
219406
215917
207584
226162
210029
233219
203969
197530
266009
197117
229553
210343
200380
226334
210583
194199
244777
222962
206168
272008
211824
186158
193889
201717
191594
213034
221447
205605
213452
227505
239369
214290
249800
229325
213454
231295
210914
241022
229079
244529
233245
249232
179020
231755
226790
274137
250969
223880
222869
213825
223001
250116
247074
215120
222658
246893
280192
251717
284498
238792
291502
215146
216151
197215
212446
253832
228303
222272
184822
228761
256095
228833
212893
218387
250996
206292
236323
256573
281025
237069
284612
274833
297901
297825
279965
260122
254721
192772
257096
281760
290976
306671
261804
210869
277173
238371
244680
186102
307927
206191
302719
264746
220802
317697
236655
242605
306205
208921
208085
206326
197056
231316
216509
214533
232588
214124
227879
201819
215271
216717
198436
209893
214511
200289
221019
214217
199014
192242
193997
227373
186412
299864
203477
222261
185213
203463
200022
238184
205884
260511
201725
250151
193505
242564
201544
207802
220916
215072
236822
207942
197907
208833
243580
211907
215628
213464
233736
208979
209911
219716
211630
200672
189494
190608
229334
208866
222090
197670
190659
198226
182389
192562
202688
215666
186158
244586
177903
230975
189801
186316
221846
199418
232387
204029
209602
184816
207863
182612
207323
209950
202531
205305
215891
193500
193099
271695
289141
203927
209479
194701
191959
196581
226631
230176
217499
208895
196878
230102
218014
223260
223924
205282
182955
226676
208400
247127
212715
213183
227933
221782
273778
433804
262756
277994
251734
218120
243956
215981
230644
231518
191073
201972
199385
191607
197413
195188
224825
281352
252126
206798
289827
195063
204823
260362
200010
279698
196638
201998
184049
204979
199843
206631
270420
279317
197469
193088
271595
207127
206400
187470
198207
263404
259659
245601
180139
191540
213939
234894
223813
197910
243044
201869
244147
210384
262152
220206
257241
191433
260065
261641
275512
253204
197790
254799
177833
202286
185813
221307
193506
199658
184536
230164
190567
202078
205123
201377
204370
188584
198661
248505
261734
228694
228156
260889
199401
277284
232491
260755
242530
191085
346052
227249
203961
199896
250350
221819
286869
192802
383798
265721
192910
242295
198466
198124
186370
217283
270214
362530
208053
195421
304706
226185
531602
360537
276761
251576
185007
182234
223229
185083
279715
221710
355914
248047
272402
273964
224903
223271
295838
242836
288019
204882
263037
244751
207389
243775
234686
214138
218997
184062
216755
287359
269423
184087
268069
229273
191693
192370
241594
215504
202517
211218
219789
235865
191945
190308
223574
205925
219209
213542
199749
200329
214137
213958
206970
200462
198922
217829
218289
220543
205782
223704
215229
199172
197669
207925
204217
210609
223658
199646
205505
182792
185989
188494
178930
193303
205906
188606
5802706
3741292
1618998
1545964
367804
202325
199785
215570
194030
226808
225058
207074
240475
189875
204868
194141
287640
232005
201593
211676
214621
203213
190701
203223
204614
195071
195266
222092
204418
183762
197160
177394
233433
188108
189210
181643
205719
192715
203518
179419
261922
209700
237529
191603
211931
188574
212004
241961
203602
180779
197403
242232
246894
179499
188727
189327
205086
208200
207476
179426
203544
211141
201195
187497
210651
197872
192661
187661
196580
175193
243403
181569
205561
186810
194842
208207
240230
205632
199459
190289
185665
193059
191870
187123
198010
203316
193556
180211
203488
188153
190540
188438
197873
182339
180276
193787
201125
199207
203481
205149
191898
205832
182332
236416
200841
246745
255765
212329
248538
227510
248712
211167
240226
177171
287666
232275
240660
286823
181088
216159
188408
248576
178439
236095
230430
222084
229790
256720
229882
228989
224485
236953
223759
189357
205625
219227
174390
185344
181685
175513
224787
219924
239730
224314
186229
212190
215105
223006
228672
195336
193620
232260
268238
185748
235173
217086
213226
194739
229323
230248
226910
216442
225693
220782
222957
215499
198845
213790
181400
218171
226987
216302
219046
232363
276797
186343
227397
233909
189156
246022
202064
190907
245818
181510
207097
192123
241533
194988
187085
191421
213354
190197
259255
193726
187221
199234
191631
206370
197276
197143
183242
209003
196933
183851
197835
208718
205758
177983
183146
208695
180789
229596
183858
243059
198887
221798
286854
189492
252516
184946
179889
228713
183632
293506
191139
226867
270735
259415
257995
210070
259281
200984
180457
230625
187036
196849
189089
300659
289746
265043
179069
225607
203318
224242
289959
288135
246945
283562
333229
219380
250526
199448
234006
181945
249793
214094
329161
179453
218550
310552
263066
193312
205516
187442
226278
187837
273491
184837
304581
182482
177824
260793
196637
283751
269473
273642
196009
274713
275813
234457
238625
187756
238556
195375
182670
215791
195225
239585
204699
182598
189757
223861
203596
190631
224305
182965
204501
195545
216145
183266
208896
172929
182241
183989
216759
213711
187169
203109
197016
195981
227224
211215
295291
181123
234781
220021
186400
203532
206163
193502
199531
215239
196945
229330
216843
210515
193784
201847
237950
267383
206321
218105
215253
204176
220085
201113
200596
184043
205544
215023
265339
207100
211479
193514
205074
202071
250724
295636
200380
238157
250667
273273
210844
219357
253717
208028
305102
208633
204322
282187
235151
199219
301456
200000
204964
194379
215131
237028
185866
239315
198982
217404
268370
235334
223133
218774
214509
211474
204426
204270
199269
211832
216866
198725
216600
197070
211966
203685
186908
216481
208578
245437
246581
258805
202202
193560
257446
247131
190675
247332
232259
248773
209427
188754
176366
216005
227891
216215
221216
232757
203581
192749
224479
216770
183042
240725
214882
184517
238555
204867
208241
179483
242397
199359
189325
207589
211004
207728
197761
219501
196934
221064
205810
225390
227039
191795
235629
216373
208052
235067
220260
226555
183478
226712
189139
232353
191470
220351
228418
187875
226192
209057
182254
199301
219369
191210
186765
211935
218376
180365
209213
213264
208956
218940
226659
215874
208923
190588
194439
220593
209890
211415
221084
220410
219978
215928
195108
213218
223641
210656
199214
202110
226163
196618
200864
214908
213079
201662
193857
197702
205019
206544
248438
199746
206376
187855
200112
206489
197577
202655
270912
234017
196843
213956
200629
200068
216333
200105
200289
184741
183022
192154
217221
220328
222441
225610
184522
214475
7060035
4998954
2871946
1226130
230420
199549
215303
220706
219810
182314
219388
208685
198797
195204
185949
180893
186439
189638
188523
185022
183250
197010
192106
181890
205121
178589
193454
185212
193732
192207
181844
234864
198139
225872
183368
218921
192294
235957
216254
187859
225266
197260
226203
243868
186798
223335
240750
194932
236738
173365
239537
254105
226569
229452
234523
219503
233031
214235
238897
188903
227738
236010
188366
228258
228799
226712
196959
190000
212095
223678
214789
208687
219503
220837
214310
202526
208401
227324
193032
210688
204665
292268
203531
176193
211271
186867
195834
191358
209235
209799
200860
226439
213130
210893
195314
183147
187334
199435
204073
188215
196449
191944
234140
217392
199278
236319
198179
199495
205356
200858
181597
192796
234898
206334
234002
238356
223402
245218
224603
223651
194302
193145
209368
224317
236462
236255
247049
188382
224947
201673
185422
269364
202452
194764
187373
234020
209560
217783
233079
191592
200716
187871
229012
206629
238589
194631
222396
188440
221893
242449
199447
193065
203286
239891
187496
282057
221470
226708
199515
218315
194726
274575
249838
210511
219380
201887
247166
202612
208888
203109
310128
232559
203535
198100
212108
207912
208296
262013
194062
195900
208598
193715
232820
206746
218367
198195
241609
218674
198115
228166
194075
202583
212621
227724
225668
215940
202832
225286
201278
220270
218388
193267
214374
205457
215777
205029
202704
215261
183830
190248
230122
206505
188741
208785
235432
197236
178976
184111
205159
195782
205520
193397
192000
216301
203921
197090
207500
200449
214604
198636
198539
230848
197962
198093
226137
216324
208142
209778
188964
220422
217577
214277
210804
216940
210510
212144
230053
205990
201303
203518
209547
224499
223508
203812
207348
192662
199606
194474
206339
195450
218075
188462
226583
197213
194259
222515
223078
215351
204885
235353
215983
221229
208158
212696
188682
212309
212515
200760
195692
203486
236402
204454
217331
189120
187118
196866
191363
201785
223790
203389
195160
204977
217840
208980
198616
200855
221471
204930
190873
230563
199103
210344
211877
206447
197246
192900
194916
204880
195227
200088
187398
216106
204924
205374
210517
191464
193859
193397
198727
204251
200766
186635
220311
202617
186135
230588
198590
203530
199699
198179
199188
207308
199873
198831
200396
187947
197031
198594
222587
206195
193980
192786
224448
200026
184868
215334
189554
207239
197603
199324
212125
175491
198682
192303
203445
210444
190077
182582
214277
191406
189678
204451
207871
187742
185181
195995
239264
189813
193361
197704
200237
196860
196657
229082
216370
201869
213249
189216
194928
183553
182513
209373
202526
201124
187174
221345
218338
202126
188955
199133
210186
184978
204233
191919
194003
195543
178602
222843
206245
215519
227409
220007
201606
198278
183681
207344
184580
193854
203509
186277
186212
195379
196076
207458
188886
209628
192213
214526
187910
205169
206792
208209
197747
203016
196279
193462
201834
193813
209009
196653
186656
225343
198345
197471
201703
212442
209128
208255
203611
223042
222675
218609
188815
216204
191824
191796
189373
211273
193763
205883
206124
197890
197497
199565
183727
212920
201328
184360
198868
203250
215650
201041
186401
194670
208084
197176
199096
219376
210783
191813
203779
190641
192077
219103
185429
203828
177528
212776
183906
212620
204925
210596
224863
185712
221507
200106
192729
192551
203312
194904
219446
219669
215249
188475
206117
197852
202652
197831
202960
199793
201025
192712
192660
188023
211832
189380
207322
189726
214031
191963
198187
202407
213293
220267
204055
192817
185608
242840
6072907
4008907
1888538
1155467
333082
231806
297953
234868
234230
198807
196179
224265
213337
223665
190572
221102
231895
241084
264337
205692
237263
211713
504021
201762
201219
197444
193861
263829
288103
181342
210532
295227
303424
286265
201793
285984
229522
192683
240713
226320
229031
226235
193526
200042
194585
373883
239836
237165
187505
174264
188971
252965
238069
261942
258987
232323
199415
192934
232987
253915
194062
195544
223949
197644
194613
193971
202080
202615
241005
241628
211585
269434
217062
235798
180065
224640
190194
197146
203706
184257
214149
215465
229969
194130
205694
199663
199592
197057
263949
286696
198600
202614
274318
185777
181136
183218
199053
206213
327694
291666
262747
246746
332406
268986
207366
271237
249870
204264
312952
198087
246602
180572
312788
239870
225905
181219
271874
195829
332177
194816
283317
194084
343503
180525
186266
202458
257810
187565
208525
307882
225524
186237
259122
311883
264466
184838
181219
191153
176888
355820
218370
224890
197427
388997
219161
175007
238323
276126
209612
254721
292795
194640
237446
188243
244223
216869
244094
173920
239760
271512
253178
193465
206056
233980
178150
184173
233938
192155
235642
181308
196141
233222
265551
191746
191175
199500
232627
277336
195481
214566
201837
209704
279406
229626
267278
205978
197361
244320
222232
195955
176517
205035
239281
189208
208395
279085
191184
218183
261763
206439
250966
224743
220162
270910
295259
304498
214389
236535
212625
217783
225014
216892
294017
312507
245041
215156
184437
289775
193499
230807
196065
224696
260190
189551
228847
211627
304863
292530
298761
190001
216649
249056
302494
216776
198945
192274
234660
185737
214365
203657
192637
213994
230076
188620
190750
195683
253292
201014
194429
189266
258187
191399
242177
187788
190505
193843
220705
182601
199911
186364
193607
183101
202342
186392
197763
210781
196734
182074
185727
203004
205021
209073
200337
198684
178632
189398
200343
191478
188537
204968
199511
197748
192111
207653
197473
197336
188926
222464
209299
187158
188068
188323
205800
189475
179927
223658
190978
177469
196918
185930
198603
190004
205798
197985
182889
195328
180578
204238
207531
192619
186800
187555
189271
203734
189292
196294
196361
200541
220205
184349
187940
181344
195879
187196
180513
183754
192862
183845
185349
208378
197213
207410
176825
191710
199307
180978
195282
194826
187183
198490
191163
194384
189827
208778
204525
198323
192347
194810
181170
185042
206279
189669
185776
199437
190566
183051
183300
200250
187822
196762
187647
186502
187023
192302
177591
201236
195715
200152
207073
183384
188458
193012
193934
188398
197602
205292
205607
190765
191447
197919
187742
206874
177432
200226
198597
200398
179578
189833
191688
218742
209426
202504
205953
199400
196266
203493
191659
192448
191481
188247
188705
201522
179965
200628
196855
202252
177419
190717
185312
186190
165960
187343
198324
173320
172878
198415
185803
184922
184492
184953
190676
187668
178144
206186
192503
191633
180309
209658
196276
173383
220919
177193
203146
179408
212243
212664
189725
198604
187828
200846
212376
182691
194472
183306
183945
199775
218799
194372
181559
184571
185138
204703
199108
171066
196498
188740
188003
181303
185151
206821
196286
200291
196127
192773
197563
199499
191474
201198
184188
197432
209944
195815
184720
196970
187171
180688
202080
189357
184254
181050
180045
198165
199516
194078
200782
176858
193602
211043
177100
194939
194525
185242
196750
184867
186780
204841
188500
200300
192090
191486
200594
191295
192166
198271
198427
199962
203426
198228
194774
193609
207283
209192
196516
191288
197754
186342
7593404
5533087
3410763
1368441
422853
191973
187608
176136
191806
183845
187971
188188
198331
198726
196197
190949
192517
185614
183679
193363
186689
184892
184479
187616
196643
215473
198293
185640
175749
189277
204222
195509
189864
204692
183128
208543
201987
189634
180674
219644
194647
180316
194702
196708
201629
195926
188752
241430
197225
194383
185308
200637
186702
194351
191765
196711
213918
213110
221540
200197
201797
199171
207891
209235
196611
211228
188948
218070
184298
210917
197035
218201
207752
203392
212171
231002
225105
187263
194287
217902
230465
191355
174195
193864
267645
228616
194543
195364
198965
189731
253215
204158
254516
196907
189988
191698
256878
179506
183700
201014
191536
204472
197670
189249
205058
203630
203192
190637
202272
193936
200780
222221
195955
200567
246983
259954
202595
245239
232332
254898
200991
256646
321790
233754
268869
271126
215958
197024
206872
195151
206008
269756
245764
226284
187702
206621
227285
251225
190375
242081
244552
292620
323277
201787
234809
252672
198497
286418
177792
212381
203560
309235
218728
311504
175463
320958
297863
300104
264347
211153
170260
195516
194745
304305
191741
203842
191319
198860
218021
186146
193014
198769
195084
204122
190535
198904
204286
168948
202084
194502
202298
210985
215660
219320
194932
181646
193180
179982
195156
186445
243895
179179
203382
260950
229751
204828
191444
186257
207875
197612
189699
215651
218697
192815
198780
187077
178576
206140
236735
189771
202680
224112
195854
209250
203440
193265
190339
169843
183450
184261
220565
188748
184324
200720
191516
233128
198998
240132
196646
236554
192138
190757
201190
202366
172970
240459
196178
222837
216410
180589
222110
204315
222594
191858
187098
219841
207762
202000
204942
226035
191982
184685
224218
219024
205037
234112
227006
185759
183766
182750
189834
185932
202458
191864
194252
209724
190635
187408
171012
229105
234847
188991
205427
176581
207640
189264
231627
216123
184246
174997
221272
189186
209020
249458
220569
200495
185808
182741
175917
221092
183786
210874
233213
188452
206446
208093
214892
262109
236797
207425
254303
283706
291622
232026
247678
297843
188144
229144
200851
250674
227965
198100
210200
221560
202306
221450
232040
205310
274049
223400
266078
259738
260271
222259
192031
319126
207123
261241
207746
183730
207373
206722
276740
299004
321575
182242
190081
261211
343389
288392
261418
189986
188356
212390
201876
187867
255050
190733
264872
257982
235586
218571
233082
238718
222080
217373
242307
250861
224581
210080
210351
186549
289738
212491
259779
193361
222019
188113
230544
289920
301872
175675
346538
297299
362602
312528
186209
284879
319601
255279
203913
308826
192232
297866
326756
205120
172496
191494
206809
222882
199057
186857
352437
193902
271771
357159
277445
347237
328815
287382
247185
327215
191319
196101
207778
285706
182941
264004
320584
368654
312280
228176
264756
219727
188885
202052
306568
241260
294575
202615
297575
302145
208422
186613
294188
214569
253174
181443
228993
190404
207161
199574
219224
179754
197752
192189
311161
195896
223292
208904
259674
250262
207879
215363
249989
197437
185516
221650
290032
229961
215195
212448
186635
251018
195526
267454
208685
209761
201016
266895
199420
213561
264004
188425
172319
195707
197484
199157
188110
219793
258955
210302
171238
240278
192775
180520
188081
233249
180263
199759
210865
276110
202946
203550
201131
187073
241097
197866
192356
195925
188307
215379
175858
287416
245734
206658
195192
227609
246970
214248
194263
262512
319938
241975
200867
195423
185762
203230
212282
203446
312016
216557
201318
322927
284463
275027
255823
313902
218054
6598871
4543844
2420053
1706002
488221
185865
259928
259645
244499
203257
271790
233692
277234
189591
199335
262673
271315
208797
204625
212763
