802468631
257626
228112
204945
206229
198403
214994
197830
202573
188488
190798
196524
242177
324954
207860
178590
190528
179358
190715
190142
189246
214410
184507
189159
194398
210051
191649
215068
206078
261129
194385
196801
190953
177385
192098
176807
179176
200492
183477
201740
196669
217490
176096
210540
194059
202936
193729
198301
206475
189123
202727
192395
194694
212762
188282
220169
195161
182321
185484
203998
189877
201815
187429
196959
185115
197870
192166
203546
209664
197896
213947
205126
189691
203759
183485
189782
199320
204608
201464
184527
198801
193011
191153
187127
199610
191739
199837
204087
205692
203647
184309
197051
191809
199038
189442
196621
176780
171893
200154
198259
205627
195183
216509
182943
194836
192862
196001
190436
187107
190345
206597
197780
176253
204608
184519
203969
181774
189155
178282
213151
209941
202112
188417
195569
201351
179474
200290
204697
186067
200909
184639
188466
175004
203397
198324
204396
195975
183597
188882
184266
199439
186696
199653
195251
206202
189888
202767
184415
192620
185634
187327
211502
211037
203741
198321
181339
207554
197264
182431
201246
174812
201820
188177
176392
198251
193645
215161
185760
188570
217955
184315
203924
186275
205366
175169
200225
182534
203163
189137
185767
203019
191830
197983
201330
198753
194370
192087
199502
183282
191473
188031
187372
181708
189105
183661
194097
176448
191958
194947
206844
197058
200813
189934
189985
185441
181051
179029
190662
200387
205038
193310
197253
192935
200868
201128
196940
204039
201804
195191
209203
185017
193892
185433
195608
187115
193932
184884
192039
194016
191009
181303
212961
201771
209730
211732
228970
190634
201311
194356
211926
186187
202658
193784
198823
179109
203896
207756
204690
201069
209730
191013
184729
204758
201254
199237
193494
187819
204478
187483
215106
204643
208539
202166
190391
203462
202049
193302
190305
212675
188660
191201
188346
180257
198038
193167
215923
196664
192758
187174
198002
200271
210733
193121
188026
189456
187446
201803
185616
202419
185108
175529
212567
183984
201308
182201
200722
185112
199235
186251
195406
178702
211490
177304
238482
192211
200253
188413
215588
200077
180510
189080
179790
214710
182769
181739
182166
196168
185229
212215
196912
195441
195211
192253
206784
203917
199586
186917
192449
183960
198895
189377
179906
216856
202576
185218
219348
189132
179513
199315
207532
210511
175355
178567
204102
183143
198740
203351
202103
193768
196923
206494
202317
176903
200398
196077
199627
188876
196605
178257
193149
191173
207313
201030
203426
180198
190474
195116
191789
200869
197218
199015
187552
202974
199280
201513
186840
190126
189185
195968
205810
201869
197660
206613
198921
220251
200965
207814
194477
208963
195705
203670
187501
207174
189206
208309
198749
207613
188218
200145
200959
219698
198604
205828
203383
211731
187853
194866
185852
200934
186737
182757
189763
212028
211106
192215
198542
199109
193464
219905
189776
211147
191355
205995
184618
209718
207487
207060
191284
205183
195928
192803
221414
179313
198144
202147
191701
214975
233258
206250
192210
208775
197092
221066
193286
199518
208931
192101
207664
192351
216036
200857
203534
191143
202446
194181
204103
183252
175956
184097
193804
186047
197459
217656
197472
202318
208172
214411
189320
177850
192987
239956
187538
188408
187987
209039
189692
206957
210264
186838
186024
210396
189214
197652
200897
188487
204164
193740
212109
190267
185018
207437
198945
203324
214366
205102
202278
199647
209255
204510
211178
183043
202307
197880
195423
192760
201869
199766
205936
202697
194500
205091
216109
214773
193812
210868
209364
189013
194402
195007
200203
183310
201999
196228
208469
216137
207212
182314
196742
204052
223635
196654
188129
208987
197695
205987
188671
206224
179510
188827
216762
181644
205003
180205
207851
191094
200458
211289
204267
191116
218626
194021
207822
195839
208875
196005
177675
200988
201578
195804
191431
211620
185676
202935
210400
191063
214994
197095
201106
197775
211406
197069
205506
204155
218974
186642
184169
184227
204306
201770
198697
221541
188750
206913
192936
192311
191109
195641
192091
201651
200173
221739
200660
210797
217274
190030
182266
208193
192931
185434
182359
187638
203468
180198
203850
188366
209283
201421
179006
206725
187619
182682
208369
199482
203596
209390
205351
222884
213286
192527
203955
196815
189251
185389
218721
189198
193980
191733
195351
198313
214957
180158
185230
184222
203601
184188
170667
207171
184298
205466
204322
185100
208113
189967
212758
190214
202860
189820
209602
178932
197083
180808
220531
180830
188080
225466
208712
207500
204000
207394
189370
193529
184054
184176
207966
189797
198914
199367
195412
193915
191727
190928
175793
201882
210307
186264
199735
206841
200662
203468
192262
199471
205764
184591
199503
210108
204984
204412
185009
201256
188834
207746
179468
187911
191833
199042
188051
222248
186652
196721
206388
198599
190848
196522
210348
195341
208864
213545
178067
189133
183675
219013
200957
209248
188665
215676
202708
205460
194609
196520
209191
210116
195122
190352
198689
203256
218455
184460
217864
212898
198743
193710
202345
196423
202849
194307
216779
205049
193099
201311
180313
190660
183545
196581
178793
203515
190516
205144
214666
220912
184080
201709
216464
192430
198174
187963
195455
205436
196915
193102
180095
191581
207666
192291
234138
223138
194732
201720
185759
206220
194867
197907
210075
182902
186039
182844
194974
194344
199347
206239
194605
213248
193227
189700
193718
200261
205934
189355
194839
220748
197965
203722
195554
218722
191226
206556
189448
194376
188752
207468
204110
195657
188409
194308
204883
188564
215259
179147
185917
190774
216169
186312
197474
203219
199733
200142
189868
203297
208198
207280
189555
200355
180900
192520
194254
207948
196153
186953
205863
217946
201873
193746
204140
198177
208873
194782
202849
180596
196588
196629
183030
185086
224543
188695
198870
191679
203826
198591
209785
202729
216196
192575
200502
213552
204977
194073
209710
183960
215230
182055
210962
196760
219796
197454
196420
179733
191679
206447
188467
199061
196915
187108
195088
216548
198360
207538
196725
206726
197743
212097
202848
213792
194053
202471
209050
186306
247348
188027
186485
188169
203095
204483
202651
213871
184269
206581
201869
204457
211557
189821
195869
210183
187593
204219
213327
205080
195895
212842
210028
193409
210341
193225
209818
191464
207703
207687
206223
192193
205962
190274
193635
218312
212842
196962
206255
220000
198921
203390
203989
191202
199145
193403
213360
180501
184654
204403
213349
191169
200734
191940
213084
193255
183402
182718
196665
206338
179374
195782
208282
202938
192509
220091
216193
201449
191659
191482
203440
207566
198185
205828
208434
191821
197979
202020
186132
213353
194098
203434
188569
190092
207802
202066
206462
202851
205794
193575
225966
197044
195165
205682
217444
203640
210131
198698
221768
199766
207904
199635
203121
190342
211702
209365
199966
209464
197927
195917
190727
219192
208878
204743
191946
201628
194916
200433
200084
215440
201330
227106
209769
187115
204666
212321
193112
209111
201365
189726
213118
202602
203345
205702
193936
217154
208460
218246
186089
191851
209981
180189
195208
181904
194659
207716
210976
202110
202482
207891
216105
206573
196496
221449
192567
202138
201716
191730
194771
191005
200074
192711
172226
196868
189150
209561
187341
183107
195908
200844
196054
205472
193404
196076
210798
203208
197174
181715
197208
179851
183577
197457
205141
190046
218390
201725
195935
188110
209597
200123
213025
186915
182665
176788
187379
193404
201503
201713
204607
183514
186934
220257
191459
211480
201415
216044
211427
219541
190598
209512
198649
208046
213587
206805
198068
210517
206419
199890
193698
211839
197144
212240
205929
222453
183284
203373
192576
200412
193533
214569
192266
187546
197316
208496
183839
185917
198867
194593
215191
212143
202938
197303
210288
201925
218856
240114
196146
200157
209220
201166
211589
202574
222823
192334
220004
193188
184945
230915
186447
199158
220267
183861
194303
208925
194061
209760
197759
192856
197094
200053
230708
206810
192718
193690
194092
198466
191787
220839
181240
193685
208645
192276
217601
191122
189058
207772
191390
208266
198516
205251
180376
180560
192865
225799
183252
207403
183321
196134
181695
175564
193822
211046
198043
215484
207157
206780
197604
198788
214531
192750
205042
187005
195937
209467
199834
207280
188280
205909
200613
227333
212653
204925
182631
178001
187817
193951
193094
206412
203496
203343
183882
213590
206871
187268
197616
202805
206478
187631
199674
196433
198688
192670
231220
186581
189771
198036
193926
199109
206816
192232
200788
189988
208799
208483
218078
195700
207642
194003
205915
203821
208236
189353
199181
220147
192914
204222
192920
226623
184896
201629
219506
199028
205586
190516
213171
190291
215224
198476
188830
210831
183513
187754
220547
185542
210039
191620
207045
193952
211957
204380
207449
191342
194469
181678
192964
209979
198368
181283
187579
219709
194495
205785
182348
203032
193606
207239
199548
218359
204168
211509
218197
201184
201187
185241
206303
188689
180816
199750
187210
197030
189337
204004
206647
191845
210022
194014
191358
203594
208306
200583
205820
208944
207193
189679
206787
198636
201421
186188
192138
208921
195094
199955
211398
206687
198289
186199
194876
195682
198783
197135
186397
191509
211325
193939
207190
191132
207975
206659
198957
194206
192204
188578
202265
204525
188132
210887
196769
193209
189454
195843
190301
205160
202535
184980
208694
182565
196332
202811
212365
210140
192417
188095
184196
207539
190237
182575
186809
192863
214592
221608
208639
211848
189089
196644
208899
203259
197188
199876
182609
178531
187905
189428
184012
210857
231888
207987
195161
188567
210197
193210
208281
190851
203047
188066
206736
190122
211493
191217
198999
193206
209964
204638
192680
210902
198079
181782
205971
182338
196332
206758
212738
207340
199467
208959
206431
209345
198294
207272
192871
195429
208773
189403
202490
205366
206104
189815
218871
189283
194179
220062
211739
187463
230209
199897
228571
189711
202249
209829
191012
204801
196960
206141
192567
201334
193729
181932
176784
207435
192728
218058
202215
195513
197953
194387
193676
182582
184144
215174
194115
208250
210390
207774
192311
202850
212411
209125
203684
210038
184351
196133
208120
191577
196549
197135
226194
209663
203430
197532
209975
184261
194830
190418
223942
198891
199105
202451
194052
204360
203225
182951
196335
198480
194854
180998
180069
224357
180732
208049
184273
206061
187004
188889
216082
181395
187105
195721
183872
208875
191748
197678
191187
196695
191255
214956
207484
192934
200241
203436
212191
201927
208227
181699
194192
205970
189957
196635
194331
203127
192018
204945
187255
196716
194043
208396
193039
201994
190828
190361
187609
201667
185948
192066
179049
191805
208200
199110
205838
195482
208227
200642
191353
193756
201451
206116
183836
225028
195492
210341
189074
202027
187433
228807
184782
184460
202427
192652
211697
190386
193618
202035
189956
196858
185508
222266
212882
196189
194593
193630
206141
180275
189960
192304
200075
200123
205181
189899
188990
200076
184441
200274
180703
186389
180016
196986
181067
182832
202731
193081
203086
191636
207059
181747
212342
194553
191074
205544
210943
197132
184814
207552
195768
189474
199684
202758
193622
190264
187096
194917
195327
195103
183883
206766
190839
198014
191532
187455
194254
201478
200526
192224
206184
191888
219009
189168
195741
185784
214676
209782
193553
194017
209924
189672
183934
196617
203494
195467
197967
185165
199289
208616
183861
208804
201527
194622
192371
212284
198300
181251
196074
181593
220746
203711
198795
201998
207953
185257
192803
205795
202769
194372
197623
212319
193580
196014
182045
176792
189823
212147
190247
213954
201610
199856
188869
195021
184044
178014
186364
197427
184082
209832
204814
199165
201828
229801
184713
210520
195076
196164
196196
192930
216745
194388
210628
196070
204764
201918
196663
192103
208113
192408
210863
189553
196291
202855
212421
194404
195473
203530
188446
198012
195729
197852
192126
207598
190490
211330
212412
218321
199049
197662
204563
214169
188484
211415
196047
213404
204047
213194
192530
191836
200294
193427
192136
220413
182321
198607
186359
191778
192868
187981
196957
182611
194738
198026
187644
218219
195264
207596
190601
206061
196056
212273
194728
198465
188032
207623
212262
193299
220909
203124
192636
197984
191841
223493
190120
193235
225133
201919
202980
185999
195148
192123
181326
175769
196937
220440
188232
195354
195192
184542
195519
199405
220808
222977
206046
180310
205174
204824
191669
207515
184248
199970
214744
205404
188725
207109
199540
190861
198563
197921
211103
192928
221408
182767
197317
207427
191671
205613
192436
202659
190969
210314
182810
191102
207633
200933
208173
190928
188125
201117
203586
193314
187872
185955
195003
196204
194757
191892
213253
193256
193556
190099
206741
182908
200897
192382
199412
197445
197616
205416
182335
180677
207960
184077
183833
201912
199005
194678
222303
198434
189656
194399
179881
175999
199873
207246
182896
198394
182502
198311
198113
194157
201064
183043
197212
190853
196943
209252
188760
194242
194391
188558
188550
201725
191542
212938
201527
211537
189839
198188
189967
196834
187057
192052
207428
197362
191355
205883
202198
192397
191499
190182
202481
190515
205126
181256
201436
192175
205459
193945
210024
195408
188357
215973
196879
204436
190433
206224
188623
198311
210795
215161
217568
200559
209910
213540
182547
181997
206712
208665
211923
200112
194234
212289
196888
218361
193004
196341
189503
193626
200426
192862
198916
202252
199511
180851
199649
206615
192802
218967
204003
207016
194790
214988
188321
188063
198251
191801
205003
188661
191234
207315
196212
191964
197410
192852
194950
201309
213836
181714
192076
210078
193229
215729
196710
177660
205997
183152
208027
185336
212467
201003
203500
184913
197687
212621
204367
197474
192706
209484
196471
205487
219428
208233
192097
211065
204359
205699
189658
189168
209484
193038
194448
207038
192596
191020
197913
225814
202395
205228
198013
207036
205998
216784
199007
195731
194374
200783
192493
202105
208010
188748
198162
206554
191513
194238
212686
191510
199752
189406
204183
190715
194847
200742
191045
188646
205759
190164
218013
187286
189156
207627
183299
210806
189317
200327
196583
193531
180485
190725
227231
193872
194257
204394
206450
195372
193831
207630
182629
176888
187718
201014
181728
196945
182727
187735
209113
186191
206770
213367
187916
201775
214176
190357
207391
192453
215524
196168
216811
191302
216579
180007
186038
227416
203738
208389
199838
204385
203117
194465
197737
199853
202258
212092
184825
207394
183326
187018
208728
208905
215271
189787
192997
197705
197595
206532
192782
204429
194621
186349
188307
208481
197969
174272
198341
218920
1379440
203266
219793
183978
200572
206639
183018
202423
194469
196287
210801
192450
195886
197434
193615
212313
197090
183815
211227
191401
207616
200819
194865
198553
199432
216397
206699
190404
220482
205370
206885
200537
205356
208649
198940
208916
199884
200855
208089
207465
199815
204068
200983
209103
203302
205017
204304
204371
201068
210122
179383
201461
205386
182555
204853
206953
206155
197811
202346
206900
211351
194272
210947
189155
205777
185218
193926
197098
202086
207741
206150
190244
208848
189662
191704
206344
201267
202286
194503
192602
193412
182897
198097
209511
188080
204374
196201
192579
194175
195202
211092
200411
198147
188612
198362
205019
191792
205317
198441
192212
186925
203835
196373
206638
194329
190056
195364
182674
203141
183970
207633
193651
201240
187611
207591
205028
185482
212496
192641
207026
185052
206616
206105
185208
192035
206114
188077
225999
186002
206362
188468
215876
193948
207227
189804
198042
191200
206417
192222
214628
187876
202641
185634
192882
189160
187501
204798
178796
203711
186586
211000
189115
202102
204658
192140
194830
213328
195913
204330
196302
215343
206957
210509
190745
207400
188731
201851
185138
199492
185405
197900
185565
197168
182223
205340
175840
205680
189963
194906
181786
201300
185007
210312
198249
200770
196529
208256
197529
200602
185127
208401
193099
191721
192052
193945
187356
190505
207808
172717
182861
191547
199591
180609
194295
199700
191764
190265
194726
203033
188035
210089
200418
191667
195334
195443
205635
199664
202488
189776
197675
200544
196550
176429
196865
201672
201013
198102
201333
206319
191736
195692
200423
203667
178032
197141
191254
201217
205218
187708
197699
202100
188030
195101
191051
188633
197557
208910
188336
197177
185084
200908
187846
196176
188846
204354
190317
185582
198571
197577
190752
203478
202710
195536
206766
185916
196734
194935
199120
199741
185112
204552
193238
200389
186355
190584
194925
198532
196683
201092
186216
194057
201079
204498
188359
200945
179303
179396
188884
196042
176760
168139
198087
176332
192818
182083
215729
185014
187765
202518
195233
189556
186147
197975
178855
203850
187797
194979
187163
202889
189585
195672
189702
172705
195832
179523
192236
179286
193148
168207
206632
184011
194917
185851
185951
189391
176364
198811
214336
194217
191581
181651
188397
199124
193976
198845
191023
219905
187340
202027
196706
200379
185481
187630
197452
191031
171261
233677
179968
197125
177820
184917
183582
197796
180531
204076
179456
177016
197836
201150
199723
184059
203794
182537
183019
182650
187940
208112
184862
199072
192728
186542
187796
178596
185707
188868
190607
208861
199333
196934
181553
187423
181762
184340
203398
184025
185777
200999
191522
199186
192040
201111
194005
197680
195675
191392
197180
198816
208335
203862
193448
207912
1370046
346107
198717
191789
195582
186167
207635
187200
197931
181182
197689
182823
233525
185117
176258
193589
241124
188666
185680
207374
186476
193133
182920
194577
192055
192142
187304
197030
185227
196019
188436
199556
187856
185196
188565
182118
184872
182374
191491
208759
187797
189058
194967
183908
198465
198940
210695
188789
211527
192551
203529
202109
200449
177612
195674
214624
194179
187542
187294
191240
192777
201374
185805
202146
179025
195449
190826
182713
189046
193156
185957
213953
176899
194186
188237
190919
188828
207221
185282
201136
190026
198258
198225
206316
183895
218793
173585
204691
192876
205167
188734
199386
187007
204837
190546
200212
246048
205327
211768
202292
209415
180560
187102
173230
194560
193909
189321
201169
191894
182048
182546
181774
198660
193191
211235
179937
190074
192380
196923
205052
184194
201752
199583
192496
197384
190431
197333
191066
185404
189212
228104
189571
198258
176157
185445
182523
205168
178054
178583
203824
189502
196307
175378
182026
194189
200307
195203
194048
181454
192076
191548
194989
198193
190271
192152
180018
188399
201264
184647
195568
186420
190410
193250
192160
213167
191888
188369
194493
196611
190411
197133
186964
182237
193030
189156
187040
187427
194836
175249
196731
201766
198609
191200
181453
205452
209229
202425
179416
204429
187213
194735
186414
193765
186069
173469
178923
184587
181860
184546
189110
203523
186536
189500
188329
187976
188494
197461
192133
194766
186237
206709
193948
199520
186553
209285
202826
182405
220798
205729
200770
187572
217794
210268
182090
194512
207729
194851
188956
220148
188856
187845
211166
191324
208871
184230
212248
189580
206718
194862
194560
178694
185331
209038
198617
195274
181415
193882
187893
199667
209163
203806
210345
191758
189664
194399
181840
193999
192303
193842
184514
193853
197274
206726
181510
203096
202171
196684
200017
216189
181311
176074
182601
206803
201830
192960
182778
176291
177422
206767
197258
181765
233401
195771
218479
182203
190737
205328
185656
189891
191420
198483
191378
198283
182027
200442
198162
206167
181000
197285
201800
183027
198462
180570
187847
200420
182295
203265
187376
177067
175880
183287
199556
187186
188891
209451
207499
184989
176420
179718
186892
190083
198000
193989
199473
191375
182261
198762
188783
198053
211659
219303
190465
206161
179667
204839
189696
206823
187934
209517
192800
197799
190878
201188
187527
207478
187896
205126
189933
191483
184965
197136
188426
192433
195246
188255
204117
181084
199826
188059
185645
193503
199295
209280
179240
183312
187114
198938
179935
175235
186348
173040
192858
179147
184920
183497
188643
195248
185900
186816
195368
193248
188749
194376
193182
202583
196752
179532
194968
194384
182327
199371
184670
180366
180492
173665
197802
196572
196037
185027
178725
181746
179538
185376
191382
187782
194317
184904
191228
194880
190302
177135
183164
183954
193617
184706
224136
187922
208000
182333
195152
182714
201440
198077
198032
187023
201422
188869
188482
198561
182345
181213
176836
201854
189092
180777
201742
189396
201164
197708
176649
174920
210795
197223
202072
208663
199686
189323
202262
213293
201628
197333
179304
194154
205852
199333
195268
170299
186165
184925
197945
186095
186185
207774
190492
197957
188903
199132
182830
184160
193182
201158
190904
184488
196719
199611
201859
181964
188345
175104
226151
191574
175539
200064
212263
204903
171608
213860
188564
205585
181108
197931
192527
193790
187685
201136
187752
177977
178281
176059
187348
184554
194903
194889
205902
192239
193578
187619
181405
191203
197503
204075
213274
189888
214229
193169
210595
199636
205833
196893
203213
203751
206624
220253
202667
203229
216291
206532
194528
205432
194887
197499
195334
217295
182365
209217
201039
217067
184108
200176
193819
208792
209418
190060
192818
188256
202123
194766
184647
204073
181622
207503
200779
192893
195680
196939
202435
195941
189885
199650
183987
204920
201375
211560
207229
193495
206025
201925
210634
205921
212398
191690
203656
194840
209405
190282
211525
194035
209116
206365
185765
189779
207493
189434
206807
201235
201034
200198
213246
182360
186336
195323
199128
211802
180142
197151
184638
191922
211335
204920
194624
197530
192879
181470
188302
198783
178056
181383
184088
193781
186305
186019
194225
198650
187281
183249
186882
195310
192314
193694
187632
198108
189532
205627
187983
195916
188554
191618
181883
198253
178330
177840
177949
187197
205580
199297
202864
183299
204909
193819
204182
192875
230349
193769
194000
209932
194748
185455
196902
187692
197136
200413
201512
193572
221422
184063
178604
188600
198201
208370
182355
207873
192207
199725
193015
184634
202837
182848
187289
198278
198254
200820
203618
179470
179478
186901
186658
186567
189146
186297
189428
188252
183050
178599
247035
195364
204355
205731
192910
183793
186899
177153
175960
195724
213345
194483
203393
184343
210668
202578
201654
199947
204465
189664
207283
181861
206016
191954
182419
224360
209873
179370
190906
194649
195934
195573
214894
195757
213350
197540
204249
204383
203700
202192
199116
190816
216281
192060
196486
193624
194019
194951
209175
191885
198158
193980
198361
178952
194871
205095
204226
203628
196455
210423
197587
215018
207474
216904
190771
208882
209658
209502
179768
182220
189095
208932
197458
205195
182471
218802
188319
194250
191920
196125
209511
187768
199117
195592
195426
209587
194074
207482
188602
205283
178841
178839
188614
212246
202871
207828
1301138
207339
205897
211432
204557
196086
212103
195106
201832
204525
185303
186877
195855
220085
199261
181861
194758
182456
207885
195504
204138
191715
190906
212763
179961
217905
204062
210703
195305
209407
186222
195329
217589
189198
209464
198086
203112
192543
189854
183912
184765
199569
217800
180255
191517
197920
207067
210068
208614
192723
186420
192314
193005
202696
189452
188865
205279
178984
188249
187183
195569
180669
190603
200087
195631
192673
206639
206948
207678
198569
181545
201714
192666
216837
177838
178751
172549
179444
185635
199169
190269
208857
182334
189852
206987
180626
206900
188766
204587
203063
195238
191170
196862
208760
188719
202659
180848
208577
205514
212870
191945
197343
179868
198482
178235
212258
178412
215536
179003
184487
200305
190421
203983
180400
208326
186474
199609
197437
182747
190193
187206
198540
230403
198813
181858
190785
195558
203831
184101
207001
196224
206628
193826
195163
190546
182148
180895
194605
177332
217689
191702
199763
185289
206781
197610
189289
203543
188163
175781
180175
186485
207569
187751
198454
185537
195298
194980
193743
185824
193936
196962
189942
192788
202287
189204
209563
194361
199005
185983
199621
177807
183856
194558
200724
195628
190236
182961
181734
185160
212083
189751
193669
185059
191886
178952
187230
194707
186840
189711
202794
186199
176456
179901
192506
194656
190711
191049
194102
204263
184201
186143
195888
191678
185423
190990
192521
181616
196868
189637
199714
202529
181351
185446
190226
194894
200882
192545
209626
188637
196329
190070
200315
187751
189322
182401
181421
184613
215402
178546
200101
196408
183715
195587
173237
192403
185668
201026
199323
184957
201784
195123
220677
192740
202975
194121
213519
191071
215400
193679
199540
186609
206738
187608
188791
200631
195818
194848
201493
198266
186415
193361
188419
199337
185992
194054
197208
177997
190155
171277
208546
175401
192134
174871
192669
196237
202099
181219
192021
196980
191026
193150
192654
207573
206484
206730
178353
202864
199467
189622
204757
188703
192099
204967
190605
190860
195124
195823
183738
184667
181516
187843
176151
186359
203023
183587
198532
178924
181329
198797
185488
191683
195194
194768
197176
197444
190354
198165
189427
198227
182363
185271
195553
184702
195957
194259
229723
184602
201034
184334
208341
180382
190089
188375
198496
181683
187395
192515
189718
201144
178780
181767
190237
193942
200654
187924
199992
178865
210291
186172
199412
186729
194907
196935
195480
195060
186357
181956
193858
181102
193571
181382
182911
211794
186324
183179
179459
179535
205868
188671
182940
191470
180321
207303
189581
189480
188259
200762
183695
183682
197452
180341
201166
188703
192049
187695
193842
184597
180205
199981
198828
197221
193046
221291
178844
179693
181789
186682
173767
201072
184159
191828
194540
197508
191723
191668
186385
184267
202075
186569
203163
184517
197843
175372
184697
187560
190985
185687
188053
192405
191607
198910
201295
203572
184001
180721
200134
201938
206664
179787
181406
193531
197734
195305
197438
186281
183502
200502
192461
199787
195443
191613
191721
195849
203015
185926
199822
201341
193487
194927
203043
194427
200354
181544
184286
197942
190354
206608
182738
180799
190873
210022
194297
196989
189330
199011
198383
193932
182757
202740
204406
204241
215713
198955
192224
204753
199873
213036
178844
179985
192385
200724
181819
185246
190842
185314
205782
193658
211593
200583
198019
206146
190772
197710
212228
194126
192287
205088
199661
194447
198475
212424
193146
278107
193094
194703
197300
200673
196763
193034
179819
179416
190808
195279
184842
197977
191893
211842
202385
211575
193753
197787
200421
197394
188785
192383
184924
194477
198576
189621
206764
190842
200519
192929
195349
222311
201479
190653
201385
183846
172682
197068
188530
189184
186669
207227
178346
209727
192760
193556
177669
186621
200136
183676
175647
196630
189059
201191
180013
193817
183556
186512
189724
188269
172691
173295
189717
202162
183879
203949
168661
186277
182556
201474
183743
186693
184645
204311
183874
192987
202758
197612
200691
200849
192455
183401
210643
189844
191812
188254
196243
187137
207309
177062
199270
207321
191299
198665
190076
177900
185706
180339
206348
192134
204001
179030
180245
174291
190265
185706
193052
172728
205336
187267
212837
190441
198951
203333
206581
194666
193212
207487
197407
222850
198832
199895
207095
184830
204703
206754
193778
209426
194014
208347
188450
209664
228578
182338
187387
194353
192111
193526
194541
202258
196656
197197
187733
185259
198098
180416
196804
197691
197164
180391
200657
193622
197645
185174
190305
186813
203844
193990
184888
200959
205664
196131
204492
203669
205206
192217
213305
196934
182212
176636
200292
193440
212533
194634
196691
194790
194159
186703
225598
198943
196501
179420
194116
193013
197758
180183
204246
182554
192581
189900
201526
191485
195333
189139
204185
213412
194262
190249
203466
188543
190834
209634
188057
192472
192235
206480
192343
183338
238333
187433
206964
186084
196195
203291
193225
193848
186061
196853
183426
192030
215630
199986
201537
204543
205927
205413
195828
204804
190592
198124
205624
201981
210521
206838
196762
203944
189867
201012
178533
198975
191487
200602
201116
203443
182566
198753
186375
191001
188930
192985
235523
176576
183996
189695
194545
195041
206065
195574
196591
191035
206789
191031
216416
198316
206799
193957
194586
179939
194922
188702
189854
191535
202131
197189
204077
194974
197518
186893
193255
187489
212452
190943
209172
178786
195793
204327
186076
194400
200644
192639
195187
193039
189339
204336
193109
218161
185045
206235
188472
187594
193073
187285
183891
190532
199637
188658
209636
185543
195351
216612
189219
200833
187590
197360
183456
211484
179391
209350
203482
205731
194232
210792
198905
202346
198807
192790
217751
186524
206627
184406
192150
204371
194257
186030
202048
208633
193016
193569
198007
192505
195798
199878
195003
207602
198554
210212
193488
204527
189182
199325
208393
209276
197246
177042
198124
207509
197184
209691
201653
200320
194110
208032
215384
203595
199312
178066
187635
195624
207051
193960
203136
186806
191145
188745
188632
208033
200711
197330
190610
199929
185554
199421
186585
217800
188423
195412
191228
187940
212674
199081
205796
186546
207664
192598
188937
204362
198406
199919
179555
173483
193573
207211
204495
197471
208592
179997
200752
193833
203377
201396
197252
193900
185306
187696
191908
204671
194849
181444
196765
188518
197321
177821
200993
187013
204068
183780
204475
201590
214154
187478
207493
190749
206201
193701
208950
194820
205828
175428
190274
198943
183371
195436
197724
191800
211189
189612
192693
210558
182289
191806
203840
193455
204842
190204
200510
195722
215700
192690
208694
201598
205857
186445
189995
203726
181738
200062
191089
183535
209376
187192
209628
194243
200654
195482
204555
202397
183269
216747
184814
212958
183116
202841
175724
201374
193909
211945
192411
190820
204092
198346
189489
204218
193939
178700
205919
204310
191164
211004
182981
194127
205177
188692
215481
189442
199633
186981
206916
193253
197517
193165
208690
196574
194449
184356
189957
201027
182837
206003
180817
217133
201067
195371
211026
183771
202224
201800
198801
200186
185074
209146
191994
185843
187919
203940
188653
187284
199753
187589
200734
202872
200512
184496
192566
195943
202761
192672
187945
182342
188362
201913
189119
200010
209963
213586
186808
201674
193577
211855
194799
203614
192742
181290
194263
182372
208679
190446
194031
188970
194991
178046
207491
179025
212640
184734
214671
186000
204080
175176
205429
180690
197678
195744
213880
195068
203223
184083
203464
179499
207300
179497
212077
181192
195753
178701
196991
184892
198677
191089
204969
191352
182783
195649
192021
204763
206709
210578
189298
201879
186121
192671
186045
223900
185702
197598
199705
216110
191420
212992
195925
199482
201033
198569
213526
195830
200830
208814
206268
183255
205432
203652
208225
185837
197406
195724
206596
193246
195596
207612
199868
179907
196661
194301
205047
182090
236479
193926
194158
218093
202335
208452
201235
209119
193732
206059
202115
208056
188900
208384
185097
206563
203100
207307
196632
212324
194396
206233
182557
196213
207146
194211
205357
206182
200941
205450
205473
193322
209933
205810
207422
207058
202771
206738
188534
196277
202483
209117
216989
206613
208470
195161
192085
209152
207609
208302
199824
198510
192884
220858
221985
181524
178085
210991
216365
207727
211582
196289
192833
191636
183336
184498
200496
204667
212832
195182
191132
197597
195296
203500
195814
185986
188105
199258
198569
201190
197329
191713
183446
203913
186941
204575
177195
198918
192016
198542
188446
193190
191100
184759
193948
196240
199805
186907
194300
181432
176459
200397
211606
205351
194523
193132
187330
191338
189744
203679
189147
169030
183695
204703
183138
189141
194226
185418
193816
182056
208326
187369
184602
198694
197061
198446
187893
197757
177079
192166
198931
188086
205626
199596
204271
188828
194671
178161
199773
177195
194861
201051
180945
194870
200299
184091
184679
191431
200243
201567
202787
184175
202734
189282
190188
198857
186348
195590
189558
199810
191309
172054
201055
181706
187285
197852
196543
210943
203159
188629
200294
181212
190709
183379
190723
187177
185410
188334
187007
198260
189434
193630
185660
203886
203848
203193
197423
198105
197032
186954
187922
190400
202229
193478
196622
188747
184680
206695
183045
219394
183558
199870
187030
201902
196398
202625
199248
182196
193809
208580
177842
190126
187600
201810
187133
193548
193694
457708
212415
196281
200915
194851
204353
178209
284997
196391
208151
201992
198209
186549
196881
187808
200349
188576
190611
181258
197162
183016
181055
197275
184756
199364
186261
196076
202919
188599
189410
188676
177003
192365
179522
200408
198485
208746
182986
205039
174351
188667
204995
199119
208354
188535
199097
187163
199401
192396
182283
189929
184534
205032
198313
177737
177750
190183
195057
202163
193434
203136
182054
168225
202089
182353
237926
179924
205383
189904
188911
204894
188980
208661
195059
212050
184826
198395
192264
198679
200660
202598
185140
196167
188880
197461
177323
195856
187917
179604
201816
174442
212372
180457
195574
189056
205212
196793
198910
194523
197681
203637
190003
191272
188839
193399
186532
189389
245318
190873
198356
187518
194389
193702
181656
189103
187010
189546
188648
187740
221012
199005
176818
196021
185339
196899
196388
191354
182867
197199
199113
187930
190764
194890
206800
205438
183907
194502
192338
187489
197183
186739
172573
192847
183123
199066
173614
205159
177850
202056
173543
193531
176253
204075
186611
200960
169997
204786
172241
203533
173867
202134
182811
180299
201522
181588
207608
210041
193684
179967
198870
197064
206992
188854
199550
192461
199540
190869
189811
197568
204422
176938
194123
205163
182713
182297
181682
212981
176970
187161
185772
202481
186783
180778
183503
193308
178904
195044
195458
180007
190706
191987
183185
210439
201800
209152
184533
182898
205243
194640
193249
204566
195839
190759
182143
216285
196465
191566
205772
209575
192286
222645
177031
183513
175903
181059
187549
204757
178243
192049
189722
188673
181924
207636
182099
202778
186790
203608
200865
192048
183840
182022
200716
204676
192393
186553
205975
187168
193713
185051
184663
180919
202818
175929
182547
178790
179750
178793
169914
180872
196697
176466
194974
184661
191623
185064
198150
186063
181519
197354
203498
196068
184961
170237
200308
176168
206467
192692
202913
186250
174041
206053
187803
199236
189569
179473
211009
188092
197993
176990
204633
194396
195572
194614
189161
183535
196355
175198
171195
186132
185147
197553
184400
186618
183000
189997
186345
169112
191097
200896
191509
205616
201135
181916
200049
181366
210170
188900
198319
196830
193920
198612
202698
185987
181221
179738
215053
203521
202667
185081
199618
189356
180162
201907
173307
200847
194477
200509
188777
188626
182861
180213
199661
191892
193111
187236
171980
198290
172737
184221
178583
181796
183669
195180
183708
189802
196793
182435
187707
190432
180319
187614
184768
191145
185507
180193
193649
190478
213387
195242
203798
194381
195694
203506
190476
206918
193424
207349
191657
203472
207303
213090
197350
186453
197463
213045
201489
205509
203284
206339
199953
208092
193243
211514
185763
205766
191566
203847
184360
203489
176994
189916
195629
196433
191515
173081
184334
203490
192089
197516
192553
187639
182010
186283
192408
191891
192478
176562
193883
173933
191149
188837
203190
191459
188876
191113
197784
183525
201405
182766
204247
198842
202541
187888
192505
217433
181235
191980
197059
204439
202687
197380
196796
182415
197674
183853
197354
215787
187604
205421
183843
201987
202012
201806
177057
207606
193619
180759
201586
178634
196673
188845
187715
185285
202804
190523
214576
188096
184103
211345
181594
179150
180804
184970
178293
184915
212585
195546
200094
188254
180114
201007
211642
204880
194023
216935
186188
199106
192045
191162
206791
190441
199131
195488
188152
201348
192507
182172
185341
202777
183413
181409
197198
198301
185249
186174
181925
178964
190914
195802
186128
199075
184774
201078
202633
179583
205355
195207
210554
201885
185226
211911
191292
217004
184547
188110
187431
190491
196159
205299
182408
202117
195400
182183
211788
182841
205515
198701
187128
181595
188999
213757
185364
202583
199833
205548
198608
200611
200486
180911
195094
187536
202423
215623
199512
189750
204607
194709
202078
215474
195766
240223
196142
195753
209769
203103
202476
184646
189497
194571
191895
191281
188134
206881
180625
198184
206446
201273
190553
202224
183797
205193
184123
193197
183855
186613
181737
193606
177547
175529
195211
205171
195635
185363
191001
179872
187218
175384
177747
186758
208286
183471
196534
207207
195269
203551
193470
212402
192245
201043
190052
190188
197110
219403
193239
208467
187056
211120
186304
201155
191016
210140
184985
203437
182327
192695
201442
207069
231468
204605
193531
188941
187001
198652
209806
188854
193322
205358
191910
178486
210252
187700
194724
185565
200611
184947
182861
185750
183919
195284
187540
195681
184553
200817
197800
196850
191767
201523
212786
185984
212334
185016
194490
200636
195723
209192
195274
198818
200919
203148
232043
200852
188780
209914
197774
189453
198236
193330
192725
211495
185891
180761
204363
205146
184155
202114
185191
194772
187316
187260
184560
212176
190283
213238
192738
245754
195114
187095
196235
186632
213423
207461
210743
181017
208107
179622
187735
210073
186459
200397
193960
186964
200821
192800
196830
196383
182246
187318
196106
194149
195364
202290
180913
206426
197545
189496
194669
187170
184019
201314
183902
199507
182202
185496
204560
195885
202174
179393
193448
181292
197213
184024
183139
198614
181279
179832
210680
190290
190033
186811
187975
182205
182686
189631
222994
183063
179646
193935
184164
201464
194473
210733
194469
198619
198745
205869
203945
185062
190379
200141
206240
217119
197135
178781
176233
177189
177150
187253
185697
209835
191358
197111
191505
210394
189684
209888
203442
206139
191521
178083
195417
184315
206616
195112
207437
194784
227519
181372
187351
173141
183385
188003
185182
191903
196871
195594
197463
212293
185317
211053
193472
193553
190729
209760
180830
189804
182885
208039
185586
186213
188919
208863
197946
202091
189781
199793
181581
177145
194899
196162
186067
191033
181106
211953
191628
197332
195525
199715
188443
200588
185023
177935
216206
180364
188645
208750
193859
176421
194135
182489
199963
188742
190272
206144
190122
189195
198976
195383
185635
182347
185392
189218
194893
190729
229539
189200
190700
191550
193762
183728
195995
197963
199946
202398
205354
204262
202926
204292
197697
211512
205035
209598
193627
191173
199034
200220
200125
194178
178724
191948
199924
180667
198157
212851
182556
209700
179136
183884
199234
214532
200717
190816
198044
189078
205963
191320
210324
191951
193583
213355
209495
197205
197855
188968
183004
222939
206834
199307
195723
199079
199193
200110
183104
209881
207369
210783
201245
221314
183789
201908
187160
201535
194704
207930
176435
193596
190462
211818
194772
205566
187361
209416
208969
182615
188390
197710
186791
194386
200466
194813
190039
192014
201041
195694
189882
199583
194716
206318
201554
200008
184480
184914
206373
189869
211187
189672
203008
187495
191719
203479
195790
212062
194753
197102
186952
207773
191489
193066
208216
191772
187994
209287
189067
192667
188044
208256
203565
184575
198670
183719
183967
196627
203196
192189
199474
206795
206219
191345
186566
198415
179084
182760
186704
186710
186946
190410
196598
211769
190655
205201
182451
206789
180520
192196
200748
194946
182509
233582
187372
218308
189660
205590
190116
211161
203777
182177
211793
202292
218449
204731
197392
183669
191619
192407
223582
190606
193078
200832
194341
204392
190142
202374
189176
196025
196861
205764
185730
208439
181591
198917
204574
212095
184756
181659
207633
194401
200885
183419
188035
192064
212367
194024
203533
199624
197629
190660
188926
186146
182301
180440
179850
174824
188484
199431
190294
194593
202308
185432
215014
191441
209462
182807
191683
189035
188934
205637
201872
203704
186107
206413
187925
208027
191994
187077
192406
184867
204836
191141
191552
188105
181979
186412
187157
187690
212157
190639
198989
185790
182742
181073
186548
190234
194220
193149
203451
188024
203510
198445
193447
178870
200159
179433
202634
195445
184094
182554
190917
192908
193600
179879
203787
186571
202042
185054
192562
185176
187435
220273
181970
204877
198012
186310
203984
196006
184859
211728
185775
212622
186318
183624
203499
187177
194535
194607
201205
186057
185744
207083
186968
236184
191810
208287
196009
180761
199903
195796
193205
185343
175874
180679
207516
208281
209015
184302
191863
201400
190725
189983
199819
200562
194603
194979
184744
175867
189824
183638
181065
205010
205796
196336
189300
199191
193999
192453
187832
205148
199830
204936
183171
190975
187668
187449
207897
194137
202313
195034
205354
190227
208451
185002
203987
186164
190966
196840
197955
185664
209650
185221
183381
198640
189748
199749
205529
207270
199929
189445
193123
202608
186277
199691
195285
208047
190270
178612
203780
192653
200234
201000
192030
188024
202010
202451
191924
193109
207860
191545
182202
178618
185489
180696
206519
189776
186685
188380
204956
192149
209998
203582
205323
190613
194615
184936
202664
192475
214394
178023
192069
193968
191090
194000
199285
192737
192186
194133
193327
204478
192810
203360
200533
185499
187463
202678
189077
207667
177117
199869
205060
195286
212886
185316
192808
187088
200241
183242
213591
180408
212642
178155
189768
207334
192970
206384
197623
208108
191195
196750
173431
194815
186850
183291
201698
194355
202590
183567
184561
214202
190983
199499
200135
193640
189286
188757
191348
176022
185776
185349
205175
184487
214970
184193
175391
185971
202383
188671
206188
185247
205841
188700
195514
238182
182568
204421
193567
205947
192753
189998
196421
205008
187745
192476
191400
180944
188527
203443
190065
195684
199812
241525
187530
206437
187277
199890
194321
194964
209986
192227
212089
194243
207357
191301
206428
190495
208795
189591
176898
199098
184049
195741
202990
192477
185090
179535
208139
198586
197943
193247
200268
197294
193664
179677
190256
203065
200781
207993
199476
208599
191489
207677
188748
185553
220594
185923
205053
190736
188678
199963
192354
194743
192145
199505
185510
197723
203880
185933
185172
200698
180236
186117
209804
180957
181529
195924
197792
201754
203522
199880
204155
192076
184862
181861
187179
204976
195005
189057
198852
199705
190139
185254
192117
182791
199689
184521
205441
193320
197688
192577
190438
185099
203876
196662
200028
204491
181701
182303
184794
193136
197685
202711
184245
204269
192164
196415
197119
204513
192374
193888
216579
203826
188918
192600
203403
207556
185433
189248
193725
196287
180195
176370
185800
189814
190974
212855
186478
196666
206524
206660
202016
195935
193385
210670
182405
207227
192047
208971
174670
203903
187499
188294
200840
187782
200979
193914
228244
187600
216928
201942
202968
198933
198305
175464
192453
194575
188791
196074
193692
205682
192226
219815
192178
185872
187187
184949
219342
191813
201525
188297
178237
202402
194164
179547
201156
210082
187957
209312
190555
221638
193073
206082
209799
193369
200752
186848
180277
178469
209526
186959
178590
190030
217722
189981
192925
199504
226898
199772
178324
179190
202226
206119
186100
176107
204841
179277
179880
198271
218300
189476
225423
191431
203315
190554
207215
194807
193047
207048
183053
186138
189454
200024
201423
200039
188623
223178
188593
207288
191961
209638
204250
206499
194821
194582
200099
190192
193200
188224
214842
202168
203481
189511
206388
186104
190814
219553
189283
187971
200264
195841
199631
191806
208767
179295
192711
189027
210564
183334
210959
187304
202892
182859
191463
197671
195723
181842
205969
199831
194598
193152
190354
194852
253643
184026
191564
192251
205521
199826
188521
207370
205392
181938
181789
206064
200905
195930
190931
199992
191909
199334
189174
192295
190869
190389
179443
207897
191021
182923
204661
185952
206640
196121
183530
198603
222512
195638
227518
182627
190569
185662
179282
186952
193787
195623
202042
199867
200911
188307
185691
200183
180669
202487
202141
183831
191671
185709
202838
198904
207922
177490
195798
202187
198420
212938
177750
212275
176038
237099
191203
209442
185281
195644
193449
183299
187376
177965
182913
198320
178274
199812
202416
191335
197313
198816
202924
187715
191933
202503
210317
208355
204742
190985
202117
187976
189044
202698
189036
209816
188301
205162
184154
223164
182594
209766
205401
186578
199719
195587
181966
205185
191086
208893
186716
206814
200325
185761
211039
195863
195147
203963
194821
214425
187315
207180
192455
190157
190708
207362
193836
193280
190102
195571
180634
196616
187861
196853
187827
190953
216574
187904
202962
197299
200584
204941
192208
192574
199353
195743
202852
192186
190347
202901
187921
209202
190177
190815
201215
183145
206842
182627
185326
209859
182327
243418
182601
215853
187600
214682
181905
196141
182299
200529
189556
180845
200565
202923
200266
191912
200165
191489
205018
193449
202763
176667
196174
212746
200879
203432
191744
208050
196200
195252
209876
180461
215098
206170
187831
218048
201293
207541
198784
191334
192343
211373
183947
190233
212262
186085
171851
216844
191198
202030
180631
193976
194409
200236
195008
197783
203956
198080
201543
207430
209401
197613
204741
184200
193171
193641
186460
178334
201402
225442
174984
205613
190003
199728
193405
183226
192741
217940
209915
199176
176438
202108
192166
190570
222162
199696
206787
190105
201492
192991
208867
197187
205227
190803
202155
236645
210924
187786
205979
168066
187521
216746
192095
198250
195156
205715
194336
191126
191773
196639
210076
198153
186297
202284
197785
197129
203994
177681
202846
203839
194540
198381
187101
186687
179881
202530
209234
205869
192797
197489
196626
185307
184832
177913
184720
194948
206977
200346
191526
179664
203500
202833
200787
201829
183039
182768
190828
192140
195929
198407
188996
198403
200392
197457
204065
198825
200852
204800
185747
201407
184907
201824
199956
212545
214248
199977
203727
182556
208142
183451
191592
204943
193597
202306
182256
198904
199917
199936
179204
198862
202836
186244
195448
186477
177650
180832
200385
184373
193813
210516
183844
174044
181173
181356
186116
199856
209352
181292
184772
180815
202344
189338
206167
205912
207301
194268
200880
194384
203057
188785
185580
186531
192577
190034
190299
182900
181781
193739
208468
194986
203474
197643
189949
208547
178659
183180
210762
190196
196171
196465
201972
199356
193676
182928
202086
177472
200737
182087
190258
186879
195337
179510
218645
197685
182247
203031
201460
192056
195230
189721
212306
179051
187534
179368
178908
193245
197673
194245
219089
199256
202704
199053
208352
178184
186334
200726
177628
192197
203812
193806
187616
203277
186254
217072
195700
186864
187624
192850
184130
206097
197857
182130
187465
205810
191457
208184
178865
175861
181942
196093
185104
192026
194461
204866
181365
196463
200602
195307
194612
193378
207324
215685
190849
184543
204441
187146
169869
203842
178249
201041
178778
188584
199529
183217
198958
193245
211106
195727
182794
205296
185723
205118
187143
207075
195053
201933
185998
186031
202044
186956
189751
201320
181016
200035
195041
206788
181629
195244
204137
190098
229099
185040
200198
187072
185804
202527
186730
183428
183770
196104
187091
193336
209153
188071
202241
193385
201702
183274
180034
201984
181963
179016
183450
201039
179376
211996
192556
187817
195269
215570
191340
192841
195546
188348
236945
187145
209854
191032
205190
199958
205141
186262
206316
195677
212426
191266
207869
182684
192892
201241
192415
194124
194603
199969
188951
192016
193714
176904
191657
191529
198693
198243
198138
189237
192686
186658
190475
188498
207132
186636
205725
201168
194672
190358
191752
189500
191556
205082
198580
199358
199862
190634
199033
200931
197586
202356
185300
199621
181316
183561
210848
182589
194700
210022
189102
186803
188904
199961
186438
181870
183609
201118
194314
204120
185791
182912
203423
181709
199972
184105
203482
197147
199181
186542
195295
182050
191127
213984
185455
206702
180028
210095
202223
210417
186761
204875
188665
194769
185202
189984
188465
188944
208254
187267
197068
202797
174983
187482
186683
206190
191329
196235
187630
199257
191494
197113
205127
192176
186539
180611
198879
195069
184183
197619
196919
195240
201183
199392
182919
181440
202335
192133
194282
189614
202742
194496
203267
187764
212706
179222
177162
203763
191841
202790
192334
203575
180527
178744
209625
196616
195376
193503
191227
187004
210979
178404
189265
186792
195735
193427
198105
200152
184585
203342
174351
202722
186621
191272
185035
191436
197564
193447
197569
188712
193724
207020
182080
199785
184570
183188
180215
205124
179239
203537
191445
183726
201985
174063
176927
199510
184004
181362
175627
198102
181653
190069
196494
178426
188261
190703
201986
178400
185689
186091
195592
196703
192221
186233
185742
184419
193373
183663
196690
181115
199743
184958
195102
194583
196618
196125
199003
193927
198477
179980
184651
194187
190211
177354
188719
170789
202686
174721
181680
197798
199522
208442
190474
170981
191746
196629
180464
178811
208637
183773
179224
173715
202953
182460
181542
168008
187381
191015
198666
184663
204648
180672
189340
195722
191688
180779
187510
177073
178879
196499
182674
186662
186333
186056
187136
183814
186894
182915
198193
190054
202263
170893
212887
183863
189993
181245
189591
197646
196995
168839
206277
190445
189740
180511
210910
187873
186145
176083
204908
187734
168718
199182
189542
189387
187259
188515
171588
193900
203425
208731
181818
196221
188246
173528
189484
173392
202518
171676
190406
185240
176574
198406
180999
176205
176927
188538
186450
171041
193812
182104
199830
182916
200818
187898
191535
182593
202885
183077
179679
191794
191676
186022
182692
184737
181419
185123
173979
185475
181337
185579
187953
193082
189286
177207
187939
178766
198421
186571
186530
176904
198317
179287
198843
184771
181711
202921
175026
174239
195871
178535
209698
170417
172006
197080
181374
194582
204354
177167
200820
326200
209893
195113
198057
196631
200339
187079
192442
176050
201899
188146
200673
185715
187510
200050
185889
189452
195516
181141
182759
182824
206649
204279
195917
205184
193432
185988
197516
203505
185751
189480
206583
194248
196971
180656
203312
187038
201926
188939
206799
187276
201043
175034
182150
206017
187695
194480
186573
196983
175072
197164
175994
195032
177921
187772
176944
185783
193208
178566
187976
197454
184071
192697
185065
175407
189159
177354
204587
174269
199213
186106
196659
172923
191372
181891
188976
205252
183372
195406
184194
209070
186099
196389
191096
187382
183837
196759
184869
193267
179245
197754
187799
204057
192626
197951
176572
185407
195632
203219
187096
189480
174719
200052
172964
197085
185753
177587
199541
184679
190424
173824
187303
196222
181810
172591
202927
194172
191395
192616
192970
186224
174399
192904
190582
188248
183268
197779
192605
198052
201303
194488
186226
197090
186766
181118
192353
181752
179964
195373
193850
174968
177868
181920
194187
198748
191096
185268
189106
175094
191658
177686
183906
204650
182282
197681
180672
184083
207424
180687
187215
179050
187395
182007
170050
201414
187612
199685
186959
187864
176966
185405
176157
185329
184986
183575
189963
190967
182569
194657
186518
186096
191844
182859
189825
191179
180408
186962
185006
194028
182950
185680
177155
187474
181932
177778
202584
182705
191544
183075
196759
193286
197595
175994
186529
174513
189533
186140
196584
193517
194540
175669
188787
185096
197474
184098
202226
175886
185517
190351
187717
187722
172087
205249
175964
192722
205054
195881
201787
177809
189252
186872
188632
188485
194892
196227
188726
195964
176303
182865
189397
193320
173983
190276
192412
184885
187823
193782
187341
187129
200016
184795
183409
205204
183693
201679
195157
192551
185267
197635
184056
193825
198833
183902
200408
196387
201959
188573
197670
178864
176906
188306
171662
208578
195496
187375
187594
184109
208238
180843
193309
180879
199388
203731
191937
193776
185908
195642
185571
199928
187588
185221
177544
189935
186151
199815
183667
187107
197953
191668
204182
181936
174968
188417
217688
183542
183156
196389
204739
188716
219325
193048
197715
189311
179471
180302
185835
196500
188193
182052
186558
197916
192651
188561
212130
187112
206814
187355
187030
234345
196000
185141
196361
181066
185621
199191
190680
219301
186358
199173
189457
203192
185025
187790
187579
209367
177819
197819
202684
180692
180959
181764
180305
180595
184811
203112
179476
176599
183597
184948
182132
204909
201699
206482
205728
202999
211078
198138
207640
200540
209510
201780
194561
210944
204305
213593
194168
201028
197937
209412
205424
188496
204028
204206
189965
204003
197554
191387
206905
199030
191222
206038
189634
183835
214911
197111
199547
190619
211615
196885
193389
186883
188851
198087
195841
181943
200045
196118
180073
193449
205320
187587
179916
187336
220937
196441
181954
176792
177951
176163
195046
187325
208129
192224
177859
187872
199506
179613
186834
193455
190761
198974
194709
210807
186757
195926
186795
181205
197962
180978
192958
198257
185009
193578
192306
188186
190671
201237
179067
178635
183188
196049
191329
213581
210543
209947
196740
191962
195015
196462
219128
190708
196070
196834
182816
175343
209010
187529
198259
193277
202561
198837
180604
188665
203300
187693
203158
192147
191401
178643
186403
203545
182166
187113
187145
185003
214170
192108
188243
194597
179149
207403
186145
202700
192014
171584
192403
188703
206052
188522
198606
202776
195866
202554
181203
204093
193199
206605
203293
204645
188861
178443
197206
181748
197121
198484
200317
207869
203388
190355
195960
188162
167278
207337
189629
192644
182451
197462
189372
178816
185453
188344
173974
199194
197280
180699
176139
177086
195895
181505
184218
193939
179767
196485
192527
193117
189240
202542
183149
188564
192846
187696
200983
179430
192464
205900
189935
192878
200433
188086
191427
203670
187095
203140
184293
196230
196438
191783
203724
198550
186858
189335
192293
196475
187537
183309
189448
196644
207013
179136
200956
185204
201744
190360
191571
204339
183982
183523
203589
182311
189033
203256
188990
199862
196407
188474
183574
191657
187359
180965
190582
188827
216148
213017
198899
203243
182223
205036
208184
202703
207579
213612
198694
204793
202028
187628
197691
190059
206300
206511
199797
197191
186321
202461
206088
190172
178435
183294
209555
189358
198056
190797
178329
205322
198815
196413
211446
182905
211605
198366
193003
204941
192019
205835
203177
208959
182166
207466
201715
199791
202973
206335
189936
212396
182523
209845
192477
209466
182591
205847
178837
194209
190832
188455
206151
187659
207489
193058
184963
184698
192056
185032
194382
178973
207025
204443
201642
191051
204341
193113
200264
190468
178942
181632
171473
195091
180200
185079
191574
178170
195990
191659
181299
186663
177012
179026
200883
178359
197101
194220
202915
174580
190982
186938
197221
196239
192565
199300
202781
203684
180672
177121
197728
231392
178476
195447
177883
175226
200089
183005
180043
174378
205069
189686
184782
190495
180654
178466
188402
192960
188662
206092
182162
204944
192799
201997
189551
192633
189248
186504
200267
186909
195413
181240
201800
192848
192454
204299
196664
189007
186539
201262
186028
206949
195517
185945
214292
188920
206868
191159
202579
192058
194110
203096
201641
202717
188943
202210
196948
203097
188360
206216
188012
195407
184491
192004
205654
184024
186594
191422
190392
191467
192694
196659
189423
194904
178119
185998
193426
198554
184466
183415
207953
200981
207171
189595
202674
175291
202807
202267
195092
189999
186554
188336
189189
208526
184520
201184
203331
189218
191377
202265
195619
185725
200130
195703
203957
186673
187887
201881
179997
207814
177389
182536
187467
207460
188898
178911
206202
185255
178805
203887
190540
205111
189059
203708
189845
203187
178101
193640
202688
204578
188084
182078
201891
199525
201092
186597
197490
198386
185979
192893
200861
199086
203084
202286
200098
197251
192471
211215
192597
209878
202678
177128
185621
198059
183860
224390
201826
187977
190429
196713
187725
196666
193952
192557
191895
187810
185552
209157
188769
189998
192859
192334
189305
193429
195970
197899
181565
198626
208708
177996
196002
192751
191596
205364
190297
189456
190669
197145
203427
196813
191167
191009
187328
186973
210999
180181
177325
195551
196966
202590
196348
207815
192837
172139
189263
206834
190364
202807
186861
208536
187341
210583
185698
189182
187825
213049
179519
199638
205721
179925
201141
189239
206587
184727
191436
192235
181060
199079
203627
191870
202623
202940
200531
199592
187572
210938
179546
206044
189186
190996
200740
212328
185178
179050
207998
186599
201430
193933
186434
201524
187258
190032
205671
176213
192047
195594
190335
202793
190285
201129
197773
201436
201439
192500
201493
189784
214243
192865
193725
191538
197611
204231
198587
203272
187479
209337
185194
200163
200054
194429
205732
183723
202358
190302
206133
194405
215132
191948
187353
197358
188297
204374
188219
191395
197327
188013
199479
189537
205617
198525
209566
208513
194854
199523
204555
189002
183666
200602
189636
188341
193786
206526
183133
206939
190527
204801
193480
201305
202993
191057
190801
182602
183367
201083
197823
189332
184920
202104
190812
195055
194531
205332
195212
188746
184275
206512
186384
194472
194726
194786
192551
200570
201881
204377
193283
198841
187578
209005
177250
206416
192501
217798
177061
188798
193373
198042
187069
205143
193079
196534
204387
206116
206177
203262
202890
190742
206086
190281
209582
181687
178356
201029
196441
201522
200297
202960
190989
199965
194228
202099
204790
204266
190644
206504
185360
210888
202239
188242
186335
198194
191075
206339
190526
201615
200256
206992
189889
202182
202927
192199
190432
200217
197622
189268
201179
187326
191263
202608
197452
195196
209568
190013
208319
197205
183601
200959
193699
206300
193530
210812
203601
194069
194460
201418
188433
188420
210477
193761
200299
189475
202037
188355
199733
192016
209119
196778
205528
185292
183944
206308
186612
190574
202023
193123
207576
180867
203786
193022
199374
187254
191433
186724
210052
207850
204683
205090
208112
195390
194334
188104
206450
179416
188978
195647
186260
207154
195126
213097
205585
206630
200126
206646
208220
197151
195059
200579
184782
184638
205951
195005
191931
198907
200148
195361
189750
208492
182684
209175
180198
188168
209535
195673
189955
192240
199957
250306
186575
207123
203973
188297
201481
190514
203561
188803
210252
192353
204226
184503
193262
199525
196826
199457
193061
199505
207555
200837
195103
205612
201453
185523
191790
198474
191625
200169
206154
183579
185442
196010
198422
193419
184972
205169
175936
190464
196288
185690
189843
177760
218917
188015
202369
181059
207264
190748
186246
192970
186504
198053
205583
184946
187545
193546
180084
191605
196749
185154
194024
193768
206552
181945
183243
207856
198073
180087
182181
183495
209019
200284
204576
191292
199445
192020
199359
202571
188636
193358
190561
205713
186731
190835
181815
179823
197699
203169
177983
190293
204441
194105
190563
194267
202985
198653
205503
184356
187929
200984
198505
198101
189825
203276
199864
210451
181760
193601
197931
184445
182775
196366
180773
218702
190021
196266
177123
196571
190447
182040
207200
189639
211978
192017
206192
177099
201345
179068
210814
186555
201924
184829
184587
197966
192700
184899
205186
189221
197238
200311
201262
191661
188474
190563
193090
202063
186812
197996
203429
197906
192243
197741
190112
205788
209923
184460
199038
199507
202591
204925
206910
191973
204229
201434
199575
198199
199808
208594
190142
205588
181222
194239
199208
188552
206095
193340
199963
182653
191100
194316
192153
211422
187542
202393
185829
204924
218024
197815
188836
209980
179205
182962
204908
187020
205853
202301
204995
183358
196425
202106
205397
201036
175631
184560
182105
200585
199485
196288
202701
186894
197502
202360
197540
193002
194185
200016
207181
198863
204160
183804
216426
194537
206032
190835
208938
178141
174664
202881
201831
199947
175262
198343
207745
193602
191315
200818
186388
207315
192891
188871
181628
190506
227336
182485
188776
201403
210749
202298
182227
192168
205885
186451
209609
176708
224778
198952
183744
196026
196324
190163
202182
193543
193387
182264
192462
196718
188915
204215
193579
186512
197920
179467
187171
188989
209370
175328
197921
189005
178913
189009
210504
177725
190683
191792
204613
185254
211879
192246
219811
190478
194642
203170
198643
203079
192506
181749
189074
205844
196070
189161
187272
203246
194509
198444
177675
212625
177412
188081
201007
187423
207946
181893
191418
178465
198400
195213
180018
203549
194722
190080
201826
196777
198004
187813
206170
188416
193658
206142
202521
203137
202524
206910
195614
207717
189304
195563
190178
200708
185587
211481
200616
194870
196632
180817
198934
197652
205310
188109
199228
194060
195640
216790
187921
204084
195320
187598
212868
192661
202721
184386
201979
186812
211639
183372
209948
187124
190379
194927
206921
184589
181941
207625
179373
216222
179118
194034
181136
208039
193242
193807
196303
196965
193031
204543
195461
187686
195870
189313
189933
192090
203176
188630
193232
198087
197590
198643
204970
180902
202360
182727
205422
179110
203086
189970
194718
188654
175452
187209
179698
195879
201329
201360
183530
184415
202096
188655
191505
201187
177209
200857
206828
188678
204468
199121
188459
210838
179141
177268
205256
194295
200349
201704
192433
197550
201899
188949
198827
179622
178442
200177
190196
211276
189823
202711
197712
196931
206583
204904
191180
201315
184959
184498
206671
179372
185906
206546
199799
178991
207805
195023
190832
195281
198659
197322
182148
200643
190115
190146
189421
186225
197907
185949
173445
193705
208471
198076
186968
188531
201396
198174
192296
185003
192452
182731
209260
182999
179450
187963
192751
200695
192133
213390
199710
205738
195055
197048
203243
195566
203576
186224
210931
191450
208093
190000
204030
176679
209798
180296
197038
215192
180185
193481
201237
189952
178069
187371
193378
186395
188083
176308
195859
190182
206069
197408
191297
188991
203722
201990
191470
207968
189249
201045
181784
191601
192300
178009
201031
192610
187972
200808
182500
187422
216492
191219
195488
207256
198142
192751
187992
187899
204314
189673
206135
186960
211527
178700
179493
195976
177743
185947
197855
209704
187947
214181
191995
192255
198506
188608
225779
197681
187719
205570
187062
192351
181006
199783
188574
197673
197475
198903
209860
197617
209515
191483
194342
206634
190101
181900
199555
195284
185308
205093
197116
194300
208135
211142
190221
194458
202814
183927
184827
173737
208157
235707
181506
194892
197411
183694
188566
198981
194986
194317
187568
193716
202808
197467
190661
186491
194287
204093
193089
193734
191845
185744
202635
189604
178674
184677
202078
193883
187812
194515
177303
188670
198937
186608
192920
182756
192026
215200
188321
184485
173767
186850
204687
208572
203172
193728
201739
181893
183362
187266
186204
189200
205079
181934
211456
184270
191512
187654
193370
181532
187645
205436
187951
208267
190882
202988
187000
200106
197858
203169
194269
201156
195568
197781
179168
191580
223621
202138
192709
189311
197780
203307
193708
197798
206337
191633
197376
202320
199849
207302
184579
179388
198790
199530
211672
185941
194462
188053
189634
188613
182779
197375
181109
195583
201427
197261
187533
193473
184515
199272
187701
209823
177770
192501
186684
185878
182545
182148
186464
209667
182596
189390
202882
180827
206236
189791
195015
184111
193645
187980
185059
188728
193264
189669
188316
195313
184568
196969
197330
206693
179124
188812
200452
193072
189059
192107
184738
189067
185172
180928
190983
181292
205910
180844
194214
205929
177424
186077
197434
200017
196044
202636
394433
195607
206885
190474
198622
193606
197725
215193
188479
194578
198814
191165
182826
199982
178828
201602
188002
197394
189083
201701
186721
207064
199063
202514
195400
211900
186539
196893
210353
195204
204733
193804
182582
194787
197905
187011
205854
189966
185728
196577
196674
194053
217058
182777
200441
201128
211249
196482
198503
207172
191299
190502
199519
199993
214755
191965
197636
192539
187461
209248
196405
204441
196599
181354
187211
198341
190878
202737
194816
185551
203979
193615
202105
194479
206166
183529
198219
185668
199835
181257
189957
186363
184443
201874
182799
190193
202185
183900
214302
188835
200146
190884
204041
193335
203882
181305
214714
182354
205336
192435
186934
200497
187979
204413
199327
209813
190198
205079
184385
188609
191413
193628
181805
202158
193071
187625
202241
187398
199275
197354
188618
200015
195150
181562
196188
201769
200241
199788
195007
193064
187251
203144
184273
184073
192230
191158
189903
203786
189840
196997
190184
203621
180324
184839
194573
207411
177336
213202
192471
192532
190643
205410
191366
197649
196204
191611
204404
189984
206650
191666
203660
199147
205219
195378
193971
196924
183839
194416
187173
184663
194299
185486
186552
189868
182329
201789
193552
198418
195977
202331
187639
190902
193399
172291
198366
177419
201728
184129
190887
194920
186958
187596
171655
190816
182831
195927
198446
191650
205303
194286
192777
195725
185537
196059
194667
193532
183588
195255
188016
189748
186738
202783
177542
197842
187218
185962
191698
175641
181552
183318
183830
189394
193392
188292
190155
187757
199643
187388
201337
207189
193702
184071
190315
188138
175376
170264
204700
188284
202915
190318
199784
176345
182534
173339
195556
176713
201950
194765
201341
178780
208556
177019
195402
186734
195731
241959
192913
189727
194564
194963
199912
203889
204699
188936
206154
194063
181642
177978
208069
187548
206516
183119
201724
207937
186827
201115
188562
193495
199022
206733
190486
195121
192153
181600
201969
177222
191117
185970
194286
195396
177480
182539
183159
181940
185089
176464
200264
184619
194247
193539
195759
213964
178532
195113
188818
191420
199351
188217
200155
189032
200446
197431
176387
184673
193248
180597
199811
188835
184376
190668
189134
196024
185705
201846
190395
188007
176561
187504
182282
174324
191518
190879
205283
184135
188673
196780
174884
190482
188725
190949
197394
195472
186560
192658
183229
202506
178478
189980
188525
207314
177364
189890
190070
199010
178797
190031
190583
187013
187637
189733
201778
198003
199600
194916
197947
179871
216800
194530
180523
190896
187599
207524
180855
171120
193708
189912
181739
183743
201292
216237
181478
204329
202902
207528
207352
181855
199793
200605
207301
194804
206544
186761
189681
198104
196752
185442
190633
210691
188207
204553
195672
180792
204048
211180
174414
196314
186402
202186
175513
201360
197854
188639
197070
184564
183754
194952
202358
190412
200893
177530
193162
199556
199022
198651
176760
187828
209075
181702
202368
194576
200832
193774
188954
178923
191240
199253
201075
179356
198493
189992
207404
192717
201529
197376
191868
190343
196459
186315
197530
189511
202087
182536
187950
189382
184595
185223
204109
196614
200151
185205
186577
203045
189082
204969
205089
185171
193984
188424
199678
191485
208407
191708
192577
192676
190059
186749
207430
196913
192329
197280
214702
187020
206534
188804
209353
226827
197622
199684
199582
203898
184631
194293
183842
204171
197088
203415
181130
202408
187972
203407
184822
199416
176487
199540
183369
199980
181160
191929
171774
200679
206372
206255
204943
187877
199014
188480
203396
184435
199737
227364
186893
189579
207587
186867
203605
184879
194333
190775
200669
185265
205120
186594
206837
203018
202280
191254
212794
198076
203871
201186
204112
189037
209311
189160
205206
202236
197944
202302
200538
185556
186820
187680
192667
207016
198608
206098
183963
204478
177197
184367
204000
190539
200149
179668
195492
198206
200164
187707
197146
303180
215314
201615
192124
194588
190456
200573
183571
202849
200263
202975
186930
192926
190933
195091
183074
181312
181714
182811
192935
189320
205337
195313
195645
191009
175911
202851
190067
205924
192277
204719
183915
192906
204757
177998
194970
190523
193564
202996
175991
199685
174096
203871
191635
182267
191862
185213
181776
184315
176243
184190
196618
377877
197218
177058
190061
187959
192045
186040
200641
221281
192861
195247
176036
186916
207139
193109
205363
187916
201975
190286
204578
195223
172753
186121
205923
192027
176708
194101
188469
196338
177160
196886
195242
201600
197431
196353
193462
187566
214665
187079
201201
173483
179186
200192
182594
184289
191545
193234
187490
190033
192835
207647
193876
183899
212034
183401
185291
200816
179586
189163
180139
182131
194927
192599
189585
195688
182885
189718
193530
215084
191027
190445
187156
186327
192492
186316
195772
192967
189124
196590
192729
194077
181748
179659
181681
196653
186539
193376
189042
193646
188747
201596
199720
191661
187706
194396
178697
175944
177550
179446
205180
177902
199948
187425
196899
208545
179263
203208
189456
210442
182974
193263
189270
204473
192344
193957
188327
184751
179020
186665
172414
197139
186553
178779
195846
203852
177820
196971
178552
203628
190540
193000
186320
196227
191105
194748
190835
188750
204614
189327
201482
199083
189749
208225
198781
203273
219737
190395
187996
202610
202479
197512
202194
196393
197072
200220
196363
190810
201610
178554
182579
204659
187486
176891
174485
202533
194241
190872
182572
179699
204610
185248
218046
188951
196115
198988
196824
190102
204879
190628
208546
185183
184242
181246
205085
179694
185425
201820
190964
208642
189981
192332
201154
184254
184519
206746
181404
196490
178221
182907
189501
193457
197043
205356
192393
188591
197641
193730
210973
188358
197665
188067
208310
193251
191536
191242
197318
190316
185892
179957
192025
199409
179805
216963
193434
193248
187839
177998
190386
203152
188212
196249
202197
205811
188247
216128
186760
188459
211071
182041
234191
218200
196938
192393
182414
197835
180803
189636
193308
195697
200826
187683
193306
189925
196441
189729
199546
196217
201631
188566
180878
187577
189936
195292
192857
185877
191658
197433
202479
191418
210643
189510
197147
199953
195271
195645
183697
195858
183798
202065
177773
206910
176689
183232
193802
183036
206836
191008
206215
196397
205226
228534
187216
190883
195790
193054
206905
188898
203619
195244
199874
210417
200500
199122
189234
208397
183021
187093
196644
194039
196155
188230
189223
191450
178224
190914
206851
184731
186283
202755
187407
201183
186927
204072
190269
194543
205976
185811
180245
191913
188734
208682
177350
176850
216106
179301
199638
178213
206230
187505
193106
185833
201189
198686
199717
187164
202276
197930
178608
175509
174303
184656
178572
203835
186417
183580
180426
181116
181758
175560
182869
201747
189913
212828
179520
180796
187926
190039
200905
197543
202022
193489
204337
184172
177014
192550
173145
213342
196006
206170
182033
195590
189913
199302
187529
195304
187783
207606
210408
208760
183377
190996
188313
201098
194259
188359
202167
195736
202866
185147
199473
182957
183844
202719
182374
209016
196174
193855
187521
186540
177599
190555
189917
191699
182020
181446
182770
185777
190817
184538
193095
194081
189369
204601
196173
182181
184686
190841
192257
190773
192920
192034
192699
191517
197372
191087
193088
205087
197842
189152
197956
188119
191785
176633
197460
200481
188482
192271
193240
195543
188887
193501
188194
195931
187072
196597
186001
185532
188345
191425
177114
194366
184626
204030
179211
201345
181423
194028
183163
176255
184476
186898
191829
195556
188352
189600
188169
196092
179096
182233
178654
179998
181659
173776
194864
199661
177795
178977
196597
184206
196880
190977
176885
186414
190930
197096
194333
202217
199190
198751
192814
205285
192807
191589
183132
184358
199536
187151
191380
179303
181366
195257
185929
182978
180691
201519
197301
183466
201534
188627
191883
189294
204274
187853
205573
185199
195708
200528
196525
187391
207351
186924
192762
211301
193626
196329
198304
188590
200790
195743
170134
173713
173430
194069
174944
194815
194368
193966
188589
197343
183326
185602
199781
181137
196076
180395
197456
180033
176597
188709
201950
190147
201837
189827
193866
185506
219153
201930
187215
189504
193139
186222
179117
192551
186741
184139
205474
190804
203092
182744
187235
193166
183008
188111
192462
182458
189175
192948
200648
175810
188407
197133
215107
198999
189164
181535
194304
187909
202544
181157
189788
202227
181487
189980
199334
185885
179242
175873
178245
199009
191031
196607
185185
187045
192279
181447
183526
193340
202752
195459
190964
214216
191500
193510
195733
196390
192765
187248
205215
177905
187095
204836
184439
186767
193487
196321
192598
184002
185054
188093
188222
210278
191871
186535
192450
201479
178529
203853
186917
182072
185789
178662
219367
191995
177224
177719
202792
189834
183775
174255
172477
194048
194755
183538
195325
186941
196326
193620
190818
192576
189108
192542
181631
179459
175707
200083
185561
187203
190472
178825
200322
186037
180293
193057
177248
182990
193892
192963
189969
194682
199956
185712
180344
183106
191323
217035
176193
181010
172763
192584
186304
183906
191738
186215
190174
189469
206801
202266
201441
186657
187405
206917
184913
187175
213625
188699
204290
184843
189586
195861
205916
186976
196905
183864
197504
190136
189641
182581
186094
193383
189405
191884
185035
185533
191445
186558
198765
190700
190853
185582
189207
199354
194884
203799
182871
191625
193675
193755
191554
186109
206346
193500
187379
193647
190340
171213
198148
184628
183553
184360
179328
182520
179813
180351
187227
195100
178422
174716
193774
194951
178602
178117
204003
178110
195102
201336
185660
186569
176815
191895
187843
201977
181201
184012
181566
172365
192898
192644
195519
188362
186886
172874
190528
196576
191976
194321
190261
190870
186103
201626
178873
192853
204742
189592
178170
180320
190885
189019
204604
188571
204247
197902
178255
206601
178513
201827
188508
194718
186351
205090
202350
198463
182218
204137
198944
204838
195977
201558
200934
188378
207172
188047
180093
185480
174988
197482
186752
206031
181953
195180
188885
197571
174208
182683
193280
180361
210885
178367
175298
176324
181357
189196
198999
187156
193570
189092
195674
188433
210287
184825
202540
188986
181672
171929
192389
198412
205138
197577
192879
180586
193517
194016
176194
182028
194937
188814
195611
192004
195622
178015
183352
193697
176918
178395
184496
206285
196816
199089
179616
183433
181408
175814
200840
184981
194266
187606
200500
181281
198359
177413
201520
196289
197653
180769
190136
177761
186256
190324
177698
179527
211366
177683
202875
195788
198861
186261
188774
194642
188069
195219
188136
188172
178201
187563
190021
194856
196283
195880
198226
188699
198045
182376
193296
187358
193290
187946
195621
188083
195753
185293
201221
192013
193237
176434
224486
181214
192858
187147
185576
202340
189364
194557
177327
196777
184304
200870
188595
207572
205135
200083
190949
195013
179048
187895
202894
191202
193691
191628
195834
180822
199861
184254
201210
188254
203244
188760
204290
184086
186921
213720
194430
191267
188538
193724
184088
189457
178640
184814
198556
188045
192801
193125
178261
197205
190417
192849
186853
207084
186277
209852
177101
186559
184699
210330
193239
203020
191632
210800
175417
182513
196321
194001
199790
198418
200707
176061
199601
180516
185144
188862
203309
190902
199438
181864
193765
187427
193451
180309
176576
177504
173088
188178
188438
190427
202290
205669
182820
190246
193263
201878
194688
188409
188727
189196
197996
196348
193383
186277
204596
186568
201970
196468
190114
186180
195760
188729
193285
173051
204304
189145
182541
196575
181215
183183
194972
180193
196102
184681
192198
178411
176498
173314
200491
184546
192382
177473
198587
184010
208323
181990
194789
205740
187765
183261
179192
186243
180949
184783
193918
178452
192699
182642
203829
186614
205820
184269
201697
200253
206244
197994
208647
197891
208222
183212
173603
190969
182728
182654
200107
187560
198847
182744
188794
176814
183493
198206
195541
202872
187170
216884
188375
192634
204322
184805
189895
197433
191596
204560
188779
197444
189506
200879
179438
195269
202871
188221
202723
195408
199550
210974
190147
195590
195002
189365
208013
203449
205177
190175
193671
178181
180501
186786
177512
197588
188581
192968
178489
182281
186218
206099
187711
195183
186139
185287
186640
194019
188714
201925
190677
192763
186636
182935
190455
186357
196770
193813
202417
190208
191117
191229
202922
184004
186862
204696
188091
186748
194174
196541
206569
197967
187256
190463
190277
191481
191703
194328
189436
192236
190248
188340
202028
190662
200143
196000
188234
198971
181506
186346
171750
200595
189312
181549
191621
205377
186726
202854
186607
180420
181243
186399
182974
194680
187847
198622
186574
194046
186051
192913
206673
191850
190623
199499
186991
202730
189433
190649
181825
202757
187944
200528
185668
187621
201377
177386
195670
186559
192195
196377
186302
197579
190212
188494
204166
190164
207003
185822
198962
192271
191830
186059
209066
194805
195275
194441
193599
185248
206712
186232
191931
188714
191676
195780
189861
189117
192423
182060
192637
193621
186461
208688
194339
194311
189111
189591
182968
187786
199319
190943
192596
190535
201222
184561
208560
192148
192285
203920
206422
193939
192614
179879
184811
193621
176414
187979
191163
177589
186014
205037
198972
187466
202986
187748
203325
199731
218717
187176
203524
192895
199592
186346
203896
175907
198343
194610
202245
188174
217705
195429
191068
198885
187756
193185
194686
199995
192239
181382
192475
196956
179889
200180
208897
192261
202561
198000
197994
198988
206862
183090
190185
193971
197838
183081
188626
191001
186138
203468
188578
204039
197939
186825
188127
189582
191355
186208
176115
184158
206169
182181
183377
206662
188444
195249
195994
180290
184135
185299
194981
192813
218107
188915
183011
190067
186105
206459
211447
179190
187097
188248
189850
208014
192143
196867
198553
188057
190210
190039
180328
174579
189543
193751
195626
182020
187429
197387
188046
179187
174806
193475
187709
203583
186375
192237
183081
201601
189704
191738
190134
199450
192962
185139
190121
182849
198191
183386
193648
188869
212877
178966
176967
218991
178141
174797
204001
183719
175861
196327
186893
182342
173370
194172
187243
179582
178357
190881
180366
181312
196429
189179
193293
178875
185560
190152
184467
174824
183186
195272
187362
192022
196256
186009
199351
187817
196209
179372
181405
183130
199246
188919
201371
198309
181370
193829
183328
191983
182809
194759
180109
205027
179666
184359
194571
192634
201443
190701
208478
185249
199697
181891
174854
197074
187799
203564
178176
184258
172964
215681
189253
201594
196244
202771
185843
179607
182655
185442
207814
189877
200504
187138
196587
187824
197900
191360
206145
178878
185221
212457
191779
190925
197578
189416
192420
192782
190954
202870
195071
177988
188426
191723
188012
193686
192697
202765
187867
195558
187183
198624
188140
192014
199672
196841
190173
194400
193474
184318
196295
193430
234694
177268
182252
192458
182305
183199
198572
188004
203834
207970
182683
195024
197266
194299
185542
176390
183502
228776
185614
203486
183917
201092
188078
196068
190019
204302
197947
193264
197713
201359
193777
186647
190393
192708
195229
191728
192406
189066
190961
191880
201551
190061
179557
222517
193736
188561
198703
188211
191414
190431
193895
185958
191472
188163
192418
193762
202139
183694
194724
185534
185003
192551
180190
173791
197955
184665
187109
195944
187438
201622
206656
181894
196060
202919
193369
193414
188262
200679
189889
204210
181050
187732
192024
179473
174362
182505
197745
188787
193961
177821
187126
193516
186598
192777
193347
192478
188313
191813
188566
197262
192874
192254
187394
212431
189516
194671
188347
194405
188579
190051
181913
191288
202154
199226
188694
206338
195775
186268
188968
196821
187227
189696
197706
190247
193668
180212
212727
189072
202803
197829
190729
185347
193978
202515
190581
199449
190852
187743
190539
202437
192608
186843
205686
189762
185275
182963
215787
197304
183594
183359
183830
183507
192418
189567
191735
199289
190736
180128
203432
195508
189991
177331
188817
203534
193952
198588
188271
200313
188884
196467
186380
191907
174833
185849
207323
190392
177191
196325
194345
193403
184603
195393
190014
179031
180934
187428
205790
177933
175135
184398
206818
181204
175075
183967
205401
191565
192738
179524
180918
186214
193030
193298
189516
193111
181471
193265
202838
182979
193269
184840
181841
174882
190107
177672
201498
191151
187692
194904
187330
186822
188170
201083
188966
190496
191482
193292
177226
187152
198036
188206
187751
186919
181885
182550
193448
194649
183899
188194
181128
183891
197622
187172
181498
174154
188284
198883
203487
204414
188872
232274
269249
197390
196424
205033
192580
199363
184517
182294
204314
182257
201177
204309
186226
186832
173931
172060
193297
180909
201228
188555
210950
189734
199850
192525
187096
189737
188339
194651
192876
194136
194890
191545
175425
203890
191821
192636
197907
195987
186638
195551
202676
189641
228709
188792
195642
180967
208838
189425
193727
182689
203121
188208
208686
190619
200482
180073
191461
187021
197740
191071
201636
185628
188982
187170
197089
180306
189551
185708
200691
178746
190673
205866
182019
211438
187109
203745
187441
192830
188321
179027
179018
188766
204936
186621
202604
189923
187949
188779
195135
188076
192268
168736
191662
206006
201827
202492
198204
203747
199366
191827
193062
187979
188261
200695
198070
179106
188165
191640
181363
203666
186619
192384
178426
187172
182844
210163
181440
210152
194399
194800
179260
185867
188107
206143
179576
182678
197035
181556
208467
173762
188713
176382
168595
186057
172526
197611
179524
172334
185447
174487
204341
176483
173729
183805
186993
187568
196085
180151
181906
168886
191428
179021
185699
179027
209626
188585
179536
201050
179380
177993
189889
191345
187323
185745
189667
172463
193394
184993
198770
175604
193196
197682
192970
182747
195510
182305
170939
200892
177446
186072
194623
197421
201665
175451
177684
189085
191645
200023
187772
191233
188549
193818
299354
194750
198568
192235
193294
179107
165812
198708
179619
189209
184530
179476
191802
190223
187276
198830
187381
170981
190409
191107
173693
169469
180727
193060
169222
194375
189789
193115
182262
190786
192182
189613
189570
187851
179717
181749
200801
188048
187527
193239
189472
187103
198126
182316
181944
203638
184315
204352
177040
199706
183832
191218
195515
175320
199260
182109
210927
187678
204608
192133
198413
178423
189446
174779
237643
175118
170339
200979
183582
187005
184341
182526
174430
183356
179206
190963
196446
183262
198095
183268
191508
174185
180134
177706
183689
191451
188899
181214
171764
194350
193665
188697
181951
194665
189314
185941
185827
187372
177870
188242
182346
186344
188103
189786
190251
199633
171957
170613
192391
184731
198283
175625
191564
169674
192937
182483
187316
189687
186953
192635
191906
181414
188339
181721
180377
204447
177553
180082
180807
186957
188963
173032
180003
205478
179561
204027
190615
201095
184781
190722
188182
194630
191286
191427
192258
179231
186431
200825
184761
207557
192905
178395
190853
199251
191279
177480
207451
179696
188659
190569
188301
184552
180341
169900
201131
173664
204409
189755
178981
197573
194636
199074
173907
195942
189886
179614
203132
183494
199338
179690
191315
178541
189433
205907
186112
181859
169684
192193
174899
173557
189031
185605
195142
195613
172638
190071
184388
188425
174811
175298
185473
180273
180645
187067
190365
188419
183582
199590
184306
185551
193008
192574
189835
209307
177595
183234
196109
172128
180336
184404
182835
175949
175365
189376
188284
173236
190008
186031
175419
192308
187592
178347
202739
203508
193734
180860
191129
193146
185690
170717
204378
187033
184396
176757
214753
188754
178881
171755
184472
190782
188064
169498
198733
185293
182607
175906
189211
181680
181716
189008
182113
192463
192368
188229
186358
193176
189165
192842
179283
177693
186263
177833
178598
182425
180297
192009
200862
192854
206347
182959
198224
186851
189752
188803
194019
177372
181995
180350
186469
180446
195026
183066
185664
188830
195829
228476
183010
192310
183791
189068
184641
181399
169183
198857
196413
190406
188467
199287
184748
171534
208198
181618
183923
182820
169561
182550
187975
171825
187822
186534
188074
201086
194058
180453
180661
190506
189005
192094
185288
177604
190393
183975
196969
180556
186639
184017
190200
181933
195516
192563
187039
188728
182932
185848
176123
183316
179287
174265
196012
182100
181394
193162
191358
198845
187008
208484
191214
180973
175439
193346
188656
179528
201065
188881
184353
187046
180069
188475
170229
179084
177000
203297
185673
189928
179783
188778
184157
184843
184656
180580
180748
173375
181421
192990
184698
203694
184153
178449
204170
182810
186243
189355
184532
200795
185686
179562
177528
179645
192863
192613
187645
195856
183337
190365
186724
193882
244096
194212
194657
180629
186285
181654
185792
184923
204521
210585
206809
183086
206777
185998
181639
183124
188633
207762
198010
196350
192958
206568
192512
203729
192445
184880
199784
193528
180849
179622
195867
192696
192555
189144
195119
194937
196420
187380
204538
180217
187980
196555
182763
215718
198593
190020
197477
182137
189506
190199
195353
199398
191717
185133
181964
204828
192630
194628
192405
197037
220836
187786
182224
185269
182504
205765
183383
197415
186144
189789
198417
180829
186625
193573
191474
188274
204393
187282
195133
185031
197688
184760
182890
192018
174767
185250
205079
179373
176172
192531
195518
182592
195486
178751
198556
196332
189758
202384
193066
201213
191609
189072
194822
484986
220058
202881
204070
194686
196838
192628
190848
199059
209196
200809
196939
185937
207810
191513
203464
204391
206773
184391
192005
183942
189959
195851
189632
197803
187201
199437
195549
183891
181570
181822
199991
186737
197114
193196
203051
193885
197490
195174
193524
194990
195259
186803
191803
184119
183997
177744
198837
231284
180088
187566
185113
177261
199160
186005
185369
204847
192181
210573
189101
196633
191406
198129
190225
195693
188767
192540
196972
202655
191483
194440
192344
208165
180848
198865
193357
194524
188167
185706
187571
198530
185808
177558
175793
187149
206876
180798
187911
197469
182055
196728
186250
198942
183677
201725
190020
191723
196879
181637
187941
180175
180202
192948
184552
181084
203714
189771
200699
190060
197310
193369
191031
193807
181929
188413
199322
187729
195856
190267
194463
181103
191776
210163
188414
199969
183507
197411
192537
203846
184306
194000
194714
191492
212490
191792
208349
204523
197319
193627
193139
185561
177287
206054
190453
204556
179445
182687
208808
188769
205097
201000
183405
199150
200535
190058
193150
189967
198937
180535
191764
198644
185322
173809
183862
191402
189312
181976
212495
197469
186919
193562
190538
351340
198282
185849
181919
189970
186546
178153
186460
195157
181248
178627
194311
195029
191461
182467
182114
195670
186388
189444
204290
180816
197142
179861
195668
184383
196127
184193
204580
184771
203850
179866
196947
181913
187847
178458
180540
192968
185916
193177
184885
194416
183677
175427
175402
184863
195259
197231
186239
179522
190838
195738
188866
194150
180345
188016
191724
184601
184791
178500
194975
175560
187632
195991
189037
181813
194140
193894
200802
175815
196097
189741
194189
199400
182136
177508
189957
169703
179785
194596
181194
173878
181864
201568
188199
203276
189062
193471
192218
189828
183203
190265
212691
192909
185999
187740
192376
203744
186919
207932
178475
183584
180736
181475
184578
193260
214034
190542
189550
208628
181490
179036
173706
185952
188403
194338
177244
198150
184760
195126
188333
196478
181793
230730
187025
193509
190961
2301304
178016
185702
195238
191423
203874
187074
193655
191344
199695
182270
183354
185705
207012
192747
186364
191975
183026
184592
180375
195551
196886
195583
181043
176028
184770
186249
179698
196157
186466
180805
174157
193084
179923
177089
201828
180451
194517
185239
196531
188644
181912
186373
179379
200875
181141
182390
201236
188960
192203
187257
172656
195194
178027
195487
195264
206889
179931
182083
195092
179288
201675
177532
191154
204341
196553
200246
186236
200017
180113
181974
173652
202577
184951
198900
191770
202562
183652
188269
189757
193137
186173
200539
185156
172875
178562
173843
187320
183159
213774
191776
198409
190020
204688
191130
181180
190841
187791
206200
196978
196171
182798
233740
183798
192952
180151
207981
184553
196046
184617
193500
183601
177311
198130
187120
200982
187576
195463
181269
192634
194318
191755
178374
194755
188985
209300
184706
193798
188654
200835
194708
208619
204530
182795
199575
184314
188234
201303
186905
194180
207695
190830
199762
186129
204134
180774
180279
178029
206561
191563
204354
187046
192603
180493
183686
186305
185840
203859
179254
175849
203981
181808
195597
190210
177139
188171
197239
183930
193955
176507
182967
185118
201918
191080
189164
200017
180501
210038
190213
197310
188396
185892
202842
180194
178379
206962
182340
192630
189073
208833
191320
188257
201941
185278
191790
198122
203622
179731
184330
194212
179433
195446
185441
175839
180937
174303
187024
188824
195010
192153
187759
200957
177444
189532
181334
170267
195159
177986
192853
185427
211117
184178
180274
186964
190662
179782
187113
181608
202872
179750
176786
186176
236570
184774
188987
178950
197671
179100
188147
183742
193875
194908
207313
178423
204068
186313
213176
192744
178642
230273
183968
191276
181779
193711
179634
184333
199283
188562
203782
181844
194135
194918
190623
192715
185344
178931
180378
196644
204733
191969
174844
204482
183810
178927
186339
199818
177786
180421
181800
196411
186249
206284
177389
198424
179097
173740
197037
183459
200432
178396
172408
176279
202932
191404
205622
185111
199020
178267
180382
182705
195283
180130
184960
193002
181986
180862
196692
187083
197686
193724
191833
193861
187839
177850
182503
195632
182285
230391
185863
192633
183094
174827
192379
174411
193976
192033
204692
189686
194349
185126
195950
178810
182998
189325
228616
192930
195199
197276
187131
192632
182179
176283
186032
177994
191158
170480
196654
185592
185607
193225
182999
217951
193179
198246
186664
192047
195306
181428
186410
195953
198215
182006
193017
180899
193105
188659
181016
199500
200536
196805
189303
194858
195571
203355
186745
183446
192373
193850
192699
189466
195923
177721
190541
198859
191449
203656
188925
194654
185337
179488
179183
176709
179064
173917
205332
177820
197682
177824
209690
187522
200818
191196
202522
181985
169714
195164
194474
193789
183093
182443
188285
178868
201407
189950
193789
179846
183139
183503
200677
