941340559
281666
178481
219234
178305
183488
209491
203965
205328
187611
225845
192029
184279
201918
227774
230236
171122
252479
172268
243274
254169
218534
180850
235965
217144
177426
229703
243803
204451
202054
203933
177823
188976
181516
184931
238132
189841
162589
160928
209529
267218
206937
261075
202009
169681
201840
254151
234372
178826
193987
198775
261004
239860
233451
194436
253042
220008
221428
292058
279792
204251
211116
171165
193298
193075
185765
211402
202799
208476
209486
186980
196599
185889
195474
172258
174548
191220
228353
191768
175790
214189
174343
196804
201645
187123
208921
202370
170519
195264
184448
195689
181862
206352
176963
183142
158323
186246
249076
210640
188196
209641
168460
191318
168684
176258
186360
216214
170138
296547
169934
234789
232229
231535
189693
164513
198482
192890
173402
184604
196461
166082
183886
160334
223271
192222
199720
196806
206152
223147
180785
195971
187925
204643
180004
179563
189930
178740
208080
182689
193559
204485
190337
173416
200911
184149
194647
167278
199889
178889
172912
181151
176289
190720
198423
192125
192460
176469
178047
171325
233277
194744
187527
209455
212501
188460
169185
212122
186764
178600
186145
199686
197947
194887
183355
183856
194825
180031
192426
171618
207872
203581
190617
179188
207835
176250
181112
203110
190609
191457
193027
196529
179145
187303
173712
177683
191663
179404
10753565
8633505
6563159
4477103
5742350
3668667
1544072
1247432
681087
210584
199474
200310
213703
204172
185486
195084
199005
193113
193280
178578
179286
169350
210469
216571
198936
208729
180714
184910
225096
197444
201924
201697
182661
183373
181266
201664
183712
179739
176882
204788
177416
183229
180643
202665
208569
189257
199846
202396
190924
197656
205900
234112
203028
180350
185178
196689
194174
212563
220115
201976
187662
179801
209979
203560
201328
199209
197058
192577
184451
182831
181178
211048
205721
197671
172225
180844
191945
188526
170131
189451
203899
204768
169788
166561
192191
178485
177895
174569
182592
186703
243079
230946
212481
213382
248096
210957
225650
200007
196848
192115
230819
196008
175933
224794
179217
215763
221847
211523
179231
166484
186689
207341
201317
192559
209065
200244
189753
193137
203136
190201
181548
231290
207846
181171
205430
213375
183982
213678
188446
221706
215326
206393
181496
223772
180123
205796
202318
210938
193109
219076
186091
177545
226445
192660
189294
218751
195619
196189
220017
187281
172426
180888
226198
181197
186176
186524
181035
195185
205467
191493
221630
202505
245714
192363
211844
229415
196344
219522
216526
182928
191627
183904
184931
168082
191018
184167
206798
181990
187021
194538
203836
221069
191410
209966
183857
223763
190560
182451
214339
188445
186977
202460
173139
185673
185265
177255
170117
168412
191069
191918
225482
187519
170455
197924
214936
213104
194718
196336
172871
196730
182560
209650
185936
176331
216349
181656
197608
194152
221717
186165
186769
169002
213137
184048
171222
215925
176939
175615
191785
195938
213274
175455
184327
176957
236336
199141
186603
190314
213722
179895
194228
207077
179720
197238
234544
204123
202934
238931
176521
200100
193277
212881
233602
349247
254359
244971
205414
215398
301207
198473
255039
203369
182946
176362
241249
183215
192332
190258
184761
235751
203869
195609
195580
182390
369167
298473
206708
215318
237256
174052
179191
271352
208046
303855
249472
239362
215745
190443
192191
196738
182520
182226
169984
221577
178776
201224
171745
194303
205989
184415
181151
178539
183063
223964
193423
195722
188994
208872
186922
202578
195697
248250
255694
302081
193766
225616
214644
202081
183572
219219
222084
241637
190615
205576
204209
206938
226856
204383
208435
189355
173283
174634
277568
196580
199801
217513
210353
192016
194122
203664
198051
209742
223008
242024
219436
217671
212976
251831
169928
245106
229124
200227
266618
203000
186231
200378
202531
187584
221019
222017
187834
189898
211846
203924
201989
219013
188310
225458
216983
188162
299658
212967
230560
253207
198158
197746
244101
225339
231900
174042
212008
206696
172532
190363
182707
188345
232171
278835
188088
187871
214673
189164
193017
189589
290230
199267
183423
229563
240979
199867
239104
184306
235428
163975
183805
241924
179291
253523
182241
241731
178856
204697
232566
236959
188286
186416
198630
204352
189569
201949
270419
293225
318312
228980
215990
248976
276679
235075
185475
210223
201395
201633
234666
197737
248407
212928
206436
228436
227984
218238
213042
177212
237121
239890
232997
270181
178021
291077
280044
182811
268262
198617
209008
244555
212407
210238
233979
246915
231362
300571
191619
240084
183920
250088
216883
295319
289095
313331
306560
292122
293260
198685
235508
292010
224136
262627
205963
228737
262570
245729
194826
293512
300696
249607
223075
255737
224265
265308
313039
216159
210819
300603
285905
333531
187546
337486
11515949
9381134
7351107
5364738
3249517
4519204
2385745
728286
369543
390972
194401
196281
209911
217096
220651
203153
277454
214551
197279
186261
300968
321196
244624
183090
200612
275355
320681
362060
205734
253780
198600
199607
208016
242539
266626
279635
304563
323246
192900
242381
202999
262446
184591
184101
208478
205441
193288
184768
193028
190273
194713
201922
248731
212346
189157
193413
195002
247792
299173
224297
185636
392378
202440
288609
429447
198112
194152
202635
306611
215436
249236
202682
251111
179135
200286
170414
207992
194193
189105
498516
490828
191664
194615
180635
186260
173707
270683
201007
443752
198749
276276
369886
263860
282287
312187
399281
419295
356487
420624
223105
446250
455695
235166
180420
435068
402525
368563
278930
262581
327520
351260
348794
393961
350175
334890
202046
447102
321523
296395
258587
211846
326599
275711
291547
332680
226499
251024
205530
447816
205190
257293
179600
266537
277436
432305
218963
379486
421803
385434
225728
391848
208111
382122
308808
329497
385312
235124
492233
180166
172727
356819
434323
342191
326421
317204
316664
177728
205992
201097
175215
234683
275010
260904
214465
195871
189751
298999
414951
193493
407036
188428
183654
424461
205542
206709
366362
189968
241088
244935
197681
197074
171987
389744
186896
193457
182277
192840
193740
169267
207869
206708
169134
288828
197120
247367
202283
200964
252901
205509
207193
246281
171548
343020
241585
179928
226011
222385
226153
186039
197495
196863
192327
167016
175068
219670
187030
285346
173214
224670
223912
189920
194754
171070
206938
192249
182430
254221
245288
384147
201272
188288
212620
187603
211694
242136
173875
192338
242187
185814
232612
256525
192635
193330
176423
179755
176913
206533
202289
275649
286230
202066
187603
183872
182967
171809
199637
172425
192869
189199
183525
176099
207204
192496
193573
190192
200947
183485
179693
179062
184549
179740
214969
191723
187325
171475
232167
188245
205736
205522
205084
164509
192106
218066
186771
195783
197649
200847
181596
183904
197669
233570
182740
175535
173985
191492
216719
203906
190325
216166
198609
211715
199872
171953
194824
180009
172342
177063
207462
241841
190758
187749
206471
212960
197939
214241
219484
203899
208656
202690
191951
193306
251553
244444
303281
224476
214317
254483
198331
193179
233451
199769
266247
209263
203484
200299
228784
241122
199685
233689
191674
192663
181062
195526
185674
189836
172859
190283
251617
204765
227429
168714
171048
208155
219699
201983
193328
222237
192739
220351
188248
231060
270033
201983
258791
241725
203525
227870
213852
241050
237079
211550
270977
304444
295322
191878
208365
270484
215726
187651
213361
188428
174856
246727
187616
171073
174524
245294
205490
203118
231197
161142
260427
189592
191299
228346
245540
241129
290371
166945
241541
162725
307093
223842
213175
168635
179494
198774
188281
335925
315488
342644
201087
290351
315724
305904
259254
315187
226543
349426
186886
172940
210107
200123
208589
245298
326389
195132
307827
296153
219222
174855
199855
187265
193761
178082
207195
200008
205227
201240
194259
183486
231928
224312
206527
202683
192026
180321
197190
203962
186226
193346
189492
175306
191652
208554
248018
204911
217546
205234
183794
197506
184229
199127
174283
196147
203281
228344
197111
171077
201631
180241
254398
239375
227679
326925
221032
210118
286574
263703
309257
209314
219622
291393
312861
196642
295042
243739
255418
233124
316519
243406
247896
202607
277137
211316
173998
295273
304799
308696
343222
299431
333550
283523
291996
295539
174689
290853
238640
316961
10457764
8337202
6282992
4213240
2082378
2845429
759437
655489
195794
454738
489097
371782
207010
159546
232992
200551
252637
190400
244363
222955
258769
319175
175145
254477
201229
234152
207859
239562
281286
184655
292445
195045
227625
324804
377021
274174
365917
270259
214105
231346
249009
235336
196070
256793
208809
215429
306392
231750
236765
294718
215894
279321
205204
253134
187863
238520
181766
264000
239737
201169
194638
290971
190900
215582
233210
271187
260145
233265
271095
282455
190555
308424
184824
314285
203871
264817
252881
322152
291727
171062
253769
285993
249331
206124
276743
322326
237031
249842
209218
274715
235751
293210
261171
280314
312243
363925
332001
239536
195829
330930
309528
318614
202929
233582
355052
314999
246987
300022
258036
313246
206024
355192
357740
229405
210090
168363
289953
334094
326236
242442
328070
191750
295815
270204
198765
298641
243029
172076
335948
291328
228786
212269
221707
299659
353820
269192
230845
213779
195919
212639
366017
289444
211117
282882
243991
257378
240451
290880
280886
192784
239296
307934
259250
307996
275768
240392
242414
253055
244044
232069
187174
212066
270372
213709
281724
288215
260363
201890
332326
207136
286613
274646
328549
374208
211416
354583
232263
391169
194934
200638
371594
274816
223634
352994
302388
329850
252595
206041
216955
247852
246499
190400
216461
246644
239867
183073
262062
340546
238894
235035
316367
264995
346941
323271
196129
252414
168449
244456
202408
284133
198174
198948
247525
193395
188804
199186
255970
311381
257111
258420
241132
247802
199851
229068
186609
178084
180303
254205
194540
173537
183712
188828
199697
265257
181468
199024
193844
185247
259218
319399
198571
224014
234379
186704
211142
193242
251672
181667
254279
225263
283028
227223
211653
243855
293501
245048
195749
223678
176256
223065
179468
168379
199686
185153
210518
188632
201813
200274
240119
209132
240454
166518
203731
177677
239333
197155
187663
241680
205963
187555
193330
173074
196797
188026
184960
199637
195123
185897
202273
191697
335475
197345
195546
187154
177347
189704
204621
212421
219592
191297
220549
219788
173932
177240
197340
198916
191692
185616
197296
183471
273889
198764
208646
179916
215721
190979
213803
200642
217504
194908
259293
205668
201800
201633
201985
192759
168170
210437
165161
205163
216468
187035
183414
223380
236378
192975
183536
178744
174562
212066
227312
198357
192296
213695
189151
205984
192300
188741
196045
210154
183947
189310
189396
214155
272314
224303
210275
237790
189488
211324
187935
208734
206896
259294
217311
179789
210055
252083
220815
202679
237832
216463
255946
191451
184202
192945
203265
210609
203733
208504
230506
205513
218705
206396
169561
196346
205129
178101
198456
177104
200271
196720
229020
199264
217609
197013
185617
194178
207396
212971
175372
224756
236611
186236
193470
199939
195276
219357
195523
227919
214207
243829
202958
201667
187286
227798
196448
195638
193192
379557
196223
181471
200607
193353
209794
181357
203033
180213
288432
182744
212149
201516
203383
187062
197738
204115
185160
181601
193980
193061
217498
192615
188768
186096
199766
236699
192258
183548
192094
178372
199020
211134
175746
195193
204547
180766
170646
207283
216365
226241
189973
215501
205843
184957
190606
203658
192769
192887
189547
201507
198812
190451
196788
177622
207869
203846
217844
190589
221670
177011
198676
179311
190716
190376
207629
193561
189557
201239
205543
186133
197609
196985
256905
187477
182589
207450
198179
201304
193737
184521
214537
201017
195505
208242
207311
205434
207065
182954
223341
11694637
9572040
7519866
5443123
3320972
1264776
2851740
785592
746983
371086
356132
453623
358955
188311
214294
217110
201685
200297
193935
202011
196043
219935
195071
210046
200823
233897
213679
185869
235075
201252
213004
219202
189110
194183
197164
189335
203719
188138
214936
183554
197924
172016
194947
197978
205819
199290
202607
204618
186801
193441
199259
191725
197575
189762
201718
194957
218241
192269
201335
183492
212128
201492
200846
204445
198137
199096
195425
190317
194737
204064
207150
206493
192280
194325
199812
174726
208100
190322
195505
217780
200772
181159
205028
215681
196901
227034
167710
205572
173478
192833
199836
193918
186429
203991
194831
199483
179738
195084
198178
196356
198352
185344
196452
232920
230705
224616
191975
198474
203454
177881
205835
219527
180198
204817
193138
195840
196221
207329
204573
202894
198058
186302
195358
202055
197574
174017
201222
188767
197671
191135
192729
180677
191478
193806
204176
184668
179208
196205
203908
194681
177576
297170
288104
281492
246778
195646
188411
216686
202225
198901
186344
203087
204604
214424
192657
182866
207201
206285
210427
209521
190392
248184
178150
227284
177162
188370
191855
195358
201877
211587
221872
191625
194689
179441
199542
191924
216762
245520
200425
197554
192742
225953
203464
233738
219219
314897
191548
221430
269460
228688
178767
226364
205717
195581
197857
204081
186345
196727
195878
227313
390460
192281
187898
198906
280918
192015
194362
201063
211744
216185
185566
191151
182071
202599
204687
238003
215062
216977
215564
183671
199309
249144
187253
210263
248468
213844
233018
319224
219400
206970
207417
218906
189896
339176
415400
199973
197800
202722
265653
197645
258974
347337
339399
335568
195267
226452
238045
223306
290881
230234
321153
193918
194893
198007
224991
190687
177507
326923
351313
315248
193200
347056
259015
192889
347675
357903
322650
232412
333318
193612
412647
187266
187720
280488
388565
190257
365454
284136
303940
189366
265384
198914
263166
199577
209363
207660
236024
318417
301399
268713
306096
288410
179235
223146
330784
316188
273613
306073
296376
203501
191750
280989
308267
246499
330916
460178
359801
317775
424661
335627
336531
310413
1882884
185114
197616
179407
221204
203813
226715
205818
196388
215415
188113
239887
195427
270921
209632
201671
198949
198807
193501
187556
199460
196450
230963
196705
216108
221727
203609
287654
216153
209115
209450
183344
204708
217951
208064
231830
187666
193535
202522
180030
204114
201859
242480
208810
206023
236217
227982
209730
215103
218658
226842
216616
207516
180215
174915
199424
209425
226250
210966
239872
262281
208082
211833
176232
189923
206486
232517
191436
388073
256224
208197
204080
215444
178486
194327
201971
237411
222984
233855
204801
201024
207195
201465
224887
188783
208059
207376
197809
192524
186126
221740
196653
199837
189739
306900
197399
232784
220838
209739
180209
189410
188646
212416
191100
227114
203425
201626
184942
196817
195303
185143
188343
192053
187558
201846
187621
194882
204884
204635
198314
197163
185291
185902
186227
193938
192085
207604
188780
235714
301722
192694
214026
209609
184539
236189
206443
189052
211972
181555
206088
177416
219899
178236
206371
209629
282976
226003
196889
214186
247365
197125
275816
234794
230471
274139
226775
267318
208523
301732
255189
291444
273093
197976
248493
269933
178087
219422
275747
207823
201513
254592
249250
214890
196897
246067
220154
197477
201156
219899
215117
225130
200673
233642
268740
238018
225989
213638
201549
176857
221229
253434
249359
207132
273164
257590
252833
220837
2185046
6888957
4834191
2716991
685611
3078656
1034577
1123797
213163
316671
222642
301894
231642
291469
214571
247355
196099
239371
199452
179711
210793
210192
203851
219062
178975
247308
189803
192450
194672
238528
202995
240888
218843
213560
202699
252762
224947
191857
201776
220310
192234
260172
232718
208548
203937
186497
240261
204755
230485
194642
214507
209457
191761
165169
225158
185767
214153
216095
185670
239784
277967
196712
224796
242577
205669
198230
178871
197302
264199
179484
242479
227600
200086
194270
194754
213770
183683
200514
228434
218033
193283
204992
191443
219432
193004
259717
213402
206009
217704
246784
200352
210563
215414
222832
214691
189280
212772
220428
257545
190672
203880
260772
197437
234956
194675
188497
184458
238876
191165
193671
200166
190456
217906
193626
192683
275184
184863
194942
196002
197320
182139
206396
202509
184752
183208
183548
193018
195202
218033
221869
183210
186477
202905
180625
216376
224972
232443
194571
237643
180414
249269
183725
234892
272333
209709
257185
195356
200941
293352
234531
212189
233263
209646
209707
256846
258995
257568
219438
227539
173154
207190
281592
320687
210536
307809
302204
283320
232921
318562
270280
244203
300183
218448
277650
332843
319175
313134
273806
381787
252083
357465
331308
289793
181804
240105
280345
260040
254844
325959
188455
222394
197543
242325
336891
205643
301279
315103
184601
241578
230817
238404
222797
256791
379857
256325
207688
207604
234311
303231
339112
324330
303040
318894
326012
256080
356513
234734
335283
328353
185738
361549
310377
378327
204622
270422
392641
393885
344326
313065
184109
348399
239475
429099
188335
349719
316455
358914
182548
212543
295979
337312
352503
383872
234478
264139
461544
316529
341126
432035
332129
201709
399901
384471
287606
207237
245497
363934
413970
307027
250057
187887
219311
257734
249275
231457
352353
268189
218330
236113
204428
188020
227501
374160
330387
254226
242022
296486
305732
221505
216550
252066
268711
264077
397078
223210
340948
268770
394001
176518
376306
344924
310791
263959
231017
372106
309938
281965
364262
315408
328328
306099
370805
235363
255889
344352
259282
380486
258450
324515
363382
323965
373692
220590
300062
198962
339071
294659
179808
351400
365465
348669
299438
315627
229453
261684
320655
438409
265939
224227
346353
196084
396478
195803
307335
232219
332608
217793
301124
235966
305436
343564
181825
219693
222241
200094
191512
199843
189473
296246
196542
320913
238182
252488
263932
312615
272355
181038
220930
200939
232532
227260
252117
216331
290314
266532
204781
200443
195732
208275
211667
204288
183448
189813
198761
213112
197573
196336
198891
209177
225290
200076
210838
211908
210941
213415
192575
201094
204399
210173
214075
194839
243521
250300
195925
241052
284231
335458
293334
188148
400418
202111
216186
342597
183583
251510
237342
395563
285414
244211
225912
217292
347439
363561
325074
340320
242167
303839
212228
245644
305774
331563
404913
299038
221486
312695
325491
188592
227420
299756
230587
180406
250837
184645
173806
238454
283399
203775
211359
208645
234191
310592
213957
271513
212395
216471
299663
260870
193083
278246
324646
243666
253477
190290
196518
260903
267411
236768
197345
218403
210650
262753
202996
288500
230677
186465
335726
170503
298817
192629
287696
177864
297823
189869
286476
231959
228595
277606
265066
274670
265825
274342
271414
281947
225545
221605
259927
216678
313496
205052
283820
218378
216404
214559
206005
205892
221377
226210
302286
184637
190601
214976
244287
203206
212573
189899
185341
189033
217846
184476
178805
11429307
9311527
8272532
6225767
4230646
3576829
1460016
774337
424982
188603
383807
190268
186840
185762
198678
197814
204274
199628
189104
196841
198972
184457
198334
216858
212187
189361
196083
265698
192179
206911
230974
202362
211012
194014
358365
202950
196855
213723
199920
314503
196831
228280
201907
197551
235645
202345
215825
317969
210376
209098
197352
189535
275598
258478
293187
231236
213688
262654
233082
222712
242384
224877
198234
213229
191421
256809
204834
268270
188571
217158
185977
226009
197060
257855
204496
264753
200358
297065
219942
234521
274350
222482
270080
247301
189122
277661
201017
298558
259868
195522
229835
185943
241413
282819
204404
254222
194369
234468
236777
217014
319171
282094
189626
222515
301286
309698
458788
220758
301334
359171
336908
260164
193517
346646
222310
302502
303611
306955
326982
332538
196421
325045
317393
239208
374516
291395
353098
292809
298305
302883
305847
298941
233275
324924
301187
368212
341168
234998
214072
319382
304316
266319
217107
248572
209661
258996
199575
293868
289868
281493
191067
212612
276377
259352
213345
235711
247137
310832
268446
225348
247518
189452
222653
209022
242656
211117
236247
228072
205414
206741
215211
206221
238981
201740
229786
198534
200140
209230
209832
219046
197212
210031
212956
228875
196604
187514
185651
199879
189471
199052
182036
188160
187589
205192
224998
204379
224035
204033
190730
197746
222334
182735
194293
198532
211340
198360
207437
199745
204186
200607
207740
214280
191010
179543
183919
181778
194615
228371
187048
216106
194438
189965
196310
199112
220187
191567
217910
195636
192201
183581
190816
188863
198209
204361
194198
203717
215825
175990
190755
200159
192671
199903
208405
192397
195170
196253
206007
183893
199728
189767
191541
198190
195748
182899
191460
199902
213369
199238
192831
194567
205831
193617
231462
195023
221732
211332
184511
207039
210516
177037
198821
216280
183145
191526
192268
190445
207611
193571
193409
181871
188570
196644
192830
194990
196191
190158
188975
190010
222084
193948
188307
200343
193632
195107
193194
216890
200458
199826
197338
207431
208359
223548
204374
193338
359444
200828
213627
209504
204374
229816
199716
201183
205173
205487
248514
230938
219937
274048
187225
205560
191567
278503
188805
249958
241277
213856
196254
275954
233526
211342
230693
235522
222189
222712
213054
252230
195082
224274
214035
182137
204300
192614
247339
222993
195287
199220
196520
292985
230852
194645
216396
193639
205909
197676
227097
196851
205310
217097
206501
203745
193226
206071
205091
208274
216354
192709
218649
193248
206145
224129
205071
203439
197633
191958
190508
220046
188128
220944
215362
204861
189991
211463
197760
210941
200714
216343
221204
182519
198210
207672
203249
182192
200026
195317
204584
191870
188323
194493
200268
190636
254176
185543
240580
207517
212708
206588
189269
206264
198684
186047
183998
196249
204738
209347
204324
193807
220912
204356
182108
196602
200051
182183
202443
193241
196277
177744
195127
201108
178112
220087
188486
206405
197823
248241
190209
203580
219165
191848
206870
193660
180565
186442
209730
187840
194383
243166
190500
202697
226142
183046
209117
203505
209361
184922
218987
183112
242873
194594
194938
276579
189646
201029
222981
213851
194362
219601
203210
184636
182270
204146
190832
216499
201122
185987
239627
189522
213515
200752
205856
187259
203841
212139
215504
241685
192031
214051
273683
198093
193114
195298
203258
196026
201744
192849
190610
197289
204593
195957
197584
189908
179904
198634
201245
187826
194594
186355
187498
198547
197152
206624
11119749
8994731
6970460
4907591
2780959
4316257
2224318
1436838
417084
408600
232893
209850
269187
326041
202560
192646
204867
194409
198640
192661
199704
206818
185917
208458
188707
172231
184660
193360
184534
185667
192473
207147
183856
193421
191162
184108
179502
230765
184946
177463
223551
190726
181209
179130
184396
206400
216514
181598
216740
208175
200282
194223
211515
184951
195588
178786
211193
186837
191606
201435
213421
205847
210713
217072
193288
184046
174743
175743
189729
176686
182478
256038
214445
189680
172580
214286
198989
201464
187279
192856
189618
184346
197398
194420
201112
196450
218120
187882
181070
191679
182972
205140
195535
209217
199520
190391
196928
207475
195674
188090
194834
194402
214442
189996
198148
198801
181789
193796
206385
189508
201100
206705
179414
210633
188429
198867
221119
202314
191224
190628
187916
200509
195535
229133
295967
199023
205626
300042
192332
322087
315870
181767
276755
234395
279592
216402
282217
189833
210725
206426
250014
190087
204889
288436
187196
191805
221418
204082
203449
184915
190072
200810
188767
221328
311486
211518
190037
182286
199804
189980
181386
248578
229222
192636
237340
178360
289221
195822
191042
193342
246105
230336
257282
189707
192831
228610
187043
205026
222285
192240
202173
228726
201236
190705
203033
199956
218135
227547
199142
197174
200771
290522
187236
185328
183256
190444
217093
189157
277849
212880
206568
212740
293666
269869
195040
237087
193943
265347
276232
197061
189534
276678
269491
268290
327153
302984
279750
197586
261697
209743
192085
199828
360209
289550
193022
193912
179203
185618
186632
355705
326407
177320
330255
313897
186924
184193
192699
187445
211471
211842
205395
301588
231610
186959
227721
193222
223374
216061
199625
207207
202715
190072
198874
205443
300000
190759
196917
260439
256473
229049
219034
198430
228041
197109
194924
205184
336345
208417
268099
181892
221053
243451
224098
183706
239723
240576
268509
249014
204388
175033
222650
258722
199034
232816
270636
281235
182259
199957
281592
220544
195814
190633
248806
227143
288183
190341
250061
217253
213665
198067
193147
207591
196084
260152
197739
185978
294500
284809
219927
222394
201959
221571
234091
283272
206158
195053
192897
232527
244547
193105
199812
242310
248143
218570
282032
257638
292730
307287
281182
231399
237316
296309
305777
220601
217624
298415
216373
191504
232651
273620
198499
227763
201491
188609
204800
321949
179288
297668
192592
303720
351512
183315
219495
230688
203100
199076
293185
265298
216527
292880
198626
183985
258751
207290
251234
229786
211667
300889
203886
193705
230987
337261
208969
220157
240319
290706
193866
181653
261169
182150
209748
282242
209404
182674
201104
328998
224049
262952
298935
198604
214849
305901
303232
192347
206286
228541
290209
202816
281581
187118
294151
264825
233301
289468
245375
223755
221459
207461
368208
229702
190623
220107
201954
228574
196206
229603
211849
253529
190592
204345
206041
267847
190334
198973
187641
228041
197833
213742
193879
199424
186517
196787
200793
192749
237012
224974
237554
190153
184707
174102
212709
199173
232396
204914
211132
215954
195210
219586
187525
221387
203281
197162
198580
206703
174500
191376
207977
206333
220135
178086
203912
207874
198788
187996
205452
189921
211106
188568
183369
278496
204244
191097
178915
196641
196970
236576
223929
201101
284875
271055
184854
204905
205772
194211
319600
207379
180462
194635
189952
218227
191740
202770
211203
223243
207006
248899
189108
207253
239261
205382
192849
231994
281658
205721
222151
308952
214853
211417
196994
11991314
9860495
7800111
5730682
3600561
4156871
2025224
1214856
1173947
542627
312545
401881
335680
250548
225653
242359
286162
320904
233190
263739
220148
306767
183322
196308
322292
258917
195216
245850
196370
301781
185762
247655
347726
377829
239578
338131
311186
352074
384959
338355
338164
341158
286138
189363
354699
203591
219633
310687
227094
305686
367583
200225
261767
200531
389598
279731
310866
303826
357609
370713
192639
344949
330741
216173
419389
347207
264947
336001
282680
275944
328515
399745
255238
321926
277746
205619
267332
185635
246297
258293
284852
205320
192526
312574
212033
217299
405056
205832
242097
210839
367689
243758
313784
300968
332081
316846
345962
208825
286065
189382
285469
270227
268239
278786
200384
281938
361546
242153
223616
283372
230590
194683
248294
214829
304685
326114
244673
293821
220019
235154
312655
316093
197128
220850
219104
207459
262620
290936
223117
289976
196629
235890
348587
212023
249796
234744
237621
205980
206696
327866
241776
255980
243806
237324
204513
280209
248682
237312
280016
187383
197633
248422
191603
268256
260165
194884
199050
311957
218831
241789
252159
286141
257199
288447
421398
215080
415071
221560
341959
379338
210280
224317
395856
199581
371417
416045
372149
402576
372206
526223
381192
193608
443626
574910
438368
352384
468826
406131
403656
382666
433915
461306
484686
244556
433556
417265
243214
427959
252409
287801
253358
249951
434825
222109
333810
209643
413901
294593
206003
415367
187077
431178
218838
396206
284031
401651
430253
180461
355792
452099
323659
397503
475418
429939
275204
378656
441714
458382
297622
593078
225018
200367
198537
218254
261333
299677
220919
239866
212105
362847
239843
205799
523590
540333
379585
246513
247275
350083
383395
190554
212166
186013
202384
259718
220910
208637
233214
382135
401339
340769
329883
215120
213046
351742
333340
380609
228388
285330
221128
204375
327446
192342
272682
228326
233138
184887
237515
212460
198701
287543
207359
217516
187843
206265
185467
199053
184107
351390
400160
334056
188150
465837
236904
186546
260504
218069
260166
437296
183484
366482
287404
216182
537415
182793
177511
479147
297315
566403
506690
441041
373546
401519
461611
379306
671665
272803
450464
216477
485525
442341
391159
323967
484864
436235
499755
465218
300920
447671
310193
360452
442717
325759
389658
248602
181644
302719
293357
400134
290851
398853
416693
205969
185606
353682
448789
200334
224466
339369
313366
202693
319866
195195
322152
221611
318038
318488
292399
237895
372538
373335
368338
365793
191324
326392
320746
332513
379739
314586
235963
312053
394068
321122
190810
273059
306828
242464
326930
338227
205793
321244
251032
220696
332788
273959
278820
225243
219635
279658
299151
273195
338188
212353
231936
245401
205475
270289
231014
174591
238420
270170
228331
325590
266500
227560
258592
234158
241598
211074
272924
248246
293135
242528
204252
180441
213668
182126
220442
253784
220828
241501
221130
247823
236670
208624
210075
282934
223585
215593
199325
196249
220656
185674
194009
186403
201184
245411
185364
240418
190983
299501
207880
209233
203700
218123
216310
214837
281828
248800
206312
223437
183985
243101
299607
294259
183189
333958
244401
229699
308573
234426
310544
186160
306345
231330
276987
230650
205601
238556
232059
221368
275926
272446
334095
219772
238955
323876
231612
251295
193243
194630
246627
276221
218527
276410
295683
291918
258490
258925
198281
241357
250725
204846
312034
239694
238995
203074
245863
271528
202569
229846
223590
197442
207208
209687
253929
258820
222471
212284
177086
215255
9768776
7718043
5589835
3562396
1510209
3106925
1046290
708025
375392
368576
277307
307965
206195
182392
195994
223045
221562
234653
219744
189429
234608
194107
214637
253388
187849
213229
222152
203718
221666
250704
195521
207783
190787
188970
211038
178568
190783
183845
200981
195956
187706
191026
192657
221941
194293
187538
201534
201489
214365
211139
192321
189082
196425
231636
217605
203914
184864
197925
185737
179347
204162
185495
197246
203476
205262
199984
189347
184890
183218
196241
185537
208695
185634
203952
200069
198859
190538
204575
193892
207332
212557
212376
194333
193643
176298
194183
193442
216655
185640
181611
183172
189224
185465
186881
205480
185262
203921
200426
208842
189334
195337
198437
186730
188931
197061
187494
187353
197709
200165
191632
219474
183088
217048
195219
192007
193068
209136
196036
192445
190936
193574
171004
206093
172564
191051
214214
193497
192068
199302
175468
191715
183644
296524
203786
298405
186983
192599
232202
213044
281508
246074
194712
179092
194989
251397
234273
214654
230282
200703
219199
214329
215169
210257
192385
221033
205693
191217
213926
194557
216978
221968
216173
265426
249558
251022
213184
180259
230586
225594
253752
225150
226250
219816
214264
197967
213722
214914
210951
198657
185233
185104
184735
285602
209166
195744
293234
354612
340753
201465
322283
365247
216347
214987
307278
212709
222779
207299
243925
306542
186445
295272
257482
214434
223844
271891
196347
278688
206882
196521
192092
203220
202769
191928
325483
190588
353566
315311
260009
364187
329995
239485
331825
308371
214322
243520
239669
235759
290824
335912
392627
277873
266951
261756
250300
218547
388822
254830
379651
252786
272541
198307
213058
202239
287146
221846
302920
239616
199770
285768
193842
253032
315083
209737
186872
407404
186609
193247
180208
197756
482812
294486
368031
373233
241605
285977
247980
343091
321155
350712
350551
386228
185019
183461
180469
255243
318032
363570
309034
308070
289132
248277
230483
329532
194318
187041
251568
293986
390590
275885
374180
362333
299207
222309
356601
357165
337195
273532
221134
195622
219615
286398
319488
259615
299060
204494
233211
324190
533350
310483
281446
390985
413995
222905
338959
316779
368839
208293
186213
229837
257589
220955
377280
434964
375528
428912
300361
377238
412382
198624
463260
358921
346042
394019
337762
396854
258340
361063
414502
309283
426930
322141
387380
411945
320991
274050
269753
362880
184746
469768
325768
474326
204204
372313
286861
415413
304086
291516
313721
372089
325754
304510
170034
399457
418506
337415
469001
373807
185917
188318
189919
314004
306947
381832
295044
382378
280940
307321
405973
345729
345524
230529
225475
326068
347929
252640
263960
379626
385625
232072
204977
203149
300432
184130
312066
397078
332411
188855
221271
205309
417432
428408
201970
200622
237438
201514
310907
233326
200864
298009
307229
340673
187584
250025
236151
399688
197696
178886
209489
280830
264918
241055
277699
189286
229356
395046
463423
356031
218995
396250
370134
323636
346945
260000
315370
377718
265440
301174
213045
285434
274167
329018
242955
197119
179436
202655
349230
473471
255878
421288
334820
345470
412695
286541
257742
285531
314866
233080
273069
270426
323399
387358
177370
205937
320884
355341
400079
484951
240658
392143
222279
386158
215392
307824
205327
256618
266026
296583
501458
351179
368228
173625
186974
259681
360424
272254
281251
192276
221306
370004
242701
292773
238884
243508
269452
351421
199101
201835
262513
318385
210145
240543
246665
234290
204223
278540
223425
262540
209659
196518
12550910
10431461
8360081
6271873
4146368
5940491
3818850
1743923
1100355
747333
645848
228088
222129
491600
360724
264276
254838
245863
408716
244298
262107
242348
403001
330487
231928
260468
338430
325776
282614
425721
385055
352213
329521
358640
301173
310766
415456
363019
378257
366289
409251
342145
295595
341620
217123
437260
351561
334323
348775
329791
255663
252430
283754
211374
233931
251330
240448
219276
186080
215197
233299
200665
251740
240067
270832
198068
243947
251111
185586
187886
187926
278519
337499
330229
222509
232685
219514
228269
240993
281586
210681
295358
210522
376607
292574
273416
233657
259897
242297
229298
222828
256954
410597
471630
350321
280807
394297
299501
341898
366425
357460
330439
173720
410586
299819
301411
439441
404475
408945
350799
449363
359985
330001
399205
393700
366446
324094
471384
314770
364125
187054
379100
429245
194020
204691
295646
296413
311189
422895
434312
440730
252898
413277
185927
320652
458433
516675
359831
352931
267794
187709
221539
474263
183188
475891
484574
458838
302162
415626
512451
265560
357242
371901
360756
387772
385990
341911
277321
255029
472704
425053
374596
339638
217100
163630
448319
494483
366455
465712
321164
219427
414074
238511
414644
422968
470462
567027
426892
347481
474801
328406
199233
188691
420405
310619
403133
194740
425237
338759
422693
449676
301699
345606
385587
370794
481822
198910
309575
287099
434533
387145
642974
384131
362543
459918
433973
356045
412151
385743
372488
202327
459774
330989
442011
212175
368484
501971
414779
422371
173089
490504
267856
520591
555602
182754
568793
472532
446068
193348
526532
371478
271363
326897
277614
366724
253874
193225
181518
449342
515381
436053
490765
338584
438608
208377
222434
372376
609962
281680
498472
452186
378184
399154
362334
443739
368665
363591
190340
367185
406485
282950
388167
497836
342090
489320
350888
279238
360669
638924
430253
507151
475537
447095
312392
189503
555161
425713
224766
248857
190063
646016
334932
495047
368822
197768
453662
252812
326922
234662
519280
383113
551640
247664
277572
351569
627374
234039
343162
531648
593204
481059
358003
602422
271870
433483
290708
185035
249915
321625
543029
531616
568421
387069
536129
372648
407706
215530
250680
324893
337173
475138
339577
246681
523551
533462
219030
512775
171465
229354
286121
288337
452248
498091
217774
501802
361899
537958
521121
285599
374833
478196
420895
605800
624636
439444
240409
619066
252680
203141
373464
422116
278372
517474
554514
599131
316704
424762
257434
422558
195599
473493
227232
420474
364852
337276
386243
263067
459637
506114
222565
492126
421357
414782
434599
249278
179370
213514
184665
389214
456903
366636
185881
402059
377733
328961
367290
296728
402329
223179
433785
469020
477791
267455
300434
295212
362644
280534
457346
357786
302383
448973
312250
295271
459391
280999
282365
405706
273456
335467
339665
442995
404464
317299
438295
384674
397839
364893
281611
339627
203583
200863
306982
313925
200185
230452
543213
228850
468147
490591
191229
513833
300343
189507
400294
460954
464593
264725
284833
507468
365351
427404
181264
351866
336733
364327
310718
459234
364115
460839
364048
400723
384269
205391
290261
381377
408244
424706
369387
302546
252659
201167
180166
395512
236481
277979
535503
246907
397155
426130
360323
437612
362278
429286
322490
396917
254500
387874
326820
294416
336747
363492
190789
291146
387081
334569
190968
208385
328490
256023
331731
202005
282915
269133
311905
302312
279837
529558
226677
387013
278939
183689
337146
252789
333846
353848
211236
253847
399964
341652
201646
275738
13467085
11378627
9252360
7173726
5098352
2970605
1990668
1569415
719517
729672
424933
522506
440101
411417
314630
324690
231707
398841
210815
212209
212987
197328
332100
209264
213462
321771
246330
192544
193432
553457
252167
183345
328109
181404
314656
212038
244439
369873
196964
285544
206184
232041
408489
193705
203485
301849
222633
298042
190980
285132
400035
493499
252218
439984
209957
258366
295563
272096
199755
215955
289905
252176
432445
269823
247655
216538
231851
202851
319626
413890
249240
257853
189653
192644
239471
219203
218460
213577
237700
268595
190412
172715
234987
191505
199827
248793
192074
248395
215684
217221
187821
175543
206748
222809
199751
221076
195482
170950
240119
218028
247074
208427
230371
219574
180784
231354
202510
189513
220028
223331
264766
216260
237158
204865
294005
258056
192156
255680
186889
257487
213680
287940
285870
250619
251232
197610
317139
177019
302830
181242
193378
291584
301907
199560
202732
186714
181354
193728
258096
191402
250989
354371
214961
270613
243443
281994
249718
234808
394145
362635
290696
241126
232105
226452
217538
191562
218836
182173
213444
299873
211220
233135
260061
282011
246803
232268
273613
269522
263208
174157
224650
196323
247837
289491
212684
211648
228237
320371
260322
306266
240513
232330
264225
279620
208050
277824
192954
237320
233427
227583
228042
222260
329040
214455
281764
220724
214636
225787
230862
217549
257540
266139
212793
268593
289282
268731
184059
212613
264730
293147
224177
264756
248848
242905
244732
273212
243750
287893
189834
221612
208762
236845
185669
262949
207122
238429
200778
205604
223247
283604
223046
196323
199914
257197
199443
196350
199924
335260
188640
241340
322520
197336
196209
186854
273458
238026
410269
321946
302021
268210
349696
303126
232885
303889
340726
197054
183326
235760
230847
348850
388854
213125
240379
206392
206746
218751
380731
220629
301322
277175
212423
447561
289014
275008
221610
437138
392173
287188
360994
275019
348169
398838
369606
288268
298666
227787
379771
233862
338389
328203
252815
343921
347422
404031
181837
380231
327868
337493
248300
326708
502003
466750
362560
411132
444700
432853
373603
350761
312822
323881
276795
300548
199526
365801
239290
322420
207468
362448
389185
300919
254345
187203
296742
348745
197231
200296
192402
189247
191019
284912
235195
317300
346639
320709
285310
311029
213521
307886
299077
226481
301492
274750
278199
297557
213626
270917
258951
286026
274230
213803
368828
237024
275723
263110
255153
175134
191119
307581
301095
236407
233625
235508
248443
342689
375512
341646
329013
297296
339547
348529
253289
259438
269520
223090
171222
287680
196480
196432
285324
223327
297550
257892
330883
233064
310350
328653
297237
261522
290568
237303
198889
243351
207142
281052
190645
262246
224180
251013
267066
221270
253262
227117
204789
192317
260677
365853
279538
208657
170049
186282
229745
327903
295191
247296
375033
200259
201163
260241
355885
307774
203547
321876
297902
324402
207062
269937
275971
242411
274761
377738
292198
204933
428990
196556
255775
331918
282898
216966
217831
188956
190038
350943
262397
314308
261128
329385
189993
261002
203531
294536
319679
296178
341422
290917
257945
257345
364476
178213
189620
189263
365304
391650
330748
182221
240544
322011
319304
280798
205064
256699
221658
202774
263326
284327
270875
305507
323825
231069
319033
276449
212814
175842
345407
199576
188509
216991
202652
265784
239823
223747
183076
205785
208835
268504
284776
203569
284973
210468
298003
207432
358710
189531
271970
216419
197140
183544
226453
192602
202415
220714
13709580
11650298
9526639
7475677
5411634
3291537
1236917
1120609
514594
310732
545078
414630
452235
406456
259124
258629
225993
210722
207622
230190
264918
236775
304521
287908
281473
190486
238579
298167
225847
283009
202521
209759
256719
261676
189919
207279
209206
172494
195782
205606
207876
230919
187859
205590
239167
201968
256609
178000
216069
231135
200630
216072
222206
237486
223195
202624
194612
220159
205831
201397
239961
245986
216704
235889
182610
295563
263574
191747
180355
266028
233543
273895
192919
277243
285268
289143
289260
251997
295673
249899
249823
213302
188666
247700
276900
244243
239205
237850
186066
216042
351775
196416
209444
235805
316766
234429
217427
267724
220269
196206
398764
259126
409893
297605
205274
229545
401939
241941
211450
258836
191856
185079
191191
206510
289981
261242
325826
259412
246147
204731
245326
212040
252133
223446
180937
188544
266326
200846
240523
216480
221233
192792
222707
211977
219629
238847
206356
233726
196099
243590
268656
199594
297158
265652
201038
219456
238646
199592
240735
217219
203755
254533
220944
250247
245430
211928
266683
268920
294373
200145
196950
199238
258864
215525
228581
262695
270198
194160
280538
354371
257658
181085
175272
199023
305961
190427
276239
310008
202335
205954
235950
199041
180244
257366
185883
260468
230106
383323
185449
196414
206885
259152
218196
283986
212176
249123
247880
273632
240070
253822
182764
237967
314167
219725
347584
305029
302236
341338
191671
279750
345316
300683
362678
302552
298328
189541
196697
346457
308268
218132
344419
224280
224405
196970
205462
349322
211480
205681
205019
186195
360638
285576
204538
274782
180830
235804
218652
380774
221456
365106
350694
452630
221751
195597
359981
227321
297379
360525
198705
403023
300213
231120
248459
315602
201606
300603
450520
277978
196972
203732
216136
343101
225313
236145
212274
187816
233166
197272
177557
188829
223281
201786
316993
206296
224233
213006
221493
191163
226403
238319
215735
195728
205812
182051
214457
221865
207944
252090
231805
214002
196808
197092
187724
280421
223485
212549
188878
195387
412028
239186
186809
295754
181357
212342
226303
178972
209544
316758
311817
276113
285256
266398
305673
277445
257640
319140
239552
207795
245889
198352
230929
314382
240411
196189
221796
296465
216618
285641
318313
295935
272898
362175
281241
248488
313167
283931
325436
194849
212411
307670
177428
383069
240695
293650
186557
193981
291022
185447
374116
260841
271646
243465
204582
357425
234892
210255
199253
279461
185480
295281
251328
253266
263870
256963
260507
303914
301132
363864
301077
200117
348983
380491
199513
192603
314215
193656
182741
234330
209413
282136
228008
316779
377419
263922
390000
264226
307626
433585
406872
384161
361383
365709
190259
253098
402832
361711
302351
326674
179328
343123
305028
446522
376103
241074
435520
332638
442763
268194
342261
363930
394638
408128
257959
256454
328765
185204
381088
377014
379787
316905
377424
551971
326866
213056
306603
205021
237971
273641
460688
379086
472820
398255
435337
379381
440171
203269
449341
207496
181929
187099
430174
214907
428518
386407
382346
240941
369474
499401
410277
372249
211738
372932
324184
467832
458360
480351
343419
408755
382514
433696
224865
376897
440509
389604
216248
438428
250572
462349
362208
438996
600376
391724
210575
304087
202652
310114
182339
190247
200383
416571
365404
369343
503419
289896
190553
279616
417376
469570
476026
281258
646612
331085
350593
218448
226420
529623
261860
185273
358856
471721
333456
411271
352163
675823
562306
392657
453919
316307
262501
602967
13580310
11521839
9409438
7345163
5271809
4712876
2582567
1448875
1006071
848109
320985
557286
523869
374189
419489
239450
406927
467217
312958
219641
311995
324461
216411
365304
594908
197831
526708
374021
550073
274716
376939
457064
219425
303837
181864
286573
417694
861370
510630
391639
375982
304420
238910
595312
357863
280508
369918
314349
519345
457090
197907
455888
369982
416072
352700
328158
491026
402314
416894
343367
254671
462113
187487
213317
382697
420649
306919
343061
437088
467162
412200
204577
417924
396904
399264
216053
379243
433205
436014
547417
393005
475343
340197
401059
392344
499102
188856
390640
244469
226028
233471
443829
455730
206379
341450
485841
393225
180844
454872
305750
300581
214169
175866
234558
387181
293636
392919
300231
487106
471762
423355
376585
200434
213273
265738
339529
484684
286019
419615
335955
244921
201605
381094
186376
402812
245061
442684
440233
219263
257092
337719
195206
458726
326787
362524
363036
248493
217908
341404
438013
217257
193779
255044
316147
363175
192417
229221
195272
226023
290076
299607
244195
357113
232622
231880
202661
340429
393871
194272
267550
313859
186449
270742
430910
217693
381950
278430
400777
282208
344211
185418
237234
227274
302914
195876
201315
217869
219111
355205
418969
213786
197782
312566
290139
248353
169704
204386
219458
271723
280800
210433
262592
328347
377303
195107
319952
196984
241797
371382
185537
285183
215755
278982
292935
345565
274664
340210
186666
248375
216977
242920
344197
273394
280424
455504
229768
292546
225227
234797
225818
198690
297859
278330
240136
332835
262434
270991
224268
213233
351328
285858
203574
194721
299137
336170
202136
358417
292603
352549
264177
304874
376975
273365
378042
345931
231263
242881
209654
217673
330938
239311
209837
229966
175050
209668
304206
223012
187476
349333
319804
376843
441050
332461
356525
452702
189826
260787
226780
221350
243870
225049
263435
331325
210543
219842
405607
308419
260842
290693
224161
255482
182029
269031
287200
186674
287515
277006
201023
193288
179719
184888
480945
322122
267413
274110
192445
463126
391929
399427
207939
295114
364346
322605
266394
215660
246029
525109
238891
191165
400452
257242
192828
377601
475408
569116
211063
247181
194038
407829
379219
250432
181061
329582
455830
208037
379375
278928
330851
324022
538686
209254
416405
373353
434327
402920
378342
181306
414025
248968
488212
473729
502237
427177
441495
375233
403165
319917
314720
233152
324211
339156
344698
323797
416567
432629
410533
418642
325506
451613
336050
203775
414945
512268
386871
457851
510388
344777
216012
338347
427241
182315
421937
253309
361889
209817
425941
226801
323784
254876
261920
360391
239572
219682
503131
343114
459202
476421
228901
221579
198434
215632
215484
419858
464142
221852
401081
204602
281058
221997
586391
217588
521223
445883
432800
197791
361939
438219
359687
368667
174661
470027
293123
373853
332281
408795
433680
352823
251955
507638
338381
217952
227293
502060
443857
563088
377247
384438
409094
415387
341827
297667
408044
255537
263121
420516
273448
410888
498545
354392
330435
201828
419659
473519
394317
216418
378411
423861
374151
292729
356761
296801
448787
487176
252806
305503
348881
253792
268103
381151
460159
373220
384196
389883
437113
348700
261980
396000
450688
393566
320822
239804
478031
395262
545912
362748
426095
232643
235400
204836
218288
245026
230649
300791
401912
375586
234820
451470
308014
376361
402874
433281
283398
208162
392838
490619
373836
381180
225366
299314
276501
191276
315627
389766
436613
410023
438875
318230
405586
414929
359264
359641
13292686
11170426
9114503
7043955
4914476
2870499
1541571
1673257
343624
313756
193050
210693
203642
223150
662367
426224
203825
306301
443682
174395
379270
350037
270612
407794
190223
462712
288182
177934
339303
287972
251572
299652
266564
342978
229891
400481
213857
247805
388181
343000
572697
236417
203216
496403
462877
603685
421702
599359
581564
443991
258047
218687
575026
214082
349986
496048
325080
198139
200529
353914
227200
299625
367868
245948
225623
183371
583552
281250
371587
200411
193124
226060
202934
204371
450696
433250
483083
565651
225141
230558
260263
252827
467720
331937
282538
480898
210293
326681
295193
192590
233246
473251
336647
364556
446775
434436
339960
459912
670645
323166
284986
581520
381412
186091
390756
273028
566302
386777
407061
486771
194801
423254
188418
213830
285938
417247
371365
244840
243775
487985
496777
513321
425997
376744
320539
210160
217530
218245
398528
528773
179814
474048
313463
229888
435055
549913
244034
349132
581583
459914
443784
191690
465185
219773
226763
542218
460608
354798
281067
451724
345636
392701
437515
486874
460361
378108
530156
357286
191215
218351
206555
310770
390520
393016
231810
378332
450703
207029
314318
276167
199083
325704
233953
233347
219712
198311
219864
282821
220774
404020
302705
399316
281519
374869
186007
443455
349515
210368
302584
369963
388240
253162
194721
346657
242192
208694
397475
417658
221843
265207
365284
261534
362459
305697
317296
322389
327602
358796
214888
671249
220686
249437
200913
213155
250552
265275
206940
194797
207102
196909
225236
279039
202467
202615
202576
227202
332818
297740
234862
193284
262260
187747
267180
228765
261749
242481
244213
274568
194296
201500
185607
267673
222973
279597
212832
254395
261853
198306
200495
285452
191258
182192
199303
221644
188409
186766
199183
183431
240722
215420
186885
205973
264817
230952
166113
199827
322530
206639
223206
237987
288399
233939
262942
240804
169212
296117
209372
227463
289777
267642
181181
222326
218438
186126
288703
207078
257164
204696
234259
169142
263951
279128
176415
190751
293253
238430
221692
195117
209754
213302
215921
288012
263127
256474
238893
184170
250602
277320
237831
267532
270469
271810
209165
215878
219338
244736
214416
242545
194686
194341
247673
213174
292744
194764
189674
187123
189982
205088
192384
202744
171741
220093
204909
200209
192042
185500
195639
182976
224974
197463
189816
181498
201235
192738
198244
189723
202241
196845
191662
196089
175692
243519
224797
214131
196093
169699
185328
224863
187705
184804
234617
207607
193552
288030
203115
188058
285646
335612
187126
210863
180866
251841
190181
197778
184549
267674
301786
204598
184713
199622
183574
274781
201983
266192
205170
256935
192124
276195
220507
240514
191820
193502
212113
195083
193298
190545
218834
186478
191638
203233
193773
184121
184199
190960
243076
193996
188027
216940
209549
228785
236575
369335
293535
188589
280934
302593
197428
214570
206593
276807
252832
193825
289928
229189
214663
243041
227935
232386
224033
273361
188214
303701
221106
205671
262009
225669
179416
246310
183036
196746
211510
219886
192061
197165
240150
272421
356410
268679
183495
258381
230158
208113
183354
297842
176633
245443
191384
222602
256797
203263
272351
196769
283971
226845
194772
268327
197280
205878
189718
192043
240673
197569
206515
270573
215254
294243
295407
326487
238306
241959
224779
203639
232941
241091
370851
233025
197785
285346
175668
239020
201425
243009
185843
221370
191596
240529
165758
204583
186370
207601
184761
227451
211210
231452
192102
360144
188753
190955
175913
11342069
9269672
7148012
5072777
2977128
3262125
1140150
1111557
721878
253001
249216
405636
402669
350225
265551
210486
231158
189655
211885
187120
200582
199077
211859
194231
202097
195068
207663
208682
185472
213499
200007
242072
200472
174547
210690
205208
196477
253846
205266
224968
207027
177103
231271
208761
222058
228972
217448
238297
217530
215773
225823
240601
213176
188362
203987
220450
200233
208231
291286
210829
253128
246239
210856
181926
179119
169007
180262
255573
233573
197928
288192
215919
197711
183262
217745
254797
230491
218293
265465
183812
212196
183244
235217
191664
179012
182641
233799
226574
174147
181983
194409
179913
190066
173161
308163
177928
239707
193936
181075
179192
208191
188360
215622
195982
183521
228876
181197
257439
204201
204024
182338
255888
254767
194652
182468
197718
171155
194983
189332
227473
196182
205105
210804
206204
200348
191692
271547
195633
225300
176963
237002
210116
186944
256542
190434
186105
201986
240982
210334
252502
254509
180000
176874
209673
213105
197156
209417
195456
187713
238062
168294
175452
243624
197531
187759
257690
225697
250844
206293
195135
178145
184477
266705
183963
216405
177667
292354
264646
221304
196982
225022
196938
182248
252591
255850
242571
254455
183725
222530
183219
231867
229171
191802
212247
190646
210812
277944
219519
237879
208566
292557
224061
373920
236384
226917
201488
178221
213277
188878
189817
181400
311660
245839
193488
235232
256189
228937
309943
240753
180512
173225
233707
316565
200586
296287
252289
198954
237081
244079
268310
260037
210515
219141
211188
187623
180820
270122
196906
261484
282561
191231
199368
273996
209937
250621
197496
334158
240602
218120
216875
216051
212624
323096
268015
301194
183232
222094
180988
247995
206855
232483
261639
334985
372552
369745
304015
325052
387293
450881
346461
181398
420071
284778
211487
388247
206029
208436
361600
367985
312691
182391
235388
205445
321793
340145
304237
435387
373514
346787
397399
351562
311358
304140
342572
216748
333087
209135
312658
285273
352401
342834
322423
365343
420305
200354
443367
200695
272833
408969
307420
340445
268730
314819
249458
445012
206505
299459
286069
292161
286218
282158
292747
299771
261800
390007
327558
411771
276943
244501
264967
207577
188210
320973
309911
286060
253821
389907
338162
276021
270487
236689
260212
231487
356896
184210
174198
301341
428087
360148
179273
311291
188187
319735
223043
384232
206939
475738
324400
199557
255615
445032
346138
182405
214309
208800
251126
279509
274280
330842
218687
197428
267735
191609
305472
207004
196085
214216
183079
227211
240371
370653
190584
239989
212634
214233
205059
269406
255977
198192
270807
224950
399257
195560
288867
323276
283662
225871
271251
248949
313669
209618
209461
283340
385408
279750
182040
332457
203899
176113
320908
410443
280881
257955
198334
281782
237196
254387
219396
285663
265518
241506
318323
257889
299970
216843
317665
202524
189628
229616
245311
308653
186832
236779
200568
268084
216619
298673
218386
180497
206306
190497
251218
243767
201729
301915
254017
348566
355937
187449
241196
241755
225925
320174
225508
189808
208334
209591
309278
416978
195046
202194
189306
219820
404647
294575
278098
370799
268295
229078
449047
250056
341512
198200
389305
480487
308210
222564
369388
359809
370357
347021
278348
189166
270326
344561
189457
253678
225538
339924
407323
229915
182272
405771
332476
397897
325851
248904
212472
501212
238063
267119
379792
387226
269417
255530
552371
476327
400743
421412
515193
254455
266009
506597
412311
180736
378704
264962
211378
457805
346455
14803745
12682839
10641996
8576334
6448458
4407676
3335198
1214973
1301552
1082108
544889
464958
198027
521499
386578
594833
419359
325903
332314
397739
419885
339731
630221
443613
514200
462353
597118
528333
246030
428640
244602
449835
545689
450225
597076
262669
566090
675301
470232
210360
354332
225151
225372
516585
527973
610317
403918
360440
471402
278164
397263
410710
366970
234542
517429
282811
685702
230165
624248
575882
570607
523017
668053
322479
414467
452631
508075
530464
690922
317234
414970
206834
539266
420911
454617
430491
202126
525615
520594
524490
494052
420538
456075
479354
436051
500465
472359
435051
475309
449823
472414
483813
383963
244545
438460
426554
411530
477767
478127
465185
480233
547341
538476
239292
691733
236832
558729
218737
465526
332493
537649
349540
577037
484468
258868
569712
284551
377315
673549
200990
447918
407505
346295
551420
414284
640727
596165
284663
259580
639958
187347
260843
638713
317031
200528
380339
349501
505470
733555
406929
449133
330437
507462
594600
578386
660320
392757
580239
437433
332429
207568
663025
377203
270422
508939
678745
743720
739216
760797
299117
553221
320271
381380
350827
542662
728037
474022
243990
606807
648612
523879
187943
644009
224719
265272
343167
350478
510751
234245
721402
199319
455151
417031
349996
347788
356027
318494
516070
603826
896999
453464
688863
611203
636339
605233
581680
579398
195122
214047
207943
587986
478943
329341
810013
388953
321706
297735
420612
274976
617152
531267
425680
218571
447400
416846
503897
571292
600396
535458
579233
481383
384664
447603
677324
395604
611704
707555
555270
320991
241466
518203
689319
245810
215545
791208
747608
492109
466250
562160
502468
786552
684432
592396
500665
686303
747312
191451
351089
416595
303108
426410
800286
481719
773622
371598
611948
533005
443471
735527
436088
574517
492876
748099
535036
431047
569590
614905
576792
450906
660841
480072
526994
644448
694621
428348
559330
484333
361798
815478
521848
802737
745518
568922
634744
685597
657560
215178
593457
627841
559861
533060
456557
619870
529461
657068
601176
644860
506902
340389
201357
313827
448300
556524
630861
785812
679425
428302
512722
710226
399836
758221
613587
502437
703928
610208
386494
206024
574122
743902
503984
626410
426863
576668
740056
502159
628417
553552
706087
316712
456100
758719
789139
804795
563299
801222
378119
521538
457193
340434
277576
200889
517878
600514
191621
465398
458518
529104
613258
201833
609048
213012
516527
767125
562878
423681
581680
724473
711919
304120
514183
405086
345940
677340
302813
235570
447714
681651
515576
699605
232843
605549
577435
468634
509020
589322
219578
547317
478020
639662
676158
578080
660674
501798
703702
677693
481240
738244
310846
318958
635655
745784
570523
617977
703101
515759
175953
538812
457050
267034
349496
196764
610820
394596
284123
573531
619166
508047
591270
308760
461656
202266
604832
190975
663200
223113
335408
325541
685197
494441
615296
629641
680176
588656
179532
238052
513155
631080
450087
647266
253438
581820
385725
579090
367872
458607
654546
632794
509936
209180
588903
173483
173610
705855
522789
215680
652424
549460
187652
191505
655949
570721
538164
351296
658020
243350
413797
620629
338389
576928
230785
337465
569516
279757
219605
536438
182941
595289
560274
268544
330091
265216
306543
188499
597823
196704
271974
198168
380434
600546
548983
246624
403508
609186
190513
199096
651826
477253
190353
328657
409044
717408
233635
203761
399537
550465
520845
390520
544085
408115
367998
214852
459252
413487
432616
321694
412375
371505
322673
291756
345615
189496
15873097
13752109
11698674
9642471
7516856
5448702
3398945
3455409
1367606
1278551
707331
756924
457082
555090
606580
194698
451048
598307
225522
328376
215189
318099
215766
509593
482329
291981
281636
346782
193427
500913
410291
220756
202484
321535
215285
207643
194619
265881
329326
250703
204094
201294
183643
204926
346005
252381
266807
197584
417080
235327
302465
268016
204484
315530
200023
200351
193671
184015
495680
196791
208970
200264
200353
233215
242939
244070
201635
244526
227868
191734
280757
234885
224956
213436
206253
218866
210998
241326
172243
225704
241877
192990
220694
203234
240973
272220
284037
206124
195246
189258
217591
194012
184605
210246
263787
210916
202225
189954
186744
198665
180906
221572
198192
185283
193390
261593
190004
226159
213638
203545
241154
198649
187138
173711
229120
233562
198695
195673
233938
219893
225538
194457
274616
205646
222112
202350
201887
213870
196736
214510
252926
205473
223652
258644
236770
265185
244225
253504
264586
230361
281799
207988
254474
281114
199316
277893
262929
219527
233139
300358
211718
321908
278792
209806
258048
252461
205503
230918
197593
211499
403325
300037
218390
208275
204207
178824
202560
285082
216324
276827
222697
210047
269388
188534
231020
270386
206666
188396
210109
193310
205190
213070
259387
217639
227892
194526
258099
246069
192547
194444
181657
198914
228886
184034
213774
221913
194061
187211
194228
204315
179132
201200
205591
234097
196849
214122
193204
181408
210261
195889
216385
244264
212251
201132
211515
196106
193589
240422
204135
190236
202555
202006
229417
255975
196906
192796
198171
230214
232236
201564
227124
215159
234750
231686
202816
201169
185776
322884
193678
195524
205288
206687
202313
193491
208283
239946
181918
177292
218021
223887
206978
229961
238595
240686
256573
200531
189719
203421
191861
191455
325583
198378
187275
199226
201231
282848
196329
195231
213216
257006
242505
265822
208269
250464
183572
246720
197985
238412
189233
186706
181818
238667
276144
187795
303839
289319
178137
223324
262515
249248
209165
228023
244415
208556
206687
259893
213513
211408
288880
289298
247630
232240
184801
241409
229602
185777
188057
181267
269391
248584
246820
186290
240147
217791
237790
248286
209826
235449
236697
233499
224184
203091
288320
262758
247443
184440
248951
282691
235042
224020
195464
285388
239038
227846
305710
276491
212897
239364
287869
274387
226304
230781
254696
189333
284403
257243
280863
199613
283757
253791
265040
187993
187026
211103
247453
239926
192563
180282
190791
244800
194685
251467
249927
213606
263153
220301
252816
178065
184306
196398
183991
236567
215621
192959
210507
210795
244166
212149
213912
220408
180510
186903
178212
256048
225825
269807
214479
208629
258121
197567
251885
248014
242658
210608
227781
239541
183561
226089
205980
214670
216467
199117
206048
207453
197569
194760
214177
203328
240555
196874
194000
200973
225808
194867
199526
193738
203961
208061
220530
196629
237842
209498
189824
244103
238499
232050
233553
196444
216733
185210
211649
206708
198679
233157
244497
215467
202485
239602
215119
193268
201477
228196
198127
217753
215183
201339
202547
215561
200524
241942
205255
217493
217080
219225
210900
241946
194970
209060
210420
223467
193822
235900
234851
226937
222779
217148
216937
189107
196253
194661
212464
221937
192877
210216
213568
182583
200747
189287
251284
202192
224841
209873
241113
225835
226429
204605
197595
194630
226089
204011
211439
195593
228375
238540
196936
197522
244216
220711
215901
192094
225487
256299
278633
225341
206896
190634
239614
181607
198111
242478
201387
11731721
9611568
7572365
5514684
3424856
2816954
689006
352302
218459
210506
234348
213250
288465
196738
190007
229015
198804
210266
200448
195197
206240
180233
211334
226896
222539
194880
224689
231513
212352
226550
245014
238384
196823
223596
235863
248650
233726
238679
255782
217349
218035
246626
245053
200155
259353
265447
222227
271376
206455
185264
219264
217304
204224
273619
196545
223536
243967
194340
244756
188878
231866
195737
195165
217675
235821
181549
234588
241354
220983
186724
194507
185849
243754
343941
461082
344716
322986
390590
271705
343667
185716
322602
354171
411696
215336
229879
202055
312350
314634
349292
199677
350504
213276
332435
185734
367992
197522
248492
217330
301548
204733
218370
221313
287740
242052
241571
299052
242782
304571
246757
195275
240566
259971
201643
208213
262311
203472
212160
231725
213253
180152
191975
237897
211673
204169
224075
245772
184020
199694
177790
353213
460945
200992
232710
213980
257669
229573
314536
301586
182335
188069
184116
193360
210935
183999
185683
186993
312414
262689
184140
190334
228223
347874
351408
377414
223222
189334
335429
319605
308314
219578
315275
194964
192774
314959
205194
470725
275961
261611
326044
218209
250279
193491
196893
196191
241551
190838
198537
273585
202913
193121
178156
193435
180519
233158
214110
269134
194584
186319
188275
181359
188572
258670
282470
194076
208646
209250
189946
192894
215510
272755
234374
197710
358934
225034
189484
227055
390107
362915
393031
303367
457352
315961
442462
194383
326833
232771
191682
224772
215037
223064
202863
202967
256587
202324
218354
191343
203388
194789
200755
328134
179661
204971
193561
203048
189203
205546
205907
199688
189894
217074
205937
285591
220287
219041
222315
345224
204656
196420
192928
205687
207261
204469
190772
196314
203305
188898
202338
253032
192869
198803
214027
190452
200256
204658
192754
254924
214711
217627
210035
210016
348310
281559
205651
248257
216877
194878
218030
236844
198130
231504
182887
190658
228879
180385
191503
204965
202661
203801
178214
262510
174364
279973
183178
321123
262580
185999
191083
210320
200698
229084
183104
214555
312886
256629
316229
259824
207889
503184
440201
199026
318109
359159
236780
349911
197938
315241
226666
394677
327423
198062
304778
245230
443361
256067
224703
273119
241144
245344
278040
183815
244087
352220
298227
307371
204389
181639
188401
318804
317630
199310
223945
213235
209035
215399
212062
197981
344479
207308
224977
413075
238369
189788
348949
244302
447220
213833
225633
514413
325988
360502
350609
346136
192593
373841
250332
568000
364436
334282
271064
411712
295168
249537
426048
320376
285737
399174
639453
282574
334579
420919
404518
335795
361722
433712
427414
547208
715387
392006
233643
282187
395808
229905
577227
239826
559575
732195
467721
234105
455285
479411
456000
520364
271852
294296
311251
208479
511289
333545
591267
629356
693201
283950
272581
525839
469073
540832
536598
511421
627587
531588
749710
445250
523423
205201
520272
510488
373900
300838
619813
388806
347399
463110
380694
208878
556799
553725
474376
640110
495713
241189
503445
418297
455051
215094
404835
618831
429065
333526
436649
483632
324934
488102
327645
469865
527411
458798
341486
304308
401192
323536
334379
476630
522267
318225
318200
338953
432399
295630
496849
320735
468206
477691
251968
486185
486763
417747
395561
231275
556342
425485
402331
479912
373989
530433
501858
368814
433621
376359
377762
468511
363050
372632
325631
475753
414332
196318
326539
324357
297321
301097
202810
208471
244383
371775
289889
383728
443088
217076
11896266
9779091
7750199
5683649
3615117
1517028
1794099
550405
547647
484134
209984
376828
486835
589764
307408
395388
293403
339563
301395
292886
323782
257562
223351
222332
269665
327637
209906
290791
253638
311797
290662
277179
345916
349571
326313
334802
185433
177212
212999
261553
208067
361566
351674
300829
277004
218286
327861
256682
310749
258392
212682
396910
371215
346509
286083
301892
411986
308138
395658
319933
350699
402945
285059
327924
192065
221685
204575
198790
187920
391669
356657
184609
310157
207984
272604
304206
363237
242644
280398
253671
225084
193981
293525
301068
352878
282919
194193
316576
366516
196700
242022
421518
420732
250472
210858
204641
215364
292124
303504
358868
229090
340068
256421
264754
389671
297992
277252
308388
181803
282094
279493
300012
211671
217662
213384
217376
201180
231540
242749
194245
218040
354732
189394
209581
227318
213485
221033
213699
241420
187509
196191
221232
209612
199944
205325
190112
235336
192229
198159
226476
233808
211476
240609
179820
203490
200706
218758
1536546
208942
209983
278183
218325
217840
186229
197461
215993
202999
225283
220524
195425
239862
189442
244157
185528
195185
190114
195869
192514
197323
232737
202666
212037
199904
257698
186495
255354
230895
221809
224287
222062
189193
209466
301520
206272
239418
181844
210885
282229
396966
194501
200481
180494
198078
185810
414240
354439
294384
199251
305531
206539
194403
203302
304055
186163
280742
270344
196728
185689
266337
293900
268695
200379
252261
253318
275595
269957
237317
244692
256137
222456
275133
219990
275557
231364
247122
253410
286463
249223
228457
251059
205336
201091
200939
230905
199394
253318
206543
232008
196565
187240
214356
182126
235651
201952
204321
186990
202016
195564
191715
183842
198371
193675
222679
178433
193674
186530
256721
198511
213539
202579
234429
247800
207374
190829
286614
292725
213753
285139
311241
230290
207392
214969
267171
192144
296090
301980
294455
220529
201419
202967
320353
206503
245263
264420
269342
188999
258398
205823
239495
245383
198005
246124
248267
679541
238810
191406
214379
231134
196986
273234
226690
259502
219324
188555
208702
250398
202622
197187
207929
205765
249221
198572
186789
249288
207644
214255
213140
270439
202236
222519
286645
253595
253817
197915
226752
230850
212569
189393
220673
226431
209717
305859
206448
208156
189815
188376
313574
183968
190123
255129
280856
241661
274172
191295
195814
302486
212697
183639
183476
182524
257456
194937
250488
198600
280956
205918
198139
213239
204974
204798
252932
278256
287285
219542
201916
190063
281635
200047
193117
206542
206101
215727
215021
188269
192803
196611
193164
196322
206605
218381
216480
195582
189715
206588
205766
222937
181430
192189
185191
186764
185445
187829
194037
173657
201305
175880
199136
214461
217667
194153
194304
216485
255986
213960
205662
195748
263724
211211
209179
218601
219343
209940
202115
181167
211612
219840
196081
201445
195629
225078
233333
188265
186078
188900
228071
231086
186910
237900
226730
231780
181812
185646
186285
197111
181934
190533
275416
260866
264715
264582
197300
211872
217377
181934
276330
188628
184880
190164
196919
207903
256378
265603
205053
264581
262471
266675
206169
186276
260223
275021
257627
263737
306248
275840
210495
197350
216908
179148
177953
208246
184767
184087
212631
218690
196132
192296
245333
226074
194936
222463
200207
224963
210810
236382
227713
215057
198565
278232
245010
203606
258398
187986
196301
191098
197248
192260
215453
204252
197090
202955
196521
191068
183386
202799
193879
204276
192325
201194
186299
197448
10120379
8003236
5960992
3890415
1770791
2180105
2785075
703085
731538
453149
183806
213202
179265
215502
193510
189659
188287
177681
192385
184364
202359
186321
183717
180891
192346
199966
194473
199991
184093
188453
187110
189897
195010
180398
188213
198893
197914
186271
197200
212240
195652
203047
197082
195400
195081
180410
212550
197632
201211
179684
204991
194905
189489
168038
190031
210659
181975
178589
179907
206219
188187
197813
196939
172640
211010
185242
198972
198516
237005
221686
185243
210129
205109
187895
186355
200846
204807
214417
207799
195926
269448
191119
211563
184118
199419
233135
188418
223864
183239
208552
246262
221144
214894
204852
207860
209309
214707
202438
202725
233666
204916
197813
191248
222549
237935
199454
246612
212349
207280
251547
204798
197944
222628
224582
191033
188475
228995
278450
206874
232393
215674
216720
244861
266028
202448
264460
219284
192335
233136
292605
205041
203917
189104
228023
205810
177791
187736
185325
190340
292117
178964
213719
208989
189888
184888
217822
226991
201686
243172
241650
223209
201812
191241
286559
188486
227341
177961
230600
187784
197115
236945
217763
295292
246975
271872
258447
228101
256637
221407
282035
254494
340281
243529
328464
208249
212718
343733
246837
286111
356831
195691
308554
231676
320745
282010
274389
188633
183651
197355
225124
305892
300627
253261
345753
306582
224084
194418
247218
296617
389417
260760
307071
236855
194219
177558
322527
385006
329061
253219
215439
218162
232685
256963
338082
231621
279417
246472
186259
253213
243671
242702
224758
213482
193107
177750
199677
186645
208636
251041
198033
202007
190329
229766
181526
322427
196260
208714
204304
202940
282153
269483
258110
173547
223353
229221
182893
183090
194025
182052
197091
219422
192156
195678
186067
195613
424019
207763
189543
219096
194553
216168
189927
174884
201269
197771
195718
196279
215449
193925
191907
218088
252770
195198
200706
206139
217422
203877
223989
190470
256533
204491
198024
203199
189906
194682
195676
201330
201553
269101
193860
250299
281772
192882
203426
198441
186080
184037
351744
202093
232533
196364
344396
200573
300726
197390
196712
201574
323630
339157
262950
218535
202462
287264
213201
210836
182345
196767
187122
203281
205493
206878
293615
219022
192126
221220
188687
217991
208796
203931
295493
188600
257931
210413
215857
199217
237399
218243
197465
226473
218703
195256
236739
216279
199962
215184
215553
312429
179872
200420
199959
174037
212457
208270
214076
235531
352231
200451
192535
216914
197812
211362
196731
193561
219906
207932
208191
210734
187206
198777
345291
232201
195471
219034
187477
309204
251820
187613
188378
210274
199646
304155
213168
203735
233202
208703
240856
189191
206440
254162
200969
190109
205478
197318
212138
192740
195695
272151
185236
355792
328604
205710
199608
296977
321375
330003
315945
245154
273246
325234
314221
247970
229282
247087
209935
237148
208628
185206
194814
223248
190476
240276
332033
225503
189032
314054
267589
349823
192853
200922
303266
270686
345770
327681
188270
337692
371791
193795
322789
270049
285546
185299
194124
197302
388337
186346
214045
256586
235499
244485
214343
357932
280002
236443
273804
242538
283707
190844
270802
283402
243003
213185
254852
201538
237267
221713
214234
225087
234658
270000
245065
214724
213614
228444
277600
218445
191168
206697
272024
276263
305638
327877
320375
268297
334236
326088
358500
369087
224272
370683
182045
265699
268631
248502
183208
386282
237501
226430
180245
291527
212172
221336
262672
222625
221420
226481
173726
245089
328949
211791
264244
271511
12655024
10530577
8483127
6449564
4318997
2277921
2392767
310437
627564
425738
364196
237466
282682
301918
275361
312289
222596
304724
246454
340102
195425
291257
214205
210199
242359
355559
330755
205138
332573
315741
229541
267152
259880
283469
259033
220646
225778
332857
188609
182577
184626
278953
278169
204855
237488
184930
251766
245269
364859
340193
308673
335565
197102
179974
277872
183967
173506
206390
202631
198876
187825
259731
345520
338048
181571
239390
194087
253837
193262
206676
254946
318700
176380
211955
277671
235767
202022
185673
258027
172307
192624
238700
323348
213917
195047
188281
226393
238952
216970
197160
190937
182809
189507
230180
212957
214440
184618
194131
205648
178227
214650
251793
227056
224531
209529
211464
230541
230068
214864
200317
222743
206061
192996
204920
228974
209741
210782
210137
210836
196331
210106
205257
194598
230683
187511
232802
201977
235828
181795
205715
196474
199240
190694
199262
187959
175703
179216
197503
187272
232987
191115
192341
206485
203557
188882
185100
195462
192392
202374
203700
194124
194111
179972
192153
223769
212866
221659
215834
197540
201833
196229
229725
215196
197389
235188
179962
239818
179658
178928
226614
216809
201829
205413
243647
187727
195317
189513
191778
193985
197142
176775
208383
224974
192855
183120
188322
206824
199855
208845
192057
200962
185126
194861
191765
200498
215567
210843
205197
215267
205925
237417
197933
200490
182817
228667
204972
194039
206518
221956
185491
216606
204569
222652
177556
201772
218172
447489
193923
188968
205323
212517
234358
212528
226245
235558
223860
209770
201048
176887
242292
187008
193168
206694
240483
195724
230415
194253
191963
179669
194222
188871
185746
217640
189923
213415
176502
190395
206123
212790
190195
185000
210681
197884
196262
185827
198634
197709
194650
203655
215654
197119
192215
198965
206176
202788
205448
205087
194943
201624
195934
190640
207765
196429
224751
203708
209284
198336
222416
195199
287265
174403
199538
200666
225925
206938
222508
261030
267772
213505
228826
246415
195796
187016
232049
221097
230406
242805
204875
211438
195396
238717
214710
210147
197453
218429
177563
230567
190865
196782
199300
237538
208213
196187
172252
192138
213443
202296
247386
205943
241586
250323
268511
191968
182335
244481
242997
193956
216592
229717
226012
180223
264256
189204
204974
217233
217582
226668
175103
184041
208818
174815
183616
297725
215675
194791
285735
184006
178851
185994
181911
199844
183911
189337
197516
204105
177204
191006
183263
188285
256092
200822
187751
193137
184525
198689
179501
182529
228415
193232
253586
205781
197569
194133
177881
233928
206004
191985
206302
196619
184794
176852
196592
196254
211816
198627
207257
192315
265234
191789
181284
206184
190691
292855
191593
260727
190852
194599
236631
208051
207022
215851
180228
211489
174080
177796
192354
202709
211557
203573
191264
200132
239609
181906
203220
227074
228737
235405
298634
207711
203697
228422
197976
224310
184736
217120
206958
185142
300443
186817
320811
301787
196690
213798
216849
198767
217483
236521
310074
204568
221509
278421
263829
213597
290110
295111
275566
291922
225591
196158
180199
229802
334467
215664
188624
193822
183708
177877
186346
268653
233861
293085
213066
332502
249233
467847
328973
175471
322221
227907
189078
179420
189081
209554
270149
255229
300156
249497
269822
179500
239634
206161
196876
274065
254502
261965
217576
194669
201246
277664
261273
267873
209050
251792
257086
191164
208553
183227
211684
256223
189086
287463
253624
277734
202792
202550
225218
203828
263051
234481
238130
179491
11388915
9272164
7219577
5154108
3026821
4518737
2403174
414740
311113
453528
172907
254615
252510
186282
211709
284475
181853
255016
198237
214129
246338
269774
288664
240794
195330
207210
268336
301645
200489
250359
266494
242388
205805
214304
296603
264659
189499
252892
254133
292414
359683
247143
341798
183262
396421
350810
243055
223123
260991
384770
334357
298089
228740
362979
186249
401732
405460
434042
423738
361296
179660
323648
351343
472243
319293
441919
310727
400362
437568
261051
346064
206706
367423
299987
170022
365686
483489
364990
333654
408377
182112
437831
260369
356930
512939
296158
403627
208625
229255
187074
387976
498608
533032
310072
406782
232474
367719
364760
415538
446882
232593
269014
378981
269936
330894
180493
370370
390890
331904
462236
409532
322512
285519
292207
194620
285975
260977
405789
180896
330761
309653
357540
363419
245425
391437
226353
181790
333503
303838
384437
173287
377225
218181
359007
235079
351561
380639
192678
402731
364019
261145
376240
258821
363835
462704
408768
329916
256040
369363
212333
438533
316877
240800
385305
229263
220311
226912
326359
321118
217035
207665
446710
405078
315209
199844
405191
216710
190010
375813
430500
207426
265605
378716
323811
362347
287172
184849
634850
223935
228819
203028
213060
443910
349572
243060
383402
257939
204101
249290
423275
239456
215283
402414
191455
238397
212077
369370
215762
212916
245637
447151
201151
198651
233189
192517
448692
401028
374874
333258
326418
374712
434187
299696
359105
368965
188535
179256
239896
376456
284080
410206
252123
221559
231748
224920
197182
312864
290871
186196
222683
316116
382226
195428
299655
207735
267635
371028
241914
172826
368130
268658
276213
182800
305520
284462
204377
329112
178544
273471
193992
217787
195326
196647
319219
186606
186029
200743
269529
202154
198698
194687
248233
333112
186657
200076
259961
201781
253271
184204
196740
400285
319076
194360
260700
512801
293930
286051
208078
282605
215943
179570
246805
313524
263121
221275
289039
205854
210526
181850
196275
272305
269888
221181
241271
302659
317281
278633
232328
218297
231447
348905
200727
206037
198423
360426
193294
294546
195125
358630
217716
289482
347231
301547
341567
270751
263696
253481
283748
271550
251513
268357
239215
201534
228948
195964
309888
276490
177966
252361
206663
219518
300939
365569
275451
209855
200945
240873
312417
265371
263098
201902
202586
319626
221843
250037
323444
265674
271550
202775
244021
230651
220141
215724
283574
205224
185744
247993
259249
243349
179644
236323
223425
215930
188355
185467
182959
189714
287055
248581
179938
189617
204014
204112
194215
174489
173459
206520
269954
201369
275332
234490
181263
170873
251243
301820
258344
278086
341616
276181
342357
169620
234494
199911
349114
231093
352380
237681
334434
206253
338914
210004
376344
330300
353209
359823
372981
395821
187432
362012
365395
367640
331260
346340
181447
338578
205491
341331
386186
393554
212555
403050
364680
450887
355956
412725
363986
238138
358523
468551
194683
370302
438176
420945
382143
356487
208780
192853
234356
374275
351137
352370
273021
184526
346652
343566
460478
396664
386735
334318
344645
389633
388021
379214
191998
414484
203119
217664
191981
273151
301230
187130
408047
352038
343876
321442
468467
400624
262290
260666
256037
402099
303785
188616
257143
456840
376145
285061
481386
456315
468201
314118
456562
419568
385642
364510
262706
318885
497839
393021
307964
505779
457708
446300
416992
465432
401826
408281
354798
471768
346486
379328
393696
315061
349948
287866
251092
241141
427116
470623
191428
14347165
12223319
10204263
8179571
6063211
4014302
1930787
2502642
438410
534724
406881
467058
457905
380480
530687
312111
180572
494653
217989
208539
288100
319025
239888
210059
196244
385234
371052
344225
197547
188788
297392
197011
338279
217058
197067
299615
274209
239771
209518
537993
373711
196182
531963
356327
454400
530015
217572
334083
468218
558840
295913
188414
428701
580450
391724
470846
399085
286255
358425
288924
497385
344278
431384
311355
497055
347715
578271
633669
457872
478632
610278
320003
544434
507557
432557
261118
195563
204912
214968
499416
525594
516824
296555
235968
366028
418410
423479
390029
511352
438752
343237
460507
331676
287006
295275
402748
447537
248644
404723
377155
176175
320759
411640
507329
360492
421149
221862
577723
481392
565067
547657
484776
504524
340254
340028
286260
466705
460056
334860
362621
344421
349211
294251
195313
352744
371136
217391
187881
470677
337025
360003
339646
214058
457734
240961
497799
192035
461665
343271
801822
482857
208184
445658
425692
475029
361632
417544
230478
417378
264138
428572
414070
413109
611708
315817
234070
518323
345224
366402
340947
427205
524308
638152
578906
328117
496372
216596
515629
517959
391458
637887
207506
295822
429998
544470
330344
245902
480435
216188
317514
372720
330630
344315
550077
335219
378700
359210
287240
278220
262193
441743
478531
392063
197334
469406
389733
264119
423126
314514
271245
220160
244453
190068
185842
218273
353314
403253
183493
209984
371889
187581
353429
196844
378836
386235
418133
388956
428113
304672
487864
354194
362579
352554
318804
209532
327641
408495
339857
301559
262683
246948
306597
359446
404711
208476
343620
326023
302875
447439
246520
473187
506038
232773
518688
362292
353860
202050
356538
201968
197757
389795
382029
284539
292494
256392
283683
355372
516398
445011
237696
237507
337404
392062
213203
202309
233183
388908
269117
210633
442304
390781
297594
285709
244369
247873
285209
214213
408173
186985
197783
208284
201850
376587
193730
334596
283404
221300
366044
269062
223520
252267
208511
243633
244985
210787
351441
358463
241580
366209
389914
389386
309531
356869
335405
218912
280106
339126
336442
205069
347920
196143
310486
193305
313553
282010
310182
310784
230464
273665
252335
303522
219502
233783
337726
223399
330473
206458
319503
315778
298241
227615
355556
357484
310539
308235
319356
347095
298282
363418
351083
341741
332679
315679
325118
328865
372147
198427
300920
222405
252804
256341
191171
181015
362129
310496
270022
314430
294325
276119
391910
295691
274066
339487
342369
336290
272495
283750
290662
419230
290638
293514
244855
274301
420458
348212
206812
207440
276993
305360
204413
259509
201000
200538
374942
250757
332629
191617
263805
475156
282199
343297
299699
301108
403056
370879
351150
327289
253395
338748
361910
474078
197352
382536
332491
430615
239729
210159
286515
369905
348984
521454
453674
472299
322325
397592
456515
461384
457470
172057
253157
286036
299369
268057
171436
201898
211375
435675
682441
239964
384236
388061
361877
564951
251942
304299
303254
188533
335604
348350
354676
419671
335359
499845
343303
453855
370471
419393
196315
483282
326567
433163
313234
202172
366953
358501
287797
410436
348015
514435
375352
330838
372078
538963
270441
355716
249135
335690
331810
435713
351376
330899
489922
407500
361281
210728
387046
308388
469509
363190
534748
456438
314176
198361
439729
472325
540230
300190
424521
251492
369572
408086
353082
211213
333423
350637
385472
436265
352890
211294
328089
347109
351127
463079
317688
397842
358114
341475
248050
283920
443391
353227
13279435
11155862
9097992
7009675
4882465
2777500
2812747
717508
462556
569497
568428
214871
492845
814614
493995
477181
401137
211543
392589
393412
327385
220151
592836
507535
432487
232422
413311
423504
435947
403829
236874
478403
213619
366153
446327
389984
535651
378614
293389
217722
346752
336704
340889
296318
207423
223942
221877
186241
241022
233081
250495
409468
307085
279162
325621
382005
363833
318421
311867
318755
190080
215483
328116
190192
251660
231373
260687
277403
278151
257144
233238
193516
271079
193009
315983
207805
211220
235510
253514
283551
344764
205959
229323
275893
343581
242391
194387
194170
260385
236400
288813
699267
211598
235156
258669
196952
230649
212935
199057
227358
385958
352241
222346
220841
192747
199667
193763
204632
176019
178216
201994
198372
182585
196243
212577
203871
206879
340577
204194
183566
185551
212850
188516
345471
217528
378245
182307
197576
250653
196632
218341
275240
276901
266003
248217
208544
186226
245856
279060
205824
204553
192664
200977
194564
280478
224840
185230
272790
215734
208509
309636
191909
238249
275142
258558
220066
272941
210116
194842
193431
238244
191017
187750
250680
180150
255573
193061
181459
197477
208824
277389
276657
201833
259652
248173
263458
195874
201716
211148
208759
197654
256659
203196
185662
214601
276408
186659
348796
243966
313799
276536
255267
191335
232233
192909
224697
220789
177663
249730
247585
310113
298864
258484
298369
320483
288040
184475
239592
261741
255702
292308
267505
272041
260497
211278
190412
216084
286150
244177
292165
281878
393583
199135
192505
269672
264778
299096
190057
195687
311210
274728
256459
275931
228925
276831
220049
251825
180107
193369
243954
181388
306144
248559
212481
343844
203325
214578
304840
192878
184983
274902
339672
285795
313009
319067
307238
391264
313414
253166
315875
402779
281443
424082
446183
360971
281276
211127
489259
323190
308276
371043
369344
190246
294661
197884
317926
408094
376494
300041
277735
197811
194712
190960
346737
324160
312597
316833
274899
256990
202528
188832
265356
207247
491878
230922
391489
232530
201607
355375
422398
188462
359185
288241
200107
352567
320489
258912
260547
506199
328379
248239
415734
288616
213538
300687
415728
318393
447745
385585
399676
253332
329297
307635
174773
188020
318659
235909
328866
405545
478824
293883
359416
352601
411135
295253
336245
302008
445464
292605
414733
326707
212505
416301
182488
347660
226039
230683
218042
292457
217620
220138
209330
218998
305600
266344
241566
216158
257299
329081
452788
430223
219344
233682
494125
291115
465360
339974
400516
269755
413634
220723
272727
428096
264721
369208
404170
380840
297171
371667
346104
261614
339180
262255
364016
374816
390126
257581
254635
302506
292385
400196
263284
357425
336613
326810
232458
328250
342380
390056
378433
400925
284140
347295
277144
380902
385172
420098
424740
457496
231607
342699
450943
271907
408834
246263
488585
225181
512897
496486
431029
361880
322087
370729
439521
293117
441727
456302
188888
537927
582920
380031
577243
426785
534513
460057
455751
188545
475119
495384
471062
199955
361799
622038
516681
617643
208343
592820
426876
588138
399782
612063
202935
187481
446232
422370
209986
362094
447376
381533
470306
434122
410890
180978
264487
471472
488618
212097
366707
308873
593974
332523
337056
548731
497650
215119
478601
523590
398410
384678
338326
548439
534336
502958
427659
589973
207427
277396
391147
436616
566407
634064
370927
614014
531439
209973
438631
242440
239473
539632
486138
237612
491277
572063
289503
474757
325543
447688
563927
698205
244750
9421852
7293256
5287583
3167335
1109510
4305052
2196217
1127860
1042478
386325
325179
701058
612792
764536
241129
580806
287995
372350
571517
218982
312053
536531
544123
398498
294569
458957
394844
404063
248152
268000
178462
527476
261580
498615
433862
234464
375395
394803
439309
449427
456023
376637
352747
410948
366795
370963
294641
285469
243928
281677
294906
345288
381447
394920
391584
354060
262958
269050
285334
225837
398932
433612
344590
379572
242218
410290
338566
189913
194008
398280
229749
285919
466437
534743
493096
473412
375427
538789
483235
224685
569216
457034
268051
392666
479002
503562
484641
376120
433596
525829
530993
577225
628254
602974
277478
525333
507699
279696
409084
615866
199865
303445
407759
195850
494575
424773
374131
296510
514958
312614
541604
438544
583163
408908
624477
372078
220134
241974
224936
530605
230063
250216
186564
294868
526732
308324
322392
244117
318785
312196
361701
347428
202741
239847
547284
299255
359895
387118
334594
263673
345489
360540
326908
538151
197485
234704
251713
449062
370237
549035
268778
478071
460895
553081
242517
492846
223936
420283
567766
241669
446118
234280
459046
462216
549283
209041
515023
310753
456415
255606
305587
552692
409735
292174
531476
274254
197219
580237
235173
561921
211576
625194
704010
476897
581488
229877
424212
522684
549870
549838
401717
444298
361461
510892
363252
546892
449625
317341
466583
328203
541955
447986
692380
677313
366322
645233
510624
677229
372950
303356
490054
315115
534703
580511
420605
718206
432696
652524
437639
468101
447253
574157
752507
517987
289750
562574
564794
400761
500704
679945
462541
390553
312689
197026
504787
462296
495842
587776
628129
355729
618228
592756
499749
472856
452357
449855
380288
423254
498117
681535
415545
623039
480435
677390
241091
385270
317805
402027
495892
681009
610312
471102
760549
429765
641017
484751
568406
497266
555781
453838
653931
602718
204222
690988
496382
608485
196667
435343
487603
310364
636213
374364
700679
426670
508785
373635
275676
463612
437176
191615
467728
596488
398033
697119
612362
338889
501418
283021
564229
219764
231886
324152
236636
229233
193325
192329
393368
270422
212757
380321
182533
285514
219362
354579
196812
277571
230464
521016
365294
503382
294809
522430
431245
310604
549114
630586
248157
474390
360311
201769
324865
263490
239857
483926
424164
370433
493650
549230
206943
814202
700259
669713
528234
709377
374862
742211
625203
678714
525980
235892
313113
198069
380505
277579
303232
388367
326956
352977
315180
441456
235554
313399
404791
445938
561279
651523
669243
422445
417360
468401
964643
270709
763710
428007
369085
372530
465534
785944
455786
613724
526928
554772
392800
455876
447210
234742
453285
526335
285316
658115
650062
371386
633557
511462
630921
489137
650110
625769
657265
391140
436225
273884
504057
727318
795773
811342
701361
448794
509097
600135
398297
414848
186931
295900
235593
417793
189586
491097
662565
296436
421971
688536
469007
643637
512009
470619
708894
579660
335299
653936
275498
658673
650831
285336
257056
713893
401213
386244
332349
510774
449425
316085
260564
488771
288460
495341
720754
539071
829324
660750
756885
692670
221131
537477
206092
216520
736175
715417
835289
542891
442758
583354
546612
587451
858731
835711
429751
507559
320112
688689
476201
418449
725131
699422
694263
472634
635142
768194
390655
858741
501251
445411
793656
633459
176416
900822
784412
191150
822583
205836
749918
634315
853566
777556
181898
734987
612394
317078
558095
851028
855886
465721
462380
840113
358699
542953
463476
359197
493553
392223
251254
11849167
9796899
7705272
5624233
3527891
2974322
838958
1345510
482939
928315
571914
1192182
329981
427795
671860
511453
725671
524581
470249
736953
640276
280564
597978
637433
680529
604619
789359
284164
430324
342716
367606
373695
275181
259097
262042
398313
764664
288177
492381
751024
610334
411484
662656
663937
696430
383504
197080
264275
744220
368721
580280
538482
226156
233734
203605
215880
190854
203449
192895
236361
193750
234976
205248
185964
211475
203764
