1199470957
977877
240917
230613
209622
188103
211350
168763
178565
235681
272423
283658
246010
193674
187081
214479
182835
252750
283464
251286
259388
231612
284656
223734
302722
287710
245647
217584
226307
187395
182575
204613
195013
197014
267847
240594
215625
282992
197096
202958
197680
290877
235477
228505
228841
188221
257609
185838
168376
197363
317704
217419
264081
216327
210283
202542
222300
180021
199083
187466
191627
169906
210458
197609
218459
191543
196876
196511
199598
207055
215574
196605
219857
203379
219812
202303
192883
217697
207089
208645
206542
200486
227639
242128
247389
193205
189199
215514
193368
201151
201041
192615
258864
184835
250593
213980
238605
206050
216756
206393
193155
201632
245166
301447
316674
316293
243212
220088
200820
331213
194560
390807
325152
203888
209905
225223
206235
300977
211965
269083
326438
299836
302752
277584
233265
264235
201823
300200
325283
257276
188518
179154
188061
271093
209022
250801
217741
206680
229172
218097
279119
247479
195831
207326
240537
232448
263553
243270
181951
171493
237550
221552
212549
197043
209263
187583
262174
193162
221992
269227
211587
260311
231764
220941
211354
198735
210239
210468
222889
200868
208644
210974
193830
221333
281276
242463
194345
203045
248493
174176
213372
180102
320159
251617
208123
204991
220009
272656
272945
222254
234474
212345
200367
225852
252214
221893
258347
215785
219054
281189
218323
269779
191016
219592
228014
197718
206593
278234
217118
249093
200660
198259
191518
219786
211799
224851
208736
208692
188615
204360
207678
253709
205310
209270
219211
203957
203284
188271
193580
196708
245098
213958
191662
202374
202160
199389
350808
200601
246638
220776
195853
227310
205374
242728
164788
452688
417647
481714
215176
285189
318040
254989
267022
254973
255725
190411
273259
309691
204200
207677
267451
224580
220112
386312
279275
194722
227511
293764
256570
283224
266539
233834
277766
219288
217139
261192
179212
300872
256084
280436
279750
267817
273796
245413
330448
256609
262442
259927
237192
276426
253384
253400
243078
249678
214914
240424
253655
202307
236564
276869
256214
246362
233403
222115
197223
212284
232528
204960
266522
254544
207671
222525
233253
212232
240150
201263
228996
243779
241917
218823
313189
212709
204047
220827
242548
204869
230619
298860
190209
272659
275216
267993
194662
212134
317881
208835
201625
243745
235041
170360
318569
225967
242751
284241
294863
270814
216258
309770
284508
195094
223000
236030
211969
194679
254146
237105
213402
194742
335711
201033
196165
198881
200986
333234
318789
217369
186151
241928
210846
242465
255951
209634
221353
199545
208141
334552
235502
195112
187288
251514
199230
334195
199577
194150
192282
220638
204580
210905
194285
207779
291012
233565
272505
302894
220429
225895
235787
218893
205848
218961
316145
338900
426839
284855
289297
300585
301275
261417
238060
331672
291540
216169
275089
288345
317260
218890
249839
240899
289307
263356
281896
330988
240610
234566
244840
216302
243084
230658
281795
365408
238757
192031
242386
292217
278998
294492
256796
313221
242435
209622
248580
227680
223968
255995
243749
209435
192964
244014
240901
172012
205688
217490
232947
258517
267900
191653
303222
189021
250564
252521
269159
191121
213286
188611
245461
189658
191824
194092
197435
213213
222483
192504
198150
218138
181984
220738
199982
190692
260414
193604
192175
266051
200493
177408
195330
202950
224302
218020
211925
207898
200021
204088
209879
287128
190889
206744
189821
192202
296880
250620
201699
265521
191441
214764
221616
348902
219117
229862
194569
201740
215979
244689
267837
198750
364403
198063
228837
209689
196929
314844
198031
226657
203640
236349
209265
210413
265973
213076
232347
202641
218948
200261
194673
222720
189924
209588
12553565
10400923
8328667
6239406
4116614
2033680
5358320
3310286
1189697
551286
245213
239187
213687
228481
213354
203081
194569
241077
227904
225726
204589
203993
212690
220631
219218
197831
297344
218250
211987
227918
225169
239005
249940
404957
331013
220747
223608
273419
235400
209129
210752
198635
250386
309922
204613
189971
256565
301673
254233
215985
223216
435204
367362
331184
217438
171394
227637
256171
227125
202839
296615
241706
200346
216592
287886
225575
259306
255686
251238
235667
250944
235619
219366
285753
225594
221284
226168
188413
227130
322183
228239
233396
267527
204703
193720
200422
213341
226789
228246
219531
222388
206608
219488
221942
224452
195608
270479
241863
251586
244342
243549
245922
235095
270268
299558
212262
211608
268735
206665
285732
372637
329515
192106
208192
239124
236343
207566
217439
219339
205245
214958
208401
200942
212298
200307
211538
211277
218095
204764
211331
237339
198382
204086
199851
204977
199872
299078
219174
303918
288600
192692
189401
229055
261396
277319
222371
325681
183179
301044
273131
216937
213831
222612
203934
246617
205623
204213
230260
207253
196359
226314
208633
206387
199869
211440
322204
204767
209078
201971
209213
209299
203623
207938
208884
190744
214462
193501
201319
234916
239615
211902
214998
228922
208476
212420
197440
217710
212498
212648
199355
197027
226913
218769
232523
212104
197791
204057
234743
223137
230230
193083
201897
199216
296099
211780
196485
207499
254293
240643
200473
211580
230681
230262
226052
197642
204956
246467
213810
217841
221354
215938
206288
200617
212188
203586
194574
207399
199831
214955
220486
205224
211717
206156
231010
213202
201102
205589
199115
204133
271524
196034
192292
191461
207736
200611
201041
226313
212070
206055
206276
191558
202489
193684
229564
213702
188999
238329
195164
208785
183746
203959
177247
220474
259047
202495
205923
221038
208780
232582
205729
194054
207371
219443
216896
246929
227574
201528
193914
217226
219879
282856
305865
214321
232788
188625
222145
207251
247350
196582
208095
194764
209491
210607
195824
191559
204104
213479
211148
189432
201188
215481
210624
194707
193948
248004
205131
230093
236197
221131
216282
240997
234757
217323
226975
203275
193018
211717
218802
210129
247249
238807
226508
248311
244652
236994
187793
197111
216300
213600
240291
207271
219348
226236
184090
198137
183233
246153
177354
232144
212177
196385
196568
183424
238774
254818
233934
244682
239484
190354
192236
204493
194352
216452
257576
271878
244818
197813
294672
224693
239424
204781
328618
203710
269586
251940
224391
224995
189425
203971
248405
259502
282335
257888
298627
261550
228321
276763
233896
218558
174597
210667
186462
231814
184951
178122
181718
284210
201707
188188
222407
224990
216128
251725
215894
191532
224719
188295
221276
199369
165072
301454
349012
204858
175772
198041
280289
221978
199302
202089
220909
202589
216781
212716
205061
215990
219888
204002
195010
198971
221783
231280
266373
249003
252838
210855
200757
213000
201220
206239
273524
266061
225923
201614
265253
214962
269591
209753
239038
310588
235132
219540
192735
208985
240681
243433
236731
202689
241920
204605
236323
209760
216669
207291
209376
215136
239775
228147
226504
207140
210418
235612
247128
233347
222504
185188
215385
197478
182458
208041
245571
198962
240502
197082
216639
218123
220354
211905
200566
188715
206972
238350
211954
183721
207822
205960
223428
213565
248780
233557
206657
198642
248520
217374
203791
235537
206282
201081
219528
207496
208782
240482
233171
222390
197645
245611
227841
195969
217465
232400
210835
209880
194364
221817
238002
225457
215427
201222
201027
221852
186135
195462
205381
221599
196895
224710
201022
213245
194883
201183
239826
201536
171266
170659
236255
213471
212487
231014
190193
243460
183082
240091
222204
251080
255673
206956
13719405
11600563
9547625
7522779
5404165
3353746
1314619
3894521
1847324
915198
477416
196441
209787
201664
243271
213019
197029
246118
239036
229656
214099
222655
236475
257595
218026
216605
214186
223503
217156
262972
255557
220229
283621
206609
209722
262138
282101
264375
222501
199070
187483
228566
323642
302094
219032
212424
300863
235443
226107
301204
212742
212333
295971
234449
230469
371089
211742
314443
232973
248829
201106
216094
251355
344364
260170
209481
275199
277580
232495
414625
203422
240485
225097
213772
188863
210352
265326
305176
198211
368740
260018
220122
186853
240971
270613
258628
209224
235603
255141
323085
312585
227558
233426
234604
245045
239138
223381
308488
229256
243525
224288
371785
231419
288369
190557
229893
274894
307486
266352
412056
294728
237099
244760
166630
212043
198247
295514
199927
408845
301708
339939
303824
190271
289296
215566
197204
273512
248025
206595
378512
402622
185200
376806
358639
320177
400315
389022
407771
298051
291207
240657
196380
189514
346960
262390
208667
292283
245460
423511
202629
360032
329644
317067
255781
259375
314205
327952
339409
322649
219341
224285
353828
233583
316918
324172
312258
189939
243557
255579
286701
251484
288281
275033
242867
304456
248755
304841
259339
322306
223679
219449
252057
185516
306054
200638
273297
187045
250238
165111
228383
312725
216886
260502
171614
400325
340135
229489
272231
267987
395835
291860
378226
393167
255814
397246
349977
307757
419869
469250
324206
338073
338488
292660
422633
339307
441633
248654
383669
483531
216947
329252
260013
261008
420486
289960
361064
206677
254859
178988
407700
450758
460299
397955
346410
273473
376230
385525
424894
307482
308600
187866
302196
424837
208519
419650
437586
313428
335018
176420
319341
336622
339267
451734
235333
358957
308439
508175
578381
495178
534945
359280
361989
319490
636468
386229
300717
399540
546483
293513
491422
451635
321346
338415
295853
370837
275500
361127
332160
463511
200995
324867
320655
329114
411624
244136
223104
198600
459211
456324
245817
251050
310546
244608
346505
328856
243734
346963
334831
206441
413447
251454
402256
281719
368517
289766
280881
212536
448128
322255
258103
219462
440963
303717
292560
385265
214949
307941
369731
650068
528677
454782
354812
442915
287614
201754
201249
551964
406656
683902
491041
515439
464659
253058
424683
279660
368758
204224
300253
660800
338062
502340
393791
196695
605103
516644
544329
580698
423782
435691
354574
308930
260650
357631
495025
174167
201023
380122
438635
300291
258202
382277
335201
413795
225714
240169
298553
323441
288812
430656
364608
216032
359533
221285
255826
219745
383085
288868
197041
272478
236614
347120
346734
360477
322329
323559
248109
227089
239938
259991
266507
324896
219291
236379
248782
324165
213117
231551
199405
209942
259377
406673
326094
240758
274457
209040
243673
197596
209156
275476
222390
257789
252665
299516
247306
210120
260214
241637
206718
266142
213064
225050
440646
219973
223644
216536
323429
212380
294435
349725
239080
217284
213011
241904
202595
245957
200559
187111
214347
211220
252335
209169
267811
229329
246229
318173
312146
260561
339726
193447
370516
258324
243015
224345
212111
285975
282830
198604
367121
314845
406965
241780
230509
354785
296244
189977
221975
203469
221438
206861
504994
229259
491512
215373
199880
220280
258253
197121
195155
197327
178249
243802
220741
190384
223732
236362
300686
215648
228778
212519
277962
299487
230274
176088
246908
283203
320883
270371
187358
212842
207714
291331
193439
206694
271105
241377
388764
344641
210395
247582
206904
268411
306929
407566
442235
245805
468833
379715
246551
304939
506668
422720
339140
284396
259735
174198
297834
539969
181606
648375
308137
282854
232630
428803
549323
568480
487732
210724
584053
368885
446684
233937
456737
278711
337749
316600
277416
386674
258526
13560564
11443636
9388877
7316145
5189300
3101921
1004904
2816242
677384
1613255
562450
382100
594348
262452
577748
304548
464640
223547
189936
286058
590738
506360
353201
365973
200883
567665
284528
604444
433223
212760
504956
299535
522099
176130
353027
190554
177507
481827
483575
256935
431962
259207
273140
379783
523007
393953
240124
189848
470229
301651
344518
339339
622996
310775
505361
350356
373374
489656
174580
404315
437152
208485
260729
212399
331374
399325
396827
377574
451239
199709
221799
282161
421110
593738
218628
435358
380246
417877
340751
358538
398665
381163
380685
466350
293955
600080
468069
400286
538823
532020
244570
251963
648797
274715
576135
223240
569732
519565
313754
241449
355886
199245
216604
184189
523455
360984
330659
673465
528017
341400
491161
631186
314528
566014
513073
512237
608164
610947
660901
380489
602296
625114
649372
391344
588671
624224
412940
219491
482358
669254
645168
477647
368139
569638
633240
647822
431403
486026
297447
355518
720296
597736
574302
487341
222507
440974
311254
461502
538356
282172
588109
671455
392684
441362
563601
323863
373895
494920
373820
449271
324347
522819
442101
316313
371064
374165
474137
286057
171899
253759
437713
540602
548916
508135
552117
409902
379921
610895
515405
359612
521172
338703
391966
469343
585995
347358
531356
386999
526341
434841
284374
522725
406707
452891
297726
579365
589105
237284
636523
517789
491667
550437
443760
392224
683720
293600
374482
560513
425088
622120
302892
339110
787692
221103
192455
675259
344523
615556
558155
549730
165750
724457
732039
520779
230723
764829
419994
466863
540870
380800
572213
646223
478990
391548
609923
399610
467274
612970
334296
519771
532795
351419
453627
245963
694258
548830
562080
446655
163912
672312
256688
523164
296889
593734
241571
371095
419151
226336
199514
219314
324294
385748
447181
324358
317820
387538
437892
469182
634813
517227
291159
331360
225230
334387
242283
415188
561547
233599
606822
336178
265914
344277
445833
394159
237266
244342
254090
450433
589681
448055
243908
348398
373177
326912
320723
432012
372651
335280
378672
420491
207506
272608
226634
224557
332456
288581
605922
366789
340240
377757
479349
219688
586380
517356
618161
358912
563934
271868
481817
639416
630475
520785
301878
498003
447431
524236
550581
197858
205812
234519
456384
453682
384918
369630
333310
272700
325879
288546
464136
470207
198570
307291
274254
317089
383646
688869
518782
253072
684700
182761
242216
389967
353574
543146
308451
756634
231717
200503
253337
578649
317410
474492
496947
635020
412984
416665
551611
448788
394231
288821
595784
424384
406787
327300
516685
493737
636070
337199
559973
193815
430339
602716
285782
462237
338406
278876
596877
250403
558698
334321
378538
591346
582830
388643
410294
574703
304441
218777
424193
309314
343581
306867
510402
316751
418538
521364
215733
686902
362981
585659
430039
504195
319720
410781
538314
539158
286859
573313
697349
205186
631435
486523
440410
618413
780098
624650
318684
477462
474870
378364
495192
421687
258201
371615
280428
441270
413743
269859
440689
391488
343259
335603
303951
556626
349235
373229
555506
271150
262677
197831
371405
365115
327988
263467
217784
309056
267540
256226
1407292
205592
294849
198741
186810
218970
196557
202118
215974
184407
191079
196634
213829
193997
202163
192622
196029
234347
163626
182545
186117
248237
177968
208990
178348
185966
281261
199264
182261
252833
194761
221480
175002
267994
211505
210078
209097
199064
227127
260665
233816
167879
196052
207260
283764
208310
185474
197760
206368
192741
247153
216370
197322
206560
242731
269219
213130
231437
251049
268799
218356
198794
227403
190509
320399
244545
202005
167107
235047
205083
256894
183311
193453
220106
229301
216318
196880
213243
184753
316708
298665
214043
275057
271485
256043
332454
195267
293326
208306
223707
283363
13877777
11758944
9715627
7652123
5530550
3483665
1416333
1353799
2240324
514347
742545
202570
322188
341042
429356
364459
373454
236456
233000
282275
324819
272386
230733
316233
268898
203099
299760
205798
261114
194907
254249
169636
240647
192569
380731
204125
289538
286633
215874
169852
228249
324992
298599
244970
194768
307945
305533
182921
192575
219611
197099
188394
301039
235572
311450
189487
258278
223084
307763
266972
187651
219538
225837
255711
188490
191228
329786
163453
264159
281288
238223
476980
326878
230849
217851
318567
399603
356256
325559
286268
186661
314007
232110
307672
336858
282042
275934
168316
315654
265388
290687
428323
347354
257091
239357
334726
382490
216529
191159
308852
299041
283187
250218
317043
224660
254210
291060
459971
286895
328166
253267
261160
303026
466489
312123
305947
301625
270688
331659
371623
320948
251667
311578
261155
200851
253671
282979
243531
243406
302487
208921
243069
324187
303197
226803
270811
237589
417407
342679
201981
239460
415678
351939
431110
329534
320860
416499
239718
300347
253774
341926
371387
253163
341922
318997
271058
299190
375035
238877
380673
303494
264331
293042
214598
363741
230696
314913
271639
291781
345471
359692
204010
325727
216927
231571
344796
259631
363921
413754
202525
256420
198145
344788
230991
352288
313814
267619
471571
377215
227802
279557
326282
344690
198898
284029
239973
201907
344974
331107
313023
443433
406050
349171
334286
342291
219583
349986
482876
220009
447976
555230
289780
308800
418822
464025
495380
352459
330209
235541
448129
234972
488408
295833
476113
467825
418200
321250
464135
432402
311533
278685
470915
530373
355184
412322
539890
386529
238439
204883
455253
418320
410828
374062
456337
427737
222300
298839
410424
359345
431043
290967
356111
323680
458516
382300
338773
247743
487369
190222
281780
489277
188951
483140
369257
476291
214584
409959
569426
375775
400616
334573
252207
453555
252314
435851
351822
373047
471662
506184
241875
304695
249285
305384
383134
343388
372290
221003
543666
423605
253249
213776
557016
337419
681491
341294
466316
352539
385419
352282
363017
382088
526391
373522
595651
397952
448277
417028
200944
606119
520801
386760
539723
439301
354919
323332
521673
674861
401994
269692
574867
286638
340775
217648
645723
491776
201334
452447
327992
324937
374107
357106
312798
487529
483917
199712
689869
504600
397349
476129
394834
446517
209109
423428
425578
446392
582017
604681
491751
529918
203132
437820
485375
325596
356619
515660
547791
398979
336228
211195
317805
534177
498343
369857
212868
256676
374799
500453
532650
344105
476542
398473
402047
187563
479174
487299
340490
578785
526501
331350
652081
569633
342336
490957
509093
559459
490580
541334
486108
302403
533196
299571
212690
504935
565585
473563
441999
631618
207286
394049
294146
456214
387690
417969
357988
401539
576647
480792
513168
380363
226011
410595
594808
580212
534144
527233
215866
261236
244849
203976
479890
345948
515121
508673
595470
326582
379082
323640
317037
310703
238860
569484
283003
328056
330298
388670
237701
458517
185227
488393
497469
364423
487764
429407
521426
366189
403368
505169
443238
450495
413877
322046
448117
408692
253088
295106
357300
364325
351408
358263
327107
231001
445563
353815
301330
390720
394204
429894
300447
418163
319180
240406
193068
360561
493142
240031
185821
268379
365515
297393
313408
305965
410640
289768
449121
388325
245743
291099
386564
491473
335909
303028
343778
283742
320563
383362
316587
1482841
883292
394060
333163
518444
326680
265249
377787
338491
311313
368239
427297
507883
401254
376953
335250
423044
315232
449840
414857
503055
473766
504920
234653
441604
326085
229740
268677
549628
281198
491183
451826
487649
421213
500438
541837
270314
450736
538640
524999
466428
495677
268178
461359
580003
451679
556022
393298
189923
198912
391858
239602
16615367
14494535
12421630
10331610
8201782
6127940
4043094
1920282
3003447
880779
1255115
218364
801732
731638
755060
366448
204063
217212
241646
506111
546482
322758
383381
384143
324920
504139
433128
235539
620142
289132
208085
495402
408686
476577
515130
542127
302073
645887
214462
279677
204460
264548
657034
631314
531482
442709
596658
433724
283655
635120
679415
495233
311544
434364
640480
556686
518055
632732
576607
723057
657042
662279
337400
692362
654608
447335
465280
279852
475398
190179
532238
469879
569001
517793
505701
195378
715539
531122
444237
363492
288029
367245
274945
510261
208693
549635
500814
457900
688044
358905
209751
542202
455117
465047
216707
485262
409462
618976
532018
528542
246513
511028
306847
217448
432724
587414
643788
740448
582138
499212
205268
541380
610570
443902
654009
505376
334849
225028
211008
500351
535244
541645
700076
207673
346478
625601
458924
404535
447610
469290
516397
326381
528000
543161
708583
761803
716872
312804
253048
274811
697580
339656
625821
473690
515780
260860
303350
453794
421022
582757
367970
759576
358094
580568
569967
291029
258711
513664
657547
695496
770441
232355
288322
475783
427813
430887
707761
550949
296017
437776
202610
278012
366363
390308
170697
219167
244350
460600
190844
313416
207328
339531
235113
352556
536650
350259
240349
587197
448860
415663
244220
287793
492934
254007
472481
427525
580940
416830
356046
291275
317747
302967
246722
305571
466677
798452
472226
203197
233792
203014
387335
648558
368451
282468
250030
224779
357279
348618
238030
649023
497960
485216
239607
275242
619943
555878
261517
435190
362849
490623
175069
593747
669247
167334
246958
680584
273484
355785
331877
341462
756456
236931
331496
244496
411301
242910
267819
382659
634750
353701
646637
350022
439277
511615
376854
515384
306750
322123
378876
317448
384407
196542
236022
312240
532780
514385
495695
349118
799788
676146
392045
600025
577732
510440
662333
229498
305235
419650
256293
317811
364127
272874
309107
427458
192714
176052
262260
405779
314207
497263
246813
577351
442438
511501
391310
470924
464535
333805
469144
365624
323941
292011
239085
276063
405654
284659
229743
311085
403976
416885
346708
264170
384669
363046
416222
230436
446033
282558
234955
207076
316561
295052
427109
258034
233857
390932
330550
274273
360864
423621
191268
446198
445610
197851
401010
494671
381209
327092
420251
353649
587789
473726
321036
535657
566240
382567
486238
283109
330487
367756
413028
449099
334000
213066
242476
445680
413110
335283
288165
281309
283586
360014
418496
344439
476890
320689
302258
287099
525456
445110
308348
360711
285293
323880
471761
470731
429985
413535
654538
458315
273528
375647
439879
465598
453115
390786
389270
280214
430107
423120
276285
433167
351636
455080
348131
365666
384497
321851
343445
355808
393499
434182
189268
297138
281376
337928
355949
463454
224482
394627
443821
431606
357516
515568
366830
273766
411766
412133
476302
379808
381610
441872
258737
681630
224989
250247
506500
293525
582334
258238
392630
419678
266925
395597
566847
342775
384233
295032
650825
571562
199190
377687
653071
576934
475038
312219
515113
320191
634780
430210
649989
256621
404817
326091
567114
494950
209745
627129
626571
498132
585938
223558
192458
270034
604973
598117
491409
607792
391354
697604
619056
556633
452064
203397
512208
589609
262335
687581
679078
510950
371342
449672
789386
653356
522854
242660
317027
733121
677729
303024
406333
548900
670752
476375
477167
509359
224045
341418
361350
289057
591771
351773
262107
543574
490381
717287
417218
757749
684947
431601
455726
656277
280659
390007
366548
489279
625233
289626
514855
617660
544208
486415
724120
589147
710287
477974
366941
404063
389611
445543
362369
355538
558728
379471
634880
490585
534479
649286
503962
214150
224579
766451
492681
611890
822492
762425
496683
684991
15780981
13724634
11606241
9565930
7499789
5369784
3350806
1297214
2035480
1559866
1727547
445135
702414
539581
700764
414742
523441
392934
491367
441320
355934
544730
613485
420105
459648
331212
649534
558969
441343
452147
710240
608320
603722
526925
685901
512427
300815
689459
488548
528341
552282
550754
610329
343605
605279
232976
560189
662302
495613
352512
623843
616542
588410
558176
387665
594933
785182
602171
400460
578519
498014
536514
520496
408062
224948
811603
644167
357280
488923
450015
638303
746009
785499
736644
593453
800374
350481
807601
347337
393023
319680
404061
643660
780319
254757
464778
257869
394321
539565
241943
542819
648888
692521
604211
270967
641040
454154
295005
611003
431801
467448
423651
771079
475266
307579
720384
532769
263195
259159
675358
628730
587029
634989
528009
513382
674323
731776
507576
358750
549753
699316
583555
404682
697580
636298
473289
636382
539549
775663
705840
361855
360941
407013
200429
432365
202591
511020
205559
260749
722124
600268
579962
746989
413562
805346
316782
666265
566196
550784
224940
826333
463002
533792
850869
638550
371397
794293
556976
543075
242904
337635
469754
505544
476631
759179
552359
553539
531435
570449
646080
465995
290255
289909
649394
506715
760971
599681
684917
542006
779233
528003
540846
377558
279622
527588
569988
765118
782603
402540
236455
409343
445861
466974
722579
620019
222251
559285
574777
574638
679764
328242
667835
418121
376510
356602
571553
620195
285558
455522
669149
387210
417256
556675
562755
430480
499211
417579
494219
554812
202860
396207
702146
609290
770778
565532
582665
444210
453585
708071
455064
426819
299316
545325
716179
279620
280232
583469
403492
507534
515329
644774
464964
573325
469457
483313
289906
456591
688951
678290
305172
666449
283562
303044
217260
317725
673631
189903
467991
688552
573001
550753
636434
563581
258520
512888
693004
651342
426115
533816
581419
536970
434572
712104
342636
677273
725118
576931
798351
628368
762505
457819
191846
500209
378386
268437
819351
599636
188999
693236
576735
456776
550452
413017
298629
750248
399642
229714
946540
373178
608894
533233
774675
487192
510418
273601
439738
742107
436185
600829
499489
373848
433603
816879
254069
812263
811458
854965
343021
606898
450782
697657
725171
734053
481092
527660
654745
592813
439798
764889
759543
632993
194758
544198
755965
272661
346951
467732
474055
389570
523580
446444
749432
426512
254513
288954
209227
683117
445175
336332
806426
252334
816330
486489
304329
893912
683196
367160
601136
625289
484785
579464
703365
533243
581056
540722
581467
863856
888129
908682
696537
799081
665231
728041
829322
316177
503493
158035
233745
758572
620745
392052
620298
711398
462440
478838
614408
498743
774206
513042
598100
315541
910577
445229
647394
695171
806189
482295
546488
585336
634255
766399
901096
321427
205280
607632
486935
590803
915221
755621
334586
629066
464482
436245
627073
196611
227886
812322
547918
882588
914562
525410
632845
302765
196718
639208
642123
746913
294042
905996
794189
836879
771755
921829
516556
195524
655245
733658
925967
720333
193984
825601
806644
487442
598262
680091
1029733
873471
262935
916530
828842
491922
629039
958483
799076
621059
545595
630078
714502
530706
796741
441154
1014614
698876
561901
769669
793820
806610
804622
642729
956824
672515
567965
353543
433582
718803
793474
488765
880170
283873
430987
510690
926456
421239
347026
593782
951702
688362
647121
728090
354853
505597
853112
387167
213979
419600
689009
625787
878491
783613
480082
832608
190468
549110
669571
423872
384753
794973
737816
646836
424687
927892
875003
827661
808274
387080
849459
947792
559645
685970
550782
885501
755600
585951
622690
326756
688697
594632
647297
519550
579108
616908
243890
261100
445792
305438
227610
274125
568627
369246
410923
457163
309038
389066
207229
251276
484687
263005
293053
335532
13100476
11023729
8980721
6911829
4791923
2752611
693409
3100000
1028687
1332116
352307
332952
326234
271756
219011
431429
575741
432358
378307
271973
210508
252089
433180
309438
212565
450579
341140
292515
253860
210626
219563
392861
294707
282750
425617
233208
232877
256709
228576
333313
227131
342141
208129
200810
218597
214389
179452
195916
215236
203056
200075
211958
200512
207472
216216
210404
193886
209414
193770
208870
207292
216603
215126
204576
212812
196028
223552
209388
207898
250438
210367
211772
214981
233970
232871
199584
208807
201409
214889
231264
198152
219197
247900
235326
203554
195741
221062
206997
219734
234641
247731
219132
204059
202442
223995
191075
205247
226690
207881
207998
207691
210995
209044
207484
227148
221979
217967
229123
178564
212910
210383
205198
227848
206347
203334
236038
202259
202442
208457
188196
193906
216942
200122
248179
205755
204276
201885
201313
206539
204037
222360
205969
208234
245129
208768
201809
181979
217318
164195
180552
173565
204132
190300
205487
184284
226728
225670
185565
205104
182443
198682
191066
198935
215216
199023
206206
209399
201212
226475
215881
204411
176721
213657
165203
205553
248306
197626
205269
185038
221748
181020
220806
242557
185015
196380
216681
203796
214760
228004
196604
250887
255906
217503
248377
252640
211719
227618
233082
312014
250616
231722
225287
246280
242522
232585
262582
225676
225698
223189
236094
304846
253988
219216
269027
219902
207479
195591
201316
226910
192413
219918
209664
214127
206571
253166
314672
251945
177907
182345
300868
271881
187278
188384
209606
183907
208873
186148
191614
200772
203340
195714
220899
194240
237201
217805
226440
165979
213550
178420
210850
207440
236823
170323
187651
184195
188400
185450
185616
261443
224842
234650
213476
213871
244739
338380
196167
208503
175683
211617
173429
209259
174529
184842
244083
196918
301357
247063
248334
354923
314317
259163
283418
192620
309540
235088
241784
231784
216188
369374
263698
258289
222904
310407
303257
249103
209979
188700
212658
330557
337746
248746
230313
333005
215544
278249
324221
292642
297502
265535
287540
202547
321018
201713
194783
206052
237328
216248
227381
201294
261341
177360
209383
220756
213145
182078
212424
214527
200637
211140
322932
193408
237075
213236
229673
177991
190888
195149
207822
228052
237591
218635
210863
209826
216301
237830
180974
191887
205277
190162
209098
207004
199994
165873
195351
222467
219915
214610
201167
209997
197018
195145
208849
234022
205912
219432
200995
222171
204700
231002
199716
210537
205566
212536
204449
202027
212250
215376
237482
218153
196220
204828
208670
202485
214283
217321
206294
204616
248148
196949
192265
221999
208435
212711
210598
213193
323761
271517
221889
216844
307579
237131
223606
232255
235768
402465
217725
488456
500583
296152
494443
247175
385156
545653
352700
296499
207706
298916
322192
384985
213458
214879
248424
281686
259021
433915
440584
211702
342988
252711
408185
357416
322955
201234
269813
204402
375314
329295
307228
312780
377562
249892
295722
807335
229419
228944
527130
396022
454302
507547
334199
245522
375284
655156
267542
622174
548694
184766
706168
191669
502250
946139
202531
188747
269645
499327
432077
457247
1089448
380552
607473
1072259
361371
831894
997592
690936
819830
681995
188113
296724
550937
392173
909504
320900
480115
405548
300157
319444
198332
319623
525175
426040
229038
645921
465899
228089
441658
683896
702837
233541
245072
217001
450929
205596
455081
289763
330734
462765
216376
835908
255860
221829
206620
627074
201085
186834
210200
229049
426528
430997
206133
454108
218231
268949
714088
375092
198489
284429
324107
210467
296215
547499
285621
270125
335094
704912
546767
497260
216699
289245
203974
218649
222321
218812
214172
626193
215065
437001
225443
412456
457233
437443
203032
279773
276958
285130
282162
474430
207744
12528172
11306347
9182739
7126176
5062082
2942293
5331617
3273837
1155173
1336636
1559029
962831
1144360
155451
306839
546957
430969
879654
474818
431826
516644
181204
655502
310337
648029
322566
507370
210510
343757
261385
289671
456210
272493
564970
1125672
443701
452183
744715
233028
238828
750982
304129
289340
414816
376405
672556
306963
321277
967647
223141
1096393
760820
470714
384981
971443
1077586
225432
260263
393606
275976
967103
427506
774751
979079
1163223
778273
1031556
1067015
1085983
857136
930377
886234
789800
982535
567816
732333
1007229
477843
933681
659142
928120
571582
1037097
552480
857034
1028978
1098038
584945
1117964
830080
935637
897486
537461
543931
381036
1123360
627436
735999
580032
1030106
341583
892759
175405
1025118
510508
687939
726002
982232
196121
625487
488105
811276
726492
665032
615593
587234
566214
1034136
662142
863928
588456
727740
801060
998548
800016
425742
341845
608109
461541
1064459
234200
744715
557209
176109
674576
1036119
524290
841232
828345
929739
610248
568061
663866
790750
915137
369947
567807
1006227
815653
576169
694621
780817
952851
430312
777395
544442
413387
425281
893501
878050
320788
759878
707635
701621
1052984
683211
1076600
895841
1017018
489409
964729
504806
209667
421809
367868
681260
1050406
828536
508746
644044
593611
504961
665431
599450
862654
432616
632348
546842
817328
718097
688813
316505
270003
241082
310002
904259
781163
432987
899979
945224
653274
564637
775919
368187
653369
677759
657427
876644
268891
786738
659264
899758
807830
1001892
752888
832974
763638
648739
878765
896904
735227
610813
557394
865761
907023
775826
809326
862451
838029
963975
614147
656213
802803
934301
591787
1002149
236801
383370
926143
760217
462832
551298
606204
643302
678512
494193
442535
847866
851139
877723
745890
806392
519772
715410
894125
366256
670020
166912
824990
619585
793264
504147
521518
865348
519029
604880
702344
488821
784433
685299
371981
284554
529842
165040
380256
519788
236111
386543
443143
803177
589649
866332
342735
384308
589431
716550
538164
400675
749888
834560
609593
333183
760581
714213
257901
524613
410671
304167
466241
474307
259122
269435
725666
682029
680257
184787
641027
252236
365744
450561
644916
462060
421877
407038
639239
415925
631295
505538
288148
493857
639630
644741
400812
672928
478012
576832
227267
246860
661834
691797
554050
687544
886437
347051
479233
367201
877250
291557
232606
185913
748281
517521
169620
300591
665147
466927
768502
304524
809791
377456
554689
380800
360096
380694
239508
202871
567174
722157
456075
331509
493463
539080
815666
194235
239648
248378
322065
597688
487979
749095
324769
701079
328914
542902
566678
209232
553612
354304
205635
228417
482107
246727
724376
366215
199128
386816
662915
199710
549807
490325
597462
658037
353173
489683
424783
564313
860759
582363
775230
542633
621484
609402
798777
532597
403367
831526
745345
522714
460838
437309
603302
998485
856916
828284
334419
909128
588808
533461
450370
618449
228434
766130
525450
407449
363613
377168
797086
352306
1017267
178697
476416
589716
747331
307059
506158
842874
517778
823554
617203
314252
878712
949758
695492
703487
921383
702948
764926
605908
354503
612835
550470
641061
829029
568525
259871
727972
466420
646600
667692
748419
569134
407485
419884
646820
394405
486675
238030
679485
671496
519645
770615
592263
461653
414751
542485
563976
681849
596453
307802
748477
394171
648105
603049
212338
825226
331838
498588
656726
1019062
254997
530042
343032
387985
420583
764617
804288
509413
564904
876434
500250
912767
483627
370383
924381
846379
313140
265842
611487
192399
998015
365602
421255
635924
933530
213806
740739
476137
797179
661615
1087098
849774
463155
391419
664045
813122
309086
239718
232814
476866
331550
360666
428712
512929
376752
242488
319598
428772
457064
1075015
452589
353796
232147
902827
630082
171672
588854
604903
971883
1077877
468095
15459289
13355007
11274851
9183974
7076312
5006846
2897586
744644
2334046
770190
599591
1036425
839747
838753
671121
489796
286112
963636
926056
936779
243273
407171
780658
321731
333640
718861
188328
437312
636670
279950
366506
552640
881508
1037115
303908
684455
842083
624302
734183
320638
313147
422578
268909
899323
863004
281689
428845
1065154
723528
575058
507562
612130
752509
481427
297653
556287
1144387
770493
348331
1015569
795124
405158
378244
1006534
562922
899545
689059
559535
716537
960114
1109202
491037
839704
766062
872641
913118
1037043
1014081
533801
399369
1003530
180575
888271
448861
616891
529563
810198
777415
534080
782130
305643
601794
183100
378639
837629
780255
521404
548504
792097
889573
517075
347881
1001640
1050808
311129
734788
458519
586412
1147239
479131
556840
641907
890361
1155379
937973
217469
455534
1147518
1001561
281862
1153771
1045812
558298
1027920
196841
616972
1114547
846268
1015071
747349
992561
319381
963264
530168
1114238
906242
822525
888976
1152134
722162
984431
596601
842967
1095101
388725
752205
492396
900631
373624
306639
957243
324898
646231
579799
587826
614452
280337
276904
620337
485499
592443
577508
465570
812864
614062
382840
555409
1061740
1028838
242131
1161086
421966
970021
342881
409451
353989
841385
240049
576059
406836
270939
913749
1142916
566841
218015
870096
490853
536832
574612
580098
948598
952305
693167
1070395
777948
922960
334771
515815
352678
475567
240022
246713
526852
253082
224912
806160
271153
218295
320716
295356
244806
501636
751737
444027
1088210
325331
495509
219793
262970
555879
530425
615047
590147
470246
873642
803390
1182420
361030
602619
223719
959743
515572
1081731
889953
589558
628460
283870
339760
265137
314050
183251
286870
379229
599513
388530
306514
740344
233562
383062
505537
502993
511965
218238
261674
274925
517973
409044
411364
322800
317585
397722
254465
465884
288303
215723
291851
383792
307736
278338
243275
213462
705876
181570
306821
720261
275533
582416
381660
210152
306698
456505
333128
221644
235837
285610
314466
416882
226249
363352
496498
230316
233364
305464
421702
275889
302859
1165470
381784
249205
532769
238708
298523
665161
613574
442441
334706
390201
211687
304745
212178
405102
352776
803471
380336
745457
227156
547892
300739
318771
183748
427966
198208
271589
446795
473418
364538
286666
350647
910008
336918
556944
450329
381518
205685
923746
630032
298226
410026
426627
269016
327296
212804
758801
633481
360747
571126
175545
249773
451549
435305
381937
408676
305504
718830
366162
291382
426086
176520
415733
409904
1044562
414727
370681
410037
912433
343314
745913
273946
627126
757000
838257
1021583
1105827
496726
178010
1023734
267213
323228
560662
535667
575430
231481
498474
847543
397481
1061308
813649
726157
532388
395358
302438
340834
613549
274650
335024
437821
268321
562271
657740
1222142
380264
300450
979475
342729
720158
314277
321307
838996
910411
320011
291770
824355
354019
454608
1092901
814934
927436
944886
698748
843610
836479
312421
579303
454079
443735
241233
349000
235555
209231
399227
796792
587442
203859
193831
336522
398061
444968
762809
199418
458467
874254
448549
190704
253513
454153
430956
499753
478534
234813
239230
444185
343637
886208
285976
441359
354761
427122
284362
258668
593070
297445
728279
928430
311798
280580
557571
242216
465688
996829
626401
902982
540308
346138
309778
619105
289044
1202636
1141601
832118
769052
457921
527555
528413
574141
380766
974084
891345
596630
1085243
629670
235767
953272
481836
423831
711845
733002
379325
582446
803204
802133
1035136
447532
450410
710110
756931
1162246
419734
920026
785493
499443
1080914
517139
893643
910899
866919
952837
628598
575064
169297
451970
950661
371546
949367
723312
1067652
288264
523621
282378
475473
826944
812020
543262
988849
509976
384993
669205
711410
308159
753686
580457
405038
552895
182963
1088161
531015
709308
1008247
668205
12691699
10572287
8519859
6457952
4333506
2284694
3701747
1691507
1636956
607618
730007
996647
628842
323235
550467
256680
559641
488684
305678
439925
663228
754597
236948
548731
867374
319754
595756
951609
548628
248024
577248
558605
335089
431217
368668
880276
807204
637674
503917
932302
768990
733018
1053546
803669
219584
538650
409555
497866
958093
611619
763136
805571
981670
1067853
515991
821409
234676
278133
337583
571601
564008
491212
555501
394553
954210
797572
943143
415139
763463
807869
960575
263285
711322
721015
996011
754766
1027798
810313
825499
916609
1018678
826513
888605
922256
822031
924301
904140
431158
372332
599899
887928
824215
619728
253033
828414
901084
887192
887483
599022
919118
982423
466051
892232
369401
661245
205891
416185
686240
936457
374184
598767
618545
992417
939773
364924
411791
208817
677407
560925
830244
335116
903888
649559
621169
934944
796875
912394
684056
461574
802984
855407
437533
548040
202622
476898
811370
874489
629556
732513
337748
821816
855301
685916
813417
525019
872161
268295
202849
457853
198126
235033
941471
535340
455908
211996
767428
489486
344243
859550
629441
733872
766715
999202
439359
667140
599628
188582
776220
223081
576337
287753
882489
754703
847728
289051
408245
814424
217551
238620
561445
448753
894028
196109
534691
755307
506647
921163
252293
765610
587914
320610
561851
310445
332493
365393
308122
486881
875702
492854
883784
285611
709467
747150
661003
821393
307090
276560
642511
394308
882934
610329
482219
486844
719518
561038
431967
268344
561404
528074
318468
615113
346161
322313
641057
357717
821513
641394
728515
364004
519601
926998
217995
645681
840101
723358
409765
821019
800740
499696
306654
377650
399064
586261
452767
559087
418789
764369
618176
921740
692457
837024
504739
177724
490700
919870
229199
284026
721910
325159
565034
607017
214283
285170
402692
419150
308774
533700
412782
188177
519472
565813
565819
244760
376634
275192
243487
688789
714965
637496
790595
753910
773500
255765
768166
249420
786555
535501
410316
309967
747677
600266
709906
628179
691664
789168
711144
594877
585758
706009
814375
779111
729924
774773
384213
744417
912163
841920
805915
597335
336442
651530
731213
647670
822835
732644
202243
670020
750646
663592
646863
667983
769309
202081
752926
758166
579389
757709
709671
543143
468138
647301
685925
760607
207248
575195
810777
672489
644542
748459
259097
614982
428067
634469
743788
773099
700746
572522
237300
283929
538315
766786
514834
710169
700376
519838
637532
657173
434699
472220
571247
437858
310998
475841
228304
753720
694907
780644
781729
811091
644355
682338
567816
210048
665414
270208
849553
915904
613631
749366
288585
742098
731653
745423
728228
884772
563010
556931
780031
861215
341696
430850
949971
444815
632723
860395
334595
598320
598853
611108
985938
718444
266238
832474
546441
491709
727480
475708
812410
998626
566114
470755
607037
545115
968881
711565
721083
357932
922999
681539
694620
464340
793156
978196
848748
694362
746789
694930
986269
471791
294331
521741
357217
181619
613848
696636
621450
416339
198007
554938
603876
617307
581976
454693
796882
641467
664406
531236
579579
843314
381809
415483
393599
591223
686505
761378
520861
924588
821613
639676
454133
246273
234503
486584
493989
497893
863143
234199
593552
261259
551237
459109
562927
695700
383562
336621
460772
646485
850146
971941
890987
834160
193757
470046
570590
232856
457355
181018
270463
858554
619771
756309
731236
192284
269274
653084
306899
790545
727226
504593
376861
173093
837377
299885
867624
262816
300748
297900
386661
222996
675175
392923
571530
600558
366573
304975
414061
266742
293169
353027
203787
277540
234929
344808
295399
352899
315464
275992
312016
207941
349990
295713
382224
249250
384036
317344
223698
307610
247944
343914
241668
265754
488578
303249
234458
235298
238494
223202
210366
14590383
12470133
10408661
8357459
6242683
4180879
2126547
3625567
1507393
1420412
526926
227293
518585
212355
210722
264434
211970
215804
249167
219442
203084
215284
201167
228498
226835
272880
250546
206225
237982
237042
246061
302595
231668
205312
220173
217434
257656
315259
261387
203792
215897
299573
261455
233258
341457
216649
348839
289141
316288
297297
366051
328298
254254
204724
216660
189432
219683
334484
185733
308545
208337
326674
228945
213938
223708
218497
235717
210671
203876
209927
186606
212164
198120
213203
192310
218204
202130
195433
204145
227776
191756
221366
238973
219755
190620
398104
212937
208921
233632
220722
202095
215134
391391
226177
206160
273456
207166
295100
211443
208707
187228
316296
193932
209810
197016
203039
343225
238787
300826
220350
281580
222705
213742
216379
265655
205055
231874
209227
204774
221473
203564
215978
215854
200098
274018
206189
641968
217603
316574
234403
483899
416979
336703
285975
211969
223875
205288
223034
209764
471648
202475
731507
401010
662919
260843
308539
535745
288756
210387
213575
429324
188801
276533
232062
499082
324649
440766
336301
411793
587818
470092
613872
228123
218572
216548
195803
207733
227622
486921
453413
202292
180226
246133
184453
173404
190181
210909
508523
523984
333456
516096
234383
442773
890595
181216
371205
349700
270392
242666
368110
492499
527229
173583
261144
665161
551020
473979
609104
171219
246365
353537
221974
239930
287194
212951
219168
215942
527570
430558
633622
574726
233703
294519
245302
190156
272346
344662
328857
392660
234552
185638
649435
708499
725030
715726
344514
680020
522906
605835
194171
590120
607953
667881
756524
290048
296683
231167
347027
343814
432895
321349
526614
418550
305924
339576
576505
359802
194703
429270
593364
168196
363885
207212
173031
350806
259156
285869
233528
177529
413430
258987
238314
199743
194968
239827
306144
385161
272529
728942
401139
456453
736369
549417
567048
389793
512090
727922
392819
353575
262651
319972
704159
947172
717327
646033
444998
576578
1145829
235891
557824
810853
930545
1023451
1138069
345790
1179288
453721
170067
412176
641637
1198085
1088744
255464
366858
635025
410502
302301
418517
231658
482262
451253
326095
230198
204294
198964
343428
388525
667510
186268
361147
195823
203275
510240
354704
270612
584540
475607
250259
339086
450700
628308
829450
327320
264748
1204930
214040
234764
688714
639291
465454
873939
641996
342098
451892
362456
375073
500017
336261
452348
370312
393727
289629
353777
514691
408209
922165
232534
394132
427073
264478
823461
441730
275277
478515
391175
876884
967072
488465
298651
1153864
597647
371997
334517
209709
251798
1068914
560259
1254735
536929
753236
792036
1045967
521792
333457
1050261
242511
1030850
637508
373972
628349
1052347
623761
199208
1090663
619039
1241059
518281
980070
286939
457590
671241
405179
714938
273460
1195467
287835
431989
319808
736983
570794
914117
1018437
491812
323477
459328
182233
628724
772832
492273
643968
401077
1111414
1034645
397236
382505
552346
660380
388846
533442
1153064
1103539
721129
767003
484109
722807
1064008
852804
849759
855833
385858
569648
707731
259405
466295
636598
668479
251686
651290
255705
661348
973012
1172646
687690
1008541
335232
1021313
878431
631532
474585
1171982
635943
807099
646145
342680
242500
381423
200145
311530
1004922
430911
589072
696591
741743
290032
933911
550943
242745
256201
211734
331179
441224
441678
254334
197974
326775
217433
489266
212726
236661
246586
1005890
514227
684467
907974
456960
179794
1091241
549404
394013
761875
247788
433870
658648
781993
827012
495755
297836
389210
475870
241022
755633
324682
648215
560371
553787
599577
412022
224964
208988
432765
452869
314289
250730
585444
190845
261759
412842
623943
467344
361722
706451
282976
424802
544789
342388
743670
272727
224486
182151
273707
210603
267798
232422
539552
198669
197879
336724
549389
626491
15663794
13531093
11493840
9418419
7301785
5251716
3189736
1065294
2040855
1750736
219127
254621
320544
418386
209159
207631
275622
203901
221162
223732
359941
283271
276695
222305
212869
371168
261323
276450
215885
281094
322850
216003
212022
210368
190147
168298
204733
289791
313639
377372
499584
319473
264271
262678
272478
495478
369938
260320
453205
180004
215230
306005
199022
270432
331540
328379
415623
697567
415675
371638
609998
268542
448631
198902
190321
291949
208378
209407
231710
347302
310637
458626
411336
277184
269107
208433
286762
271340
213338
440682
492874
306931
352997
417809
505247
279055
362271
789785
578505
566211
631096
650692
246644
286628
514517
383507
291888
407984
381089
475067
273868
378418
922959
356905
1091748
239507
407926
588877
288013
436024
508284
193712
758774
230770
494039
509460
229942
680900
346282
725045
822387
273413
210342
1043086
226593
237337
549540
285151
314102
288708
293800
246459
199764
262159
485654
324877
267313
374333
319171
246518
394238
238139
527657
545167
985685
756733
506021
544148
492302
848109
460254
535668
177982
610272
256427
736294
540530
393028
390639
318193
503689
425402
307630
396227
533386
330209
415287
710306
389901
294935
415859
611206
500015
220970
329734
381537
692298
362997
404377
380503
186827
248101
836565
614524
255653
211788
333896
560774
408345
223913
753706
263071
515623
498152
286042
381286
207440
255137
882631
192637
681571
488782
465263
392358
242681
329266
448686
625484
753525
239587
283998
558117
443923
335104
374430
345998
529309
676002
808412
403036
375454
387029
284976
340031
446218
452186
544620
240526
235551
282593
315916
241486
366351
321130
371864
246999
263327
264414
216580
610169
452464
319379
257724
723628
653440
510124
196208
496512
395906
276103
399795
246737
369398
1034133
785793
490393
441379
370444
913196
201580
537796
303191
209343
703920
651825
752341
594571
633380
733857
452535
236546
317802
740198
954625
391722
882961
1128092
507415
340047
636916
820399
554945
852580
372284
226768
559211
588143
864964
643655
751466
296562
226614
553296
582459
395304
1109199
395970
942783
707069
209651
483273
954378
1003791
875384
853248
233725
572434
778303
787434
1085127
538285
1120903
339239
1067441
294017
293070
774476
1001094
605593
286930
927658
479259
297497
214528
317751
641386
1190710
508549
473468
764633
298358
332345
521539
414607
259983
448469
417808
1261143
520438
967017
816301
851634
383477
606510
536546
490057
234803
1052785
823470
505198
236074
645900
779959
1199759
1077972
705479
832472
585698
281535
368977
447552
272919
183723
210820
884956
513175
271390
212083
350931
221688
496387
607697
481914
895492
926145
177727
403453
548675
388160
428841
233225
385626
847292
626141
288515
566078
204135
262532
396402
198272
217668
203823
339037
437195
504316
589290
327654
221132
217290
201200
321748
519168
231779
496768
523741
215940
486970
547075
179540
303151
523449
584185
333749
195621
231129
514399
470499
418223
629502
376986
580775
369258
526005
474516
495244
804989
319289
468014
406640
330902
279416
264297
463595
585340
312181
261859
596297
458108
350148
413466
459141
452754
286136
586578
462621
1021552
652101
935176
611560
620530
249317
489083
470518
256679
383189
841352
364002
570871
862679
276979
212361
529912
286301
471670
810695
443755
414333
1236973
932673
320095
174552
803771
1027551
486045
962318
249232
984642
899940
870318
332588
869768
1030392
696717
594563
537845
739385
1138142
463395
856344
977531
1126766
653823
832828
215064
273410
1033640
610913
974359
497936
881633
943767
264072
807453
931667
769615
707898
467626
850799
748137
932076
794017
499315
905114
315309
515753
482765
788429
1045750
621791
261691
1067559
1084568
900881
467251
327237
807222
744439
203753
292993
202514
277534
318160
526383
229511
303784
503868
232089
170405
823356
471011
316713
263656
304678
381648
226205
387453
228595
245315
218260
14314684
12198761
10152615
8079316
5960671
3889293
1809146
1890897
2115860
1636984
1154822
208428
289935
202832
275770
449059
190614
411761
560081
218115
206827
368723
403667
432467
245492
367714
309405
396560
534922
347398
248994
582690
513502
312145
565698
273799
554480
230905
689231
538280
299951
419412
181524
338119
209808
278276
245586
215532
237710
205523
200750
670679
549912
350290
446382
426013
492099
235780
481376
263335
476729
189368
272505
352693
308372
295901
287571
292119
265563
296023
305274
246383
244466
295623
194865
246469
346444
342264
376625
181118
363726
325076
276600
520092
402854
430395
301257
308970
348718
366588
314341
681269
328387
274376
261077
452177
224700
202291
196136
319092
210495
236231
468370
220197
200289
371787
378307
308756
352093
273547
449383
221877
489501
290669
485122
382582
389799
730979
362182
192937
195339
327852
615811
239639
442163
339149
496968
285989
252625
476175
336539
208053
297801
908945
277629
291640
409803
181921
692207
348945
199233
808878
406043
305625
233675
321221
477943
208628
293030
198563
210029
425562
254042
345059
270825
415218
719166
271360
378218
224882
269222
306440
372365
228643
500500
482695
467743
286809
262486
207488
415671
193245
215975
196976
301315
227400
234364
206867
488141
261785
262631
217731
191526
181911
601519
350613
199636
300197
495227
377843
271355
302267
475368
477568
438769
370966
280474
544845
255432
328815
462758
265781
414678
249147
200873
424444
726176
409959
204906
554600
180468
355275
224404
207537
217056
435197
239221
294294
253097
277434
213783
328372
205442
198919
186445
287559
233640
196328
191485
235743
343903
323128
230541
224787
346917
210104
673783
199637
216754
355915
370592
292074
227505
214211
326119
487441
307570
470574
420346
209005
359820
415779
430666
418080
521933
201411
363075
265999
495007
302588
731043
614466
847118
233933
362408
422757
373484
559351
811054
314083
204104
200932
397912
452967
379214
223605
211984
155844
349379
488244
222664
503235
215753
440418
192328
301828
460654
233097
211940
207567
209728
279259
349822
265611
205948
238948
454012
247032
321667
549220
387345
455701
444628
252939
210044
295112
682073
946686
330416
217938
213672
319405
192698
262631
222286
285306
269399
201853
272668
339447
219731
310826
694381
262837
207060
242868
216801
210794
212799
221213
225137
295621
225939
229260
214253
203587
242117
218479
222775
215242
473238
359124
212036
306274
555706
213018
205375
362864
390394
384075
214629
493921
580424
496030
463425
331306
563095
321424
223294
503238
587821
249207
428631
459071
288694
303390
307474
415103
283171
225879
223057
879638
216479
230603
283773
494763
522011
292483
612870
211267
510554
227650
253257
221903
253411
368962
268634
391689
359199
305218
422950
663840
400769
414062
209382
696579
384483
234552
427853
458691
357993
415690
330554
548567
604340
997409
567453
964914
518184
657729
526168
405378
564443
259317
374070
857266
536719
459304
402295
378843
364616
745075
180640
569563
655795
828891
882396
1184176
501912
394877
592257
409834
204910
457594
345416
271000
299123
297273
617309
553637
585713
935231
814192
648954
745517
300541
506919
876331
382433
551418
579608
224384
347209
755453
511702
670803
1159027
347903
445707
638715
871991
763013
390100
565297
833846
371366
328620
219960
272466
746894
788358
298841
353372
435775
279922
467949
495785
447747
429417
672657
408749
411820
566444
343156
465551
341123
380245
292454
249300
205428
373950
329944
429229
371955
312725
426225
236214
234636
246586
259144
291735
467955
243982
696412
221356
433615
389147
441234
472054
389968
395876
233167
491744
246737
639842
194798
205876
389600
428167
206360
241958
311610
285944
451196
236216
414957
420659
404657
427651
664697
447220
631358
337935
484691
721720
228369
969512
613029
531641
323725
361925
496226
254323
452708
674848
464435
734197
1173749
16258766
14127910
12064600
10010600
7890245
5837574
3762014
1633605
915268
452621
1076841
205835
260394
649599
210501
507274
1005377
932318
732101
482878
865120
192180
681344
668906
675679
432799
424342
248368
516462
365701
487383
886601
257966
283628
425788
886833
210128
199961
935299
801312
341912
700230
273615
232322
265477
541533
826433
205978
184051
627904
419735
383151
318507
720536
657766
227662
360758
336502
312817
296785
323317
293569
367813
297299
667537
705363
216664
277501
346536
514834
549256
253023
727228
256387
200065
249636
442557
620232
444330
230505
283520
279939
269945
338741
279944
192222
271509
195849
217685
173476
194393
235193
246918
208383
256962
233434
189879
254439
187126
176928
244552
218613
200567
235510
194683
275407
258414
228294
212960
227598
193391
280201
207633
197292
174090
255402
236565
226984
247587
265389
262780
208943
223252
238370
239307
236655
286646
214373
275690
245323
343197
239646
257295
267234
276579
235707
159096
254465
309674
235645
355800
241879
391848
462160
276451
261301
276495
268059
300054
221521
336537
263770
216041
463004
272406
203325
231125
217577
289610
280101
262840
225901
229332
241950
196660
169571
228270
264062
306118
198153
326330
176812
340862
202948
222689
286297
233474
221346
202581
223245
225956
181364
186936
247707
426513
500665
213964
277242
253750
229756
232292
328628
368860
268148
190134
189402
454688
354421
234887
303380
482601
285253
337655
230238
223117
230779
219096
481109
422611
277544
643368
255189
203974
290041
353488
260901
383628
596860
380755
277281
268907
593811
246724
211055
276768
211539
222466
304372
220375
205051
293870
307605
193379
220963
200154
223321
240856
277391
512831
259708
425662
197412
987581
352509
190686
488041
326387
273322
425122
270731
342123
450026
537583
204122
262805
298154
225144
564823
217140
655945
358132
323515
198524
253680
200032
207127
669830
689725
262250
319427
247179
266968
662118
371926
452424
598547
305037
365844
549498
349856
340767
273629
566739
555479
258263
534361
665789
421616
451612
178117
759244
397750
470036
710773
733564
185060
196158
321075
572556
561711
428361
852482
189875
504372
528682
270363
195328
304809
342203
273895
896601
453397
497102
811004
454882
291833
554058
589523
390942
259174
439879
307473
368915
186071
264824
244686
280860
402891
442916
704174
535908
422422
618765
278454
209423
279646
405574
228599
190451
502263
339241
501338
428191
286861
254916
284044
415326
496884
362494
389360
463495
211769
795255
589532
1189779
367848
259163
241718
1136003
628947
915995
809882
1099389
492895
1113336
448126
1128804
892872
1111252
754783
882219
270242
918653
1096940
901013
217179
634633
798292
262454
1178210
634746
435988
458231
473669
469512
1122021
973430
632716
548452
1019778
1098235
935058
542495
763147
463446
511420
530106
1155990
897945
1005594
180925
949444
682026
722937
379593
185444
1036329
770222
551488
987313
1003298
277858
389675
499250
1020247
512218
1126985
188075
489909
1030292
817119
257074
287861
807038
233926
255364
612776
186291
340477
443431
323678
469329
324853
253948
596508
216583
424817
226540
279856
394735
274412
246835
379546
432991
655160
446787
238647
274769
372158
357682
413365
439984
483367
403597
332871
644336
241322
366732
360154
409655
259585
325735
224363
317494
213636
562064
222508
289050
424443
560826
450053
210694
431566
279695
305479
243302
299687
551817
197378
188684
412136
469790
338338
452812
191582
241282
685361
229271
300992
187859
594311
379512
176920
420369
214082
343900
213675
287619
659505
254746
270975
649414
580502
282761
1132923
470116
415598
552245
482641
536121
782265
537687
564934
503488
364680
292118
426656
451893
455658
447013
971360
314960
216655
580336
336634
659185
512717
688549
672932
332047
185064
209051
198928
196125
453616
209843
439896
276063
172684
218497
188502
692789
423365
270035
210615
274314
278069
522110
209528
14190349
12067786
10026073
7956968
5835267
3805460
1730224
2901261
820631
806848
320716
200552
187818
242353
195458
239756
235929
212451
241628
206282
459348
189063
215055
296751
572615
201700
337745
468756
284100
180298
284667
310560
296322
501185
206900
411610
350153
503939
349213
442764
379853
404159
466088
488107
209124
310104
578291
316432
421276
536594
402330
307833
305124
252153
485055
251803
592270
666374
553166
176063
333610
542449
288814
490717
197158
286310
474600
746070
243179
399518
381137
184622
691424
546427
881383
583200
1079826
1063097
1128027
471328
1111436
726226
512989
288864
475844
931820
212551
1118987
921270
373551
837161
353928
483241
402382
347390
306466
202579
375958
426518
358556
932357
384080
926721
531197
350054
605567
501161
574671
256158
1023766
936562
960087
1000502
971021
699384
712254
344313
1099106
521865
964624
649902
1067156
807789
985399
646628
1117057
909473
1009593
327023
473416
748730
958324
912264
417809
793322
662284
929209
337226
414119
795240
684885
493860
748871
854598
700718
663930
881666
730370
700184
648506
739445
584533
874938
938777
772366
855315
247280
857328
663117
986074
595706
716814
206983
1064609
885333
573713
618438
695203
902601
699276
1060628
968050
609962
294257
270215
218697
747637
798259
321732
886781
542663
476948
337702
976810
738068
218909
874182
1113357
1081613
1033543
595437
245056
509297
684278
520926
624704
645046
873757
784584
679763
423955
502202
617391
787579
974448
570092
404400
516724
955653
624931
534799
582196
309690
936395
994398
595681
321053
772734
448069
893396
258331
595707
293692
370244
737180
540602
408110
261703
361700
286675
521939
1001509
651499
426393
625414
1104883
972693
357921
220646
1055480
836083
343831
784421
863239
578802
797200
660244
444217
990534
890966
958141
538654
425114
339967
215777
1072525
436229
646499
1108018
658633
330396
633989
1055820
901177
537000
407103
803017
437286
949557
482320
367706
383698
387056
410556
384191
783271
486735
534596
664965
1088696
980578
549293
727468
272061
537068
364418
1060775
318944
262813
571153
690077
626988
375446
584007
542888
318997
530565
245976
602413
832107
711149
303876
604948
821085
405236
460743
1141713
461581
303377
637830
353173
720531
472721
520717
528143
401317
672660
521841
594320
384210
390975
202242
236165
232321
514097
263886
270183
275001
300646
297914
811296
338340
258591
296782
234119
436146
223802
944521
527708
621938
516559
277497
483812
687524
355892
658531
327892
613332
292267
471095
372227
343244
473160
414107
202233
1069259
994318
845606
875593
469808
979970
654251
625491
295020
268739
731212
455823
311150
378654
509435
387857
709658
938047
853054
785835
432158
982527
1032257
665118
484726
696763
983754
468509
534698
406799
740209
222152
720057
479039
283504
541081
1036793
528279
759515
433193
597776
811736
1026835
825209
958132
1027498
979730
947043
794467
553806
725325
745131
636436
876105
519612
713922
249084
391175
622396
910282
444943
783346
638691
676203
915349
713756
822340
542930
732658
793629
527045
474661
718539
552390
556297
339632
522705
699619
522880
1092999
422658
433353
804428
480909
765623
397941
1045271
563775
442673
587043
847390
720515
599870
589117
659395
665262
1102658
421914
581368
1144768
472500
866843
897726
566054
584454
809202
456393
798446
486558
338190
732548
597270
392706
746660
708178
731549
620047
512893
747466
906435
974183
700404
661730
935359
981260
983577
305628
612924
227297
505560
453435
741676
979099
415353
769544
857069
1022198
792224
348929
287438
778857
806061
1011955
519386
968494
627642
175531
645654
1044630
773244
1033815
232006
1004180
974909
716709
665860
760950
1033196
744908
298394
197294
1054876
868356
731719
852607
445754
801488
936606
785303
713495
799597
512620
870728
732031
304895
1005453
192879
882083
651903
510582
587474
504276
616636
893495
552572
603811
839169
795204
704267
928881
940500
887094
716841
602766
13455836
11413613
9313144
7274080
5256218
3164669
1137329
2948668
875998
817428
1463915
905135
1008529
910982
1207032
1231631
693582
858412
670691
452072
482326
920554
956452
998060
489890
456999
973378
829926
624898
659194
1066801
996535
810247
1025040
1038638
591404
468420
724469
666309
984285
883063
682264
772006
944686
954242
239623
355003
922726
809070
917483
814964
268094
321795
453569
711212
662687
544335
546695
887815
268016
703181
777612
764799
646164
872077
630134
804621
529916
718512
813163
493590
713955
804333
404104
636221
932129
685899
894778
289743
585301
600068
502539
778257
452882
444237
759760
695203
180886
732973
420527
856853
891910
703281
774597
714957
451709
694240
186753
1000592
946390
675596
701574
569303
680960
287733
336964
1032881
748322
778095
426761
518883
631618
710915
575559
526902
621198
649631
606279
839171
828097
792814
919677
664965
295866
824672
1026891
555785
435923
557333
818603
542589
291496
963519
889111
878410
917116
408100
882933
851735
648330
395824
561660
489972
393900
205426
175159
314866
1010081
415859
811685
722763
708372
929604
443659
374356
673510
892896
647841
760510
273088
203700
651477
729556
701097
766573
188656
829232
793095
1002921
684130
751114
388492
448254
666350
807732
656402
1131965
942711
1052792
718072
587459
1049795
606420
964800
1094607
1050720
753395
589274
190283
448494
1025829
497347
494189
514449
454440
890764
401174
427475
653171
179215
315015
584053
424120
713982
967112
449970
459285
369526
671907
868640
1149620
787279
886529
754331
343722
355058
396087
642905
422333
932665
985421
359925
244413
751533
517997
897630
900655
814458
761335
659309
815543
412713
250833
803929
1071155
447481
484989
236572
282145
220178
863331
173946
556850
614601
229322
1100973
916167
867581
779967
1163647
408785
848875
471377
366968
536639
929864
609588
1040036
497944
922481
1026935
851320
1086241
759065
273446
388904
1039185
383292
562652
941166
794023
513959
501307
494228
889000
652558
464909
340931
749911
657359
1014652
1073613
1015408
608828
551409
496254
539908
403706
867138
397505
657802
990650
353890
606639
552677
190509
275489
391503
494774
1161042
467470
673817
887450
582889
580467
462182
489641
390570
558356
948797
886990
1082868
928462
397578
1090431
616697
408365
1064430
282205
459947
836944
612564
495041
540644
528870
462622
716142
623000
930493
692989
1130002
583245
385291
819731
321890
741505
778341
494820
551054
402238
292237
905820
918466
321332
946898
1132638
758796
1154409
354509
869457
1031375
583370
657400
952112
772734
607958
563434
741628
775252
380599
596869
917517
890413
941149
976286
811792
851980
570685
519225
1207156
505212
729352
911290
1090312
1021216
929116
638455
1023054
500320
515167
859430
682905
1139730
1025618
1000315
352538
404266
692615
601462
655539
511274
1103838
925553
371120
752336
164519
503919
807849
680750
332997
1096286
1050088
893892
193079
1080467
440723
606760
1001629
1267764
329353
747593
645393
607855
862657
650645
499289
966649
747344
482612
1182974
998022
573386
714289
1018475
1129501
655164
1195027
539257
951061
879570
823276
574467
482206
474913
1196934
662544
880077
1189788
619237
1007558
322654
309140
797559
931036
271884
1205978
299828
1167724
386770
977612
478187
489396
434485
418307
385965
256250
281572
202454
280140
1069451
860128
803737
460237
504923
234862
259281
410830
230595
238165
439250
375630
371641
423322
623161
497927
553641
435177
475743
224987
192853
258865
492369
351918
212461
197349
190830
504532
203931
335947
625656
269624
635979
953204
370665
806088
407570
503690
668779
227481
330976
194398
342413
313666
229953
231139
350158
231638
437897
233944
224306
361168
385711
224096
451216
378238
182101
223262
408653
511711
521514
801967
227760
355396
523517
1101237
540207
1162740
308902
290213
364558
321168
651675
216593
352877
202828
448378
335154
1243521
225975
984367
263424
625211
788085
238813
752620
1076144
957765
950774
591489
12871887
10748278
8690280
6616661
4491960
2483847
4933807
2779405
649500
964739
1309238
594629
428363
641443
974716
660807
1055656
770706
400047
728823
813301
313537
390021
302441
1163988
1048825
883298
669437
184045
976397
768427
947637
764318
1007818
789015
776100
202547
776500
877795
508084
909568
299141
920821
661444
617436
868835
168770
681126
477802
1084966
804131
788123
1044323
910819
815868
632050
450043
369275
524638
1043638
316721
1074188
1098839
985574
1104899
286363
345827
1063031
416797
391668
495570
188273
228315
637675
356393
376672
294329
467413
235845
335426
455714
241849
253584
283090
213880
535255
227866
186803
191561
587495
173950
186849
241569
184130
602547
179617
189166
202834
344270
522324
229960
408357
337779
339624
220713
245939
286265
205236
243774
200108
209188
273129
237644
234271
367575
503429
337049
266249
315187
222993
241727
214847
313856
432608
211039
769316
179994
231888
342530
198237
336380
341977
277917
196181
194779
265874
183466
197078
227035
156755
240761
174226
436004
248341
336180
439531
210400
299381
187468
791687
363108
199729
226987
193834
412050
701681
404146
308828
967900
264050
232293
501826
882116
222197
363989
303996
420114
514899
199049
362147
306692
223136
385382
211985
467868
395590
326580
445324
299870
386203
292531
542238
376575
215021
295895
298032
529770
430538
528141
227158
606013
330586
525741
626285
414811
476665
368899
422876
348018
192690
928708
469370
1174353
377504
868694
607452
717960
1079699
349311
627087
755556
676023
413834
625831
644552
744177
978644
1107887
187563
920420
552900
781172
491232
468521
683044
311759
725331
1104453
411066
853927
514138
533889
1024957
736812
1151635
514675
1110601
470991
927457
377310
1118016
863938
300592
950540
732259
1029239
167049
630611
796871
926814
492526
1186139
1031789
425875
349345
549047
1000366
753877
393968
837692
869095
781561
931588
1115494
778834
494107
580990
679326
452997
717422
686175
653428
532116
1116469
268734
692811
440450
455626
1073325
817370
929808
333743
527511
626260
837038
800637
513240
237551
404442
944084
562529
1138423
1078655
779216
628594
609710
858331
839711
531547
768279
590682
415496
320265
685084
516715
754418
634740
420910
484353
660418
605363
1144308
361658
879903
304883
290086
537501
389496
419776
404347
406941
354127
892953
1052907
403533
170393
738902
306796
1037378
302517
935866
607179
667152
484594
870581
687900
809437
257142
293607
823637
590385
360640
920749
326083
446435
222864
289993
167562
167620
304217
283732
226580
647461
218901
308292
418148
532470
461416
483953
235707
405717
302845
211089
435183
211271
323814
226751
591768
404742
539350
334258
230435
208377
327052
272422
185518
255936
204378
207872
163612
210477
211696
213160
245769
220445
225020
217238
217143
229168
247925
248514
228843
202854
207403
245912
218527
182953
207866
293893
196062
904649
603862
396108
892748
439542
457229
355644
516814
242199
492028
714070
379522
514357
260826
385679
337183
765523
426638
423840
654173
586255
566556
431493
475732
541150
515020
429104
505630
398485
593881
494696
380534
277047
292202
272310
639057
848168
223875
691486
333562
240085
473736
335168
808585
177248
245767
392659
480805
494094
452745
694627
500612
565231
479593
307831
552990
286415
255248
473720
428890
495558
202898
559244
348527
200192
399218
305139
267169
253154
238516
485525
621345
457971
264816
480874
503473
476164
559013
433244
212909
246237
397202
352099
337252
231758
286951
457718
675346
194039
375560
460939
455266
433639
203050
255991
238957
490272
447118
220923
446542
408601
417028
370983
222106
345802
341619
195995
251891
306932
253483
314882
294210
220914
540291
379350
428595
551469
215014
474290
414075
333539
271536
219954
523202
330340
191916
427767
243597
410045
520100
231579
260042
187652
412886
187070
507285
204124
477586
385820
259609
252832
685573
219061
337519
343635
247025
371347
551644
409661
252200
13056359
10935210
8886907
6811736
4689703
2591725
520528
1949968
707039
846010
182570
351741
470211
196505
198434
272976
311186
224465
360314
375286
302777
208680
185885
197323
207031
217315
242477
261342
210057
305346
225137
289137
266226
370089
396848
361177
338236
405244
607046
380061
264423
438125
196535
266647
416560
272742
192137
514123
201199
317777
195957
331163
224640
414990
474388
411494
500109
230937
334720
429699
428327
407471
581329
358749
585225
418917
382340
610963
405659
260731
384156
296222
247714
313742
360425
479249
314473
341888
314087
491530
446168
434578
279700
401083
355968
218518
269120
1028032
942701
356990
839913
387826
685086
381587
391201
1008486
1098588
1147584
740356
535135
1058616
1047270
919491
240871
868804
803551
372751
238747
705682
934641
431740
614098
870470
974169
265912
511297
799611
896090
424264
817651
782084
713916
524094
848945
263264
441363
313556
387948
508308
293354
513821
654367
763564
826143
508338
910627
795918
363679
168294
812818
385974
564144
656964
670076
449780
670176
736075
871100
654760
599265
229190
935730
451603
606676
328948
1021887
305092
568219
774733
446113
349478
890952
514138
557870
929787
643596
938748
464574
327648
283046
405135
851318
481714
464415
287129
729599
655791
547155
344461
340393
560370
473034
527454
517474
655471
868822
1016130
790841
527487
740244
976704
696012
607141
668530
571051
852392
330516
857650
471302
742892
1003422
623940
792731
392875
960584
599829
917522
899388
663324
570196
467220
639055
744651
788756
447195
383569
542648
277134
641153
582563
654759
328095
436479
476695
300594
928771
620186
543607
871310
463592
502516
193149
667614
906724
255000
607797
237634
503088
276215
228916
947314
679958
372127
512744
577496
550067
475430
926300
831581
523611
869561
384318
916328
667167
505248
463122
516920
839173
905486
442873
378609
546202
476499
353202
458288
666541
612467
433865
243477
307045
328404
898312
253539
1004637
656680
585650
421798
328332
654432
563770
660858
506949
469153
255471
638436
490880
903516
383399
714641
896819
383686
434937
433958
461168
458473
601434
355582
516157
557532
523549
937442
1133687
1012690
785131
300068
473166
528965
406982
852074
783781
408644
1027912
966627
1053152
584552
506585
688302
579658
717815
577588
841536
384007
775877
1083689
996526
759947
470529
237590
870168
227492
994164
704878
929196
646708
717413
682345
561849
1013133
277256
576349
446153
796689
262578
875110
793900
717085
428618
994430
749847
571171
677301
545289
668150
459657
492513
955374
543966
716744
603608
915702
574840
806183
961935
307428
944474
954775
415171
655152
507368
738819
345098
549702
769116
535195
774564
528575
494347
574530
636584
664370
286229
492252
857551
455784
920301
877491
896119
832352
614123
849970
731223
624877
560372
628117
775507
373739
414284
820445
412120
635398
448792
234969
455401
332218
904151
827132
501536
343278
407584
617642
518604
464480
293546
861188
434984
543647
444020
470094
516145
913627
415939
465839
924824
458712
760094
695865
821914
416038
945950
419375
710254
360251
728890
604440
874475
544274
453822
627170
799912
347939
188569
532711
694208
396284
255625
416328
544440
522153
886513
836897
559107
697268
610387
609736
191751
617247
244024
568766
663162
712475
178510
490343
802207
527288
679217
338045
811144
918788
563660
222160
677937
429390
596888
869941
358676
651059
520238
648177
349191
964765
698193
443642
643323
829754
578361
960846
905615
553769
761371
522144
317695
750624
748553
592239
496654
692071
500524
291259
490209
748234
596433
502357
266442
554444
450818
459185
762371
957495
615241
420835
499774
247064
701666
744710
194179
675436
367232
250936
504643
210606
348724
793812
339888
764659
597887
792432
414838
620774
361657
824321
772025
287690
405419
556562
744731
506654
854927
675711
576667
682394
467273
263108
553032
608857
514405
587228
405144
630372
15608683
13519545
11478071
9405154
7273661
5209494
3139465
1014983
1291707
388789
1535372
820704
837459
781837
868521
356002
296266
468459
712494
422931
630877
456148
369902
735704
196160
808638
726022
598089
178163
235852
472854
746737
575980
941527
741749
898471
573890
734770
241187
372421
669588
973399
757604
948309
414057
656958
996189
260995
355840
530636
460975
333823
576198
594833
531376
662160
1008365
461146
378158
855725
596021
779935
566904
544272
984771
692279
276990
678099
927460
741733
414211
591755
463691
842743
933969
588300
837616
578751
740710
757749
794686
809226
628036
574043
677731
627171
933752
590296
436656
776352
777639
681870
831127
460026
543774
737595
840023
767392
603322
539193
869224
869588
894103
789555
303070
267116
934982
672555
733886
469891
193147
687163
918952
478709
292151
587805
540792
567927
526853
951967
491197
842616
497843
549219
324313
521962
250121
923207
891983
780299
575205
531138
400877
313150
244709
691314
503880
393582
701840
948781
519722
817289
431779
234434
635146
303946
236092
239373
913563
999938
800560
823892
466200
699485
391702
436989
407807
643806
172539
665844
666269
198006
738104
925162
893951
230350
451115
583827
403542
540210
473906
464810
995064
627571
767420
211556
627249
611245
623348
399287
501652
303451
308735
448202
427584
229229
818906
862452
364664
267816
306156
307029
886149
503654
732596
234882
298158
698735
706089
355665
384734
453896
174017
337110
375153
643794
365490
895945
553737
510461
413696
914554
273299
331683
392974
502790
224435
538280
655575
457751
820976
579522
523907
828164
867594
970463
864330
833234
942281
648657
471498
625348
711555
559518
437104
587338
721260
313489
406379
390132
731037
754324
598420
504502
997803
859491
424443
778167
491633
430348
890838
445513
430412
476109
798875
728514
250338
619671
802263
1109484
616288
890931
647959
1043376
533348
501908
705880
650115
599773
534459
794026
835252
717520
595586
588510
814748
922700
862360
742793
554232
494717
538886
869242
685562
621120
450974
831754
838955
799958
460504
641088
1109600
948039
822966
853963
631030
755985
999800
512494
755468
818015
390372
492546
520044
956962
322777
407258
1108527
408830
601015
408463
681758
774429
1075772
695866
536728
502953
296343
1005624
449939
864783
542669
492851
885919
571696
734429
562996
434890
830048
501063
273128
492857
1047433
305855
324323
659492
431982
688811
1063127
464781
559140
832334
745119
336054
1046910
1087222
475972
409691
591570
405652
416241
908741
1043668
734834
542994
437757
1012223
1061341
271762
903539
920683
398377
1051641
887350
342778
967197
740490
769871
210291
607066
666434
775171
430311
943957
463818
216007
200408
430421
1065288
729120
227501
291354
567414
330193
889679
809115
1099439
822622
1112823
428650
227253
927518
549018
420606
817224
318930
482602
1017335
841537
185626
513866
397522
826114
489492
1028956
617431
1061733
691679
1101979
542127
301756
170967
1079520
740727
530154
818891
918409
1111667
1124465
300880
377753
255977
341292
1133995
1052171
233369
485292
919093
322750
1182677
1080406
998210
360250
491650
570436
950418
1099567
833226
1027610
460124
562589
482253
318404
1065491
442546
1002351
545069
864549
746017
944492
615468
999079
795624
297453
432208
554823
773294
671318
1217450
649361
654511
755970
897686
528332
525229
713933
721863
613314
607410
925194
735211
809574
886634
831758
689861
475484
325870
1078507
1078658
481838
473682
245707
1100814
448863
385441
877505
467794
460126
1149410
976343
501550
398843
395591
1038497
1017765
770836
1018480
232736
757474
262612
418682
859821
549920
762044
565401
721716
858441
303560
922980
896365
1141109
635026
682925
922263
735036
505051
981086
854597
656947
493338
336838
689505
935648
532273
488203
984352
650319
492732
852914
190365
850873
254628
340358
1156989
1007403
513805
876439
629663
561808
972737
653421
585358
375829
782818
1105508
574685
686499
1127112
809823
15271133
13144433
11126840
9053592
6908339
4851501
2754868
624536
2863820
721562
1236157
846830
1225630
789755
930115
1243701
524391
781899
1069630
289369
610076
988951
1101855
167073
1007420
940666
637943
464196
897980
480171
1042733
883380
816855
893364
540298
1006144
1086409
667049
1079312
782152
630490
903713
484044
974928
312751
1106653
1055091
1131918
402645
1196944
1072431
914429
1039336
187969
1141038
785079
490775
456598
915899
821400
1058071
511577
879264
490368
890464
812398
621243
813059
571164
794059
335013
1062018
206490
339975
792480
344399
367688
189094
927437
339157
1163160
164777
288517
950390
1051026
411212
183967
1114935
549835
279905
218158
317778
255381
935479
1020793
527098
525004
404456
365915
329210
616372
452277
970503
585319
345309
354695
413390
327841
237721
406659
397644
1044705
304858
535689
172404
461906
347639
564714
281117
1231177
695701
706488
189049
878595
813505
977411
646889
1120628
338825
1154415
684349
206144
1185642
316298
671431
781646
772677
287943
546893
1149008
589242
642330
826821
1168915
768464
750262
1168104
699249
526392
504995
423312
223746
905199
346297
572268
532250
331023
571750
586389
261703
969086
565164
217637
1139245
1023191
911671
1190271
318607
749481
340338
951130
415150
1157566
441580
753927
653691
215432
942137
888005
1010307
888238
453608
699636
798548
1049905
877737
666449
692017
725868
955337
276783
1069254
445655
536075
729429
786838
510140
1067579
627546
950714
1122187
992972
899753
747642
889606
443331
791448
515572
925776
630253
1019687
1125611
692109
1068790
907313
897302
1002653
531290
378520
951548
1004623
1058387
939841
297442
738851
367677
1075463
482791
828020
750978
724616
763369
311953
568876
777006
1095538
223141
193999
1134925
497267
977630
454361
341972
850301
984313
717606
172436
1011767
631684
568983
813023
1078094
972036
882868
995878
196278
666366
854458
1004278
413328
599015
794281
859464
898914
683319
438375
667855
642692
821245
701160
568247
811435
710589
649345
636835
779868
876197
628364
503441
805394
777852
778273
590497
680845
763328
642197
576237
302713
1106999
788938
804486
613656
257121
426685
457186
1083400
744372
272808
477615
589701
759339
1168781
537786
299510
1044533
542425
627380
1155991
441620
571206
899349
453537
921248
188197
551638
589426
358410
388123
1117978
438550
822968
589850
201953
797271
736580
226850
769652
693041
600768
314223
883050
789339
263294
1023288
823865
1187637
673702
610389
171716
732544
937171
551500
282412
684428
272980
861676
502366
347965
856344
770616
757187
868168
855637
1077891
654854
332219
476376
640040
910598
930288
875553
868585
808165
905807
214738
493560
821176
401067
229548
1039890
592078
1059528
441945
399103
356442
1086002
682323
289318
388353
800796
865716
667066
655044
1171727
1133298
469065
732935
1182650
1039926
358438
662276
829535
679274
774161
657762
826260
393136
206231
907510
408854
762554
481853
1024167
220411
412848
629965
852104
1171238
515205
637685
587313
763143
765209
529954
652973
660992
979273
873923
414180
711020
1073298
505932
222241
234257
362723
381605
353144
1094628
802338
654043
1136011
982524
738668
982539
1033673
880410
746623
490311
208955
934757
876905
572155
386242
705808
630425
545593
554798
513380
740469
878754
951988
476022
1067510
455073
418312
864377
522889
422430
871393
1179393
933648
426006
235082
201428
499098
837947
457107
1086166
1066274
253306
432882
368184
780023
1181096
186852
843533
691761
362919
1101218
959465
714964
771127
1127231
1169110
774352
809124
604566
906236
783767
846712
656302
451414
983374
700622
758825
1079409
745139
408414
815045
1015277
631596
681682
673064
540228
1042891
840405
416748
1073859
799437
843907
766431
1032776
692553
887739
367145
519419
468266
858940
270642
859425
544478
835625
961249
835097
763057
328345
531992
1004362
749914
979812
623940
485062
1123577
667082
770338
666509
423919
1054909
1022912
822669
643899
313588
836288
718168
889171
408333
802311
535512
793361
16042911
13967976
11843442
9787259
7776235
5625542
3550793
1417534
3013300
895335
1305111
1111785
472381
894524
972700
959574
812202
984881
826058
791931
636560
575855
644583
813423
957616
654443
669888
959216
731667
1054395
955936
629693
1016577
885833
1150999
409696
378338
789104
527301
971849
731453
567548
383315
965632
415958
451659
696227
169122
176118
899188
196839
964764
1120065
845947
745036
414664
943745
710125
1102025
801310
565861
1156314
987016
650675
210556
383674
528022
697800
208820
241967
903946
828455
327631
802685
909656
340607
862873
888858
686470
752108
676705
488362
802077
1154248
1145219
224884
929910
1055490
892061
823296
883378
196273
968404
1073650
854353
559594
1087558
326241
1048201
882482
736014
283200
880210
683421
1050915
1096532
563863
1212975
224703
1127954
712932
648622
805680
236103
214327
863109
682551
473296
196954
654388
538450
528181
306127
880669
242154
1128414
750614
945042
479455
1133262
455701
1027657
455769
831722
867040
930220
984867
571206
787683
806476
731926
444885
326060
408382
746968
580463
879975
333033
775406
571243
887604
1033998
496280
544660
1076052
702047
733348
1219225
224685
908699
1012328
1143014
1024070
1005128
1022918
907238
860655
536346
972297
654789
733636
1127973
1056875
1172298
597244
908324
192417
1039704
955694
662538
569156
322640
1230901
352750
962158
326756
238702
970423
1100444
911422
248751
427765
325340
464960
1047046
976970
280653
617596
289030
832487
847101
515031
817253
822757
646261
787370
239358
905417
282175
442261
197272
246781
180112
887956
219199
453146
305091
349191
306170
272518
198964
206523
198825
654340
447798
241493
175298
389986
286304
186919
456674
405347
329197
267509
399160
338306
307171
685079
489509
407823
327359
246181
316160
220312
221390
368535
350967
270035
289549
191206
207004
200323
219609
209537
492281
348636
316015
224539
303285
216477
231012
199545
363123
236803
221446
203674
253586
252883
223456
605432
282657
251089
183353
463375
301135
177311
412835
482787
649686
451672
308570
200372
219392
343913
347023
168741
201963
205446
260780
209405
177995
213312
217292
238376
211460
198747
194618
205253
218545
198489
209377
209293
405039
212769
303143
243901
310528
215344
457691
219038
201021
218062
241410
196090
208497
300731
201675
255339
437392
330854
265105
225579
370992
258762
248069
290590
272932
455663
407974
332966
242816
352829
208379
577014
419479
211085
345108
449032
228221
265942
253168
244260
673859
304810
290844
327210
239473
311065
289528
379543
408465
478213
376564
376678
843220
980388
271103
320659
791589
642034
322352
398030
1099227
1005483
1092531
192891
166630
936367
353900
330321
1070231
190534
888140
854787
690189
973960
169364
840013
825825
397771
1177428
587158
953517
744358
263686
832536
580482
1032848
1125346
455626
587428
445890
544875
703647
1224306
541409
298028
389153
369035
321705
324087
358202
596296
454187
460349
248603
466162
539761
630638
748439
275173
179061
224983
888664
253452
602650
824195
257565
435628
321433
356745
498230
432773
615789
588025
301871
948912
766407
443322
967158
431903
653036
992422
465679
406694
903457
216602
901502
969571
164752
268831
832821
819699
1032667
378950
1086260
721683
1107795
293551
476213
362349
160049
308038
250466
285762
460244
499724
399929
292890
1165998
780069
753560
281788
324375
215982
327053
625095
273290
440504
279405
348932
297554
452193
275284
339946
353358
473795
430266
334295
225541
378574
591743
247837
222671
398282
260116
403106
203783
1004337
370623
248654
195997
504092
345518
513215
273025
206034
528075
415633
244891
226651
495443
242855
227868
183374
386945
1128032
875027
1155065
1108927
215575
977977
547471
955047
1024969
647076
285209
356344
1022237
466655
665345
332197
430303
282282
312731
336309
298807
313168
173014
363064
245959
291985
283035
377585
358258
316552
187506
338600
167598
413067
212980
336220
389916
784356
290614
205984
385366
188337
189478
194943
12726415
10599001
8527118
6433205
4310520
2228332
4291327
2163920
2308051
178303
747306
329915
607483
365135
624501
238367
276209
402980
297068
171568
309765
236776
643194
722829
604592
254713
233589
329768
225721
218993
343452
240807
384299
423883
388950
244126
330667
302556
434048
369579
330077
244084
226686
218032
218381
208988
201634
606253
259948
215087
279854
694805
473235
215061
467110
644905
263153
334739
284336
794301
445270
234516
387371
449601
519984
865859
361760
462381
370802
472281
868217
465387
296918
911642
307395
421779
538214
285041
263876
322469
222450
614099
487868
385034
452589
785987
758687
1047163
907048
928919
663269
654999
360853
377894
532964
1095340
494410
432261
505951
410481
1044965
349504
696595
1133635
1001641
421803
1046216
679847
227020
549498
387073
417677
349656
841587
449704
1087563
432479
429141
212253
940648
993816
543357
804687
974954
585262
626914
321500
400275
239102
791880
446915
966203
495925
440857
791062
822942
960969
295725
856210
447743
383026
161345
504637
750221
818972
523276
480342
478200
821982
183405
869041
622264
601611
561867
383534
721131
675305
318206
470692
908200
646980
269091
386593
178817
471137
496359
414921
543468
282276
476901
555651
717420
293846
510189
510163
234380
368895
429055
382115
423893
356336
688712
624048
548199
662721
436942
348671
412847
936717
664345
498514
614896
555157
288056
364692
660487
235291
508399
282947
228686
407641
415288
393276
440305
304874
420979
416421
427056
272611
402575
340319
377868
487475
495156
460317
438493
290844
341261
532850
415490
616817
304029
626989
330110
383675
453330
311820
429631
279801
353066
627798
365839
314473
669686
229422
519719
464935
539299
462075
324364
272048
314791
498113
169578
466006
401947
174739
393377
301873
406765
181715
430425
343937
704495
520995
601978
442825
718115
312853
394318
234680
179081
335694
469700
207395
367748
254787
248971
254187
443441
243611
231462
718814
528066
295244
607121
656014
517320
431828
645546
459139
293126
587334
323657
200265
361195
253552
239377
488488
261406
210303
246605
465893
574226
310926
191202
534051
615029
612496
180895
494031
554839
427756
373384
316799
514153
406687
399373
498115
343128
456446
651071
389913
683938
684855
647266
601708
477935
374079
584282
400811
690969
559463
302756
758566
533081
663671
750659
733228
608099
225090
564015
582409
215388
235946
246122
244492
359374
300336
361329
448483
323087
225181
731701
505151
754769
250742
643452
436727
222580
1281325
691571
421212
282465
251542
472032
390022
267636
466417
657078
489476
485892
650351
660964
439531
345198
381579
532398
435624
726395
741120
248692
243685
204583
288880
374149
314109
528747
828431
565129
469116
510113
462680
487632
322319
189637
785663
589878
640787
600913
659950
646692
375194
843003
900537
512625
614518
754793
308192
585641
748338
363269
617803
544437
585088
428930
510003
622837
503472
426277
440780
542717
781790
205984
795386
588976
382785
603007
765108
268182
330827
605615
290169
566538
578284
608660
428098
617701
674393
453703
816320
573464
387935
759765
267723
581476
216982
275896
286897
251011
197984
187389
277602
205377
468153
488021
690197
403176
466676
308392
350731
468023
513495
805424
806352
306619
583437
549386
324025
444059
758845
386033
317981
424078
850489
696349
398737
834638
285943
407527
748537
605107
416861
189481
630116
312394
404539
774584
435009
449587
764632
680317
329522
832724
504742
441114
386118
704656
556474
481667
730645
860257
675399
548918
606757
514756
474469
719866
415722
621655
577000
530498
615145
197809
835197
724285
377010
418569
694760
330219
541448
275265
606651
753461
570403
280577
355924
272713
443574
709342
863221
723761
215811
331666
693527
786236
455059
913654
910519
346836
833508
482841
449436
846159
823024
537168
606024
329610
449876
507246
517683
684823
395708
484143
704788
505354
280875
495472
776157
13633568
11559966
9432915
7367315
5322830
3167708
1102886
1951135
2216949
1200322
342138
920456
525857
374413
417422
429933
342627
580781
501225
238136
437037
353949
338039
865979
541955
278208
771247
423272
707098
690561
528689
317657
417415
367633
515021
802014
669323
819425
719079
390547
436620
435042
636163
586821
430882
438603
482892
613954
748917
857299
242280
218444
734902
903104
270594
440728
473876
811381
540957
220576
772882
686644
483776
794948
675238
404094
699072
434409
420087
630703
464920
719666
238234
714399
532854
697294
226709
214319
229479
433587
179134
630072
603344
394218
630452
792022
434041
271155
398206
567445
198482
566754
704075
634493
467554
628342
527368
403564
403195
848704
607768
572893
480200
860883
623836
620951
423403
491593
439599
416415
536936
463924
711231
227597
333658
271762
359129
288944
448127
696046
549122
482667
624355
604946
622663
447123
311282
574467
638266
261784
440816
874461
716411
365293
636788
785626
423810
668144
661484
560845
547045
383886
589183
641382
586083
381590
756016
275996
859749
458887
621819
225989
269527
603211
335250
314665
538196
794029
616924
354515
374333
470344
454060
609943
354663
622060
247008
468523
757403
332747
184004
386121
310193
393219
295276
176306
380062
307281
379793
204130
539196
254029
278913
320176
223172
232327
283813
204927
256355
379006
327529
304742
528387
298521
293248
514924
245104
248916
264693
388114
360904
283985
300083
216453
398455
232196
217901
200886
208628
338244
217246
210579
205622
227327
204939
341453
300468
243947
237492
290751
232448
225022
204208
206063
205801
239805
253787
223478
216188
267549
267200
235625
225577
229495
202387
209986
203694
206250
216121
220037
216738
343162
290144
349601
217637
250175
263363
310235
217968
263454
305306
221214
235340
271222
232069
202941
326265
197090
180666
212956
185244
264754
359836
300652
349788
284024
328132
234026
333723
191818
355203
489512
374433
352929
366594
499968
374931
209647
227053
393134
365674
258135
392728
233357
269845
220651
242069
413180
345836
290651
366357
502819
226395
343966
412905
211327
390623
328643
230254
391157
341805
466965
221182
307732
456327
330901
358771
270329
472765
350009
253961
251861
215635
274665
379796
240465
308632
209167
262408
215169
325053
437255
199378
289298
234690
517745
235601
378315
204735
249323
210294
372932
188828
584641
343644
253062
318997
206163
208693
327901
208427
248628
212418
220529
213887
215198
225962
333713
285374
220735
368382
293531
216271
261200
235299
222019
217886
194417
226383
225959
200497
263883
412834
258742
207739
318320
222203
330394
295828
223358
281181
300631
320318
328205
269622
293162
307391
213972
262167
331909
266243
240474
220445
237185
226866
208112
205862
226589
195004
198445
213690
209252
198987
213679
194806
