801530448
242847
256104
245432
242062
176217
186016
244515
243503
250794
225832
197767
189158
184455
198647
185333
190423
187184
266213
266383
222898
249421
197328
176733
267824
190491
185389
211998
207338
198779
189426
208090
201015
184790
207859
217634
184555
221810
189514
204492
200978
196493
195777
186344
188089
182563
190080
179106
207490
199247
171793
212818
184645
198734
185163
178487
194487
187579
186371
198003
177262
196598
179990
176778
206106
177760
204435
228377
186503
191996
189885
204127
184884
187227
186972
173948
283910
200002
193052
271853
201765
230098
239885
175774
215998
204055
192905
192747
188606
196206
241168
180301
186222
248118
219538
233982
237906
186190
8066098
5948672
3881630
1789509
608220
204306
182102
211810
176768
195635
224787
186372
204096
200618
204962
225151
230906
223445
225350
204189
228148
186076
194271
205868
190127
188444
220315
188768
214210
213600
205727
185397
189848
202393
205701
296396
161172
173983
222006
205966
213748
202727
221107
241122
189526
206887
208076
219562
199436
188221
235510
204657
236361
178408
199652
220649
208265
192334
193405
240773
258277
193945
218296
179183
277840
253639
193753
236427
214814
224089
207186
198175
220787
205679
192792
212454
261432
206758
186381
217952
232590
195648
211388
265954
219782
172517
233493
208145
263237
240635
253807
239431
250104
179170
245409
244599
285671
265500
239621
251326
187199
223449
218532
238572
255188
264001
281798
193503
256295
214306
246388
231404
189771
217528
198044
184775
254262
254872
224961
215880
197512
249494
275375
181223
217229
223662
167102
213484
200280
238627
210631
222236
233433
196252
187040
175675
194147
213917
186623
196821
182318
265991
225877
204447
189107
283989
167962
188735
227615
252535
187969
204444
184404
195536
177967
190995
278339
199030
196122
192914
236895
214774
234042
198647
197792
232954
176843
289996
241868
255725
205953
203192
214450
215672
182230
182637
360814
199649
332889
267973
394143
181239
196426
187724
213557
187982
177348
195868
175861
194910
216088
198932
216329
196079
237529
270475
190343
207305
208610
232563
361198
207236
183685
203051
198473
271111
196325
233605
209465
233673
215829
185299
253696
191049
251211
188445
233072
204734
198589
192490
348999
209746
358663
187850
212036
278657
291417
203631
202073
184127
184202
193819
278589
246994
201469
210505
186677
190020
296181
196695
220605
300362
201189
295117
230024
280903
211271
188941
187609
210385
282650
212525
241237
186174
253734
236092
259149
190129
259884
251932
187419
238546
210368
245354
197367
292045
227361
183346
194394
213107
193341
188686
266262
194542
238592
210746
164442
217534
203408
181146
198382
186963
259116
209109
216702
195567
261429
231009
254532
252221
251216
215706
180230
311315
277151
209886
208911
255570
273720
202315
197247
190792
286540
169595
218159
235641
239682
216934
202282
284732
260779
193218
227056
242691
247958
185582
240703
213713
197748
305390
266954
235185
219631
207352
228535
177905
221832
244708
171783
199325
184117
194879
271540
218039
200482
218735
206457
172904
229884
198968
179974
192514
222567
184457
228677
219455
183131
231866
190010
198804
248065
186952
188209
200906
231961
194273
193679
215007
234237
198758
202351
210067
224193
197330
169141
237992
198984
223089
369351
329671
238861
305215
208011
281889
280969
269399
236053
257497
281393
313401
227076
231685
234353
180874
210158
237346
175314
288390
287685
219260
226731
237149
187624
207931
206049
267819
241875
187835
198718
273540
216080
185512
201679
202620
179322
227009
203855
189855
204743
187870
203906
183762
204799
235013
214821
225302
252305
199115
179097
169856
206006
226149
189799
208923
248994
231515
271789
246791
205442
173332
171473
231097
195465
270207
175140
198099
218200
202269
175376
175405
203298
207185
208746
236574
255038
214713
205023
216064
188399
205577
208352
207456
204565
236568
214403
175906
202772
197412
223482
204777
203052
199212
188384
199377
200442
202258
197397
188630
211001
180816
182115
210058
188799
192018
183763
213660
198109
213744
220182
198942
179609
197010
200699
198816
206913
213266
206339
209962
195385
223996
202877
178261
291019
200682
206005
193491
205803
187671
200681
232252
203725
191309
186513
191394
183112
187286
255836
205349
232784
234799
198708
206793
218743
201760
221686
252298
182279
261332
271163
211871
270447
196499
198325
177492
251149
234793
288110
166587
207850
249627
221739
205988
240138
378135
277233
259018
237784
170933
336706
181179
264680
285337
235489
183204
8134588
6005573
3966643
1900233
464784
379128
309575
313732
342552
255177
350815
291833
265049
357838
344755
257075
212955
321321
338603
325805
233314
178417
213220
188045
183626
233294
185056
193231
182413
191485
326663
224359
332159
212704
276211
171229
307424
192129
309494
257894
234004
277407
199076
194990
265819
247843
180285
214155
265084
292136
207752
202380
288021
166995
369354
217633
228954
182298
234033
301410
207813
195525
187628
174618
211301
202680
180951
213530
237653
200765
181464
210911
199984
202916
185384
208394
244799
188804
193758
193430
197651
186674
170473
194053
185742
198738
192758
199378
199712
205261
175897
206417
183733
199630
187449
181209
181299
203699
192409
200899
191616
224395
199775
196956
196547
204155
173030
226702
246415
174917
176634
234965
173878
242623
266313
187904
265535
180294
184693
191802
206556
182194
211098
190342
218311
193204
188116
181072
203416
196857
195717
198137
182423
176605
219772
191523
193611
185322
179338
178170
197187
195483
201075
198918
211197
186087
195085
180798
206010
175512
198891
206068
188517
184893
182119
169880
168451
177732
202889
188880
214765
181193
195275
177760
194106
209820
176377
213639
195496
188131
227138
196020
182232
191978
201848
208046
177465
197925
199227
202006
216583
221051
191463
193831
216997
220902
213254
202628
209758
225913
214509
226084
212942
186434
212921
193846
185796
203882
214723
200719
179912
185081
193009
196289
185769
186705
206179
197232
191853
186540
196290
194633
181639
202734
197181
186335
219252
202028
174277
194932
192868
189758
190784
193050
201130
195332
187070
199068
185387
176607
190559
193268
182912
180299
180987
187583
177902
173579
195760
170464
183334
193254
174008
194954
176452
169223
187591
185093
170101
180301
195026
192673
175671
180780
176180
179040
218476
223777
182244
177708
202596
216549
203583
191452
199637
181312
192467
210052
178543
187706
187539
185110
198898
182128
201433
180919
180902
187053
189914
198655
199360
194076
176071
174375
192266
203480
194238
183237
199392
203294
188638
199106
197949
182281
199631
212995
181877
184346
200255
188061
199831
194457
190852
199492
234483
191814
186862
189903
195873
187724
182221
187367
191038
192945
185398
172173
193546
193211
180340
174041
189948
190388
197839
194403
198658
189305
197220
187957
192277
192224
203078
179441
210143
198886
185786
174211
202832
191718
176545
194933
194445
185852
177915
200362
203117
187319
190156
194452
193049
203199
212108
205413
194301
194051
199902
197970
184868
187108
210908
190691
185040
169773
196582
172658
210648
180700
194776
188302
190654
181043
192399
194746
190371
204097
171950
186830
192862
198062
200562
213231
193094
219492
183828
181442
202851
209411
185641
200115
193391
181426
185026
192794
197955
181688
197399
190238
185316
202812
182627
192415
181884
200423
184000
209086
205521
182436
182892
165289
177897
183626
185359
188294
181915
195941
197271
184610
182571
197450
185194
206438
214313
211728
201662
179168
187784
178236
177216
192169
210759
180299
182344
203954
198429
195253
178648
188798
187633
183817
176878
175827
179304
170063
190057
195505
202321
221650
199686
185935
194294
218467
202464
220244
173884
198068
188843
196094
183172
207713
190595
208893
187242
191852
221232
189717
198029
214622
169506
174711
204297
225251
204221
208257
201558
236414
196223
251092
206740
236921
200538
204205
181634
190510
187585
279854
190693
187145
250850
194779
182567
231874
187380
196003
196068
261196
257778
237496
202185
214307
205591
181657
215923
234443
215251
212709
191275
210293
233482
199712
181886
222656
199245
217523
200080
210545
231029
201840
229049
193489
215677
181306
241223
199374
184987
228144
182706
163829
208048
228071
218079
211906
248289
179806
206855
193973
184837
213257
180101
256025
237001
235422
201963
206192
187476
312717
193701
198282
267312
287585
182408
191977
181386
201399
178173
309674
353518
225919
196834
182798
196121
170546
7522756
6324377
4290965
2168812
1030746
360607
374797
192222
205699
189728
182545
215713
205112
223931
182198
190573
194730
180202
254223
201740
214869
203392
192719
187206
222278
185062
192168
236421
209156
260459
193039
176316
215172
192885
192617
195278
195900
195312
175986
206280
204869
238376
231854
296805
268644
296696
203370
181985
193514
269234
183934
283311
222745
327919
236094
260664
221297
220541
192899
196433
205198
268959
203710
247464
212481
214042
195327
272228
171472
206893
298092
232522
196494
188637
228857
199843
207766
191902
198133
170829
203644
189733
198985
199597
190192
201758
192542
178916
223869
213665
197141
188847
204819
195990
248543
306856
280614
222033
258541
197788
201214
202291
204399
297565
230606
218727
346179
225321
206022
197564
220269
191103
225339
188220
191861
182820
235807
199718
186708
218750
195111
374625
198514
221501
239453
180607
265282
198395
299074
211731
236080
229452
200438
228549
179777
368130
174588
217785
185392
276110
199957
186113
206929
320241
204618
199159
236405
229749
302176
272456
207243
378433
270933
184080
210425
207019
208472
183371
237734
178958
323637
192944
202422
222431
231106
231256
212013
206879
189680
231936
217662
348534
227963
206725
231408
177718
240202
250757
177029
188597
173780
189024
208497
190932
205951
204201
182352
212242
182963
224984
228160
213867
202817
173459
198175
207553
188122
208052
222836
199106
189328
198257
178448
212950
186430
266352
224777
202893
225821
212909
177843
217005
177618
200057
233910
208734
221449
175444
203781
252033
197537
193972
238643
185983
238951
275593
169971
238138
202599
187271
266537
189414
195111
206069
194158
255559
193509
200033
196514
252137
203877
201048
205765
192625
182532
190256
216117
195126
198416
209866
175161
192237
188916
178013
205699
189617
185056
183668
185155
174531
196044
187863
199375
204322
199993
197234
179966
188213
204042
196202
190920
226327
198807
198108
214980
194811
221200
203327
293998
213291
204749
211014
185375
207485
201636
204348
215497
190391
221604
188693
229442
195521
214425
204799
187803
220235
188334
189349
248466
229482
198323
216036
197527
209261
203904
231560
215414
229056
307192
261399
294901
194373
195020
281172
257111
184890
294563
178156
266808
263092
207091
192198
205405
199774
179787
198354
234990
184345
195459
192239
196892
189551
186855
194358
196505
196029
195212
191410
220674
197401
221602
201516
236250
242154
185865
200658
207712
205973
175341
203254
208526
194815
209249
221656
236683
190437
173241
181962
246394
199489
233419
205516
184487
205979
194494
259718
206382
182963
225767
210435
224897
188771
185328
217723
194215
190688
183971
192925
205633
181715
198992
205326
200689
173213
208140
269856
259055
204756
245273
184685
176186
192059
194235
175580
202735
208487
241338
200485
230130
186251
204926
182444
212665
236731
266202
181747
216401
222576
230686
199955
217561
203876
188986
196292
205947
199364
226393
180682
196358
180587
211920
180449
195576
216697
187526
215309
199299
286259
180904
205101
264870
269920
295362
293353
281402
189072
220889
296647
264733
222245
191343
190004
276388
335972
286338
244496
336983
301582
315827
200315
339236
210454
262544
196771
310902
222545
299736
247030
303678
335174
334517
190638
269234
300485
336940
240960
215349
321177
229167
250355
192583
208501
208806
176939
285579
225913
326246
347307
197646
200628
246516
195393
238595
230888
249511
286256
275640
269614
303044
190648
182335
287663
196327
218859
198292
251883
187934
190175
194902
235948
187591
185284
215639
206104
238934
211067
195289
211113
197726
202961
184227
197234
189660
209136
226748
198568
192493
193863
199433
200476
178387
196546
211736
220114
197734
186671
210000
208072
234393
195106
204374
185580
200904
201198
201301
194484
207881
192839
184309
225532
199549
223893
207794
223197
192145
204505
191491
212581
221146
194183
225621
274306
199353
191999
309404
194873
205315
187839
291458
177979
177146
8594871
6469618
4433588
2363779
977820
190258
194942
233502
237764
184890
183462
242870
194181
198337
187869
183558
205651
192239
256731
215663
181717
188993
208511
197560
214530
196256
257709
208057
215208
182030
179217
196951
211932
206514
195174
181828
212861
206207
209956
199839
197181
189670
186233
225323
303711
180671
196850
205451
197840
193718
208666
189107
194781
190537
181968
234531
195522
183705
196079
183196
225930
195282
220683
205288
291512
193394
288912
192472
191740
287671
190593
197016
184792
181658
251818
184757
205107
217900
302771
234647
176780
254564
196906
191460
182569
188712
200164
185836
224419
219426
238574
289878
238138
236734
244810
220248
263306
180253
267898
266756
170567
203657
215366
223276
179158
248024
267433
181784
250606
186984
230688
198411
259137
295056
286658
184542
235692
183276
221106
199925
236240
235513
196495
212534
196211
235591
222476
221483
184606
213267
239377
290415
182259
270778
241114
233259
238071
236988
181642
210606
211591
191869
223497
209626
237825
229576
202427
192823
215715
187425
251814
185255
223214
212732
204600
241196
201527
208893
212319
227368
234772
235061
181051
212133
210108
180551
213085
214271
186158
188668
235585
245093
214190
203135
201064
218205
226462
195767
268788
192178
233491
190845
215055
191103
207875
190936
191939
186658
197501
190822
190864
172618
181139
196285
254799
200143
284428
193401
183462
183418
184555
217902
234365
185378
217850
179095
199262
209345
193068
260283
189203
202962
227099
211261
194752
200306
191188
202207
216988
190340
181299
205797
199426
204755
192723
207477
203932
191156
180693
183838
213218
197848
167229
192736
217527
228520
245595
181042
200097
174786
208290
198470
198603
220960
225908
197911
186668
220828
211520
210683
184424
201099
192076
192350
205168
208139
179010
207222
196126
191636
196705
174514
212287
180085
195766
215504
197724
181029
201857
206334
212880
190256
208009
174943
195357
208484
233271
169442
190119
189084
217838
207300
188250
207518
170391
190338
194334
191055
208854
206850
200595
207701
203735
188227
190455
204607
193205
204929
185479
195041
196286
185433
193830
201017
185814
193412
195739
179685
199109
191212
195207
187175
185393
194588
193716
227023
195366
176912
250873
183852
197165
195015
195471
191532
868628
302940
255719
201994
210668
237705
242821
205583
228639
346357
168499
216574
229477
184766
277513
187563
183107
270700
228913
244156
205076
254420
206569
230736
237006
231237
228125
320194
198082
232245
318615
221966
213276
306432
229448
290888
310454
259617
293533
270924
229785
225167
189156
210590
248283
209560
275905
188215
187435
253467
204210
197907
243075
184861
220694
225462
254563
280882
220020
220129
278859
201899
216844
215090
239437
209834
208600
225113
210734
218949
258192
207676
178959
227358
184390
231354
223921
180669
182127
196655
183997
202830
217011
240161
189278
199954
187200
204186
210353
249630
197568
207267
189929
212721
307612
227916
183791
191547
205204
197006
213527
214933
183624
191623
185748
214608
210477
194698
231253
173792
203986
247775
200116
178564
215983
243001
196566
191260
184419
209026
191723
237574
212029
207767
197218
203972
185920
213763
193474
203749
205617
203534
193023
195067
211389
198196
197031
193847
200433
196807
210748
180907
209898
199499
181696
216692
174432
201967
193229
180359
216933
185019
220416
199236
256564
189709
189265
219774
188643
224932
180403
206886
184286
207131
192709
204161
183033
207512
232187
194072
206842
229026
222403
201526
236811
186971
212151
193189
199177
188289
200047
190562
219847
183449
204861
177099
180204
207888
186003
205305
200958
176977
198753
169720
212979
183933
209131
191435
208616
204726
214117
174161
199996
200780
201050
186885
178385
214234
181673
199071
187900
189396
208473
203160
191455
193372
209584
212981
201227
200712
196057
213909
196706
210707
201668
175648
219951
179592
208067
204369
201513
211266
194743
187578
227123
204163
6449213
4379202
2259130
1469708
250471
235053
226447
204777
219520
288527
268408
327731
335274
297643
220603
196978
233896
352133
227582
262316
189206
228719
206366
223904
204373
234008
183666
299598
221835
350997
193471
201671
228226
198668
334306
231409
180662
186686
237613
189265
203596
269342
180147
241935
225239
329699
279424
229976
198364
261262
191675
216159
244502
233079
243068
226125
263660
250229
214481
234895
212044
239260
220586
234981
224284
233307
208866
225021
264597
194654
207224
208380
284751
209334
206458
219673
231194
224800
222936
176474
229428
210249
189481
285870
211082
196373
209495
250514
251678
267034
208574
207200
290369
258275
195288
194893
176099
209713
208134
199548
205130
184500
193366
229800
182134
222992
185776
246509
202850
232219
242284
199527
262018
199730
180266
211685
183451
218743
228981
210253
212438
177075
187879
198714
221135
254951
228092
217109
196064
198833
230136
190113
266696
195707
181278
194564
195611
173901
199448
172758
195759
174833
175870
195421
194428
238642
203035
201017
192586
202868
224876
197351
196985
186379
202432
194794
284682
217175
277121
296507
224549
299762
180943
188371
178456
187550
195999
263699
177410
187293
215153
200101
191113
209541
209817
243601
190513
252532
210694
220437
222400
195839
192484
258324
212851
212544
258250
196367
197094
223954
258693
299064
206807
189474
206259
185737
205728
189244
185804
189423
197633
234516
185706
269077
218360
192443
224190
204727
182702
249531
177189
246204
237308
279364
202065
191478
203395
190759
229414
211460
216219
181952
207220
251029
214056
190308
245138
221268
201697
228966
182187
207536
241217
229248
196044
166230
264489
208492
202401
197331
207003
190210
185046
263861
184103
185065
271950
206198
235728
175983
278977
252942
257885
177994
209900
251267
176579
265836
191464
270850
304123
255478
205329
207817
252941
217559
200435
266580
184804
252643
226152
197712
199651
191293
190884
260299
195990
184108
247566
223107
192587
221067
1118442
584993
200741
180805
241278
204196
182369
201288
188445
186488
218139
199523
216646
202661
192583
184350
188983
179622
183051
258068
243294
221744
237917
201118
241597
249802
199008
212110
210822
180463
191769
193593
183140
171227
202085
192126
199493
165718
190371
182781
238320
256085
238265
179479
190458
180118
188365
209977
235816
197315
215797
219940
200556
203132
196442
199083
207327
196600
195143
212589
218380
200827
193024
205360
206315
196107
180110
192177
203741
191848
200543
190149
197414
212231
216362
193622
224491
189843
187045
186173
189338
192945
223239
176874
216457
191103
175091
265523
194341
185265
191793
224107
267141
194105
179646
184400
212586
282635
201800
216397
306140
211275
247852
247881
247136
190348
263540
213748
212025
175572
240810
238754
225148
229760
165057
215375
220137
294917
218646
188880
232959
257234
165756
246028
235662
217129
199631
223787
217391
218233
190631
185418
208103
202202
217357
198489
207912
200707
199707
195446
196078
201170
213954
194695
208329
242759
241719
223082
190559
191811
266246
191962
265921
228621
191163
197214
238490
199897
307530
195511
205771
264743
194086
213310
258218
193659
193187
240021
204094
252967
225760
255019
236000
263161
250009
270596
201159
188221
243817
233104
184052
214335
189827
203091
224981
260489
253916
229400
275867
218910
254820
276084
246473
241910
231815
298019
184146
192208
297242
184416
232711
296209
297926
246830
269662
229158
306136
194798
196802
197660
255151
239836
259927
193526
227830
361200
201788
211967
344411
289355
228643
194481
236434
246209
257426
177522
200997
241714
191172
171365
219414
168846
323478
184595
203610
236505
188057
194000
193133
175999
287715
237037
333217
350020
282991
248949
192470
328559
289653
309371
327831
202626
304095
245928
305769
258812
316331
269212
227970
229716
221532
186419
210967
195982
235197
253257
171840
186328
253742
223529
204400
221805
308924
232492
300126
6799158
4678263
2631274
597698
850200
281243
364120
306285
211434
193568
261898
296457
282343
191708
236276
237646
223524
212251
184699
203934
215719
300081
305592
360481
346217
353375
372849
186895
283514
271418
201659
239452
212075
249905
197446
306778
186749
222284
247348
183421
200233
249641
250683
172260
193491
187679
174685
184003
211959
184604
195387
186231
172552
207371
196119
178294
181626
193020
186289
189984
203307
201664
182848
188763
193178
240264
211624
214212
188768
241500
188310
188346
179684
185882
197059
208371
219161
183128
195207
179328
239040
192791
209138
222081
181246
183718
178517
188071
186677
246871
194671
244617
312030
193436
244619
190325
179603
185704
185471
233409
235453
187990
246152
178561
218658
187686
187268
211084
204132
208927
304674
189119
212220
184787
185974
184011
249521
192389
205765
257446
263742
255272
398900
252637
208976
269498
272827
200181
290491
234433
228183
344188
270779
183860
283956
217843
287968
209068
222451
195504
197432
190178
187563
201281
187240
184696
193198
191253
197685
207280
187884
202493
175662
195709
191747
205401
169658
192431
184057
195898
186543
200891
190366
190876
203047
200827
204873
202187
175966
197670
183247
237577
201027
197964
192968
217042
177780
196680
196018
185518
212936
202367
182406
203299
188169
201544
199021
186304
174190
198099
181861
211678
203206
199951
177357
195564
195590
189879
177615
214865
190697
203976
191944
193377
180603
204647
243790
194300
199422
220963
231954
182332
184606
236618
193942
236339
228681
192963
202520
192497
180926
208189
256524
304264
212224
235875
174286
185651
182723
190747
178280
194821
180287
206823
213786
196253
198217
213672
264882
203975
207000
192304
226255
201169
200257
205550
189175
200017
200163
205019
201215
198610
229520
212508
165910
223816
179969
177934
173637
182768
185263
192596
188345
196771
186577
202455
185833
195624
194953
183832
189080
189111
178750
175866
189197
176005
195689
180772
185004
182048
201304
198001
192841
198861
205963
177031
198741
194864
184443
213295
196880
185529
211834
192844
187520
195318
197892
177879
199522
185662
182037
187089
200210
196096
183926
188421
200030
200768
195096
186180
192071
196946
194719
177868
202053
187781
191012
183150
188425
185842
182471
196840
197069
188860
184698
202987
178584
191539
181798
185843
200088
183214
202474
199334
184414
184902
212955
187946
184288
181359
185817
203406
195611
203456
183811
197376
212297
200993
183182
183916
186519
196402
179886
193031
180713
192494
189186
184716
174846
191654
198510
198646
196264
192031
187731
190195
181684
196623
186804
189098
196422
189810
180518
189411
191823
178202
186941
199688
169692
188312
172270
189052
199983
190911
193983
197147
183961
209621
185144
195921
182924
201280
175858
179972
203337
198987
186170
185945
194496
183079
170659
167884
267902
186081
191313
193687
187064
204952
193999
198013
193979
212711
176961
195393
185846
170986
190226
171991
198155
204164
188923
208666
177622
198869
188165
207024
197771
179240
175727
182602
202748
192019
204013
229465
175330
177702
198100
212111
177457
212319
175048
168257
177589
196015
177990
183078
192620
231968
202279
182932
203238
199198
256897
207312
191087
188025
193733
184813
180899
200813
191682
175192
190207
207796
197658
182475
201107
199966
180608
190703
208261
190782
197185
195332
192034
193467
206414
222274
193239
191235
250726
257614
214207
212410
198797
190977
223625
175110
239567
199225
283413
225092
242695
194755
214449
177004
186076
203691
214955
207618
273619
244282
185339
201618
241349
243636
207168
211121
184266
202435
211902
194882
216879
214411
206435
252641
192949
233414
208813
183794
175931
210904
196392
168917
179841
249584
206258
218812
187849
198111
221107
174201
233716
220987
239510
207989
238966
211874
217607
209465
231528
211319
208250
211058
208303
213401
191159
205977
189510
183450
181031
193366
181238
207847
208294
218763
215426
231618
197217
213470
218495
7036836
4918263
2857899
780947
1202388
289135
193468
194944
256599
227131
255760
243818
285795
185158
227064
169438
288734
194991
266472
204709
196950
179054
195831
299489
222428
304495
207455
186236
236914
283210
167785
316694
267314
200273
202604
191481
239887
260997
320929
177730
198041
176428
347008
191644
200155
211093
190595
282165
227559
193705
195633
203042
206673
218348
186269
231750
198320
225938
218973
243917
226910
191713
211105
198596
210678
211655
209707
195542
192983
199324
274797
225723
208134
218039
287729
207729
212863
183561
238531
212120
266744
242405
324889
186370
200910
223236
213268
275537
218034
211881
237166
253604
206567
219637
278095
216131
187148
198989
259284
192527
193856
209186
289095
199563
291173
225420
199675
291485
235391
190375
220439
186833
185778
243016
194404
231183
173496
236355
202315
238547
215508
198249
225545
258486
239552
259827
200366
188747
246515
227100
294433
189053
220304
230384
329589
229743
228625
309308
189264
200493
346845
327442
226130
248167
240492
327277
225692
281959
254965
196321
295847
210853
200988
187896
246696
191271
247137
293088
321108
311319
253145
294881
181957
303927
209154
212986
201623
177552
286106
197183
187336
225000
240097
225974
206952
271798
192160
245567
214578
231273
258431
295004
190905
180753
213777
253111
193192
211033
271934
215127
198535
229795
271481
232032
227989
261192
228200
207552
188496
181249
224516
260879
226349
202637
184277
226545
236099
206134
227839
199060
191518
209828
219526
234956
203160
194809
227863
276074
188928
298933
282780
233208
186880
182140
189720
279100
209205
225178
278228
192653
206973
229517
234900
279711
263122
235150
197874
233033
198070
298280
290210
236852
296314
203382
221012
262609
258415
201072
315868
216166
195716
203565
227076
268185
195326
212245
182929
246528
249491
198744
260242
215585
276898
250099
213833
292385
235324
203247
240395
193382
216539
226500
264598
185820
186680
198469
195309
256786
212245
185512
256156
264876
280004
235323
185604
213507
244163
214620
251011
183402
283979
274080
224838
257749
251223
204744
192613
179282
221884
201115
215959
196774
253511
240674
205543
239726
219910
225467
309295
248550
211927
222645
221563
245321
231973
230400
195745
224255
189415
183369
190092
193407
195955
190904
179657
192492
214028
186719
185633
179965
190444
196045
200509
201254
183557
201404
187852
194846
187604
202066
194064
220429
192214
171641
183478
187107
215212
185721
200532
190122
192803
202265
184650
170928
204100
202738
201062
205656
179139
190820
193364
192002
182607
209058
184228
209364
179528
210269
186449
195946
248327
189893
200895
198143
191111
194732
181395
204764
176483
227515
177431
190156
182854
185918
200220
197792
181658
210870
181098
210322
178006
207885
208197
184358
222034
195260
189936
187748
179832
204609
199240
193312
213543
202156
194990
224011
182790
244246
199106
221809
185458
211217
236696
205885
185104
207170
187349
205896
193994
219684
183479
185395
240777
211439
201509
185537
177687
197381
210753
210501
193512
209353
227295
200321
194911
199142
174211
193412
202891
232564
201094
182884
208042
202126
187680
176351
213070
206100
188639
213316
205205
216215
197565
195514
242460
192450
199069
208629
216424
201754
198491
208032
187420
197230
195945
193993
201038
187663
197611
205679
203501
207356
211645
197974
204010
191942
210963
207088
226899
211019
203743
203984
207692
202448
217933
217592
203217
202075
194859
210434
240554
201615
213093
200569
189757
242386
181669
192672
198764
192906
199727
584656
198886
228164
188892
201270
236947
191698
218323
209141
190195
203451
177951
189092
175333
198830
199458
194598
186392
217449
195890
196838
201192
185894
262217
210471
202888
210845
207608
186071
174656
177462
193808
187376
209029
241871
212630
195180
208710
206370
204770
206597
186273
232319
228019
199463
204156
208001
218841
191448
206758
208068
202995
183012
199212
191778
199808
179467
194982
8081861
5959986
3925911
1838029
923350
207868
225518
190941
202645
202017
187929
193821
199796
208774
197601
180176
194648
195424
214202
189064
182352
183488
170836
194517
198897
190544
197708
210845
189504
185668
188358
201450
185043
191492
183349
193207
179973
202608
175886
182512
183488
186059
188157
196494
178107
182326
193510
192813
200187
189636
191018
203427
186449
181328
181758
185856
189297
185134
198455
201247
177105
184877
195659
183836
181017
180248
177996
181887
193169
173230
199657
188010
192890
189091
196179
189788
180692
200625
200803
194777
192156
208232
190898
189399
185177
183144
188408
185997
185573
180784
185540
197102
173699
185410
182222
200815
185375
184274
187321
200245
192685
204087
188235
183462
181284
167449
199787
205376
198805
195165
197085
186875
203018
186396
183487
177215
197716
176630
185022
197863
185474
181994
194868
183727
204934
191825
189278
191792
178307
196756
193250
195131
181201
187219
177615
180310
194915
194006
184927
185358
188680
192546
187237
208589
221807
187156
188706
178057
184174
190316
199933
191132
195620
193673
199911
179823
193010
182073
201695
180919
198566
190278
192313
180593
188978
195234
197068
191200
208687
168915
201846
184001
182046
177180
199000
213611
205885
207329
179352
200492
190813
197688
186342
182795
186032
174908
181636
190313
191856
170436
183559
207582
182918
179573
195677
192934
196140
199667
183823
189016
196041
215502
179805
186789
179866
188788
196217
189882
181757
186575
202221
200096
186764
188640
203143
199752
168958
184836
181983
193755
195568
189078
170726
185874
183538
194128
190576
170737
198255
187906
209210
184691
201621
195805
191315
189314
200059
228728
186592
211845
200855
200138
219308
175244
204940
237353
196599
209909
199229
210962
221657
234502
269484
188812
222283
224892
241482
280887
219291
178618
184735
176540
196110
235236
201233
191927
207721
210226
231760
227551
216116
202289
237744
221552
186623
181039
229877
241145
299883
260383
169635
226010
228615
246206
236835
304141
247715
252758
200310
280675
212056
272611
298812
208574
330699
274104
210574
309738
192638
191562
219898
240055
297595
219680
308300
185795
318756
321485
325215
277528
324476
251984
367879
260960
288845
211019
277863
359967
177393
336731
188497
423047
339759
410668
425007
365321
320866
367417
384248
244082
181391
233939
405966
199641
418945
326198
431394
396348
196674
486518
338169
353694
449821
462072
200954
442126
468778
257238
183075
420300
225241
437144
363545
416352
391481
238428
199892
353605
423256
512316
423970
293154
519031
202839
426462
406418
226376
497255
235255
423146
292973
394443
520505
314572
474202
449948
474573
403043
586712
477826
527649
562546
456901
567755
580459
423169
473963
404956
526593
523761
339924
299662
512378
359481
576997
236642
316714
628142
465427
627469
313627
649309
682132
692801
351366
518167
751890
551333
327989
629304
356232
508646
490330
801073
608646
236697
193061
610108
576782
590601
525042
258966
668404
213102
408782
783480
659160
849404
292543
597750
795019
330541
222504
754453
880626
774011
206839
748282
270445
292128
726376
209195
232233
580141
632535
348120
587256
425437
447786
839129
444774
284356
399467
850038
319227
644850
445798
217191
654734
197793
330062
729904
568784
772219
467974
571725
482311
521501
428423
276099
280484
564286
459392
530443
216984
750888
766335
580272
438917
687985
290349
276081
197907
183969
204777
350879
274767
215056
185969
242130
182946
418230
333431
246837
333324
337990
499640
544865
400969
313915
267597
192221
490682
491801
321922
756637
349366
187867
603379
237540
381262
388565
538604
284212
202933
623606
271145
271457
193182
200430
337460
391026
197995
260473
388791
502427
378959
345055
332391
189729
641349
503685
571978
255404
202150
604389
340317
174386
681564
424455
346479
242988
300446
686747
211185
396138
447331
556213
353772
858527
667763
279511
382413
327445
688826
209071
780648
716621
498154
399479
7904885
5877373
3791065
1667440
1412569
710529
682689
517313
511249
459863
478491
521314
677036
768396
521487
572824
182867
310559
466358
390494
391109
508757
807927
660391
764829
351769
583715
655486
498098
302540
570807
815057
377176
192271
436996
211647
441940
374259
282872
526756
286171
431609
722233
671252
883939
624980
506630
652741
853491
300360
802664
362236
506986
537310
547418
319310
567742
770214
213461
502270
436015
581935
282701
651476
545457
632028
896905
539604
424699
523027
524380
513438
588134
586514
446130
560072
442685
430189
550422
574595
557014
618805
459531
403742
327610
266109
373061
546349
546223
582956
343136
558484
289753
577137
408896
512385
494881
186483
541765
501167
535513
448463
525693
449136
189860
345590
428925
408206
394586
195929
480489
372043
470942
465408
253533
189940
490474
400124
368212
307147
399839
477597
406525
306285
383076
305004
331661
216599
342893
222892
385996
522157
220694
308637
294551
489873
369549
264079
463446
228622
541391
478832
512618
524872
467375
571044
574503
464206
324949
450092
374638
344756
390846
213404
503518
489583
198182
459094
564054
357957
547989
631165
452670
524574
413326
397534
537059
588679
428423
575313
181040
342470
507902
468229
280205
678306
526046
440820
429334
595747
382113
648729
428489
553942
322092
181996
215911
441513
222928
437550
206376
384771
609501
208185
297512
512050
429106
543745
498276
492523
486101
562456
560860
735713
612923
788514
184828
309205
392403
196865
449826
441710
836942
213380
724800
739013
814751
216259
356361
540043
582800
193025
495170
478225
435386
775993
342680
333496
566834
204512
183875
279965
173899
260028
258150
210948
361156
225390
288041
196158
600791
465885
180390
193933
203707
630683
310353
182136
198298
258668
215611
232732
633761
588780
342453
194549
412866
374062
210518
407155
288307
324817
366143
234904
742639
374165
529784
416118
321656
415516
412678
432800
385477
350728
361885
506730
295998
530685
393982
214774
345810
438906
632629
323826
526522
249378
570172
712170
511906
611898
417550
730545
311352
305821
647104
742843
657489
512889
653394
614975
591807
649324
693381
308877
401204
441670
331264
548272
531434
712102
487948
676199
220792
592427
630314
761341
776621
633662
349342
543831
493908
562242
569068
732333
569837
479203
566833
566881
409082
336745
580087
640897
466850
495621
523386
460265
777775
566812
539332
630896
225120
259536
202682
341377
197309
192484
313157
538002
241722
639540
277721
191918
406321
314115
509406
601997
419087
794840
591875
216105
222487
728280
356329
344463
190120
208233
451352
443457
416591
311075
219997
204340
507451
274169
191195
193594
275200
690028
759214
752497
566962
605071
423211
256496
565326
189269
269213
213363
354967
410575
351814
234277
250931
463710
538338
191267
389016
511513
521246
460266
439506
478168
463445
194131
192023
216332
460999
581982
286509
483050
472313
749353
198317
861824
565440
221880
412462
198647
664753
191023
439330
374132
572698
590059
194353
464870
424489
191316
581867
224891
292453
337593
206693
192603
682795
728896
636209
413254
339682
852778
215836
180412
432829
862163
583671
486427
298474
327931
705583
691744
575979
274071
197995
201306
577964
563901
343564
562716
486793
563345
626392
617401
630828
662401
464919
525639
652152
616721
585591
349149
502341
504623
691996
613911
490071
290451
610464
661405
714852
433562
642508
738737
746717
739583
752629
644177
772133
636740
610032
717498
500870
682219
758152
213398
843984
449667
770917
392283
730805
750131
446480
705682
499038
316050
593968
472099
733353
520444
354189
365706
670733
510353
757795
674429
648515
429441
710758
365106
207697
590508
424161
434249
654858
345788
628057
260610
740466
658299
231114
204887
588912
427495
402542
450765
417738
790526
654179
888203
473997
428823
336058
381415
466167
773901
519791
407319
513873
608190
436136
426772
391551
177151
229615
301887
457692
383147
202648
236034
483923
229167
8176289
6079362
4023640
1966986
912828
283498
386660
466278
310354
535544
343497
633802
715884
714374
352023
904802
580028
467577
785825
837338
603223
383208
470938
733825
782177
559059
336115
778059
352553
337234
649826
501611
502609
223750
429795
466635
318126
235002
309349
522133
666208
534441
358221
257139
261956
186560
465372
374305
541481
455636
401008
795221
327305
187152
239644
219057
412983
513727
675511
569575
789166
706766
613578
271454
766569
309110
559568
560521
282635
537097
385717
623764
489897
503008
816041
328448
225932
414629
549547
607489
764063
562389
677824
397450
338588
350551
824944
746931
827294
263039
209466
838844
688010
632567
753098
373594
201271
787868
743868
836161
515970
423666
484304
418285
488746
586833
724206
353473
672968
311277
780770
396973
503393
643934
289574
571054
618530
271505
646637
669630
437014
343327
508493
666338
675652
627587
780809
837610
704899
840490
815567
787166
599617
297695
392746
708420
772996
807297
197885
727715
680775
801803
578335
347766
707361
473211
695507
453145
438272
796488
635736
480574
699643
326269
631070
269242
508448
547186
476533
446913
581937
455704
296682
854297
831736
568468
785992
498561
535747
670409
304976
580940
672850
707788
551235
554196
692531
533611
837613
743749
337012
752097
428293
765283
572185
538970
573038
745894
682326
569683
569279
683215
505565
862351
317285
521071
558446
272906
361243
619485
660034
670725
319353
496511
549074
470196
467611
249138
337876
285010
455923
671001
188489
401829
588064
472488
612085
261582
228426
614010
184356
224404
188043
195642
257109
194496
299584
563832
569615
186043
220134
546113
196183
294463
196540
538460
277927
209568
534735
212509
288451
366741
253346
201515
511326
516387
392573
228315
403976
224172
695355
650007
169950
207167
207952
350469
716555
198468
229373
196688
195148
211997
376239
309009
512807
198860
376197
193868
416125
199055
258074
454044
304781
185631
384917
361182
719846
256649
524260
347303
557902
416447
280559
202051
434375
272790
211004
194718
709585
189419
187856
436812
183660
275061
200428
211751
288663
663533
622550
200801
380996
367428
256728
267065
234533
198363
190867
205478
428303
218459
461354
282876
191962
292152
583403
283480
849556
421592
201299
209184
785801
210898
541573
659870
517995
657144
503943
672159
473036
385363
500145
707401
863230
679265
698631
373507
446877
826099
472497
340634
607342
654106
382093
278230
399844
653810
781824
367150
185929
409750
558337
216159
473661
752703
649648
746267
860878
696821
787434
720408
425433
660392
213482
390686
800861
531591
544495
809263
436478
783024
809676
824072
876367
784112
429491
858046
812529
572834
752096
474086
204256
760377
364076
607843
440448
254279
640882
691231
750401
748417
481622
855134
278698
361755
577348
256305
251399
350574
209743
182436
207408
587747
614585
358100
378971
339300
302882
317520
377156
631887
412869
649456
806363
576736
469484
251212
667392
538122
741741
522624
194290
258300
331452
519826
709374
505019
280709
396493
307044
871415
419581
404446
231100
400215
638696
275623
333521
200199
569308
588804
350406
399865
466159
778488
205473
304489
438661
286712
292868
204799
192536
748717
318374
666981
554332
945166
314761
210231
657103
436938
414049
354548
429304
394184
512753
860664
712761
714418
564712
627499
690730
318420
460008
356845
215056
446984
520582
835140
492405
761823
511497
667729
550461
692444
539758
479737
635259
417635
328794
211388
471975
431718
568891
486906
722370
644516
211796
793094
758890
481913
703408
718945
702551
714901
191869
479225
458162
478621
207985
221270
441633
512264
812015
313017
410500
296854
192860
198370
180668
600992
417778
191072
473504
762018
402685
209989
181856
192189
270403
186219
184021
206631
182398
193610
345184
208624
284801
516833
298630
308653
534257
291552
516797
318760
188942
274640
363485
190083
200249
329540
186114
274238
201710
633484
195892
367716
291433
525854
208885
236249
544012
6213100
4091455
2039247
1165493
296997
191025
260499
643278
194645
784090
458716
492036
388987
407502
630941
458129
185401
358933
359536
340940
447130
375253
349339
474284
691321
346984
648696
661554
261132
352347
414600
549847
618968
376870
609274
601271
202791
471043
650148
398152
537494
207762
207372
193475
193891
258606
214810
854422
616523
554364
197575
189077
418109
418171
200831
251152
213421
228124
349554
287666
358469
376146
283267
240332
264181
458646
219797
177752
309438
625842
308816
337418
330774
437932
543365
366524
544344
446365
528844
469823
249389
179240
344258
301763
297828
449665
383889
552961
707100
388354
409846
343924
494926
478324
492928
393417
884703
284430
644449
722093
281031
766858
735298
368841
202446
392807
880915
459163
860725
475206
319803
663899
562292
260345
573891
495648
753446
297270
494678
593464
791335
739968
755004
557836
491388
714113
299060
655799
695359
664202
228996
414412
433247
790921
424352
291000
488157
533595
333344
421554
506004
507510
358692
332351
462560
537925
814191
556770
217441
522675
422008
293287
659306
744424
740224
253412
750053
682018
530873
398594
786193
409943
369368
512487
777612
993516
463657
533402
494068
555213
886995
730479
197138
198959
373910
916672
204990
458879
897396
201332
714067
490040
893957
448132
784258
447005
767140
433321
555711
823701
692931
552765
340904
418305
769357
881830
812032
738822
500343
917258
623284
461075
784191
295841
537433
668310
801565
633775
778659
352534
598391
620144
503236
354836
773838
360182
757553
694706
748665
422049
573268
580101
485364
504021
412927
195815
575396
277294
851097
549028
674993
575415
595167
675813
843777
646871
642593
608394
368691
511636
768235
659693
385166
750923
268316
223679
253513
314108
304673
331245
601185
355342
345796
282419
366929
407866
341456
436424
867981
801071
595353
461169
779891
356003
312580
516930
819413
574242
643263
473907
776564
700307
558695
470002
830783
640112
527655
862558
226703
226763
434782
447910
848880
452646
581487
383599
780353
716037
511976
589814
834318
591934
341381
806329
405624
290879
580699
481756
489747
632471
416458
430098
423272
311958
207548
335970
511360
374011
523585
343005
328718
805566
506592
575659
828259
655526
624171
469524
365659
504471
196418
185129
688708
424058
270185
604689
574707
728504
397184
301291
184421
604716
222480
699019
398030
435570
429640
605612
407070
374710
672690
191433
646248
472270
430292
186175
198796
460265
466999
340996
196484
300912
304413
199567
401779
798184
389362
403868
272126
398189
379824
299666
182973
232413
206142
223884
220257
313586
259591
620292
181592
200308
309885
403747
385452
557245
481587
440444
381995
414069
199120
381424
297587
296684
405041
660723
617746
373377
262499
235815
194019
298068
508194
317294
625700
322036
445261
559657
307981
570238
459813
573089
855680
784897
661006
615133
393844
542736
676569
519360
767286
498139
251884
287997
380406
741089
197361
293382
263041
209406
264960
186870
441181
219061
509703
781487
331492
326638
694275
297990
200080
264902
528911
315411
205556
517465
357249
287135
247479
303604
875253
250517
330826
211420
218144
291756
328423
199459
412421
241061
327925
295156
235329
194774
412778
181773
197270
234841
460223
188293
283461
328851
220394
440005
576872
433722
703911
199394
366143
388173
307134
463749
586478
490771
591808
211101
528593
880127
533653
600477
504858
468320
813250
345693
667449
458183
677188
627233
717473
834446
371406
241839
205969
208280
703715
245753
517501
755398
436790
339545
374524
477836
196103
746800
500277
350800
327370
650213
789283
424746
628674
294565
652285
537881
765537
786789
382330
727928
237458
711675
504574
451967
800501
527626
819265
591028
412553
516980
380847
748067
861008
411590
266377
877215
549858
197589
185393
896693
471738
248007
392063
761326
187575
805249
422930
571865
452182
291844
649433
491877
190980
598322
634273
202662
317893
672071
710499
769980
295300
569727
5972124
3872098
1822141
1258426
277162
329370
294581
479430
628249
503925
539943
499755
762369
534835
205502
772954
573868
648070
505071
623474
774411
637203
186849
390669
561982
469070
416630
218176
259289
197067
404623
392084
595204
769932
492794
222043
702712
283642
497955
721769
715565
273534
539562
566009
284295
352150
345144
529221
659654
614416
706619
815910
577077
668049
695881
536684
885007
739513
579326
664588
554491
636852
673155
216140
244646
743452
801377
751000
322703
549074
691246
775378
210746
750756
887706
675851
216842
697946
484990
657196
733141
790372
663390
661670
533566
580367
804271
648697
557413
750174
212240
446415
812897
554274
600819
435342
549634
685559
414840
464729
664447
251476
218771
271420
465682
193439
500316
416189
377123
491447
801375
446866
388477
635163
641979
471783
797415
751176
203924
476184
566585
378086
445743
491085
401683
568741
459475
481728
546604
301446
200342
201426
443802
187269
651827
460981
694129
302657
207198
562506
301375
353807
767062
344170
385793
359750
246972
842381
220393
574145
665409
490482
695122
267641
538614
563123
278723
464641
530619
600319
515456
279560
494653
444522
200578
218088
556778
195422
203964
663187
559213
237622
558146
771455
673490
610629
665784
363993
383121
712153
291579
199882
207916
499867
553075
748749
831347
540266
386391
629992
365839
200481
595895
807679
788077
570649
827011
318635
424148
799061
667228
858925
345822
4085971
1953736
900434
817898
663631
397333
860664
669556
672588
747729
758807
303360
405078
713627
763351
548561
652472
428529
710658
903536
327281
882798
673112
717276
464792
188348
366899
407041
486162
237390
360476
471693
247319
633578
750568
733621
423674
537841
563159
517051
816165
197325
420767
695341
751548
561753
341342
303590
750763
439128
421785
381535
288817
392960
496477
325864
782055
474844
729514
319032
628404
410084
709554
667853
593020
374843
199271
677927
784022
710742
641237
616608
379394
435115
784235
356567
423896
413637
415756
195101
750894
745796
889181
730117
705437
577264
660363
699311
429424
630806
656879
649970
667503
697869
505843
536530
567242
754600
254587
690940
828660
405723
478636
554067
366488
858797
854069
518790
680538
291060
701366
470176
210847
479377
544032
288428
334218
462291
281730
217644
247950
536294
317442
460012
482458
183205
617779
299419
205164
184774
682997
207676
183963
192696
187560
495529
219762
215661
311459
823909
651643
185003
200380
426988
276639
661092
207437
207544
285424
273396
208617
222469
206718
232087
691490
896048
813512
859951
823256
221737
278628
275065
263898
193348
920148
496316
306575
350717
416253
520958
745014
213936
797905
490527
835636
332515
582568
668730
445167
313530
527026
619229
386016
206395
298433
277239
208257
317726
203897
724283
197079
193856
215235
188476
186019
211013
194535
202132
495243
436719
201631
258665
216747
307656
295801
182962
263579
468481
248703
334920
304251
295215
321512
286824
392559
222815
332395
232754
306661
198883
332189
213247
231706
702340
322560
315924
208938
268279
386334
321905
190596
219411
283051
206641
247229
187107
271911
320492
222465
226924
483545
198216
203525
270086
266637
448293
327500
262187
236528
318624
344347
252663
674318
254729
189697
210721
258977
176031
181304
279834
372625
196522
203662
360094
254470
564087
423135
423741
609842
206627
200644
191916
554883
203825
185674
222141
534246
937638
197716
476217
325973
189955
274217
409048
291635
221008
474513
385724
825121
245943
212093
247052
213768
195209
194769
197272
182205
208600
192945
179059
189294
197609
195264
181729
193589
181544
196899
211117
190972
214974
261946
186514
201107
203687
201532
223671
250875
188778
308090
310271
215134
227183
188965
241601
197918
193746
192976
208698
190072
328097
186776
201333
280702
225818
187261
234748
205427
215730
177621
183585
203532
195961
181389
216485
185269
198958
203341
182046
205913
208881
197560
194973
198964
198013
202687
204700
267421
7037645
4904847
2885011
816145
1388629
387054
539828
366066
348432
175145
383981
180588
263264
341164
392568
214248
186634
351245
202337
267460
267044
278902
366847
181215
229618
307268
333854
288382
350973
256841
286185
256377
320426
207855
292231
252773
192183
818561
185298
383865
407106
187583
185335
180898
370591
193178
290146
174999
206571
804752
278695
199315
729085
180776
259194
183297
180014
566947
469142
330682
855583
391317
542004
271628
188009
585842
812648
621025
519442
195660
324920
423501
282753
318808
780215
284993
263680
272521
400484
330600
405445
689581
272374
209405
185111
546513
211760
581836
210723
182457
336574
302664
187517
207191
195760
190214
187453
319012
188774
319185
282643
198288
197667
189937
203757
179727
368346
262381
740953
424101
193080
385922
197550
848334
327720
201810
349528
572584
188615
775143
641879
212240
286686
192156
547461
184474
568913
287372
307508
203031
453376
482417
607561
700223
281163
824428
209164
211433
486812
197171
495793
357950
473172
294544
387728
352988
429627
523687
849746
296724
780624
503566
723400
200764
576910
514397
277580
195932
394717
909417
880012
503134
289928
451396
683877
733285
289287
672919
655243
739489
348536
753357
188770
189574
558151
695727
647172
780167
578761
888839
816118
899800
676583
694677
887447
833849
756659
808941
462342
809814
197425
663460
582265
558623
391598
513354
562303
819879
207793
372361
253387
729921
183270
764789
721026
595500
564015
584271
334327
637984
678669
309721
607107
825358
640900
658832
656027
900156
849812
713296
519456
271489
790714
683868
562684
481755
216467
443521
671393
731946
599446
287109
605328
731249
457621
667006
385567
806765
660209
192415
852308
262859
732723
771434
556668
444357
879761
769342
656858
617167
760139
272855
373376
494153
683381
578608
819364
188214
821755
189797
586075
627004
402652
480664
370832
552925
545493
514737
434243
192642
639852
546198
535480
480983
826531
667512
696554
459486
606806
203322
532416
609322
564646
311748
265706
201414
578207
650699
705881
388359
186803
736200
294588
205764
289449
756787
805010
611459
191331
829471
456301
616083
525369
801808
305906
585638
471530
292476
628991
484072
399679
396490
456901
410412
413901
273022
240359
211796
204067
188858
213461
199647
291168
243839
573234
880947
185914
198708
365065
364122
604533
654247
436273
387272
749827
325931
721658
311660
252313
735035
174513
201236
237031
209370
325674
1163226
198538
446140
303711
713989
351057
477362
405550
672882
279011
335682
392425
304259
221768
265908
255137
284334
355219
191578
216924
245993
182975
296249
237703
501793
792299
564415
373057
265389
186974
168128
273384
330010
282515
390479
279233
547163
514705
449969
341832
756520
739504
233425
260030
295908
242622
239817
211326
309415
242089
335236
699093
243185
315721
609717
442895
340707
277108
370867
339922
316078
358086
635408
472663
206043
299056
610519
219561
434949
244474
242778
627208
337924
423321
289192
407660
543047
298522
437628
642030
558042
545108
390241
314580
335689
414270
465107
304212
372233
410977
493711
327964
192963
341925
256062
207023
211688
390181
478856
319203
454953
318720
394251
212836
216228
468429
380180
287921
272043
475575
197962
308186
197184
209399
194564
294634
275761
207384
526216
240141
349472
756997
738990
298915
457501
332364
384401
193777
368698
642714
582256
428176
345951
324539
365561
572603
501220
250241
327537
756216
392457
479397
762182
287609
195228
296438
192950
266949
248585
271665
396815
197990
173616
254663
265835
344061
282362
450191
366413
261975
458385
391616
207827
426602
199380
414878
406612
366774
342642
266147
291730
781644
598589
199888
623511
721114
865258
332903
610227
544387
588367
481898
326415
463660
369970
561512
443783
707914
254625
344913
200355
389819
197096
487194
338242
204750
177226
206259
184593
649163
347127
718870
836769
543743
447697
305355
533513
572994
412033
380551
205157
183034
205716
2262201
6712313
4587823
2512962
412362
399184
658332
551783
452540
210233
288461
201362
326795
648948
293012
187221
346804
294746
310776
177008
631402
309882
210842
284481
958976
435395
365574
334573
843980
915717
401614
254733
190016
192605
462048
196685
190873
226118
194782
210058
559263
753087
501811
535380
466151
543970
287784
330181
583977
372449
225229
762390
638567
235206
240229
278091
441805
511556
499740
554977
449686
192145
338692
443517
403588
362793
356888
360392
522268
597365
187187
342251
795651
629447
211042
577540
362019
271447
219684
540576
551087
741675
416193
519939
614883
434609
247908
391460
716133
706403
440159
207129
175902
477807
239182
795030
489539
680204
351534
507611
284486
334217
278221
185344
245020
188965
519070
201738
259169
641856
268013
196753
498521
215556
590965
270692
247062
428390
275507
396810
382136
667867
250753
534690
396099
623799
202076
616962
234158
444334
322292
611731
309044
454989
516244
314481
336224
205096
534218
619651
187962
233819
409463
680262
391883
482501
662586
332600
800442
440424
392024
494556
490744
360174
713729
729468
634706
714040
318392
702378
559085
656997
484419
675999
280754
368103
302389
682727
244527
503948
541440
387988
437517
289939
208208
186866
208336
308725
190082
269462
200000
181532
236681
402359
729822
290402
217928
356149
176431
216385
467351
187954
206314
220812
429543
277837
193537
315550
214787
328124
270108
532792
417475
278716
464921
366188
198135
608444
193294
234975
273120
193376
516331
394729
514214
653504
199924
284727
214696
697620
186621
231560
269005
597829
541349
279102
205641
544554
800953
910640
199834
263345
355496
209540
476577
322369
391606
562767
365195
352302
196294
213607
360367
226617
353112
299948
594112
659782
339005
230044
508426
309560
445807
370381
308753
374994
199982
180789
548998
569107
623884
739364
841850
822776
706670
595835
624227
326938
580617
460124
474364
473858
869980
391355
609786
443062
666662
416982
636411
421144
658086
523930
494461
558015
419532
530318
283362
594172
277760
471541
475429
316095
466590
378079
196335
608874
358901
423926
474174
696085
405589
378153
777008
777931
775476
293885
296515
500011
800100
299077
744794
454077
679851
472050
237222
373717
642498
553376
695578
186899
632745
372774
600578
357253
384509
229930
290553
244772
253460
407096
719381
593149
432262
508602
635995
502597
306267
479158
380514
534103
313694
374834
323021
341419
371913
402742
180380
396691
255526
225059
293508
459653
289716
297059
385596
318853
474638
398122
315586
589579
332317
464796
344854
421343
461329
462636
478088
193703
414195
387492
470351
586483
499735
506121
541206
629318
779221
707572
643292
780193
556459
519793
506707
670760
790130
218710
377822
419047
590803
699161
443104
778347
518770
833849
700496
557977
701658
381939
536297
711288
193248
184481
323449
352925
191028
305012
696155
406413
200893
278079
206732
197745
250567
397609
299312
207053
582804
267993
558969
668276
412495
758315
181389
757705
351627
396040
351975
454518
395605
888629
550847
888122
571060
392831
425049
497310
221606
737842
340082
299680
625723
350080
243662
204888
252824
857396
273616
184298
226779
178458
237707
257270
196165
291525
185517
182034
174219
189016
178364
189101
194701
362596
189213
333586
213227
389799
184051
237667
383908
180256
199300
341031
415224
630299
304179
486341
891919
653281
272093
330619
181103
186443
515045
213146
503683
247433
554875
267472
919384
335817
290915
559329
193936
194690
208066
185690
276220
232091
282918
296728
359192
306310
285639
363121
190528
215925
253300
334685
351982
188928
254529
416581
206433
232068
195483
180715
205539
203691
215544
243494
184231
388758
258765
536145
557158
264191
185067
460596
520441
334162
332181
311832
175550
206330
271428
398026
239588
206846
283745
263991
202717
198764
267584
201583
602451
205783
750458
341605
185876
291792
438559
201840
316802
612017
201879
475463
367107
223789
203629
179341
544948
372431
196377
6467909
4431405
2295271
1005747
507796
252880
821127
428869
433641
487553
213187
418735
624659
259083
330746
279260
571563
412298
263945
571639
412141
561015
199250
378538
460728
311606
198479
526123
586674
218111
332185
588115
255675
765342
582385
328804
230890
502426
900532
693515
809245
703962
320841
538461
862456
747914
667826
225205
323827
813959
265423
724685
595504
752355
619440
517374
203643
511487
475172
881240
786876
655224
559309
366888
474402
329731
757907
295912
588732
224059
384689
633664
421089
589092
546979
450412
395272
656246
570824
589926
672259
307384
306923
516570
465625
572749
820641
687469
776610
486764
646076
772090
574159
418716
402373
233404
723903
540949
598711
487629
700961
616291
764446
208768
658067
587393
321013
541972
192997
621268
855026
806491
225682
551068
549295
498617
337686
570574
333942
604318
483663
488523
268341
203936
355859
191318
217930
327673
322044
416497
330229
392671
371709
192387
438301
320974
466337
438528
649786
224869
514327
520501
511672
577225
320482
412173
718679
279323
307529
898771
678416
430524
199209
509251
335398
844855
735258
857477
727345
744349
817570
486618
611056
318917
881720
228224
751787
721672
438411
614438
461165
889279
698108
403393
717983
615851
673234
531872
588952
255142
523259
734004
762567
697823
194918
487460
261232
368792
755606
709749
728835
876998
596312
640255
434725
281985
788569
870917
787572
408479
559865
463550
634825
838148
625862
739609
326032
793043
523714
730523
693160
577973
583758
306250
439447
284155
215269
586929
795852
550098
543684
580564
339185
168484
188074
486086
647807
304362
869915
618727
816953
330458
764091
513190
632991
435550
689682
213595
195899
236452
207318
887445
702364
649338
422991
579732
506553
751131
726573
284090
808245
843635
776077
651249
638956
627131
189553
554335
829995
500589
398556
620129
589435
646805
616134
199782
651877
782014
771216
765705
542617
777372
444045
589225
561353
289356
377838
601680
492077
706847
321290
417671
657366
656586
861507
195947
518620
247757
688626
246037
536228
511404
567299
600910
424618
599574
533508
854215
693885
426846
787819
455845
587728
847172
340138
203213
431960
276022
699077
412351
315588
197050
434380
565974
193275
468356
572645
548883
428526
615171
538141
300547
452453
573856
457956
353682
401360
525179
553230
655476
571978
366667
383301
193057
369293
735179
779814
329244
395687
745634
626274
279584
181625
660545
884988
494423
654089
299038
410895
334776
190905
414027
313967
603272
290195
457699
416606
320997
307323
320448
207056
226083
355676
192724
751919
652271
325881
239535
211223
271171
223345
436747
211664
221303
273772
402218
385124
188548
177833
249045
283845
259390
174187
183682
221660
237138
266873
222145
185861
192969
410468
495401
669920
195178
190662
365093
296298
425173
190145
191326
205007
356376
349465
268607
246462
363410
328162
192674
261438
548812
350595
715821
657224
498801
403893
381516
540707
263159
563489
651452
749754
482894
575486
715684
491352
842113
764960
706649
271447
362631
819424
511531
352760
196620
190378
190036
540403
397706
275636
320633
252873
347911
565764
511663
859576
632057
459481
499175
633985
523904
734117
305604
251865
170714
707374
461054
342799
586505
297624
279525
624885
575220
693995
586370
434085
765611
301270
930368
587696
750523
556530
879173
375807
661977
238001
328884
319017
756549
667794
724196
726315
669445
410464
258117
592509
816591
453665
790899
244937
523638
313759
524139
706559
650164
426663
596246
190559
229385
229528
713469
221158
531767
743047
195777
210107
657824
516965
187723
364143
301489
238113
300769
477127
380043
275461
284580
313808
684841
742302
304886
215355
291611
235467
392038
717065
722630
638947
429714
480316
661163
716325
207059
196965
475272
386492
260794
290788
431863
621888
529548
578339
654124
511098
440834
328803
341547
371816
503555
532592
185657
522794
448246
458713
632166
571173
630637
733810
576241
555095
8607890
6545719
4429233
2371362
808176
811322
798792
509976
501711
380220
211890
718080
191184
769002
656362
434146
289777
299536
468009
853550
771245
537689
638191
243605
727507
357244
587473
699228
662490
730186
633568
450465
231792
606123
761250
726932
886873
655499
454512
753378
736447
485998
575316
702650
792830
601435
582730
514483
584282
520237
453846
839835
477757
573565
877959
433220
735750
336272
353487
754560
736270
469944
599813
578108
216569
532047
611606
213978
798914
695542
470735
821135
316342
191647
864343
455299
876527
826139
604020
541278
721098
481533
797381
776804
679457
367377
412946
549743
529501
587081
805174
662068
799868
509377
706193
718238
200471
618470
884219
286446
756510
380495
897173
277374
786922
588809
722696
729976
758067
275854
676704
772403
318236
594246
692484
415280
276956
481269
689596
828638
674395
349334
485339
415470
405106
327856
283128
398997
218875
588150
732140
861920
338673
822219
616998
368238
354721
740420
509286
391686
383904
555174
310016
773400
209336
767338
534925
850082
766247
416346
236742
470012
759859
898127
744066
609501
622982
665538
473918
680176
626851
509580
373516
510269
939145
432524
349550
390753
488219
279892
563682
676376
355916
513003
383772
240631
502669
501262
685923
263035
677572
654894
353597
829910
886504
533242
759251
567506
263384
647755
541895
478716
729114
816152
285567
450595
489478
498614
826594
612344
836588
508749
500177
689353
824305
404630
839338
691393
668140
811173
729840
632568
747380
670504
540919
404065
263945
389382
570836
470983
614033
284817
208486
316478
888161
400486
624739
876439
858490
682285
739695
409680
431960
688441
311975
624217
596933
378044
390699
834030
591675
515693
270196
802585
824669
196394
195346
264863
751086
800520
857542
623502
884868
359725
578685
841277
607848
769650
705468
370749
586023
850677
501890
574827
446194
842932
594589
345354
392764
179753
444753
354677
532760
554037
473814
786516
480045
384372
645158
198606
643822
480607
505197
547675
315014
512284
454621
649191
594467
328873
185986
464331
335913
291883
208712
365590
271489
414924
435338
371838
229784
665589
532755
562382
768068
179734
191918
333405
196215
913110
174458
183856
203436
337196
246312
399832
302332
783086
290097
270639
519736
201850
259916
205910
281828
217559
742784
234807
189336
197489
476828
190215
184277
242636
631153
303692
252085
609887
684477
329725
527416
437434
610414
318424
306716
500048
382448
582778
604811
264355
251673
264738
530097
271127
190977
442588
240559
180284
272068
355994
208641
351695
914141
614619
186526
489630
328003
219508
206375
751676
230267
184351
189454
270177
268004
320741
424795
874254
345325
689248
424648
297086
277720
287898
425842
485043
501709
474012
302710
494159
730631
512485
681233
246211
399427
757311
553152
670537
521930
244669
287961
541095
231217
593460
692015
638090
622055
464986
430792
218984
834631
430266
533206
695276
268302
669260
386297
884497
553939
843511
752468
653310
488456
447109
828555
683819
800859
405491
591036
528779
499005
786008
706712
358783
199652
732860
672109
477152
649326
192633
575820
675046
540874
516068
192911
473649
197616
329119
381109
526604
602191
219628
394730
459404
620182
307696
185614
279671
196911
285754
367342
326245
207625
273245
196225
466174
481625
289368
198667
265629
265733
436921
260533
294115
439519
303756
273750
457945
256193
371358
547387
365033
324180
390048
207099
207386
870820
184965
260019
273334
436845
200794
192687
467915
425457
486009
170094
391986
627876
199621
190386
247378
286954
175898
169726
178523
260343
313251
256758
257898
458152
203877
166627
278992
229898
195997
192816
229151
238203
739289
523607
180398
358062
189516
228671
531959
330203
543998
202390
294088
453365
324636
191122
192522
720879
761382
181701
208950
309278
188930
749374
678466
812866
404582
293793
384418
304319
307400
179369
214483
203823
219418
297894
317627
394030
194305
369239
179150
389165
181366
336762
6552456
4430038
2374471
350686
191900
190916
191294
287580
194042
202588
231656
226342
253499
242490
198168
203761
253950
423561
199780
218280
213005
259010
654773
600430
209598
178452
392011
419853
370896
208261
407129
187778
486172
405817
204073
325283
211999
271823
203953
383531
190841
276801
590991
231847
243001
193517
242696
223349
284893
240878
190682
213751
201185
181393
201652
244171
195378
217605
201008
186476
193849
229330
193762
316784
402474
442705
331354
533626
273299
263764
209485
433031
219635
200568
305573
441905
184752
199222
255354
194054
390994
253882
203617
492861
348022
502280
183332
495993
290651
459481
422523
782244
792624
674257
365943
578900
570029
504945
192135
360370
532068
409426
521783
202051
562825
629291
368733
357024
382731
767475
340516
302942
301049
533736
785916
634504
397485
276474
372866
543649
495924
207954
765527
196473
709253
201946
696477
446409
184839
679610
754735
222242
728496
208993
205545
711584
724638
768860
215989
679637
579052
452898
507734
473302
785796
638503
629279
709491
651035
739375
601518
523756
814261
645723
414298
595150
316500
478363
708723
484387
824783
610145
725238
595368
824772
489282
342308
206380
473866
906007
397504
206338
525155
174762
769420
278329
537149
701763
352511
568214
479989
294204
240223
340949
829176
730598
900228
229201
201332
709801
860005
209762
748748
799149
864386
567261
548665
776897
817370
503291
602230
248168
283759
690347
677618
457911
407006
308297
588109
653784
254365
333869
896690
682082
278082
199908
606665
671258
572285
273825
194110
347192
224061
240203
347610
676033
443588
286529
212965
444572
399044
503977
413992
202079
434260
372032
785714
359259
749002
327073
683273
462268
238022
194670
258876
588434
289706
259161
389980
420891
399897
625166
278111
873207
194641
194747
559996
439628
225625
350654
398913
388112
347787
508542
599415
371776
202885
480555
409121
482004
516928
882811
490420
414177
354402
351597
567224
575323
779248
369893
315324
251940
583238
465681
473125
391878
480407
213363
207681
317085
344466
595497
313552
317160
585711
813263
336980
208149
312568
321898
403645
329155
766645
466513
568627
617511
196968
532765
811875
324871
190917
331311
258711
311016
186683
320115
201918
285065
274725
370192
258227
216199
621760
209678
832031
579969
414733
576247
413660
558651
730892
669112
605261
768531
460719
405409
288622
298214
592915
262611
208276
337859
805318
517128
456227
364888
221626
834721
175713
663778
780085
581181
500398
757407
444798
658774
443038
656886
622148
625195
648487
516108
759526
560684
670258
347054
249036
427924
505334
596974
585131
636545
493492
729386
585993
473821
659909
482276
285422
307913
747015
651708
348052
226967
552880
441634
195843
190126
186443
663388
397574
348304
487859
317989
248544
738979
400442
660759
504920
273079
488451
183933
522581
339202
398488
807182
592706
638365
380144
608499
548711
557735
669813
437993
422365
190580
790786
450081
806484
437734
428154
874441
564185
479833
521298
385007
230991
391112
284331
575886
566185
199595
206694
892236
578005
310584
572283
374659
410688
570913
543762
726796
485896
517573
706606
319681
303205
627180
558399
556098
334810
362055
612070
456319
361038
450027
303918
341148
441184
520919
571582
214556
464211
348598
766598
866211
932779
738775
858050
386456
749033
781122
678256
218618
380514
472613
300588
759111
408762
378106
678920
270665
469860
738938
613202
265044
206097
246366
410859
182101
513248
523806
208375
210430
182981
204398
189620
170469
358393
280666
269577
325792
191631
381416
264848
318444
441083
527013
250144
190819
194901
698595
202774
208307
186943
213157
347955
193442
338574
236237
195311
181871
298788
180373
221184
271340
222987
749021
176243
702481
724292
547579
561840
643316
254798
303923
273898
203254
307906
862106
488241
706658
265739
381070
273527
318469
626101
724769
317986
580219
491948
594874
667599
360546
470442
726416
397368
348696
9003202
6945036
4846130
2758994
1755849
333620
728487
488257
415908
344016
538090
361863
259511
696506
316063
780146
330247
195274
860205
428462
511578
675003
433774
365393
674874
378139
791485
633389
670879
542215
812274
668480
375439
676735
685738
292575
801977
712377
716915
741077
604669
356504
339238
739618
513202
608526
567252
519786
570743
447125
188455
692351
827350
585088
658685
724977
612666
596451
595455
185962
556729
183993
277982
596050
542507
317135
544244
481537
877255
417886
187189
508260
780310
682112
428987
471599
322944
353962
409717
222587
564408
418047
642667
502142
564693
255228
449155
323908
410256
455926
416216
583785
393569
786184
637757
311681
429363
201648
548050
371418
268667
844210
777121
917039
807807
611379
573304
208972
771506
391892
641051
434458
541228
653023
756034
503741
527385
541077
531022
753850
580798
555113
571829
641857
242206
321846
390926
335448
219509
426412
283744
443270
789640
386756
760234
335266
351653
364822
434717
446667
409165
283850
345814
242359
284639
698423
648435
469628
649601
439271
191873
275811
204320
547183
409889
413195
769009
257497
358877
235506
359494
538766
456421
688572
511093
411388
479793
546319
254544
579689
518063
471890
892896
886144
392768
579971
440872
485192
484657
532435
882776
707162
503335
344224
590093
367027
469762
620062
329308
298118
671146
216489
751074
378831
712993
425447
520432
390167
498156
547229
485298
277170
594667
520170
394194
546772
420052
539807
491847
380885
217419
369047
363628
465214
356897
181690
491102
523809
755942
521344
501644
623238
655011
591703
344995
267242
642588
428158
483479
801847
300153
644548
410367
676190
476512
522525
693984
587938
657932
382347
868241
425063
709457
691058
708663
361362
869824
392816
337528
757235
666608
183949
723375
644115
716741
357063
743630
217594
392860
222648
676922
397780
692887
540145
544929
725014
362337
694658
539879
270692
347605
769290
520481
749167
580135
549596
365823
559669
843825
789591
432997
618249
522424
493789
792268
821445
563631
956574
854991
624058
791012
427553
829487
420763
304019
757991
362191
773756
347044
411909
552408
398782
436474
670670
764762
831552
465353
409521
689216
441476
674406
492439
677358
591690
221369
818545
510660
507776
495088
793513
233122
252652
193303
348697
396911
506036
217974
332482
605577
480485
559122
314093
455394
311070
596067
380164
370103
507244
444169
679068
774354
584925
789460
676702
202085
562941
512828
565767
773435
746168
818361
772569
778607
618473
672926
734614
482307
626750
203284
741389
308335
583322
188921
718755
293109
666710
244784
779822
773971
327120
547741
280007
556098
633527
199314
256012
403542
884362
343264
276671
336109
699525
764147
660887
716564
276152
474636
336995
672134
279297
744793
320262
368348
426223
485899
850679
506154
254664
846445
440949
384669
291949
455504
876187
866312
588206
653327
650959
573132
826459
725137
572531
494545
212279
851847
262015
636530
219662
462200
590868
321250
210841
293189
515096
202693
501625
250281
359171
541636
389846
270556
562083
502313
322103
784006
507205
774724
707174
455412
486440
446334
379435
502729
282706
653318
766742
731807
325729
600627
461527
203894
424178
356217
430946
459456
352317
497254
528255
466121
196527
534152
696347
561917
838194
622484
730117
476561
387643
325782
483880
808978
416970
768937
532961
382586
447483
567861
218923
812990
805580
649776
538072
208533
368496
343601
631892
204035
577999
822545
721468
210834
302208
417800
492572
457363
680134
839862
775158
477846
803374
498387
632205
756928
512375
862451
518816
633045
379117
585486
539715
728842
915450
380013
512913
284796
699136
703690
729760
804043
314745
814396
594776
598441
694831
288823
453570
742470
236200
732518
604281
768527
672985
380723
200854
519200
401720
183027
220482
606706
634126
394829
737769
515151
715275
678567
383980
683172
366284
328773
394231
521028
282066
240820
786373
653288
531306
703384
545292
229140
458361
681215
7754920
5652162
3626983
1539976
806512
746465
252843
526692
651987
308442
197933
435505
307416
326674
523961
385447
470086
453617
320796
304417
750662
589371
325127
250482
553257
374772
425288
666254
343518
357309
612488
506997
816427
656214
762678
649751
303811
609026
366699
656778
419728
856380
659590
739500
826925
367657
650069
195078
202741
699454
642728
568595
622079
476667
724195
639137
386189
716303
301237
312264
405060
851088
806640
879429
614630
582569
648821
479607
679970
786260
253545
486994
365525
486087
601224
666902
796724
507857
284232
399458
402551
274966
732534
557680
497054
743050
877102
817441
843978
814146
721250
727000
739312
673718
661841
774413
591520
692295
630814
859975
792049
557725
575971
889090
190639
631414
556188
660387
767942
814470
839582
436958
610242
721039
535298
801433
720029
766707
511693
830898
798572
460398
339779
735311
193176
455477
818242
495416
219564
591274
372094
409329
776427
845164
384486
427395
208642
659671
480551
301080
779567
630694
448487
294926
538115
689634
256354
259917
822058
621142
663852
304677
818952
752472
616320
551944
521391
886994
816053
588207
875942
680655
688487
861005
596601
502677
277651
535558
612425
488529
607019
651593
735234
192375
662611
182922
529838
422710
559418
267889
362483
578764
384915
677901
454992
951217
854031
377845
267548
377098
724716
417128
769390
323354
354077
341274
584157
354088
456341
409073
545977
357611
355275
588644
372059
288497
428532
528657
410847
480095
597640
563550
722844
579153
332857
292275
249064
514689
592747
813004
840307
748968
772920
607847
717615
362488
877072
643970
409421
545837
262180
772840
808469
500643
698092
695184
841747
323429
826754
396946
437731
407803
467918
757588
350283
401735
507753
374800
375513
640862
543370
356868
343645
289108
241975
419435
193241
218634
269250
224790
792438
250082
283051
210499
534126
209361
205449
210107
486716
227691
301813
194865
445113
536188
197385
354875
189880
189305
909599
187478
198122
223102
205969
192345
676442
190728
724494
404142
204301
299942
534952
322705
204504
506129
327320
317179
194920
465529
215766
221170
194002
242678
824626
207270
340088
802878
782290
373408
664818
614810
736617
700992
819138
417289
580801
605180
369096
920686
796026
615211
587269
800163
436108
296829
682836
673058
774963
773484
402474
456583
537405
429607
566732
313685
305928
596984
610584
353061
385690
339268
206027
395658
309825
346580
519915
538158
791725
473366
332309
213419
645523
362341
863808
666824
542348
732682
569385
349361
478869
328038
744491
275298
457346
227576
681408
785747
665415
284140
373674
300721
717835
587661
782335
284439
348121
702400
610712
848988
727490
240343
192651
312381
227903
896795
260987
466318
192862
601380
719735
416039
733470
361052
493214
464335
523436
582930
219035
543316
445601
842311
825919
212815
391295
420163
695607
611914
441484
435669
280258
832717
646940
743412
302544
756597
585306
652934
825086
851762
474798
890370
319503
184863
608356
184964
821007
505415
728094
624151
419405
668218
793211
618056
655735
315820
698754
184414
794795
350964
294525
383873
446520
698130
635561
590991
608203
482321
803076
543958
681143
368399
720538
314432
442172
192653
266856
341277
361995
191425
219883
597828
209093
920863
640957
557289
369836
365464
390314
208266
203095
700429
220261
270141
261762
280894
223447
208567
347936
368710
291884
263164
198706
265900
349673
726750
856216
195627
304188
456971
201610
637173
184667
428634
590815
276929
269688
798939
250742
371403
506340
459629
592165
805413
723022
737068
752417
699081
648435
584981
281329
509820
219352
619739
258551
569395
654327
613946
654972
573626
611664
630287
360856
689546
284405
562266
518581
636206
811736
887981
682413
401995
685334
697345
713606
221658
339807
492879
799663
834659
546743
238768
801514
457734
458504
603811
406023
405381
834985
498575
277017
441825
186752
779992
826657
633676
626271
705740
441596
475673
803755
278377
308440
189145
278210
7494489
5431431
3328211
1532917
645085
186744
184965
185000
474796
210259
224667
295288
210767
216836
194380
197255
182413
639724
541233
203764
274124
459743
187442
191177
267198
207844
304336
681814
268534
841358
212927
345065
293869
676093
677175
204329
207441
697094
198710
677820
215923
359471
277140
518629
376617
603016
188596
308481
369363
405675
867766
218610
194314
232022
192600
242460
210126
409720
381885
202115
257843
573379
279466
261569
196913
276371
329528
334828
699653
195600
198146
446522
209544
588070
472643
646299
255434
339992
493788
331525
269884
511171
194299
569764
454012
277542
520903
566642
322794
293570
191535
509551
617334
312512
446688
198077
396765
188891
474913
316220
471790
496382
375926
247808
269085
364562
201556
872622
338004
412192
197153
346186
453394
532046
610064
296543
415915
745781
232446
215794
680687
226004
693305
618263
486145
707466
324250
868342
851351
589106
527402
397429
658252
511596
758438
855712
843604
795571
200493
420792
375034
395022
657414
696698
774158
333964
469373
360498
810915
819420
436420
418534
504984
838715
569164
383234
804952
340606
246549
762534
526116
815513
600521
597259
215317
715531
737128
598978
720819
803329
633072
262954
267501
808559
432690
801007
543159
313319
708088
606471
767232
702119
578422
600404
819452
657518
721418
631302
578532
255846
568285
590056
856646
239868
782500
593313
560346
513759
490520
486526
517886
789106
219113
557508
842081
665365
451922
476828
621547
239958
180783
677714
676532
654871
534608
444223
783917
246418
420163
767381
309041
334287
858787
536431
605233
462053
533882
665598
597485
231763
614387
847848
692093
762266
635943
192668
641139
630506
761024
635364
861199
789125
312352
740593
200435
708977
373947
367864
327671
488689
490171
396473
494534
187739
334666
264147
533814
217222
565259
365052
519588
501638
212472
176475
484632
332468
348779
621742
346051
289436
550452
460694
283201
225745
317892
495600
190048
497338
640949
372482
212701
501746
369795
418634
552029
226110
624578
201393
633378
443529
445658
328105
754557
326415
529918
603712
379613
274569
307184
768906
427138
740856
207787
336593
373483
278108
258405
188026
207713
211192
368869
407935
313220
204417
470306
644729
524576
605083
724111
349927
698692
706654
571714
510658
672776
646594
783496
672223
472151
377568
674266
300117
771761
680726
842285
530106
619814
210366
633429
834393
654613
686144
630806
682932
395975
516728
626917
411169
541950
687138
611828
620313
475741
288481
357478
793649
812787
821414
197587
602252
607995
832053
671674
424560
605906
507632
753165
375787
645751
588707
527750
803939
477358
670505
619622
626846
262551
776783
833417
514695
828059
547315
496011
547521
485993
453020
358982
285784
477997
891851
434720
186483
255806
493635
668094
634472
570800
692614
565544
361887
596885
842425
211532
688806
334799
568515
397215
812860
407564
435520
462065
425290
786812
539243
421546
891041
292426
533747
666162
435570
358049
400227
405373
300872
228271
385922
256844
617915
335760
819709
201484
311271
210378
182063
528238
500939
338264
189291
602453
226453
433138
683321
721877
509188
532457
275690
535306
697774
570936
436641
239562
204707
297973
242612
375531
532880
536169
707305
397463
367468
603505
582410
289595
337280
216402
333604
382115
241316
260646
423797
601844
241800
622572
234944
431020
832866
260285
324706
212300
202550
400321
260181
503708
254086
176938
373352
439292
271440
463417
214309
273078
295641
205136
385350
193891
193299
471358
285149
252582
185331
533285
202212
276946
618913
364439
267250
680149
182610
416210
199421
647682
194321
528302
566211
224002
182461
410434
828555
197636
199577
528510
545560
189219
198590
194282
184958
283315
426783
265269
565452
195267
274607
335186
208420
619795
573584
220888
570911
224773
267844
304683
326090
483062
197893
308006
203992
356100
505361
451136
374711
329041
454862
467519
380634
502277
330004
716064
274841
336268
488009
202581
5758784
3619616
1594005
1234914
543580
983942
311812
350085
771188
283218
768416
392646
192971
468861
604776
715629
778938
302088
799665
772226
376740
690776
352602
565439
412382
661746
266071
742580
389970
399825
400313
223590
409665
416952
423810
268764
192792
563080
626497
317412
432853
207535
271373
493876
324812
794832
461917
614269
405944
404779
510036
298229
656397
603493
372136
475620
370894
270607
654568
321480
268847
211185
314861
464734
213547
188547
298912
258550
507287
193145
212641
294468
569962
443890
190391
280996
221522
179693
496312
207884
199329
189701
420104
478588
340520
336825
436428
203665
629929
214946
228926
172834
442994
451021
208089
375862
258728
186546
206731
255149
352008
246427
516676
182916
705897
210039
398543
279537
211296
327818
498876
209287
485235
212010
207203
198387
195071
502030
212722
466215
251345
172247
259259
397495
199420
272779
179323
204034
194220
218121
417371
351742
417634
192406
191376
545182
278490
451527
214239
189263
201572
204017
203060
313819
215924
222076
310982
196280
189955
210142
200527
203930
212331
197818
186114
193071
198672
221949
203252
189892
189079
193413
225440
195023
199907
205981
193501
283587
215769
219106
211686
259440
360250
253956
177187
207921
276060
444351
210311
229161
203280
410272
333226
217586
317410
207735
183634
384516
525449
195546
419797
212769
283777
315720
216420
453115
398612
551526
750581
687190
602063
265281
612973
208170
409854
202944
586962
461682
692913
521870
206156
448408
185256
476034
179511
189181
535455
702387
376345
635601
516229
176106
774769
187116
500507
678888
592711
328092
375683
607341
323671
337395
196536
197232
201784
220407
180273
285298
287730
696859
212450
373153
273911
304441
514527
275736
524501
451928
400443
520511
253488
581285
190331
267495
243250
512416
342378
488459
345680
607905
349518
685260
611641
371050
435359
184196
514501
806552
502952
563639
415274
507664
480103
449074
426044
374673
298002
700812
850331
335328
221082
398715
480079
680568
475485
795001
543944
750971
639699
508535
447532
719971
722274
572486
379590
635414
806651
575194
563331
482750
630418
195379
836704
410537
200007
196560
329398
339695
362089
193473
623358
506278
827781
548541
311684
477351
687425
544517
296877
457277
708644
627140
370181
412453
876104
219992
518502
850664
314157
781995
621464
898417
699558
650325
707343
601395
575635
505119
662159
469562
566906
261577
280060
396200
559008
766544
584974
580451
714639
304265
504744
738108
303504
528338
316247
531378
798297
434517
749147
799155
200099
200025
643420
627048
836573
514910
737245
357470
561268
491395
581446
699998
406536
799231
710974
590850
425786
823364
626715
437402
655525
659840
768154
706413
722686
628696
573429
761765
703085
471349
176121
400270
201947
526707
503522
234316
679161
707328
587621
530507
559167
219213
512520
205684
672202
216751
518068
240109
337235
442815
588246
634125
343775
308907
643653
579323
303833
539996
837670
795051
737600
427307
713468
724577
488284
653630
643650
168921
213223
685114
253565
745006
671858
664255
519359
527879
305183
256858
306636
600385
530372
509538
627044
457911
477259
732716
797755
420468
734395
833175
863746
654336
803942
723439
613235
817959
575065
373392
493154
839276
337028
811084
569020
465267
448603
780633
507343
517689
585547
766271
765697
479483
222515
285252
428563
260146
565892
510281
491153
708054
211684
665914
766101
792373
183494
690490
630375
470053
207929
263161
329624
582593
652803
241651
274727
596766
454617
251463
845060
446524
308481
650442
603923
638488
597976
735697
602728
361737
212777
545562
525617
300072
317645
306871
193258
622385
433870
184697
700048
674255
590409
698879
581829
577174
193246
400399
371458
204217
380739
190406
354105
334306
636959
566051
517023
359494
824962
373832
242825
555686
450562
200372
324333
215231
185565
302862
267832
268192
215137
202633
194015
257659
352828
300592
755359
415165
279835
254764
274723
403611
6882998
4773631
2689917
587844
450659
480683
429488
307873
224424
206573
408073
192897
258798
409741
197407
278717
250855
184480
229611
219019
321645
195308
245911
343029
205589
417194
569255
476660
463645
535586
272802
343564
319290
276154
292058
217260
190097
344074
530174
291200
190029
518978
444092
271782
728470
768160
259240
385183
203378
663191
210117
189078
308302
340925
536304
426239
411455
439258
311845
322023
319861
316803
333119
322483
448158
181860
223868
250452
310173
401577
336683
548177
297052
279672
409233
541938
754959
502899
277757
272657
473757
375411
757740
351334
623731
491530
342859
267003
283164
295734
370721
612841
495696
627864
734946
534185
201430
347416
206570
876690
435848
454053
789966
628008
457005
301574
799552
683974
348622
510950
704366
490045
500586
169999
777319
498038
723962
410702
584945
703874
769876
483839
743243
906422
494277
625392
409661
357113
376607
192304
440554
873219
438915
365024
402459
627140
480128
192791
191136
487284
634368
232138
477915
654029
293667
398616
627080
539037
886700
732720
523628
789083
515713
652708
296378
182392
218398
416905
588086
277214
435633
625554
285952
310216
685907
609317
261912
263966
374771
328920
626316
589524
769508
276921
336859
641815
180439
355531
445922
760471
773999
668954
701239
434424
417805
276699
251014
411686
307967
199457
695846
405364
882675
871951
283281
783023
391491
187370
797091
699147
512712
546784
498450
685563
294489
208223
591483
692703
647080
852487
376808
567921
277159
465625
504455
414058
207775
348602
345116
544016
470323
750886
481930
680088
372323
191211
317397
301543
616644
616670
268454
399443
188745
682705
209823
270890
215755
571627
359479
813032
654954
724853
402511
346633
520246
281468
518490
290523
444699
279908
206211
267736
298970
194691
190315
190035
370441
185883
218037
314757
206311
245371
363559
437563
458456
188509
196336
253807
301472
838727
188503
195373
410857
208456
189779
210005
197735
545720
354587
392867
198737
911751
178679
334023
334562
259148
523785
199504
537670
211871
220594
298084
282893
772255
195468
442557
263306
499686
496307
780109
848745
545841
846706
746436
752565
737449
455051
597939
460107
485528
840509
678976
309802
306705
194675
828506
548476
462594
229511
541871
365491
630345
719253
738035
425620
377083
210945
606258
642806
438664
750882
815600
652186
540678
491922
204177
475163
709996
780087
218017
350156
206491
404618
275442
332479
800739
714556
627276
580526
817485
670696
367164
404551
288203
221176
483730
235875
440257
270263
525474
513881
707470
637060
298745
724737
469356
729012
545030
732469
756091
328431
793678
509186
515310
728893
615812
423641
458309
360616
388228
715076
187168
325650
722889
248463
206172
648082
253883
691936
472648
763057
695212
196465
628458
470089
389251
596900
717708
291473
200067
213391
640855
295539
534970
450952
244916
319424
392310
359125
415276
474978
493635
535216
440056
583088
538234
476071
563042
508355
441226
408500
396918
300343
336168
198802
383403
554274
224161
439949
456625
237304
449025
607516
245323
419059
225479
276081
670883
551918
302891
362715
408196
579933
527132
537173
417254
421057
405309
480772
446031
375787
352390
563630
594630
543734
444435
564773
542095
508096
456814
517131
438962
403948
258470
448088
422040
429176
313129
454603
372633
395959
453309
198753
534650
450660
215159
245648
343227
296906
245929
341151
185829
184273
202977
308870
382491
224791
248454
384462
398773
184494
261066
431522
258654
189438
190476
343364
182368
363537
426400
281466
173911
431859
320050
274259
302676
327904
171423
249392
200939
225416
187682
437209
250346
183039
409435
410292
281033
270829
194908
264985
178265
247885
224699
181627
196174
273492
350581
212855
187871
320051
316104
205216
439474
337197
215615
202628
188266
227597
386933
213435
321864
250129
215882
173735
175313
210555
194156
184046
266860
198213
334129
211863
319633
191082
193282
186540
206004
275214
315152
5795645
3752385
1629610
1081233
429718
461969
214119
613062
212505
240489
424208
203294
253391
207416
293111
291441
191563
190264
374461
448394
549563
357693
401604
194776
452716
424350
305058
513823
488100
320400
246041
409223
408293
407303
546641
234639
273441
386144
533602
321820
451629
313309
175142
386227
300212
242979
505692
377230
423927
221575
189188
455036
180239
212102
450200
466581
303629
206192
455633
251625
187095
477805
405243
293946
363763
469902
250591
472535
544694
504462
294694
440864
512945
446279
505675
558690
198069
491827
205054
383876
518652
292987
178956
515650
478214
381150
356986
294537
200674
209681
201742
258048
269742
321920
301904
413520
288212
303975
216259
365530
315785
216395
341177
601873
541184
314486
364492
540186
512293
342202
288912
285823
326185
366901
318509
410349
328171
333912
450171
163602
362119
325965
167212
322542
318628
186832
190966
212986
624544
520493
287965
509434
448713
515438
403897
421780
423930
476947
264402
358702
495304
345044
462792
332199
274653
326359
334231
448045
301398
375942
439239
470994
329213
323599
180953
247002
192424
278441
177036
260727
377336
262359
273288
363636
339792
225927
238356
310077
268683
205125
171795
195322
314754
187799
219848
213614
256485
206088
181611
180548
206122
176411
217365
225550
176739
181353
182522
200683
189341
221658
348490
230058
290954
192573
209153
285162
189465
180979
235885
198198
194091
194976
183476
278204
262290
183892
181944
204595
189670
346234
230376
279332
239713
297304
307473
194046
192760
251256
178374
245112
248318
250592
321610
345070
356722
341737
305586
338968
232861
351437
299987
323443
186109
348129
380886
391513
185285
174801
180592
194830
180747
261921
306795
196951
191603
196658
188589
317409
220716
324772
242921
285537
316987
309797
202647
187128
354155
177223
284903
344310
201406
208539
258030
200987
288473
293622
188081
192653
248281
249730
271755
175660
210232
181435
204237
201296
244435
299391
183903
203470
183551
197717
200642
206788
244476
275996
593021
235996
530660
176772
223871
527120
229126
391574
290465
458259
331870
405029
256002
410059
186948
301999
472885
228082
360544
377698
546029
406768
399883
374216
561384
190465
484859
510366
536909
191316
569494
603067
599661
188784
396673
434756
553173
563699
358706
281603
643426
470143
205826
525394
203476
193600
509096
433007
415010
269095
579270
222999
201345
244079
186801
384235
293237
583222
476797
474980
598974
364484
393280
203822
186945
183275
415958
180015
302827
310029
390210
396028
444356
202902
246992
171390
282557
611150
259957
328620
440192
255923
578340
375311
346829
539787
533098
428790
449554
477973
432556
470497
416389
577441
387899
524313
273737
407642
520472
593651
374483
526537
439311
327673
432238
570002
518775
322382
349734
390380
401776
324290
303330
431313
425559
327591
510565
419984
244621
271381
313390
188576
189850
422693
431357
201672
478273
273905
195946
199701
335309
273223
386426
214349
300937
427317
456761
212095
191703
427403
185340
262348
200720
210998
298966
345556
185986
193117
217913
203266
201428
170273
194270
178786
230580
211928
204682
205991
192928
191147
197454
173241
179305
182064
205066
195204
225397
227666
217695
253009
180536
186182
329982
251744
297843
214354
182127
206699
193557
210390
206513
187069
262781
201655
234148
196923
233969
208655
225984
227064
246340
268024
202826
240502
263147
195910
205717
217405
186060
201538
197145
195329
208802
192915
251640
191125
191262
188326
186979
187976
196241
210507
190865
232510
186881
197325
205658
207834
191042
202629
217835
179829
173269
204325
188794
190266
202599
194000
204582
188979
176851
177233
172526
196928
189033
197426
188872
179601
181700
168782
202234
175278
173162
216375
195121
173321
190376
183011
225093
194625
185231
185478
205211
180562
203432
190357
202504
191301
198657
183322
194619
182599
182062
192295
205333
186772
191924
201271
194884
196254
184212
180589
219950
176580
7174139
5112220
2987203
920793
181157
198254
210749
205787
199675
204442
228293
196577
191793
209822
198410
194841
213706
214233
218443
212113
207787
207828
187888
184603
208948
176625
186133
192499
191234
184782
187246
186267
175221
195142
181457
